#<Embryo name> <Cleavage cycle> <Temporal class> <Genes>
bk14 14A 4 even-skipped Kruppel giant

#Quantitative data
#<Nucleus number> <A-P coordinate> <D-V coordinate> <Fluorescence intensity: channel 1 - eve, channel 2 - Kr, channel 3 - gt>
0 1.97 44.15 14.49 22.79 10.21
1 2.24 48.86 12.70 24.11 10.20
2 2.37 46.34 15.69 25.32 11.23
3 2.81 41.72 14.05 26.29 10.34
4 2.66 43.66 13.64 26.45 11.45
5 3.18 50.91 13.56 26.61 11.45
6 3.20 45.39 14.14 25.03 11.54
7 3.08 48.21 17.37 26.20 11.71
8 3.59 53.77 13.67 26.87 10.93
9 3.68 42.90 14.55 27.52 11.06
10 3.63 41.09 14.49 26.63 13.86
11 3.74 48.14 15.76 30.35 12.63
12 3.94 43.98 14.93 28.24 12.78
13 4.02 46.60 14.70 27.44 13.36
14 4.36 50.02 16.42 30.41 12.96
15 4.70 42.04 16.96 29.96 12.26
16 4.79 54.76 15.62 28.41 13.38
17 5.09 37.42 15.75 29.20 12.45
18 4.87 46.24 14.89 28.51 14.11
19 5.05 52.72 14.90 27.47 13.24
20 5.36 57.19 14.55 26.99 13.08
21 5.13 48.40 17.43 29.08 13.62
22 5.54 33.16 14.84 26.96 10.14
23 5.44 35.18 15.89 27.61 12.07
24 5.32 44.21 16.68 28.79 14.26
25 5.77 39.95 17.82 31.53 14.02
26 5.79 50.72 17.87 33.17 14.80
27 5.50 54.87 15.88 29.19 13.46
28 6.04 46.54 17.99 32.29 14.03
29 6.05 44.04 18.25 30.41 16.49
30 6.03 53.02 17.97 32.42 14.91
31 6.35 42.04 19.47 31.79 15.43
32 6.28 36.89 16.08 31.52 12.42
33 6.46 55.56 18.36 32.18 14.38
34 6.38 58.96 14.28 25.58 12.23
35 6.69 49.10 18.09 32.69 14.75
36 6.43 32.00 16.47 34.32 10.84
37 7.02 39.68 17.79 34.01 15.36
38 6.93 32.36 15.36 30.66 11.92
39 6.78 43.61 21.00 31.15 16.40
40 6.88 52.27 15.78 31.55 16.29
41 7.44 60.00 14.18 27.29 13.93
42 7.34 44.57 17.38 31.07 15.31
43 7.18 41.70 18.77 31.82 16.41
44 7.22 35.31 15.96 31.46 13.14
45 7.21 56.42 16.07 30.93 15.57
46 7.52 47.05 19.44 32.02 14.90
47 7.34 61.25 15.14 26.65 13.19
48 7.41 62.86 11.10 23.39 12.15
49 7.68 33.77 16.98 31.80 11.71
50 7.65 30.66 16.61 29.64 11.36
51 7.58 37.46 19.00 32.04 13.83
52 8.04 53.13 19.02 32.48 16.01
53 7.88 34.94 16.52 30.10 13.90
54 8.27 42.66 19.81 34.93 16.00
55 8.09 50.80 20.63 34.87 18.14
56 8.46 40.68 18.53 33.14 15.17
57 8.01 29.77 15.06 26.94 10.94
58 8.23 57.51 17.17 30.34 16.18
59 8.26 38.34 18.24 33.69 15.51
60 8.37 62.56 15.28 26.26 15.14
61 8.35 32.25 16.30 27.92 13.50
62 8.61 45.04 20.42 33.09 15.51
63 8.64 49.21 19.87 35.09 16.63
64 8.46 55.20 19.61 30.65 16.02
65 8.54 30.40 14.42 26.48 13.30
66 8.53 28.36 13.21 23.47 11.91
67 8.96 59.92 18.96 30.11 17.72
68 9.00 33.43 17.21 26.79 13.76
69 8.96 36.13 17.58 31.66 15.30
70 8.86 39.47 16.47 35.07 14.93
71 8.82 29.50 17.71 27.86 9.43
72 9.36 51.48 18.38 32.51 17.42
73 9.02 56.88 20.45 30.68 16.53
74 9.06 27.82 12.59 26.71 10.68
75 9.19 54.84 18.62 31.40 17.96
76 9.33 38.69 18.22 33.76 14.56
77 9.03 64.13 15.57 22.71 18.14
78 9.22 53.34 19.55 32.18 16.30
79 9.29 37.45 19.07 32.30 16.93
80 9.54 63.23 17.09 26.09 17.80
81 9.43 28.84 15.42 26.42 13.38
82 9.46 47.80 16.93 34.04 18.38
83 9.48 35.02 16.82 30.54 14.95
84 9.40 64.52 20.33 21.87 19.00
85 9.41 26.90 14.86 22.43 9.86
86 9.79 40.70 17.90 34.22 17.66
87 9.71 45.17 21.23 36.06 16.86
88 9.67 61.51 17.60 28.19 21.83
89 9.88 33.74 17.09 32.22 15.65
90 10.13 42.84 19.02 34.90 17.96
91 9.95 49.22 22.35 34.23 19.65
92 9.76 64.77 15.00 27.00 20.75
93 10.04 60.32 15.03 28.62 18.97
94 10.20 36.58 18.60 32.46 16.76
95 10.10 57.73 19.35 32.44 19.14
96 10.08 32.17 17.28 26.11 17.89
97 10.41 26.76 15.45 25.63 12.40
98 10.44 28.49 16.30 28.96 13.68
99 10.17 65.08 16.62 24.62 17.92
100 10.38 66.55 13.00 21.81 18.92
101 10.64 47.50 19.47 37.29 18.59
102 10.43 61.97 17.68 29.28 18.95
103 10.57 23.97 12.96 21.48 9.28
104 10.67 51.95 19.67 35.44 20.61
105 10.63 49.86 18.91 35.30 19.39
106 10.42 63.86 15.50 27.23 16.80
107 10.82 39.41 18.51 33.59 18.37
108 11.07 56.16 20.53 33.27 21.64
109 10.61 25.47 11.10 23.40 12.90
110 10.87 32.89 18.64 29.87 15.58
111 10.79 54.35 19.70 34.54 20.76
112 11.25 44.13 20.63 35.83 19.22
113 11.07 35.93 15.71 34.03 17.47
114 11.03 63.81 18.05 27.18 24.87
115 11.00 29.14 16.81 25.31 14.94
116 11.10 23.03 12.73 20.31 9.65
117 11.08 26.09 11.92 24.17 12.92
118 11.18 38.09 18.50 30.50 19.04
119 11.16 24.74 12.67 19.47 12.93
120 11.73 46.24 22.18 38.47 21.42
121 11.82 62.26 17.63 27.39 26.87
122 11.56 66.56 17.62 25.04 27.28
123 11.55 50.74 21.24 36.51 21.08
124 11.73 41.70 21.21 35.45 19.71
125 11.42 34.01 21.29 32.00 15.00
126 11.79 35.03 18.22 30.36 16.96
127 11.63 48.82 21.24 40.22 22.94
128 11.73 64.25 16.94 26.75 27.19
129 11.72 25.13 16.06 23.94 15.17
130 11.68 28.74 17.21 24.82 16.48
131 12.18 54.06 22.30 33.73 25.78
132 11.75 30.19 18.68 28.68 14.92
133 11.68 37.11 20.55 30.91 18.68
134 11.90 57.65 21.35 33.54 25.49
135 12.09 39.88 21.23 34.46 21.80
136 12.07 22.90 13.29 19.16 12.66
137 12.28 51.32 20.36 35.49 23.97
138 11.92 38.44 19.50 34.00 19.00
139 12.18 26.36 14.82 24.00 13.90
140 12.37 28.03 17.38 25.56 14.92
141 12.32 67.90 16.06 20.00 31.67
142 12.43 36.81 20.15 32.18 19.24
143 12.57 43.37 21.16 37.38 22.27
144 12.64 59.91 19.73 29.04 30.28
145 12.41 38.20 19.80 32.80 20.00
146 12.54 44.90 19.47 36.82 22.85
147 12.85 65.29 17.98 27.67 34.93
148 12.79 25.45 16.92 23.44 15.78
149 12.88 33.90 20.54 30.84 21.31
150 12.92 47.19 22.16 38.73 25.72
151 12.71 57.90 18.34 33.20 24.34
152 12.79 68.83 14.98 23.34 29.34
153 13.24 49.80 21.80 36.84 28.09
154 13.11 35.71 19.45 31.28 21.64
155 12.95 67.52 17.08 25.38 30.54
156 12.97 41.86 20.00 36.69 22.76
157 13.34 62.46 20.88 28.71 37.73
158 13.21 21.51 13.68 20.15 13.28
159 13.29 52.69 21.45 34.29 30.39
160 12.97 27.55 18.20 27.20 16.70
161 13.35 28.55 18.25 25.77 21.16
162 13.16 37.75 22.62 30.54 22.82
163 13.00 40.36 20.00 36.45 22.18
164 13.16 55.88 18.82 33.54 27.04
165 13.04 45.09 22.00 38.83 25.33
166 13.38 72.32 13.41 19.52 24.84
167 13.32 22.95 16.15 18.24 21.42
168 13.72 57.36 21.59 32.48 35.77
169 13.44 26.93 16.06 25.15 18.00
170 13.58 41.02 20.00 34.66 24.23
171 13.77 43.29 22.22 35.27 26.41
172 13.65 45.21 23.88 35.97 29.02
173 13.96 70.48 17.42 22.30 35.94
174 14.02 24.89 18.55 22.99 21.87
175 13.99 60.06 21.45 30.19 40.13
176 14.01 67.78 18.20 26.24 42.72
177 14.22 48.01 23.34 35.15 36.10
178 14.25 54.60 23.77 34.21 41.74
179 14.02 22.59 16.20 19.47 20.27
180 14.48 34.70 21.83 30.06 28.86
181 14.22 65.34 19.56 27.64 46.78
182 14.50 39.47 22.34 31.87 30.81
183 14.25 32.19 20.61 31.34 23.31
184 14.67 28.06 17.32 24.58 26.64
185 14.54 52.34 21.79 36.71 43.66
186 14.43 41.97 23.22 35.24 34.14
187 14.56 50.28 22.96 37.64 41.18
188 14.55 63.01 22.37 29.87 56.45
189 14.93 46.02 23.60 35.45 46.89
190 14.83 21.29 16.90 19.56 27.94
191 14.54 37.04 21.60 29.43 32.99
192 14.99 30.70 18.34 27.66 28.93
193 14.98 43.86 24.05 34.47 38.18
194 15.02 56.24 23.85 33.47 52.36
195 15.12 58.54 22.55 33.11 54.76
196 15.34 23.59 18.62 20.79 33.15
197 14.96 41.42 21.66 33.41 36.41
198 15.30 68.32 20.48 24.57 47.36
199 15.30 60.96 22.34 30.56 57.59
200 15.41 70.90 18.74 25.62 44.26
201 15.35 72.13 18.96 23.22 44.13
202 15.47 48.12 23.10 34.55 56.65
203 15.69 26.45 18.99 23.40 33.82
204 15.67 32.80 20.78 26.91 39.12
205 15.55 65.19 21.68 26.94 53.35
206 15.82 18.97 14.23 16.88 37.40
207 15.83 38.87 23.12 32.06 43.69
208 15.79 52.81 23.90 32.43 68.20
209 15.85 50.44 24.58 36.79 63.64
210 15.80 35.82 23.07 30.65 43.42
211 15.92 73.93 18.08 21.13 40.88
212 15.86 41.44 23.97 31.95 50.60
213 16.15 55.07 25.02 33.36 78.68
214 16.16 62.82 22.42 28.00 64.84
215 16.19 29.53 19.58 24.77 39.77
216 16.24 43.86 24.84 34.66 62.21
217 16.39 46.18 23.17 37.37 71.38
218 16.33 57.50 23.39 33.19 75.78
219 16.51 21.59 17.21 19.89 48.45
220 16.53 69.16 22.39 25.89 56.24
221 16.65 59.92 25.33 32.80 74.65
222 16.64 66.59 22.07 28.82 62.03
223 16.89 34.59 23.40 29.86 56.83
224 16.88 48.48 24.94 36.39 91.31
225 16.84 71.87 20.38 23.40 53.24
226 16.79 24.67 18.64 22.06 55.21
227 17.03 37.19 23.76 30.40 68.14
228 17.07 27.47 19.53 24.94 54.35
229 17.18 42.32 25.16 33.81 82.84
230 17.11 32.17 21.20 28.11 57.40
231 17.21 39.92 24.55 31.46 76.33
232 17.08 53.30 24.71 34.57 99.90
233 17.17 50.97 23.71 36.79 100.72
234 17.44 64.48 22.71 30.34 77.98
235 17.37 19.37 16.78 19.45 65.61
236 17.52 74.52 21.48 21.02 55.86
237 17.56 55.55 24.63 34.05 102.55
238 17.64 29.80 21.20 24.55 70.26
239 17.51 61.94 24.40 31.10 79.83
240 17.72 57.78 26.17 34.66 101.86
241 17.66 45.93 25.59 35.41 104.63
242 17.85 16.82 15.09 16.85 63.59
243 17.82 23.29 19.37 21.50 81.99
244 17.76 69.79 24.56 27.04 69.84
245 18.01 67.15 23.79 30.03 77.50
246 18.21 43.85 25.40 35.17 118.11
247 18.07 49.30 25.54 37.91 125.24
248 18.23 59.78 25.38 32.51 94.66
249 18.32 33.98 23.69 30.17 91.13
250 18.36 36.39 24.49 30.96 100.72
251 18.36 38.69 24.56 36.08 102.09
252 18.32 72.14 23.60 25.03 70.57
253 18.37 26.01 19.81 23.55 84.15
254 18.56 21.30 18.26 19.28 88.56
255 18.42 53.65 25.81 34.24 126.19
256 18.45 51.39 27.50 35.54 137.00
257 18.46 76.86 20.65 21.27 54.01
258 18.46 41.24 25.27 34.22 115.91
259 18.65 31.70 23.33 27.98 92.84
260 18.69 47.43 25.03 38.16 133.99
261 18.73 28.54 20.95 25.57 98.30
262 18.71 62.44 26.14 32.57 94.53
263 19.02 18.83 17.54 18.18 87.42
264 18.88 64.92 25.81 27.75 90.15
265 19.01 55.70 26.88 35.05 125.97
266 19.05 74.22 24.12 24.65 74.67
267 19.05 69.61 26.54 28.45 82.83
268 19.17 57.84 25.71 33.23 113.98
269 19.26 45.47 27.82 37.20 149.59
270 19.48 24.30 19.78 21.93 110.17
271 19.39 42.95 27.12 35.88 147.67
272 19.50 49.44 27.43 33.57 150.09
273 19.62 67.33 26.89 29.63 91.73
274 19.53 35.24 25.57 29.97 122.82
275 19.58 60.31 28.60 34.15 112.86
276 19.64 79.12 21.38 20.53 55.87
277 19.56 39.98 25.99 31.64 148.18
278 19.49 52.10 28.11 35.68 146.15
279 19.84 37.58 25.56 33.32 139.59
280 19.78 30.13 21.37 26.89 120.94
281 19.89 32.87 21.82 28.11 126.64
282 19.90 27.26 21.48 24.78 115.20
283 19.86 71.75 28.38 26.46 90.27
284 19.88 76.54 27.51 22.15 78.34
285 19.85 17.53 17.28 18.24 104.16
286 20.10 54.04 28.28 37.64 140.83
287 20.05 62.44 25.85 33.71 106.22
288 20.11 22.01 19.64 20.73 117.16
289 20.23 47.13 26.27 34.17 157.09
290 20.09 64.88 26.73 30.89 104.99
291 20.47 56.23 28.75 35.75 137.86
292 20.41 58.42 28.49 36.54 129.78
293 20.47 41.78 28.44 35.98 160.05
294 20.44 74.10 32.58 26.27 97.33
295 20.42 44.50 27.96 36.33 171.27
296 20.34 16.69 16.41 18.29 103.95
297 20.53 69.14 31.45 29.41 94.07
298 20.77 19.73 18.92 20.99 119.30
299 20.52 51.21 29.04 35.18 145.93
300 20.77 35.21 25.84 32.36 146.82
301 20.83 39.55 28.52 34.71 164.21
302 20.86 48.89 29.24 38.97 149.47
303 20.99 25.70 22.44 25.18 133.56
304 21.00 30.87 24.96 29.03 142.58
305 21.08 60.37 30.27 33.28 125.68
306 20.93 78.56 36.99 22.01 79.54
307 21.17 28.48 22.27 25.69 133.60
308 21.15 65.93 33.84 32.05 112.63
309 21.38 33.06 25.79 30.59 153.66
310 21.23 53.12 28.76 37.11 151.08
311 21.23 63.19 31.33 31.72 117.57
312 21.31 37.45 24.68 32.04 156.60
313 21.36 72.09 38.67 27.06 109.24
314 21.30 75.85 39.14 24.18 104.09
315 21.46 17.71 20.15 19.58 128.38
316 21.53 23.02 20.43 22.48 129.86
317 21.50 43.56 30.37 34.52 170.28
318 21.46 46.38 26.50 36.75 166.59
319 21.65 55.29 29.10 37.43 145.75
320 21.71 69.96 40.15 27.38 117.76
321 21.70 50.54 30.28 38.08 159.51
322 21.65 57.83 30.76 35.40 137.35
323 21.78 41.10 28.54 33.75 173.65
324 21.84 67.67 37.72 31.61 126.49
325 21.93 80.09 52.61 21.30 97.24
326 22.01 15.44 18.13 17.89 112.30
327 22.08 20.68 19.17 20.36 127.48
328 21.93 74.22 44.95 27.11 120.43
329 22.24 34.57 28.21 33.10 154.94
330 22.20 48.44 30.34 37.97 163.31
331 22.26 77.44 57.35 24.99 116.91
332 22.38 38.97 30.24 33.97 170.58
333 22.34 30.97 26.38 28.51 152.68
334 22.25 60.74 34.37 36.17 139.25
335 22.41 25.56 21.74 23.83 130.14
336 22.28 52.45 31.62 40.05 161.02
337 22.53 36.66 27.69 32.84 162.89
338 22.47 28.30 22.67 27.34 146.30
339 22.32 63.10 33.49 34.33 138.38
340 22.42 45.01 29.13 33.86 165.83
341 22.60 65.21 36.88 33.27 136.12
342 22.46 73.13 52.03 30.38 126.64
343 22.69 42.67 31.54 34.34 173.97
344 22.79 56.71 34.40 36.40 154.52
345 22.82 54.70 34.24 36.16 158.60
346 22.85 58.80 36.18 34.95 161.78
347 22.90 17.83 19.73 19.04 120.90
348 22.90 70.39 58.52 31.32 132.17
349 23.03 22.96 22.16 22.07 136.59
350 23.15 46.70 31.99 35.58 166.22
351 23.01 50.52 32.79 39.00 154.77
352 23.23 33.28 28.21 30.78 159.11
353 23.25 40.57 31.11 36.06 178.22
354 23.12 67.40 49.11 32.09 145.30
355 23.17 75.15 70.85 26.15 133.64
356 23.03 12.52 16.92 13.96 104.49
357 23.29 79.37 80.39 23.57 119.70
358 23.33 15.15 18.37 18.04 114.52
359 23.32 52.90 33.78 36.65 170.01
360 23.52 48.57 34.00 38.06 170.90
361 23.37 62.57 37.95 35.39 149.51
362 23.58 30.92 27.96 30.43 160.85
363 23.69 35.66 28.29 30.83 165.85
364 23.62 44.37 32.08 35.77 165.43
365 23.68 20.39 22.59 20.57 129.50
366 23.72 60.25 39.26 35.17 162.02
367 23.69 72.60 75.83 28.84 151.29
368 23.68 28.19 25.36 27.26 148.23
369 23.69 38.11 29.66 34.45 172.24
370 23.80 25.49 24.57 24.22 144.32
371 23.90 81.58 79.96 22.43 109.28
372 23.75 77.18 96.76 29.07 145.61
373 23.93 64.96 51.76 33.23 163.26
374 23.67 12.96 16.90 16.43 94.97
375 24.08 42.04 32.48 37.23 174.62
376 24.05 56.07 39.18 38.36 171.31
377 24.19 57.95 40.32 40.75 181.40
378 24.21 54.12 36.36 38.58 164.79
379 24.20 70.27 87.75 30.53 154.50
380 24.27 17.62 21.11 19.61 121.27
381 24.20 67.82 70.88 33.47 161.04
382 24.37 49.93 33.96 37.19 173.62
383 24.32 51.84 35.38 38.59 172.84
384 24.51 22.92 23.96 23.85 133.56
385 24.43 33.57 28.96 31.05 165.42
386 24.43 46.03 34.47 38.86 180.31
387 24.69 39.66 30.21 34.87 172.57
388 24.44 62.19 52.58 36.38 171.52
389 24.57 12.18 20.03 14.39 103.87
390 24.64 74.08 107.53 31.60 161.06
391 24.36 76.65 91.87 27.20 144.77
392 24.71 14.76 20.73 17.11 117.97
393 24.78 47.92 38.26 38.57 176.46
394 24.79 78.89 119.39 26.53 141.48
395 24.84 29.18 25.85 26.52 155.15
396 24.81 31.46 29.48 30.58 166.08
397 24.95 26.95 26.82 27.31 152.01
398 24.86 37.55 32.51 34.95 180.74
399 24.84 43.86 33.74 37.91 182.50
400 24.94 83.61 82.18 22.44 99.60
401 25.09 20.34 25.43 20.56 142.34
402 24.94 59.68 52.64 37.26 174.80
403 25.10 35.55 30.99 31.61 166.87
404 25.14 66.17 90.10 32.52 175.68
405 25.19 63.86 73.81 33.53 191.29
406 25.43 24.98 28.92 23.74 147.41
407 25.25 55.34 47.78 37.21 179.87
408 25.33 71.38 120.30 30.45 165.80
409 25.31 81.22 111.50 25.31 141.78
410 25.34 68.69 115.20 34.15 172.19
411 25.32 41.55 35.79 34.51 187.35
412 25.35 76.27 122.39 29.27 157.91
413 25.32 53.08 41.21 37.99 175.83
414 25.44 57.53 57.66 37.57 192.92
415 25.58 17.50 25.51 19.68 128.24
416 25.49 50.54 39.87 35.90 173.92
417 25.62 61.57 78.68 36.47 189.90
418 25.65 33.47 31.40 32.08 160.67
419 25.66 45.79 39.45 38.90 181.50
420 25.82 12.25 23.71 13.98 107.78
421 25.95 22.64 27.50 23.08 145.91
422 25.99 31.04 33.26 28.23 168.83
423 26.03 37.28 37.24 33.92 171.40
424 25.96 48.04 43.28 39.02 183.38
425 26.00 43.65 40.24 38.47 185.38
426 26.09 73.76 127.62 29.68 162.03
427 26.18 15.02 29.51 18.22 127.08
428 26.17 39.36 38.13 34.03 180.80
429 26.02 28.67 32.37 28.10 160.32
430 26.12 59.52 73.66 38.07 193.15
431 26.28 78.99 121.85 28.58 156.92
432 26.30 64.67 117.52 36.52 202.73
433 26.37 66.87 141.93 34.70 198.53
434 26.29 52.23 49.12 38.25 178.72
435 26.32 56.31 68.29 39.83 200.96
436 26.45 20.03 29.54 20.56 145.52
437 26.56 27.06 32.74 25.02 156.58
438 26.47 54.26 62.28 39.00 183.71
439 26.59 81.82 101.81 25.59 134.88
440 26.47 35.36 40.31 32.96 181.79
441 26.42 41.52 41.05 38.59 187.47
442 26.68 69.04 150.74 33.11 185.08
443 26.59 71.41 149.14 31.43 181.85
444 26.72 84.45 65.18 22.39 106.28
445 26.66 49.84 52.90 39.80 186.51
446 26.66 62.44 105.96 37.36 200.48
447 26.64 76.14 133.11 29.69 186.06
448 26.80 24.92 33.13 24.79 147.59
449 26.92 10.84 39.65 14.40 115.39
450 26.76 32.67 38.63 29.87 175.13
451 26.81 45.89 47.75 36.41 184.15
452 26.96 58.13 100.43 38.74 200.16
453 27.05 17.53 37.71 21.27 144.14
454 27.05 13.29 40.91 16.54 143.80
455 27.08 29.72 37.83 29.29 170.81
456 27.08 43.56 45.13 36.96 189.86
457 27.20 47.84 61.12 40.02 202.04
458 27.24 60.43 111.45 37.99 199.14
459 27.25 22.39 36.25 22.69 152.88
460 27.22 51.68 71.55 39.93 198.02
461 27.37 38.68 51.47 35.04 192.82
462 27.44 36.62 52.01 35.05 179.24
463 27.48 41.03 51.68 36.86 188.84
464 27.39 56.02 99.52 40.34 198.27
465 27.55 34.28 52.77 32.89 193.48
466 27.52 64.86 153.74 38.49 204.81
467 27.60 72.99 127.38 32.09 187.94
468 27.59 77.83 117.51 29.64 169.64
469 27.64 53.61 84.80 37.69 194.96
470 27.59 67.18 154.74 38.95 196.15
471 27.73 86.15 57.81 22.12 82.94
472 27.81 15.45 55.97 19.89 160.30
473 27.85 82.98 79.19 24.26 131.66
474 27.83 19.84 49.57 22.56 155.97
475 27.78 27.45 44.26 27.67 164.84
476 27.85 31.93 52.84 31.25 191.48
477 27.80 70.17 146.79 35.75 198.05
478 27.76 62.69 133.74 40.18 201.68
479 27.91 49.74 83.66 41.17 203.64
480 27.95 75.25 119.22 33.07 180.52
481 28.06 80.31 103.94 28.40 153.05
482 27.98 45.83 73.39 37.61 198.77
483 27.97 24.78 50.69 24.19 157.63
484 28.10 58.96 138.99 40.78 218.21
485 28.07 43.16 67.14 36.71 195.76
486 28.10 12.97 58.74 15.28 123.20
487 28.24 11.51 69.36 17.15 138.17
488 28.33 29.91 60.82 30.76 198.28
489 28.36 9.31 65.88 13.85 110.53
490 28.32 51.70 109.23 37.36 211.31
491 28.59 57.09 139.38 39.76 206.85
492 28.50 48.09 107.24 38.40 209.73
493 28.48 55.10 125.38 40.80 218.90
494 28.47 39.93 76.93 36.89 202.70
495 28.59 61.03 138.81 39.24 207.70
496 28.53 22.17 64.04 24.41 168.31
497 28.54 35.06 82.00 33.09 198.20
498 28.57 37.33 81.98 34.68 196.66
499 28.67 17.54 74.26 20.18 148.84
500 28.69 68.26 134.47 35.50 193.87
501 28.71 65.63 154.22 39.49 204.02
502 28.75 87.61 45.35 22.00 60.48
503 28.86 71.07 115.03 33.91 190.18
504 28.91 63.38 142.50 38.37 205.88
505 28.92 84.89 63.80 25.25 103.26
506 28.88 77.11 95.62 30.64 155.41
507 29.05 14.53 86.68 18.39 149.33
508 28.93 28.10 80.73 29.97 189.15
509 28.88 32.69 86.73 32.92 195.92
510 29.06 41.94 103.96 38.54 201.23
511 28.94 44.56 100.70 38.00 209.48
512 29.04 53.19 137.59 38.94 210.28
513 29.06 73.83 102.95 33.14 170.57
514 29.03 25.61 86.33 25.56 182.75
515 29.31 19.95 94.56 21.60 166.05
516 29.33 46.67 120.61 39.57 209.94
517 29.26 82.21 70.03 28.98 122.00
518 29.39 50.86 147.35 38.12 215.90
519 29.29 59.37 141.58 38.91 210.88
520 29.41 12.01 100.55 16.34 150.54
521 29.38 38.95 120.41 35.80 212.81
522 29.55 79.64 82.52 31.43 137.24
523 29.60 23.26 102.54 24.26 170.38
524 29.63 30.39 107.71 29.09 187.11
525 29.66 48.85 140.15 40.40 215.69
526 29.60 34.85 122.89 33.13 203.48
527 29.74 55.13 145.47 40.66 214.88
528 29.74 66.62 132.46 36.68 205.99
529 29.85 37.16 153.34 33.98 211.14
530 29.86 57.50 138.43 39.82 214.84
531 30.08 10.19 115.73 15.41 137.87
532 29.82 61.76 139.11 39.12 210.26
533 29.86 69.01 108.84 35.29 177.02
534 29.92 16.80 114.65 19.42 153.64
535 29.89 43.82 134.58 37.73 210.03
536 29.87 32.62 134.38 31.67 204.91
537 30.02 71.65 101.00 35.67 176.36
538 29.98 27.82 118.65 26.96 189.22
539 30.02 40.77 146.14 36.96 212.21
540 30.18 64.29 126.22 38.96 195.74
541 30.12 76.82 84.10 34.83 144.29
542 30.18 86.75 56.93 27.45 70.73
543 30.20 84.04 60.91 29.61 99.45
544 30.32 25.49 134.00 26.52 188.03
545 30.29 52.64 156.12 42.09 215.34
546 30.40 74.20 83.42 35.00 155.71
547 30.39 21.09 129.15 25.19 177.71
548 30.39 46.02 155.60 38.39 218.54
549 30.48 13.82 118.80 17.80 154.12
550 30.52 59.53 131.15 38.95 212.26
551 30.58 50.41 159.19 41.92 217.61
552 30.80 18.90 138.78 21.46 168.33
553 30.74 39.00 171.12 36.35 217.19
554 30.73 35.68 171.42 33.52 219.41
555 30.77 42.50 160.57 39.69 218.48
556 30.84 81.49 60.55 32.56 107.32
557 30.99 8.38 110.79 15.20 127.04
558 30.88 31.24 162.85 33.15 201.46
559 30.86 33.60 167.72 33.06 210.90
560 30.87 48.19 146.17 43.39 212.61
561 30.84 88.79 49.20 25.21 37.92
562 30.97 29.25 153.28 30.19 194.55
563 30.87 56.42 142.07 41.31 218.98
564 30.86 66.70 108.52 40.10 195.38
565 30.91 23.29 140.02 25.28 182.16
566 31.00 54.18 149.20 39.08 212.45
567 30.90 62.27 113.68 40.46 207.55
568 30.96 78.92 64.34 35.33 119.28
569 30.99 69.22 94.90 35.28 172.22
570 31.24 16.51 135.07 19.72 161.59
571 31.23 44.34 159.60 40.67 218.49
572 31.29 27.01 148.99 29.98 194.88
573 31.18 71.83 89.76 39.49 166.20
574 31.40 37.22 166.83 36.48 221.16
575 31.33 40.83 163.38 39.31 218.57
576 31.35 11.43 114.68 16.63 148.18
577 31.41 84.45 60.09 31.86 74.76
578 31.38 75.88 75.08 34.38 134.45
579 31.61 64.83 97.09 38.68 186.66
580 31.62 52.26 147.13 39.80 218.44
581 31.66 57.99 118.88 41.76 210.90
582 31.56 60.34 113.67 42.78 212.00
583 31.61 46.29 150.65 41.57 219.80
584 31.80 24.77 155.05 27.69 187.13
585 31.53 87.40 62.12 27.21 46.91
586 31.85 21.88 140.09 23.64 184.09
587 31.79 50.10 151.12 39.82 217.54
588 31.89 14.26 123.86 18.64 156.24
589 32.16 7.19 95.14 13.69 110.90
590 31.86 32.45 173.46 33.60 205.94
591 32.02 62.40 94.23 39.99 200.49
592 32.01 67.46 77.48 39.21 168.89
593 31.99 34.91 169.45 34.33 207.13
594 31.97 55.57 123.72 42.20 212.09
595 32.15 73.10 75.04 35.61 125.22
596 32.16 19.45 140.26 22.09 178.20
597 32.23 28.60 151.14 31.78 193.01
598 32.23 38.42 162.94 37.47 214.15
599 32.23 43.19 162.54 40.25 218.31
600 32.29 48.08 151.68 41.32 214.28
601 32.20 70.14 77.40 38.68 139.65
602 32.24 81.49 64.54 35.04 80.93
603 32.23 78.78 66.08 34.61 99.57
604 32.19 86.74 69.24 34.45 51.19
605 32.47 30.52 142.36 31.34 190.93
606 32.53 9.71 104.38 15.28 148.63
607 32.41 40.88 159.92 38.00 219.83
608 32.47 75.95 68.93 37.49 113.00
609 32.60 17.05 141.89 22.02 185.00
610 32.72 53.56 110.31 43.04 202.49
611 32.57 59.40 94.96 42.54 195.71
612 32.42 84.87 70.77 33.06 52.80
613 32.77 26.63 140.00 28.06 193.58
614 32.72 45.89 143.12 40.73 218.99
615 32.86 12.17 108.58 18.31 139.35
616 32.82 51.54 128.61 43.49 209.54
617 32.78 63.80 75.40 39.25 179.36
618 32.66 83.46 70.63 35.70 53.02
619 32.93 66.02 71.64 44.14 160.28
620 33.01 88.95 77.69 35.00 24.80
621 32.97 24.07 132.39 26.21 184.33
622 32.90 32.75 136.83 32.21 200.63
623 33.02 55.95 96.49 41.90 195.02
624 33.08 35.25 148.94 33.34 206.80
625 33.18 21.74 135.50 24.64 176.20
626 33.19 49.49 123.30 44.08 214.70
627 33.19 61.31 80.16 41.08 180.17
628 33.05 14.27 120.57 17.77 161.70
629 33.23 68.42 66.93 40.46 126.83
630 33.28 37.33 143.92 37.91 211.83
631 33.32 39.71 139.61 36.78 212.85
632 33.37 57.87 88.20 42.47 189.35
633 33.29 71.09 69.19 40.04 119.83
634 33.32 73.89 67.23 39.67 104.84
635 33.08 84.48 74.10 41.15 55.00
636 33.48 42.17 126.97 36.36 210.85
637 33.50 44.52 120.56 39.81 214.14
638 33.57 86.05 90.51 39.65 33.68
639 33.47 79.61 68.57 39.98 68.08
640 33.57 19.24 118.82 23.33 161.78
641 33.42 15.19 102.37 20.83 141.49
642 33.52 76.85 66.71 40.47 85.87
643 33.60 82.29 79.96 39.46 51.73
644 33.75 28.32 116.58 30.75 193.14
645 33.72 8.04 84.41 15.25 114.92
646 33.75 47.53 113.16 40.85 209.15
647 33.84 30.53 118.18 32.46 190.69
648 33.79 64.29 67.27 40.40 146.62
649 33.93 25.59 110.52 27.52 179.10
650 33.87 33.21 127.66 35.02 193.61
651 33.92 54.56 92.85 45.74 193.74
652 34.09 16.72 105.74 21.59 155.97
653 33.96 51.06 92.43 43.54 197.55
654 34.22 10.72 86.52 17.24 126.01
655 34.11 59.66 71.26 42.84 150.64
656 34.18 66.50 63.74 40.47 105.61
657 34.28 62.19 64.58 43.43 138.43
658 34.28 89.20 85.79 46.40 18.30
659 34.26 72.20 68.02 41.58 95.54
660 34.48 34.96 100.52 34.22 195.99
661 34.32 38.98 111.31 38.62 197.82
662 34.28 90.66 71.05 45.32 16.32
663 34.47 13.51 90.83 19.51 136.28
664 34.50 36.97 107.93 36.42 198.01
665 34.41 56.90 70.08 43.46 162.66
666 34.39 68.98 68.81 42.84 98.60
667 34.38 21.75 100.97 25.78 164.79
668 34.63 52.73 77.22 43.20 181.39
669 34.45 75.00 77.50 41.68 70.44
670 34.61 46.18 96.99 40.27 195.78
671 34.68 40.99 92.63 36.69 191.70
672 34.56 43.46 95.64 38.68 202.96
673 34.52 77.73 77.31 42.75 60.24
674 34.76 48.85 87.98 41.22 188.94
675 34.75 80.73 93.07 44.97 42.59
676 34.86 83.71 101.26 45.69 33.18
677 34.92 24.05 84.14 24.60 146.06
678 34.87 86.72 107.49 45.40 24.84
679 34.85 32.01 105.77 33.53 186.76
680 34.90 18.92 89.67 21.66 148.72
681 34.95 8.18 58.40 16.74 100.29
682 34.97 26.70 82.51 29.87 157.89
683 35.03 29.19 97.28 30.37 173.70
684 34.97 64.24 65.55 43.55 109.09
685 35.07 54.83 68.72 46.52 159.82
686 35.19 58.43 66.12 44.98 130.85
687 35.15 70.65 76.91 50.12 77.27
688 35.22 60.75 61.49 45.19 117.60
689 35.33 16.05 73.38 21.38 133.25
690 35.32 50.69 77.02 44.37 169.63
691 35.31 73.19 87.08 44.39 61.17
692 35.31 66.41 77.42 44.73 93.78
693 35.47 91.59 63.90 49.69 11.53
694 35.54 38.91 78.12 38.87 176.71
695 35.50 44.74 77.10 42.86 176.47
696 35.51 89.11 95.09 56.41 16.95
697 35.57 21.23 81.32 24.75 143.25
698 35.67 68.57 87.01 48.72 66.88
699 35.68 75.79 101.56 47.81 45.91
700 35.48 78.32 103.37 45.51 36.91
701 35.65 34.23 77.66 36.78 167.07
702 35.75 10.88 56.95 18.12 102.79
703 35.58 36.55 79.72 37.75 177.96
704 35.71 42.08 70.09 39.79 166.99
705 35.80 47.75 76.56 41.44 154.42
706 35.78 62.59 70.76 51.84 92.62
707 35.86 12.86 60.38 19.28 115.22
708 35.93 56.15 64.22 46.83 126.14
709 35.86 30.97 72.23 32.63 145.05
710 36.01 53.35 68.57 44.51 135.19
711 36.04 27.85 71.00 31.84 144.35
712 36.09 80.84 109.56 54.47 32.11
713 36.07 25.58 70.87 30.85 135.16
714 36.08 18.99 65.65 24.49 127.06
715 36.22 23.34 66.03 28.46 135.79
716 36.18 83.34 103.01 54.42 25.54
717 36.27 8.00 45.46 16.24 85.37
718 36.26 64.54 82.24 52.34 70.45
719 36.28 86.76 106.15 59.17 20.78
720 36.27 58.73 70.83 50.34 104.74
721 36.18 71.19 99.00 51.60 51.12
722 36.35 17.92 58.40 23.82 118.35
723 36.34 51.04 68.41 45.29 140.44
724 36.42 60.66 74.72 50.46 80.63
725 36.44 66.70 95.89 52.89 60.72
726 36.50 40.24 65.42 38.15 147.98
727 36.52 45.55 69.58 45.16 139.38
728 36.54 33.02 67.39 38.36 132.14
729 36.52 73.81 100.06 50.79 40.54
730 36.63 92.89 45.21 57.98 7.42
731 36.68 43.11 67.34 42.67 144.01
732 36.73 15.95 52.09 21.94 105.20
733 36.61 36.85 66.10 41.06 144.52
734 36.78 90.10 83.75 64.47 13.81
735 36.81 21.00 59.76 27.29 111.26
736 37.00 28.91 60.34 33.49 115.90
737 36.96 49.41 73.66 45.01 111.74
738 36.83 69.06 107.98 52.51 47.76
739 36.88 76.95 115.58 55.87 31.16
740 37.03 30.99 60.12 34.84 109.28
741 36.94 62.60 94.25 56.07 61.30
742 37.12 34.89 62.32 40.58 115.47
743 37.04 47.30 73.16 46.89 119.06
744 36.95 57.06 80.44 53.44 94.41
745 37.19 10.15 44.79 19.44 79.55
746 37.05 12.31 48.75 20.61 86.99
747 37.09 54.79 69.07 49.59 96.84
748 37.15 13.84 43.87 22.28 79.47
749 37.21 26.14 55.53 31.78 111.63
750 37.30 38.69 65.02 39.31 112.98
751 37.21 52.64 70.40 49.28 107.38
752 37.22 81.60 113.31 68.02 26.41
753 37.36 84.91 111.20 68.54 21.28
754 37.30 71.71 110.52 61.56 38.69
755 37.38 23.53 55.01 30.97 107.61
756 37.35 59.47 91.16 51.57 64.52
757 37.50 18.45 48.25 24.68 82.88
758 37.60 7.39 37.98 18.60 64.83
759 37.59 41.34 66.91 43.04 110.70
760 37.60 64.21 111.28 58.82 47.86
761 37.52 66.57 117.22 62.16 43.67
762 37.77 78.81 124.49 68.91 25.29
763 37.64 44.03 70.51 44.85 102.98
764 37.69 74.07 132.41 66.78 35.64
765 37.78 32.76 58.67 38.36 94.34
766 37.89 36.73 64.23 41.81 92.16
767 37.93 50.90 88.70 49.00 80.55
768 37.96 61.54 108.20 58.42 44.18
769 37.99 16.01 48.17 25.08 75.45
770 37.92 69.40 127.24 64.59 36.60
771 38.02 93.21 42.24 72.95 7.57
772 37.94 20.71 55.51 27.86 82.05
773 38.10 87.38 97.81 83.71 17.61
774 38.07 46.04 85.62 49.63 90.58
775 37.90 56.96 99.31 56.59 63.35
776 38.08 90.46 85.06 87.10 13.11
777 38.03 48.58 84.31 48.96 82.04
778 38.06 27.70 60.78 35.03 84.57
779 38.19 30.13 61.13 39.78 80.13
780 38.20 76.12 127.22 75.51 27.57
781 38.33 13.46 43.56 24.72 64.25
782 38.23 54.68 101.22 53.17 65.32
783 38.35 24.80 56.22 35.33 80.43
784 38.35 34.69 61.64 44.96 75.79
785 38.37 9.74 41.29 22.53 56.22
786 38.36 39.17 70.72 46.47 83.51
787 38.49 52.67 101.38 56.42 67.93
788 38.40 81.12 113.64 75.96 22.76
789 38.55 11.21 39.16 22.03 54.61
790 38.45 59.27 119.52 58.51 44.91
791 38.52 71.91 127.07 74.55 27.90
792 38.69 84.15 104.75 83.59 20.06
793 38.64 22.40 57.51 32.46 63.00
794 38.61 67.48 145.13 77.40 34.21
795 38.74 65.25 136.61 78.14 36.03
796 38.63 41.19 86.97 48.54 75.76
797 38.73 43.26 86.92 49.58 68.26
798 38.85 63.17 132.27 72.37 36.97
799 38.86 7.82 43.12 21.69 47.01
800 38.81 18.90 54.97 29.31 55.81
801 38.81 32.13 63.66 40.05 71.70
802 38.93 37.15 69.57 45.26 60.54
803 39.01 56.68 118.52 62.36 44.03
804 39.06 74.01 129.66 83.59 26.08
805 39.01 47.60 101.53 50.57 55.34
806 39.05 26.21 72.33 35.61 55.00
807 39.05 50.14 102.12 51.59 52.85
808 39.11 69.66 132.39 79.15 27.98
809 39.07 78.07 126.85 89.72 23.07
810 39.11 28.29 70.20 38.20 55.90
811 39.19 45.15 105.15 46.79 56.63
812 39.37 88.96 85.86 105.78 15.58
813 39.21 16.15 52.53 28.00 46.10
814 39.31 61.13 131.43 71.57 34.36
815 39.49 86.41 96.68 100.26 17.68
816 39.41 91.42 62.61 106.43 12.25
817 39.27 34.37 73.70 44.85 51.01
818 39.44 54.43 113.78 65.53 42.40
819 39.53 39.32 98.76 50.80 47.29
820 39.51 58.69 130.05 74.08 35.54
821 39.62 13.87 51.72 27.33 38.52
822 39.53 23.80 74.76 33.17 41.64
823 39.54 30.05 82.05 43.88 46.05
824 39.68 21.12 73.24 34.35 37.80
825 39.64 51.99 120.50 64.44 43.68
826 39.56 10.33 48.94 23.38 34.12
827 39.60 80.96 103.74 100.65 21.02
828 39.78 93.54 34.34 101.06 8.64
829 39.68 41.84 115.59 55.45 45.95
830 39.66 66.70 140.99 88.28 28.33
831 39.79 75.79 117.49 104.25 25.39
832 39.82 71.90 129.54 92.32 24.67
833 39.87 5.86 42.09 20.99 23.27
834 39.55 8.90 51.33 23.67 27.00
835 39.85 36.17 85.62 50.83 41.58
836 39.94 18.56 68.59 34.29 32.42
837 39.85 32.06 94.03 46.06 43.52
838 39.87 83.77 93.56 88.38 19.32
839 40.12 64.53 130.36 95.34 29.38
840 40.09 49.09 117.01 62.88 41.77
841 40.12 46.62 127.55 58.67 40.67
842 40.19 26.14 85.26 39.36 33.13
843 40.23 44.13 122.88 60.61 41.11
844 40.26 56.92 141.67 76.57 33.69
845 40.24 62.54 134.51 92.29 29.64
846 40.23 69.22 131.80 104.96 25.83
847 40.30 78.70 104.26 113.77 21.47
848 40.34 33.84 100.49 50.54 35.57
849 40.38 59.98 139.26 85.97 30.81
850 40.34 12.64 61.15 27.36 24.79
851 40.50 16.03 67.91 33.06 25.95
852 40.47 28.27 89.55 44.76 33.19
853 40.53 11.14 60.22 27.96 23.74
854 40.57 37.93 109.46 58.51 34.84
855 40.38 83.01 93.76 100.85 18.26
856 40.58 53.14 138.82 80.04 33.54
857 40.76 73.79 105.50 113.62 23.38
858 40.65 23.74 97.51 42.18 28.78
859 40.77 40.03 119.53 64.73 35.35
860 40.79 55.04 147.13 79.20 32.72
861 40.75 88.79 79.23 125.23 14.50
862 40.81 8.45 54.84 27.20 19.77
863 40.79 30.57 105.72 49.03 31.88
864 40.86 91.42 65.57 134.87 12.74
865 40.86 42.13 136.96 64.76 34.00
866 40.90 51.18 134.44 77.60 33.53
867 40.79 66.80 116.82 112.16 25.54
868 40.87 86.09 81.27 123.25 17.40
869 40.92 21.11 89.58 42.73 24.03
870 40.95 81.28 88.12 129.04 20.73
871 41.01 76.45 96.50 128.20 22.23
872 40.97 71.07 105.00 119.75 25.47
873 41.04 93.87 29.35 111.86 8.81
874 41.00 35.55 117.77 57.33 30.73
875 40.91 5.14 44.71 21.13 12.90
876 41.20 13.79 66.43 38.01 22.77
877 41.24 18.55 81.62 38.65 23.59
878 41.22 46.71 120.76 70.27 33.43
879 41.24 49.16 129.62 85.65 34.15
880 41.32 61.34 131.08 113.03 28.11
881 41.32 63.63 113.10 114.47 24.61
882 41.36 32.89 117.91 62.63 29.97
883 41.47 59.03 133.12 98.26 28.45
884 41.43 26.27 106.72 53.71 27.01
885 41.42 44.13 127.19 71.79 31.48
886 41.49 56.76 147.45 101.49 28.65
887 41.57 68.71 98.73 140.15 23.25
888 41.54 78.96 86.41 144.44 20.44
889 41.70 28.71 103.72 62.62 25.89
890 41.61 10.56 65.32 34.00 17.81
891 41.67 83.33 73.48 130.33 18.23
892 41.53 5.23 50.91 30.34 13.32
893 41.77 65.69 106.75 131.99 25.67
894 41.74 37.23 118.29 69.08 28.59
895 41.51 11.73 62.20 31.80 16.80
896 41.74 23.40 108.76 51.48 21.19
897 41.89 53.78 136.78 105.70 28.10
898 42.00 16.18 77.84 44.59 17.06
899 42.05 30.75 112.92 66.66 25.62
900 42.08 39.11 124.26 81.38 28.80
901 41.97 41.17 131.64 82.29 29.94
902 42.04 73.13 86.02 150.99 21.76
903 41.99 87.48 69.38 132.01 15.82
904 42.02 71.13 85.64 147.39 22.93
905 42.09 75.37 82.73 150.89 21.61
906 42.14 51.56 133.82 94.73 28.91
907 42.19 20.83 93.47 53.53 19.48
908 42.15 90.45 57.09 138.44 12.40
909 42.13 92.88 43.68 129.54 10.14
910 42.15 34.98 123.58 76.97 27.35
911 42.14 9.54 57.54 34.49 13.32
912 42.38 45.10 131.46 91.52 30.17
913 42.36 47.37 119.96 97.17 27.58
914 42.46 49.53 131.74 97.40 28.72
915 42.36 61.79 114.64 138.92 25.12
916 42.46 80.70 72.42 156.73 20.49
917 42.55 55.83 127.61 124.35 26.57
918 42.39 7.73 60.84 39.71 15.14
919 42.62 18.68 88.41 55.92 16.59
920 42.62 25.10 107.18 72.57 20.43
921 42.53 77.80 74.60 158.80 20.59
922 42.52 14.13 71.09 47.59 16.80
923 42.66 42.96 112.35 97.99 29.24
924 42.58 58.20 118.45 126.93 25.02
925 42.55 63.86 90.17 147.11 24.34
926 42.58 67.34 75.40 158.37 24.62
927 42.67 27.49 110.44 73.42 20.98
928 42.67 32.74 118.99 75.81 24.26
929 42.81 84.68 68.13 145.23 17.31
930 42.75 69.66 73.90 167.93 22.75
931 42.69 12.64 60.63 44.86 15.53
932 43.05 22.69 94.90 68.78 18.74
933 42.98 37.32 103.88 98.00 25.25
934 43.10 10.50 56.53 44.23 14.42
935 43.13 60.02 96.09 151.95 24.50
936 43.08 40.21 107.59 104.24 25.17
937 43.20 65.56 77.23 169.59 22.51
938 43.21 94.05 37.62 135.57 8.45
939 43.26 71.57 70.34 176.03 21.66
940 43.19 86.88 70.69 150.03 16.47
941 43.26 30.75 104.42 95.74 23.04
942 43.22 52.38 130.33 134.53 27.47
943 43.23 74.03 73.46 168.74 21.70
944 43.28 34.79 114.37 99.76 24.46
945 43.42 54.43 111.88 142.67 25.68
946 43.30 16.67 74.09 58.79 16.28
947 43.39 46.29 109.32 122.28 26.29
948 43.51 76.36 71.93 177.91 19.65
949 43.56 89.32 62.39 155.57 14.36
950 43.59 8.56 60.03 51.59 12.35
951 43.39 91.80 52.51 142.45 11.13
952 43.31 11.56 57.21 49.43 14.71
953 43.50 82.00 67.77 163.45 19.18
954 43.62 48.45 107.81 131.16 25.37
955 43.49 62.74 84.34 171.92 23.82
956 43.71 20.08 74.41 78.90 15.78
957 43.74 29.03 91.20 102.72 21.85
958 43.54 78.99 67.77 163.77 19.75
959 43.78 50.49 102.65 141.64 24.51
960 43.65 68.27 68.52 184.46 23.02
961 43.78 13.77 60.94 62.62 14.15
962 43.80 44.37 95.27 127.23 25.54
963 43.63 56.98 95.52 154.00 26.54
964 43.80 26.45 89.30 97.19 19.95
965 43.89 42.38 90.10 121.41 25.51
966 44.16 6.17 52.05 58.16 10.21
967 44.11 24.32 80.52 97.55 17.63
968 44.02 32.84 93.09 114.76 21.83
969 44.06 4.05 40.57 50.82 7.63
970 44.12 38.29 84.01 124.61 23.60
971 44.15 40.54 86.87 133.05 23.96
972 44.13 60.81 79.43 183.76 24.06
973 44.19 36.19 89.98 119.64 24.40
974 44.13 64.88 76.66 184.98 23.22
975 44.37 22.02 72.69 92.39 17.30
976 44.40 58.72 80.54 182.43 24.30
977 44.32 86.24 67.36 150.67 15.99
978 44.38 66.82 72.58 190.34 24.38
979 44.40 69.90 71.34 189.44 22.65
980 44.32 72.46 70.29 181.58 21.90
981 44.50 18.18 63.22 85.05 15.11
982 44.31 52.74 95.01 170.20 24.49
983 44.37 80.54 70.95 171.54 18.50
984 44.44 95.81 25.56 103.61 4.96
985 44.54 11.03 59.12 72.38 12.73
986 44.52 74.71 71.29 187.36 20.87
987 44.62 83.42 71.44 165.60 17.07
988 44.60 46.54 77.53 148.34 25.47
989 44.52 93.04 51.44 146.46 10.02
990 44.59 63.11 70.67 188.54 23.15
991 44.77 30.95 76.13 127.52 21.54
992 44.74 54.68 80.84 172.02 23.68
993 44.66 77.71 70.76 181.23 19.47
994 44.73 90.14 67.63 159.43 14.08
995 44.76 28.15 69.73 121.68 18.09
996 44.69 56.76 77.44 179.12 24.74
997 44.67 12.61 51.49 69.98 12.66
998 44.92 34.42 76.59 137.03 21.95
999 44.84 48.72 79.90 163.88 26.46
1000 44.93 15.37 50.86 87.68 14.66
1001 44.97 44.24 73.47 157.92 24.23
1002 45.11 50.73 76.36 168.71 24.36
1003 45.06 25.84 65.90 124.34 17.06
1004 45.28 4.85 39.00 74.65 7.64
1005 45.16 39.13 66.59 159.10 23.12
1006 45.19 41.48 65.31 154.84 23.48
1007 45.22 67.88 75.03 200.12 22.63
1008 45.15 9.07 44.11 78.73 11.66
1009 45.36 20.50 58.27 120.40 16.22
1010 45.28 61.61 72.44 198.96 24.21
1011 45.29 65.27 85.17 195.53 23.44
1012 45.29 71.60 80.73 200.83 22.01
1013 45.40 88.18 75.49 158.69 16.26
1014 45.46 23.05 56.70 121.98 17.16
1015 45.45 36.49 64.57 150.00 22.50
1016 45.43 59.85 74.75 201.19 24.29
1017 45.44 52.75 72.25 187.87 24.75
1018 45.47 75.76 86.27 197.75 19.96
1019 45.61 32.64 61.34 153.60 21.73
1020 45.53 85.63 79.79 160.16 16.96
1021 45.48 80.62 87.96 177.20 18.54
1022 45.66 7.16 43.28 84.98 10.08
1023 45.77 29.51 64.98 140.24 19.25
1024 45.75 69.54 88.11 198.41 22.43
1025 45.75 94.52 62.39 139.32 8.22
1026 45.73 12.83 45.71 94.33 13.60
1027 45.73 18.11 49.34 111.44 14.05
1028 45.79 58.00 72.10 201.83 24.91
1029 45.76 92.05 76.02 159.68 11.61
1030 45.72 46.35 66.90 173.50 24.25
1031 45.88 73.50 85.23 189.69 21.11
1032 45.81 43.22 61.87 179.48 24.00
1033 45.72 55.74 72.74 194.05 23.84
1034 45.84 63.56 95.16 199.29 22.81
1035 45.83 78.07 89.83 185.23 18.95
1036 45.98 82.96 91.07 175.22 17.15
1037 46.24 10.54 33.71 92.29 11.24
1038 46.08 24.98 53.47 144.90 16.99
1039 46.18 27.33 58.10 144.95 18.00
1040 46.06 48.69 69.70 184.31 26.31
1041 46.14 15.52 44.99 110.45 13.66
1042 46.18 38.32 58.58 175.77 23.23
1043 46.32 40.52 63.10 180.35 23.87
1044 46.20 66.85 92.17 198.92 22.73
1045 46.47 90.11 81.63 149.39 13.35
1046 46.42 9.03 36.04 96.17 10.93
1047 46.35 34.53 63.60 161.56 21.81
1048 46.29 50.80 80.09 189.34 23.38
1049 46.31 53.67 77.34 196.25 23.41
1050 46.49 30.99 57.81 158.82 20.75
1051 46.47 71.23 107.14 203.30 21.84
1052 46.48 61.85 96.13 199.82 22.73
1053 46.58 21.11 44.53 132.86 15.14
1054 46.67 44.71 68.74 188.92 24.49
1055 46.68 59.75 94.39 201.90 23.84
1056 46.59 75.57 102.81 195.70 20.56
1057 46.58 86.94 91.96 166.61 15.83
1058 46.63 5.70 34.62 96.34 8.13
1059 46.75 36.53 60.67 176.07 21.46
1060 46.69 64.85 115.59 206.09 23.81
1061 46.70 80.67 95.58 184.99 18.18
1062 46.88 23.66 49.70 149.28 16.71
1063 46.77 46.83 77.39 197.24 22.63
1064 46.82 42.50 63.04 190.34 23.23
1065 46.80 55.83 85.73 199.88 23.77
1066 46.86 4.01 28.42 95.74 6.34
1067 46.90 7.25 28.79 96.00 9.19
1068 46.84 13.16 39.19 110.18 12.11
1069 46.89 18.22 42.19 131.90 13.64
1070 46.88 69.05 108.81 204.15 23.38
1071 46.94 95.74 36.17 123.08 5.94
1072 46.91 57.80 91.06 204.47 22.00
1073 46.98 77.97 103.69 188.50 18.43
1074 47.09 32.69 60.18 175.71 20.52
1075 47.04 83.94 93.60 173.50 17.59
1076 47.09 93.35 75.96 156.13 9.36
1077 47.15 52.03 91.56 206.20 24.70
1078 47.21 28.56 57.21 167.75 17.59
1079 47.20 72.69 121.98 206.99 20.94
1080 47.25 26.21 54.14 164.34 17.50
1081 47.28 39.02 66.64 184.59 22.44
1082 47.32 66.76 120.65 207.37 23.63
1083 47.37 15.70 42.13 130.06 13.62
1084 47.47 49.95 93.57 202.49 24.07
1085 47.40 53.98 107.43 205.83 23.67
1086 47.45 63.28 130.46 206.51 24.36
1087 47.59 48.08 91.00 201.49 23.67
1088 47.59 11.03 36.60 115.33 12.32
1089 47.65 34.64 67.67 177.26 21.12
1090 47.63 89.06 91.32 175.02 15.30
1091 47.63 30.65 67.15 176.42 20.12
1092 47.63 74.63 124.39 206.47 19.47
1093 47.78 19.78 45.24 150.66 14.23
1094 47.77 41.21 81.10 190.81 23.33
1095 47.68 61.31 117.03 206.95 23.28
1096 47.77 22.32 53.41 158.00 15.42
1097 48.01 91.52 77.61 167.76 11.73
1098 47.86 36.88 78.63 190.34 21.53
1099 47.96 81.56 106.25 174.32 18.44
1100 48.00 43.32 91.74 199.10 23.40
1101 47.83 45.50 92.77 197.34 24.42
1102 47.86 59.40 127.36 210.14 23.65
1103 47.96 70.68 136.46 211.18 21.98
1104 47.98 8.35 38.10 122.49 9.45
1105 47.89 79.20 110.67 196.13 19.03
1106 47.93 86.47 93.22 169.31 16.38
1107 47.95 5.93 31.13 120.01 7.94
1108 47.88 57.21 127.31 212.82 23.51
1109 48.04 3.49 22.98 97.03 5.92
1110 48.01 65.05 134.97 211.67 23.25
1111 47.93 68.44 133.57 210.82 22.48
1112 48.12 55.28 126.79 205.74 22.59
1113 48.12 76.73 130.58 195.30 19.61
1114 48.14 24.81 68.67 177.62 18.34
1115 48.26 13.70 43.79 127.87 12.42
1116 48.31 84.07 99.75 176.53 17.20
1117 48.20 51.94 104.40 200.82 24.17
1118 48.34 96.29 25.69 97.63 4.58
1119 48.36 17.07 50.14 138.95 13.21
1120 48.31 32.86 77.39 185.14 20.83
1121 48.41 94.07 53.96 148.32 8.61
1122 48.43 29.02 71.59 178.99 17.23
1123 48.43 26.90 69.93 171.98 18.68
1124 48.38 39.13 90.74 195.78 22.42
1125 48.50 72.69 132.86 211.12 20.70
1126 48.62 47.03 112.56 204.59 24.00
1127 48.66 49.84 126.29 207.51 24.64
1128 48.63 62.29 135.58 206.69 22.98
1129 48.81 20.85 61.00 165.82 14.11
1130 48.81 53.65 130.34 211.80 24.27
1131 48.79 66.72 127.80 207.53 22.88
1132 48.79 74.80 127.70 208.18 20.14
1133 48.77 11.08 46.45 121.10 11.63
1134 48.81 31.05 89.23 190.91 18.30
1135 48.79 88.30 82.32 173.61 15.69
1136 48.89 23.26 70.02 168.46 14.77
1137 48.81 58.12 143.01 210.51 23.25
1138 48.97 34.78 91.84 186.90 21.35
1139 48.95 36.94 104.21 196.15 21.09
1140 48.92 41.56 97.95 197.68 21.99
1141 48.88 64.28 139.62 216.19 23.53
1142 48.87 9.46 45.92 128.39 11.33
1143 48.93 44.73 102.98 203.90 22.76
1144 49.04 60.40 142.00 209.84 23.69
1145 48.93 69.17 123.32 203.54 21.04
1146 48.94 79.27 99.14 200.18 18.07
1147 49.09 6.24 39.91 122.16 8.54
1148 49.17 55.97 149.17 208.45 23.58
1149 49.17 3.79 28.97 110.63 5.85
1150 49.26 82.39 89.96 178.38 17.92
1151 49.38 85.96 76.90 171.88 17.14
1152 49.14 7.93 27.92 104.08 9.50
1153 49.38 18.79 60.79 158.14 14.66
1154 49.37 71.61 134.04 212.61 20.94
1155 49.40 92.17 61.98 162.13 11.68
1156 49.40 76.93 101.16 198.31 20.37
1157 49.52 12.86 53.19 130.46 12.57
1158 49.39 15.52 54.05 138.52 12.87
1159 49.37 48.35 131.24 208.89 23.31
1160 49.39 51.81 133.54 209.00 22.08
1161 49.52 89.96 69.78 167.85 14.19
1162 49.67 24.89 73.72 177.47 17.06
1163 49.46 27.68 76.19 176.67 16.71
1164 49.45 39.10 105.02 193.93 20.74
1165 49.59 32.62 86.89 184.47 20.81
1166 49.74 94.50 37.66 142.22 7.89
1167 49.75 29.99 87.14 188.76 17.23
1168 49.72 62.47 127.95 212.87 23.00
1169 49.97 46.22 113.71 201.45 23.66
1170 49.76 58.54 139.51 213.24 21.99
1171 49.88 44.08 106.51 201.42 23.81
1172 49.80 64.87 111.77 205.20 22.73
1173 49.79 67.33 103.38 205.99 22.60
1174 49.92 22.28 73.41 173.49 15.38
1175 49.87 54.11 125.00 206.92 23.94
1176 49.86 74.41 104.94 202.35 18.95
1177 49.90 10.20 49.86 125.61 11.23
1178 49.89 41.74 102.88 203.25 22.46
1179 49.96 80.10 86.52 184.71 18.85
1180 50.10 50.21 125.15 203.84 24.20
1181 49.90 88.40 62.56 153.18 14.10
1182 50.06 36.68 99.55 195.42 20.80
1183 50.02 69.82 116.43 213.05 21.99
1184 50.20 7.34 42.31 126.66 9.17
1185 50.18 34.27 87.44 194.17 21.27
1186 50.30 17.15 57.35 145.26 12.63
1187 50.24 56.40 129.77 211.93 23.92
1188 50.31 84.17 62.40 173.33 16.77
1189 50.18 4.50 35.86 114.98 6.86
1190 50.35 60.60 113.71 205.88 22.51
1191 50.45 20.23 62.23 167.52 13.88
1192 50.37 26.74 73.92 183.58 16.84
1193 50.43 48.28 112.24 207.38 22.47
1194 50.46 72.35 94.65 204.28 20.38
1195 50.48 39.27 90.16 195.05 22.12
1196 50.56 52.20 105.09 212.78 23.51
1197 50.51 77.01 89.83 203.57 19.33
1198 50.70 31.50 75.17 185.48 18.49
1199 50.77 86.62 58.03 162.42 16.61
1200 50.64 63.44 104.60 208.74 23.38
1201 50.84 92.85 40.78 166.41 10.58
1202 50.70 12.55 50.26 131.02 12.28
1203 50.70 28.98 65.46 193.57 19.24
1204 50.71 65.94 90.11 204.50 22.27
1205 50.93 90.01 51.68 158.75 13.80
1206 50.87 15.04 49.63 146.26 12.62
1207 50.97 81.79 60.99 184.76 17.69
1208 50.91 43.20 100.13 199.23 22.46
1209 50.81 58.51 114.23 214.05 23.96
1210 50.89 68.18 88.64 209.80 21.00
1211 51.02 25.02 62.36 172.87 15.16
1212 50.98 41.12 95.85 196.60 21.45
1213 50.91 54.40 98.14 212.17 23.83
1214 50.98 74.63 78.18 208.14 18.42
1215 51.00 22.54 59.33 166.17 14.20
1216 51.02 35.42 73.89 194.80 20.17
1217 51.01 79.15 72.87 193.21 18.48
1218 51.02 9.58 40.27 124.40 11.43
1219 51.08 70.35 74.59 207.86 21.86
1220 51.17 37.50 69.70 195.34 20.55
1221 51.21 45.14 86.52 209.47 22.30
1222 51.16 95.25 22.98 131.67 7.83
1223 51.20 3.01 26.62 117.66 6.28
1224 51.25 5.61 36.70 130.52 8.08
1225 51.22 47.05 82.19 207.88 23.36
1226 51.27 18.57 46.15 151.03 12.99
1227 51.24 50.13 98.23 206.95 24.04
1228 51.30 61.79 96.53 216.79 23.79
1229 51.38 33.30 66.96 193.97 18.72
1230 51.30 56.28 95.21 217.03 22.73
1231 51.47 64.58 80.29 219.59 23.99
1232 51.53 27.22 53.02 177.06 17.54
1233 51.60 59.84 91.51 213.38 23.00
1234 51.61 84.23 51.18 170.56 16.59
1235 51.66 72.13 68.63 212.10 21.24
1236 51.62 52.54 79.72 208.10 22.53
1237 51.75 20.84 45.45 167.36 14.59
1238 51.70 29.47 49.39 184.08 17.44
1239 51.91 7.88 33.87 122.16 10.04
1240 51.77 39.30 76.19 201.65 20.25
1241 51.80 76.69 62.60 197.92 19.50
1242 51.80 11.60 35.52 128.76 12.38
1243 51.83 67.01 68.27 213.04 20.90
1244 51.98 13.79 34.11 133.05 12.14
1245 51.96 16.70 37.89 149.49 12.61
1246 51.93 23.55 52.83 174.25 16.53
1247 51.95 31.38 54.21 196.76 20.35
1248 51.90 57.87 75.64 207.56 22.70
1249 51.89 88.03 48.43 157.66 16.12
1250 52.27 2.25 17.81 98.29 4.58
1251 52.04 41.41 69.06 201.33 22.38
1252 52.04 48.38 71.43 203.20 22.35
1253 52.10 91.86 40.66 161.19 11.50
1254 52.01 35.24 57.93 194.77 18.97
1255 52.06 54.84 72.76 212.92 22.31
1256 52.05 69.41 63.35 203.63 21.44
1257 52.03 74.32 67.45 205.91 19.69
1258 52.03 10.28 37.81 131.89 11.79
1259 52.15 43.54 63.41 202.63 21.58
1260 52.08 79.06 53.95 188.88 17.37
1261 52.21 62.81 71.87 209.96 21.87
1262 52.20 81.70 55.13 185.06 17.32
1263 52.27 50.88 72.90 205.66 22.35
1264 52.39 37.38 56.26 194.27 19.80
1265 52.34 45.78 63.58 202.38 21.93
1266 52.43 4.88 28.35 126.57 7.09
1267 52.44 25.45 43.49 175.81 15.98
1268 52.40 65.38 61.45 212.86 21.06
1269 52.59 85.73 46.08 159.43 16.34
1270 52.62 19.42 38.28 157.10 13.24
1271 52.56 33.03 51.72 186.12 19.39
1272 52.54 60.59 68.11 211.84 22.25
1273 52.63 27.72 39.31 166.73 16.05
1274 52.65 53.11 58.96 209.61 22.72
1275 52.69 56.66 67.77 215.75 23.17
1276 52.84 90.12 40.88 157.48 14.28
1277 52.82 21.91 38.78 171.55 13.89
1278 52.76 72.41 54.98 203.22 19.85
1279 52.82 29.78 42.01 183.77 16.96
1280 52.81 39.61 51.33 193.51 20.08
1281 52.95 58.79 68.85 210.34 23.37
1282 52.92 67.72 59.13 204.68 22.37
1283 53.06 7.00 27.77 122.58 9.09
1284 53.05 9.10 29.46 129.95 10.96
1285 52.98 47.58 55.36 203.10 21.96
1286 52.97 75.21 59.36 203.96 19.87
1287 52.98 35.49 53.55 194.11 19.41
1288 53.02 49.69 59.66 210.34 21.66
1289 53.04 70.02 54.75 201.57 21.95
1290 53.13 77.77 57.23 185.81 17.79
1291 53.10 12.12 30.49 131.58 11.90
1292 53.03 17.27 33.51 158.28 12.71
1293 53.21 14.72 30.85 137.05 12.33
1294 53.13 80.29 52.22 182.67 17.67
1295 53.13 41.95 53.01 194.36 20.68
1296 53.31 83.25 51.77 171.67 17.62
1297 53.16 63.64 65.81 205.40 21.99
1298 53.33 23.80 36.12 172.00 15.17
1299 53.28 44.12 56.26 201.95 20.82
1300 53.21 10.26 29.14 130.03 11.56
1301 53.35 55.28 58.76 204.76 22.39
1302 53.47 31.39 44.27 174.15 18.09
1303 53.54 93.03 27.07 139.25 9.83
1304 53.43 61.61 68.74 205.01 22.56
1305 53.41 65.56 59.36 202.71 19.93
1306 53.54 26.17 39.20 170.06 15.83
1307 53.57 33.77 49.38 186.48 19.22
1308 53.64 46.15 57.67 197.24 21.25
1309 53.63 51.29 56.77 204.73 21.67
1310 53.62 87.93 42.31 155.07 14.85
1311 53.71 3.42 19.42 111.87 5.71
1312 53.73 36.78 52.00 190.49 19.20
1313 53.77 38.77 47.85 188.88 18.96
1314 53.63 53.34 55.75 206.51 21.84
1315 53.73 20.05 31.61 157.21 13.21
1316 53.79 57.39 62.70 200.51 21.39
1317 53.77 28.39 43.10 170.91 16.71
1318 53.93 73.76 56.29 194.45 18.70
1319 53.91 71.59 61.42 192.30 18.60
1320 54.06 5.49 25.79 123.90 6.99
1321 53.96 59.48 74.44 207.57 21.07
1322 54.06 40.70 56.50 193.80 19.86
1323 53.99 48.89 61.02 196.67 21.30
1324 54.01 76.14 59.35 191.44 18.03
1325 54.14 85.62 50.03 151.69 14.86
1326 54.18 90.64 39.89 148.27 11.97
1327 54.08 95.60 13.33 110.69 4.89
1328 54.05 67.16 63.83 198.34 18.88
1329 54.07 17.00 30.66 141.75 12.02
1330 54.08 69.41 59.14 192.09 19.92
1331 54.29 42.60 58.65 190.25 20.81
1332 54.28 8.33 29.80 124.06 10.02
1333 54.12 80.72 50.86 175.12 17.49
1334 54.30 11.13 30.82 125.38 11.30
1335 54.24 63.37 68.16 195.33 21.53
1336 54.39 23.15 38.32 167.26 13.99
1337 54.36 14.05 34.88 141.64 12.76
1338 54.46 78.33 62.48 182.94 17.64
1339 54.42 44.65 64.71 191.85 21.19
1340 54.53 30.44 52.22 176.04 17.42
1341 54.49 35.18 55.06 179.85 18.22
1342 54.41 55.10 68.30 204.02 22.14
1343 54.47 25.38 44.59 167.67 14.80
1344 54.49 32.65 50.34 179.36 17.19
1345 54.46 61.25 75.19 197.21 20.27
1346 54.66 21.05 35.35 157.92 12.79
1347 54.61 65.44 76.87 186.79 20.38
1348 54.74 83.42 54.40 157.37 15.78
1349 54.61 53.04 64.74 187.51 20.68
1350 54.67 47.00 64.79 189.02 21.17
1351 54.73 88.21 49.56 149.02 14.94
1352 54.79 50.94 63.54 196.64 21.35
1353 54.86 92.92 33.28 141.45 9.57
1354 54.70 28.41 54.93 167.44 16.79
1355 54.81 37.69 61.51 187.08 19.56
1356 54.93 18.65 33.80 143.47 12.40
1357 54.77 57.08 67.78 194.45 22.41
1358 54.91 3.87 26.34 111.47 6.74
1359 55.05 39.71 68.56 188.88 19.44
1360 54.98 68.29 71.60 195.12 20.49
1361 55.02 73.16 74.11 188.56 18.86
1362 55.11 59.52 80.71 192.39 22.59
1363 55.13 75.46 71.63 191.44 18.78
1364 55.22 15.74 35.53 127.26 11.98
1365 55.15 49.13 74.59 189.05 22.34
1366 55.14 70.76 73.32 186.29 19.44
1367 55.22 6.71 32.16 121.88 8.11
1368 55.31 26.67 54.21 161.07 14.66
1369 55.21 80.90 64.65 169.28 17.50
1370 55.42 95.11 21.47 113.12 6.48
1371 55.34 64.17 81.98 188.77 21.55
1372 55.44 34.07 59.15 171.91 18.04
1373 55.45 43.25 75.04 183.63 19.93
1374 55.45 12.36 36.66 117.73 12.25
1375 55.54 41.31 74.86 179.36 21.00
1376 55.45 45.26 84.16 185.29 20.29
1377 55.51 31.75 64.91 166.53 17.36
1378 55.43 61.81 91.73 194.78 22.24
1379 55.44 8.79 38.40 117.37 9.44
1380 55.60 36.28 67.79 172.68 19.24
1381 55.50 85.49 67.85 143.82 14.97
1382 55.62 10.04 36.65 115.38 10.71
1383 55.58 21.95 38.22 141.94 13.24
1384 55.56 24.35 49.64 148.16 14.22
1385 55.51 55.24 87.57 190.61 22.54
1386 55.58 77.89 72.80 173.19 16.99
1387 55.70 89.94 59.24 140.93 12.81
1388 55.48 4.59 26.63 111.71 6.63
1389 55.58 52.73 83.23 185.77 23.26
1390 55.70 66.60 85.53 184.12 20.40
1391 55.73 87.19 58.37 134.48 15.90
1392 55.73 29.32 63.34 159.07 16.86
1393 55.71 57.67 86.85 192.69 22.41
1394 55.75 47.14 87.53 180.74 21.37
1395 55.96 19.33 43.61 131.99 12.74
1396 55.96 38.44 72.25 172.51 18.47
1397 55.95 68.75 89.42 188.15 19.56
1398 56.00 72.57 86.95 178.96 18.74
1399 56.09 92.49 52.09 138.31 9.06
1400 56.21 50.89 87.91 175.69 22.14
1401 56.14 83.15 76.48 155.69 15.90
1402 56.21 16.84 36.62 115.57 11.93
1403 56.25 48.88 97.91 180.84 21.53
1404 56.24 80.37 76.23 161.39 16.92
1405 56.25 75.86 96.52 181.06 17.55
1406 56.34 59.39 93.14 180.75 22.00
1407 56.39 27.26 63.30 150.13 15.27
1408 56.40 63.25 104.62 181.62 20.25
1409 56.42 7.31 43.28 109.36 9.01
1410 56.50 13.94 39.88 111.78 12.29
1411 56.42 4.70 33.18 106.92 6.28
1412 56.47 33.28 79.72 163.83 18.01
1413 56.43 44.12 87.76 158.95 19.12
1414 56.46 65.40 90.80 181.04 20.18
1415 56.46 70.47 98.16 179.76 18.26
1416 56.46 61.23 98.23 176.44 20.33
1417 56.54 53.39 99.58 170.17 21.89
1418 56.51 94.78 34.72 104.73 6.71
1419 56.59 23.05 50.32 138.81 13.38
1420 56.61 25.22 63.37 150.07 14.50
1421 56.58 31.08 72.96 167.07 17.28
1422 56.64 35.26 75.96 157.11 18.36
1423 56.54 55.60 109.41 177.51 22.66
1424 56.68 10.72 39.80 106.42 11.14
1425 56.61 41.77 85.01 161.83 20.59
1426 56.74 20.76 48.99 126.04 12.02
1427 56.74 46.51 89.00 166.80 20.37
1428 56.78 85.47 85.06 139.11 15.20
1429 56.87 39.71 79.10 160.26 19.18
1430 56.85 74.02 98.29 175.01 17.96
1431 56.89 78.22 82.08 167.65 16.68
1432 56.88 29.24 64.49 154.03 16.50
1433 56.90 37.24 77.06 158.42 19.94
1434 56.87 57.68 90.35 169.29 21.16
1435 57.05 87.93 76.32 137.68 13.31
1436 56.91 68.22 99.60 176.22 19.73
1437 57.01 90.52 67.71 134.70 10.96
1438 57.30 72.08 103.19 164.46 18.91
1439 57.29 16.20 41.97 108.11 12.53
1440 57.42 18.65 41.58 111.02 11.24
1441 57.35 93.03 58.90 120.56 9.14
1442 57.26 48.93 81.41 156.32 20.76
1443 57.33 51.11 84.24 161.89 21.42
1444 57.36 66.46 94.87 174.45 19.21
1445 57.36 80.74 90.40 148.72 16.56
1446 57.43 32.36 70.49 151.41 16.64
1447 57.40 44.50 84.30 151.80 21.16
1448 57.34 60.45 101.48 170.87 20.34
1449 57.50 76.16 98.67 161.49 17.89
1450 57.60 83.31 101.02 138.13 16.58
1451 57.50 62.67 104.74 166.96 20.46
1452 57.56 5.08 40.65 106.36 7.14
1453 57.66 27.97 61.54 129.16 15.33
1454 57.59 53.12 83.95 156.86 22.34
1455 57.54 64.61 109.52 173.38 20.33
1456 57.60 7.67 42.63 101.35 9.06
1457 57.59 25.78 57.35 123.19 14.63
1458 57.67 42.49 80.59 139.76 19.54
1459 57.59 55.07 88.91 151.71 20.47
1460 57.62 70.13 100.51 165.18 17.47
1461 57.62 23.31 47.10 117.16 12.90
1462 57.75 13.49 44.86 96.72 11.19
1463 57.81 34.43 75.45 135.08 18.29
1464 57.70 9.79 43.02 100.08 9.92
1465 57.79 46.53 75.57 142.09 20.25
1466 57.84 21.11 47.58 114.51 12.44
1467 57.85 38.51 68.69 135.16 18.21
1468 57.99 30.07 60.23 130.72 15.01
1469 57.85 57.16 88.68 147.52 20.71
1470 58.05 36.42 70.23 135.05 19.23
1471 58.04 40.68 70.01 132.08 18.47
1472 58.02 11.18 37.65 86.48 10.23
1473 58.03 59.12 100.04 145.18 20.84
1474 58.07 74.06 90.42 154.08 17.49
1475 58.05 68.07 91.95 157.79 17.95
1476 58.15 78.39 94.01 145.38 15.98
1477 58.27 85.77 94.07 130.22 14.70
1478 58.33 91.33 67.29 127.59 10.27
1479 58.30 48.22 74.15 130.71 19.94
1480 58.28 61.46 91.27 148.94 20.87
1481 58.22 89.11 80.38 125.89 12.36
1482 58.49 93.99 43.89 102.27 7.18
1483 58.43 50.01 78.40 127.90 20.26
1484 58.46 65.96 91.63 158.70 19.59
1485 58.43 16.28 40.64 88.65 11.77
1486 58.49 51.94 78.81 141.60 21.88
1487 58.44 44.35 76.95 115.63 19.21
1488 58.58 24.40 52.83 103.08 13.60
1489 58.48 32.26 62.22 124.38 16.92
1490 58.54 19.30 38.44 90.10 10.97
1491 58.59 26.67 57.90 108.50 14.15
1492 58.63 72.16 90.75 152.14 16.78
1493 58.59 81.09 104.78 134.39 16.47
1494 58.59 6.13 34.42 87.06 7.59
1495 58.62 56.00 87.48 136.39 21.05
1496 58.67 63.91 91.27 148.18 20.14
1497 58.48 8.16 40.05 78.95 8.81
1498 58.72 53.84 79.70 134.28 21.37
1499 58.76 76.14 93.17 151.70 16.84
1500 58.60 87.92 75.61 122.61 13.00
1501 58.72 69.96 80.74 149.07 18.47
1502 58.83 22.25 49.90 95.32 12.54
1503 58.90 9.77 40.23 79.29 10.42
1504 58.97 12.69 40.42 80.03 11.01
1505 59.00 42.51 72.96 104.72 18.64
1506 58.95 34.48 63.02 110.27 17.58
1507 58.98 38.33 70.49 107.39 17.80
1508 58.94 46.65 81.04 114.70 19.16
1509 59.05 60.00 86.96 124.20 20.79
1510 59.20 83.40 100.39 115.86 15.40
1511 59.10 40.35 75.64 104.19 18.64
1512 59.14 29.97 56.80 103.91 15.51
1513 59.10 57.74 92.00 129.42 21.22
1514 59.37 27.96 54.68 93.38 15.20
1515 59.14 67.64 77.37 141.22 19.16
1516 59.28 36.32 59.00 99.07 17.95
1517 59.21 62.35 85.18 143.31 19.31
1518 59.34 78.64 90.99 140.89 16.02
1519 59.44 73.93 81.63 137.76 16.51
1520 59.48 89.74 80.32 121.42 11.21
1521 59.60 14.77 37.26 74.37 11.82
1522 59.53 17.47 37.05 72.35 11.38
1523 59.45 48.73 79.86 101.90 21.45
1524 59.47 31.84 54.94 101.00 17.30
1525 59.48 44.87 75.40 96.89 19.00
1526 59.51 50.84 82.25 106.46 22.99
1527 59.59 86.52 93.71 111.19 13.45
1528 59.60 7.47 35.44 71.98 7.73
1529 59.63 92.57 54.26 112.09 9.07
1530 59.58 25.29 56.98 90.09 14.55
1531 59.52 55.19 89.88 120.91 20.15
1532 59.64 20.26 42.16 76.98 11.34
1533 59.66 65.23 73.30 130.31 18.19
1534 59.67 52.85 85.97 104.87 21.00
1535 59.82 71.46 79.17 123.59 17.70
1536 59.76 69.32 74.77 123.00 17.13
1537 60.02 81.26 105.90 116.33 15.62
1538 60.03 94.42 30.90 74.12 4.93
1539 59.96 22.87 46.94 76.62 13.18
1540 59.89 76.25 80.03 139.74 17.00
1541 59.96 5.09 27.51 64.16 6.56
1542 59.97 33.56 62.57 97.47 17.51
1543 59.96 58.95 96.82 110.71 20.33
1544 60.10 10.19 35.44 62.30 9.88
1545 60.02 46.57 71.01 83.64 19.10
1546 60.05 61.42 86.86 113.35 20.19
1547 60.08 39.42 73.80 75.54 17.26
1548 60.10 41.51 73.65 81.22 18.49
1549 60.09 43.44 71.79 84.59 19.33
1550 60.07 63.64 83.59 117.22 18.28
1551 60.09 37.42 69.09 83.50 17.59
1552 60.08 67.20 70.82 116.20 16.79
1553 60.15 56.70 93.72 106.98 19.25
1554 60.44 12.61 35.71 56.64 10.94
1555 60.32 84.30 91.53 97.18 15.33
1556 60.42 35.06 68.61 81.68 17.80
1557 60.33 29.49 50.49 74.35 16.17
1558 60.43 27.13 56.04 72.60 14.50
1559 60.45 48.39 88.27 80.12 20.48
1560 60.46 50.34 85.43 85.96 18.63
1561 60.45 54.37 104.43 86.49 19.79
1562 60.46 31.68 57.83 83.11 15.59
1563 60.53 78.79 91.80 119.86 16.97
1564 60.59 24.83 56.23 70.39 12.71
1565 60.60 74.01 86.53 125.89 16.56
1566 60.62 88.64 72.91 96.60 11.80
1567 60.64 91.36 58.35 95.70 8.51
1568 60.72 15.84 34.13 53.87 10.96
1569 60.63 18.33 38.80 58.25 12.19
1570 60.62 52.28 92.53 85.39 19.18
1571 60.72 20.91 46.78 59.94 11.49
1572 60.73 7.28 29.83 54.74 7.98
1573 60.86 44.82 79.41 66.92 19.26
1574 60.74 14.22 39.45 53.42 10.00
1575 60.77 69.42 82.71 111.34 18.08
1576 60.88 60.23 93.96 91.67 18.70
1577 60.98 71.94 78.16 108.15 15.85
1578 60.94 57.96 105.94 91.13 20.15
1579 60.97 66.53 72.47 102.44 17.51
1580 61.02 36.45 82.30 65.08 18.87
1581 60.96 62.55 88.03 98.25 18.67
1582 61.01 76.29 80.82 117.98 16.16
1583 60.86 4.97 23.19 46.68 6.05
1584 61.09 40.64 87.39 61.82 19.53
1585 61.13 64.48 79.41 99.94 18.54
1586 61.06 38.57 84.87 55.83 17.33
1587 61.09 42.74 81.16 59.61 20.49
1588 61.10 46.95 86.41 70.35 19.30
1589 61.18 55.84 104.50 79.09 19.93
1590 61.40 86.48 76.29 86.18 12.85
1591 61.18 22.97 57.66 59.18 13.14
1592 61.28 32.95 66.49 65.96 16.71
1593 61.44 92.85 32.57 75.02 6.95
1594 61.31 9.94 35.14 49.35 9.46
1595 61.29 30.58 59.05 60.39 16.21
1596 61.35 80.86 91.09 95.17 15.84
1597 61.33 28.41 56.16 55.99 14.84
1598 61.50 83.06 90.52 88.56 14.09
1599 61.41 26.12 62.52 56.95 14.79
1600 61.44 49.35 100.88 59.89 19.69
1601 61.45 53.72 103.58 69.28 19.90
1602 61.53 19.53 53.96 44.70 13.55
1603 61.54 34.70 86.62 57.91 16.63
1604 61.59 17.32 39.48 45.95 11.15
1605 61.54 51.39 95.47 66.07 20.62
1606 61.67 68.11 79.06 95.25 16.34
1607 61.67 90.09 58.41 80.41 9.72
1608 61.70 78.15 90.30 104.71 15.64
1609 61.92 11.92 35.41 39.94 9.72
1610 61.76 59.31 98.09 74.64 19.97
1611 61.78 70.35 78.96 97.54 15.76
1612 61.71 74.19 80.56 105.14 16.93
1613 61.82 61.83 99.24 75.49 19.03
1614 61.76 7.43 31.43 43.12 7.40
1615 61.88 14.42 39.26 42.18 10.80
1616 61.89 37.43 85.64 49.17 18.86
1617 61.97 44.21 86.78 51.43 19.97
1618 61.92 46.15 89.10 54.08 21.00
1619 62.10 24.35 68.66 41.30 15.22
1620 62.17 21.75 61.86 39.49 14.43
1621 62.08 42.09 96.95 51.03 20.79
1622 62.04 56.98 106.17 65.00 20.21
1623 62.12 66.05 85.41 85.52 18.05
1624 62.18 39.67 95.62 44.92 19.72
1625 62.22 31.54 77.29 48.25 18.37
1626 62.26 29.20 83.54 46.14 17.00
1627 62.20 63.75 89.34 87.47 17.82
1628 62.27 52.79 105.14 62.59 20.84
1629 62.37 71.99 82.25 85.90 15.61
1630 62.34 48.16 105.51 53.42 23.70
1631 62.45 27.04 80.69 44.13 16.24
1632 62.41 55.07 99.63 55.55 21.55
1633 62.48 33.50 79.35 45.71 17.80
1634 62.58 76.34 87.22 85.00 15.28
1635 62.60 35.64 94.07 45.57 18.91
1636 62.59 50.39 110.94 52.65 23.39
1637 62.46 16.26 50.26 26.26 13.92
1638 62.67 82.05 83.39 79.36 15.10
1639 62.44 84.28 79.52 59.94 13.42
1640 62.68 17.39 51.18 33.60 11.73
1641 62.58 68.61 87.78 72.26 17.14
1642 62.65 79.32 89.64 81.42 16.54
1643 62.65 89.07 54.40 70.93 10.00
1644 62.68 60.93 106.04 61.20 19.47
1645 62.76 92.38 32.50 62.44 5.69
1646 62.63 58.44 108.33 56.63 21.54
1647 62.76 74.12 82.26 92.21 15.04
1648 62.67 86.00 70.49 70.18 13.41
1649 62.93 6.52 38.34 30.90 8.24
1650 62.90 37.86 93.93 43.36 20.11
1651 62.92 46.32 98.91 45.47 22.50
1652 62.98 10.55 43.44 30.04 10.69
1653 63.05 12.83 46.34 28.48 11.22
1654 62.91 14.54 45.02 30.57 10.98
1655 63.01 41.30 102.95 42.33 23.04
1656 62.96 64.83 100.63 72.04 18.44
1657 63.02 43.79 105.07 42.08 23.89
1658 63.16 25.20 79.20 34.95 17.07
1659 63.20 70.58 86.21 64.43 16.11
1660 63.20 30.57 87.36 39.64 19.22
1661 63.00 84.91 73.71 75.97 13.56
1662 63.35 23.17 73.60 30.47 16.36
1663 63.17 52.50 114.39 50.67 24.54
1664 63.21 56.66 109.25 52.80 23.30
1665 63.27 62.85 112.34 59.05 20.23
1666 63.24 66.68 95.97 74.12 18.25
1667 63.42 28.52 82.83 36.67 20.64
1668 63.41 32.87 81.55 36.96 22.73
1669 63.44 48.63 111.58 42.50 25.00
1670 63.50 20.93 72.61 29.99 15.49
1671 63.43 54.64 115.71 48.11 23.94
1672 63.48 59.80 110.93 51.91 22.44
1673 63.61 39.59 92.20 39.09 23.58
1674 63.69 72.90 78.75 69.74 17.56
1675 63.46 15.29 55.16 25.05 13.79
1676 63.71 16.43 51.40 26.35 13.71
1677 63.79 35.03 88.28 36.69 25.04
1678 63.60 68.66 93.32 64.81 18.05
1679 63.68 80.14 90.50 66.85 15.99
1680 63.79 77.52 80.71 68.49 15.57
1681 63.73 90.25 41.02 62.44 8.46
1682 63.89 7.43 41.95 21.62 9.79
1683 63.85 87.47 58.97 57.33 10.97
1684 63.84 75.07 81.11 69.71 15.55
1685 63.78 83.44 76.30 60.63 13.52
1686 63.82 26.70 77.26 31.10 22.87
1687 63.79 36.99 88.41 36.12 22.86
1688 63.79 50.57 115.39 42.66 30.03
1689 63.85 45.04 101.41 41.67 26.84
1690 63.82 92.45 22.20 47.35 6.17
1691 64.11 18.69 59.34 26.12 15.52
1692 63.80 85.12 74.91 61.89 12.30
1693 64.22 9.40 47.11 22.31 11.09
1694 63.92 42.65 96.64 38.82 28.70
1695 63.96 13.24 49.58 23.95 13.16
1696 64.04 57.86 114.37 45.94 27.17
1697 64.07 64.89 107.61 57.21 20.85
1698 64.22 11.56 50.03 21.51 13.11
1699 64.26 31.55 92.60 32.29 25.07
1700 64.26 47.23 100.16 37.41 31.00
1701 64.17 52.91 123.71 43.90 26.96
1702 64.24 62.33 119.16 48.58 24.30
1703 64.45 29.78 85.29 32.52 26.42
1704 64.38 55.17 116.67 42.79 30.13
1705 64.39 71.47 92.06 59.58 17.41
1706 64.42 67.17 108.90 54.65 18.99
1707 64.57 24.21 66.51 26.27 22.72
1708 64.53 33.40 92.29 33.32 32.34
1709 64.52 38.50 84.41 35.94 30.35
1710 64.52 41.04 88.44 34.67 29.75
1711 64.44 60.00 121.53 46.70 26.36
1712 64.56 81.64 81.00 53.52 14.94
1713 64.59 69.40 91.64 55.21 18.19
1714 64.61 21.63 68.08 25.50 20.85
1715 64.80 51.05 108.47 40.74 40.32
1716 64.50 92.41 16.12 39.59 6.24
1717 64.87 26.46 74.35 27.96 27.57
1718 64.94 13.68 48.32 22.13 17.05
1719 64.91 45.62 89.77 34.75 34.58
1720 64.84 49.07 94.36 39.45 38.34
1721 64.88 36.51 84.48 33.51 33.93
1722 64.89 86.33 71.12 49.57 11.99
1723 65.06 43.70 81.68 34.12 38.06
1724 65.13 28.57 80.62 28.16 31.99
1725 64.88 75.89 84.16 55.04 15.92
1726 64.98 89.74 43.21 48.70 7.90
1727 64.92 56.95 114.66 37.97 32.30
1728 65.04 78.68 84.17 51.00 15.10
1729 65.06 73.51 84.37 55.69 15.93
1730 65.08 63.88 113.97 46.26 23.72
1731 65.23 7.67 40.15 16.79 11.00
1732 65.22 34.79 91.71 30.66 40.91
1733 65.22 53.13 103.49 38.46 41.59
1734 65.23 66.02 116.95 44.93 23.85
1735 65.23 61.59 117.48 43.04 28.29
1736 65.47 84.05 76.19 43.36 13.02
1737 65.27 10.32 48.66 19.17 15.67
1738 65.38 39.73 80.17 30.76 44.16
1739 65.49 19.90 59.73 23.17 24.12
1740 65.43 31.71 85.11 27.83 37.92
1741 65.44 59.32 118.81 39.00 34.78
1742 65.54 41.82 81.65 31.97 44.63
1743 65.56 55.01 103.96 39.22 45.82
1744 65.60 71.39 93.36 46.55 18.40
1745 65.54 68.74 107.25 46.60 20.33
1746 65.65 47.21 81.65 33.58 44.64
1747 65.70 22.85 68.02 24.32 31.45
1748 65.77 81.05 96.68 47.94 15.66
1749 65.66 17.76 56.72 19.74 25.67
1750 65.80 37.78 79.28 28.68 47.82
1751 65.85 25.19 70.94 23.27 34.68
1752 65.96 87.76 59.52 40.98 9.94
1753 65.99 13.31 46.43 17.88 21.87
1754 65.79 57.20 118.78 35.62 43.32
1755 65.91 16.08 47.60 16.32 21.40
1756 65.96 51.33 88.70 35.81 58.63
1757 65.87 49.09 84.53 33.02 51.41
1758 65.98 76.36 102.14 46.07 17.50
1759 66.10 33.57 87.23 28.32 51.94
1760 66.13 30.14 66.62 26.14 45.97
1761 66.10 63.07 106.93 40.90 32.04
1762 66.13 27.54 69.22 24.85 47.09
1763 66.17 45.26 82.58 34.70 51.95
1764 66.23 65.10 108.36 38.81 28.33
1765 66.25 74.10 95.36 44.92 17.44
1766 66.27 67.28 111.33 41.07 24.89
1767 66.25 35.85 80.90 29.82 57.96
1768 66.22 43.03 75.89 30.99 55.53
1769 66.26 60.74 113.66 38.17 41.33
1770 66.05 78.33 105.44 33.83 16.61
1771 66.35 90.44 37.75 36.98 7.05
1772 66.47 10.51 41.10 15.56 22.92
1773 66.21 9.19 41.27 14.35 19.22
1774 66.42 40.24 75.64 29.27 63.56
1775 66.42 53.34 84.80 36.07 64.79
1776 66.49 79.40 105.20 44.54 16.69
1777 66.74 18.65 49.47 19.01 39.83
1778 66.60 70.16 104.90 38.74 21.79
1779 66.63 55.92 99.50 35.11 58.02
1780 66.62 58.32 113.28 37.38 52.10
1781 66.60 21.11 56.18 21.85 36.88
1782 66.94 85.95 71.78 37.22 11.14
1783 66.76 83.22 90.39 38.39 13.31
1784 66.85 49.85 81.38 35.19 71.02
1785 66.93 23.55 62.65 21.14 53.82
1786 66.84 47.51 78.28 34.04 71.24
1787 66.99 72.36 97.26 38.78 23.27
1788 66.89 38.28 74.49 28.90 64.58
1789 66.74 16.50 44.20 15.57 33.26
1790 66.92 32.66 74.94 29.26 65.00
1791 67.03 26.07 62.60 21.28 55.08
1792 66.95 8.02 38.21 11.48 18.86
1793 67.13 28.62 64.98 21.95 64.14
1794 67.09 62.38 99.86 33.75 44.46
1795 67.16 43.80 86.24 30.18 76.78
1796 67.28 68.61 100.35 39.47 27.22
1797 67.12 77.40 99.36 37.22 19.64
1798 67.18 12.73 44.55 17.47 31.64
1799 67.20 35.73 79.29 29.45 71.23
1800 67.17 41.33 77.99 28.52 71.42
1801 67.17 51.74 81.28 36.56 81.84
1802 67.10 15.15 46.44 16.41 32.65
1803 67.76 46.50 85.48 32.43 88.64
1804 67.35 54.54 87.78 34.13 74.59
1805 67.39 66.49 107.51 36.25 34.53
1806 67.26 30.88 63.86 24.81 68.25
1807 67.32 60.30 105.05 35.08 55.51
1808 67.39 88.70 55.31 34.21 8.35
1809 67.41 64.40 107.39 36.96 43.61
1810 67.29 80.32 93.58 30.58 15.20
1811 67.36 8.91 41.91 14.05 24.93
1812 67.50 74.58 94.32 37.39 20.95
1813 67.71 10.33 45.83 13.36 32.68
1814 67.71 21.12 49.45 17.80 55.48
1815 67.82 34.08 74.34 26.06 78.90
1816 67.79 56.60 93.38 32.07 84.48
1817 67.85 58.47 102.64 34.76 74.46
1818 67.81 49.10 89.18 30.32 88.30
1819 68.04 53.00 89.96 31.96 85.22
1820 67.77 81.60 86.98 37.48 17.07
1821 67.95 37.30 76.06 26.68 85.44
1822 67.94 39.45 72.97 28.08 83.21
1823 67.99 18.30 46.50 16.30 48.33
1824 67.99 24.60 62.21 19.03 69.70
1825 67.98 70.64 91.57 35.76 26.57
1826 68.02 83.31 81.62 31.01 15.54
1827 68.19 76.73 97.84 34.10 21.27
1828 68.17 32.05 72.12 25.23 84.83
1829 68.18 27.20 61.50 20.61 78.99
1830 68.10 42.00 92.48 29.28 91.33
1831 68.21 14.93 43.11 13.90 44.96
1832 68.33 62.85 105.12 30.71 56.17
1833 68.24 29.72 71.10 23.88 83.16
1834 68.26 79.65 101.66 32.87 19.69
1835 68.07 11.99 43.88 13.05 33.12
1836 68.12 84.86 76.83 32.40 14.04
1837 68.30 44.40 90.18 29.70 103.11
1838 68.37 68.38 92.68 31.96 35.94
1839 68.40 87.14 75.54 32.15 11.05
1840 68.53 8.21 40.16 11.22 29.59
1841 68.29 60.48 103.09 30.57 67.19
1842 68.14 65.14 109.82 31.59 41.50
1843 68.47 72.58 94.90 32.40 28.33
1844 68.51 51.11 90.79 29.73 96.44
1845 68.68 22.66 51.52 19.08 69.91
1846 68.67 35.42 76.20 24.45 91.52
1847 68.77 89.59 42.00 26.02 7.27
1848 68.61 55.03 92.94 32.19 100.41
1849 68.66 66.11 102.20 33.50 53.53
1850 68.70 74.87 88.85 32.17 26.80
1851 68.76 12.76 44.17 14.50 48.08
1852 69.01 19.87 52.27 17.73 61.41
1853 69.04 39.82 88.32 27.45 115.63
1854 69.04 49.11 104.12 28.79 114.44
1855 69.05 10.21 45.56 12.03 41.48
1856 69.02 37.69 84.72 28.47 110.41
1857 69.06 58.60 102.68 31.03 94.57
1858 69.19 81.27 79.08 29.18 20.62
1859 69.14 16.73 49.51 15.93 54.14
1860 69.06 56.77 98.08 29.86 100.39
1861 69.17 33.35 83.65 24.67 100.12
1862 69.21 46.89 109.42 27.03 112.94
1863 69.22 25.39 60.47 20.17 86.43
1864 69.17 28.27 68.89 20.95 93.89
1865 69.11 42.31 103.25 29.73 116.66
1866 69.32 64.55 99.84 29.90 66.84
1867 69.31 85.12 77.94 27.91 16.33
1868 69.23 70.42 90.07 32.91 44.06
1869 69.19 31.03 80.75 23.91 103.93
1870 69.05 83.72 75.67 24.58 14.81
1871 69.30 44.83 103.26 28.57 126.54
1872 69.31 53.59 104.92 29.21 102.14
1873 69.27 60.75 108.12 30.11 84.40
1874 69.42 78.35 84.73 28.74 26.76
1875 69.17 11.55 45.25 11.38 49.75
1876 69.40 67.99 88.56 30.06 49.65
1877 69.62 62.67 111.05 29.82 76.25
1878 69.69 14.03 45.66 13.83 53.46
1879 69.82 87.30 58.17 23.19 11.98
1880 69.67 51.64 107.18 29.67 120.40
1881 69.68 73.02 81.19 29.81 37.74
1882 69.85 75.48 88.38 27.20 30.85
1883 69.86 35.95 78.41 24.76 112.27
1884 69.86 22.84 60.50 17.68 76.87
1885 70.05 55.66 101.57 31.50 112.98
1886 69.98 40.79 94.48 29.26 123.76
1887 70.06 66.34 90.89 30.99 68.86
1888 70.16 27.03 69.82 19.51 93.09
1889 70.11 29.66 71.19 20.82 101.81
1890 70.25 49.84 118.61 29.59 122.03
1891 70.08 59.63 118.69 29.35 102.15
1892 70.19 38.08 81.13 26.02 126.80
1893 70.12 43.41 98.81 29.29 122.37
1894 70.17 20.49 57.59 16.76 77.07
1895 70.29 12.09 43.33 11.46 53.66
1896 70.21 17.85 54.19 15.72 62.71
1897 70.24 57.55 110.83 30.12 116.53
1898 70.22 32.06 79.52 23.01 105.37
1899 70.39 34.05 80.03 24.54 113.99
1900 70.35 47.92 112.96 30.55 115.99
1901 70.28 83.23 71.06 24.78 23.49
1902 70.38 45.85 101.32 27.26 129.73
1903 70.24 10.61 49.39 10.51 51.46
1904 70.44 53.85 114.81 29.37 122.68
1905 70.32 69.64 81.76 28.62 60.49
1906 70.55 71.74 78.56 26.85 52.03
1907 70.51 80.49 78.73 25.23 30.78
1908 70.58 24.50 63.00 17.39 86.09
1909 70.73 63.53 109.77 29.42 81.54
1910 70.82 15.15 49.75 13.81 62.33
1911 70.73 61.52 123.18 28.39 94.43
1912 70.82 77.24 77.95 24.67 38.99
1913 70.87 52.08 109.55 30.09 134.89
1914 70.91 41.88 91.58 27.66 125.05
1915 71.01 67.90 79.86 28.74 68.49
1916 70.94 74.51 82.97 26.07 44.04
1917 70.98 86.85 48.46 20.46 14.98
1918 70.98 39.42 82.10 26.99 128.04
1919 71.04 65.63 100.00 27.59 85.42
1920 71.14 35.55 70.52 24.10 122.42
1921 71.31 30.74 76.24 20.40 103.61
1922 71.16 44.50 93.65 24.80 122.06
1923 71.16 59.19 124.20 28.58 108.43
1924 71.29 28.78 71.23 20.51 108.99
1925 71.48 22.32 59.82 15.97 78.48
1926 71.34 56.57 113.16 27.71 122.04
1927 71.38 19.72 48.79 16.43 71.70
1928 71.41 26.69 61.60 19.06 100.86
1929 71.42 37.36 75.22 25.63 127.86
1930 71.53 84.77 58.50 22.85 26.41
1931 71.40 12.58 46.79 12.45 62.01
1932 71.48 32.69 68.08 20.47 108.12
1933 71.41 50.27 109.71 28.42 128.28
1934 71.50 47.33 98.09 26.66 121.75
1935 71.43 9.78 40.95 10.06 52.30
1936 71.52 54.59 106.16 29.83 132.03
1937 71.58 69.80 81.03 25.21 69.17
1938 71.64 72.59 82.95 26.97 61.54
1939 71.70 82.05 73.87 23.00 41.49
1940 71.81 24.49 54.78 18.51 99.57
1941 71.79 40.66 79.04 26.01 121.32
1942 71.98 17.15 46.26 14.11 65.85
1943 71.85 61.22 112.84 29.96 108.39
1944 71.93 64.39 100.50 28.05 91.88
1945 71.88 78.74 81.33 22.96 45.58
1946 71.80 80.21 78.33 23.57 45.87
1947 71.90 43.10 74.56 24.35 118.35
1948 72.05 52.58 94.27 28.09 129.62
1949 72.05 76.48 88.11 22.94 51.14
1950 72.14 34.18 54.02 22.42 115.00
1951 72.14 66.76 91.57 25.70 85.56
1952 72.22 45.70 77.92 27.33 127.90
1953 72.16 58.67 110.02 27.83 126.29
1954 72.24 49.10 87.17 27.73 125.37
1955 72.36 38.50 63.52 24.41 116.12
1956 72.39 86.08 39.26 18.43 17.28
1957 72.49 36.13 57.57 22.43 116.82
1958 72.50 62.94 103.48 27.01 111.95
1959 72.43 14.33 44.82 11.30 61.89
1960 72.47 28.30 57.82 18.62 100.82
1961 72.51 31.28 57.99 22.19 108.27
1962 72.50 56.41 102.04 27.69 133.03
1963 72.58 71.06 90.04 24.24 77.42
1964 72.55 74.30 93.50 24.09 62.74
1965 72.57 11.56 38.70 10.24 57.72
1966 72.55 20.43 44.12 16.02 72.31
1967 72.67 54.35 90.36 28.03 126.19
1968 72.79 50.96 81.01 30.19 127.04
1969 72.75 25.72 48.48 16.94 92.18
1970 72.86 40.41 56.75 25.96 115.31
1971 72.88 42.22 64.10 26.67 122.82
1972 72.83 68.43 87.94 24.43 89.46
1973 72.97 47.69 72.11 26.90 120.67
1974 72.94 60.35 97.18 25.82 119.88
1975 73.04 23.11 38.41 16.53 80.12
1976 73.03 81.21 72.91 20.97 49.31
1977 73.02 65.20 105.84 26.00 101.55
1978 73.11 44.44 58.61 24.84 121.06
1979 73.12 33.15 43.97 22.35 112.82
1980 73.07 78.98 76.75 20.06 52.43
1981 73.18 83.74 58.50 17.76 37.84
1982 73.26 16.67 40.72 13.29 62.48
1983 73.39 29.54 46.02 17.95 91.83
1984 73.25 58.01 94.95 26.20 132.24
1985 73.34 52.75 76.34 29.08 120.92
1986 73.50 72.72 96.18 22.72 74.63
1987 73.61 37.11 52.60 23.36 111.07
1988 73.53 62.21 94.66 27.82 117.30
1989 73.57 13.97 35.98 11.92 54.07
1990 73.56 19.24 38.82 13.77 71.66
1991 73.75 35.13 50.37 22.73 106.52
1992 73.62 55.65 75.57 27.02 119.46
1993 73.82 75.73 81.87 20.68 61.84
1994 73.57 39.16 52.29 21.95 104.26
1995 73.66 49.76 64.91 27.66 126.83
1996 73.65 26.82 42.83 16.56 90.68
1997 73.81 46.24 55.57 26.50 114.29
1998 73.91 66.90 91.00 24.28 95.62
1999 73.76 69.70 97.55 24.86 97.86
2000 73.95 31.54 39.32 20.58 97.28
2001 73.97 64.14 97.57 25.09 111.37
2002 73.97 42.68 54.00 25.81 113.68
2003 74.03 60.13 72.63 23.76 124.86
2004 74.22 24.69 33.78 17.11 74.09
2005 74.27 22.15 29.79 14.03 67.87
2006 74.31 48.39 55.56 25.84 112.73
2007 74.25 51.61 60.78 26.94 128.69
2008 74.23 53.78 59.03 29.09 124.89
2009 74.28 33.41 40.78 21.27 90.34
2010 74.43 40.79 47.67 22.89 105.02
2011 74.32 57.92 67.80 24.53 121.15
2012 74.47 44.48 49.85 26.24 106.00
2013 74.44 81.26 67.67 17.94 57.13
2014 74.28 83.62 48.56 14.89 41.28
2015 74.10 84.67 42.29 12.93 26.14
2016 74.50 27.94 36.56 18.21 83.39
2017 74.58 12.07 27.04 9.49 54.86
2018 74.38 17.96 30.33 13.69 62.44
2019 74.71 79.00 78.32 18.91 67.38
2020 74.57 38.64 45.36 23.38 95.02
2021 74.75 71.61 94.39 23.18 88.20
2022 74.73 62.30 81.07 26.30 107.04
2023 74.77 30.06 44.18 20.94 83.22
2024 74.68 56.05 57.15 24.99 110.41
2025 74.66 14.90 27.63 11.58 58.70
2026 74.94 36.50 49.07 21.76 86.74
2027 74.97 69.10 84.03 23.30 94.33
2028 74.51 82.83 61.57 17.43 46.71
2029 74.96 46.50 48.67 24.92 97.70
2030 75.10 64.62 77.28 23.05 98.33
2031 74.83 76.86 88.47 20.06 66.69
2032 75.25 20.30 28.11 15.35 57.02
2033 75.25 50.32 49.07 26.99 108.74
2034 75.14 60.17 57.43 23.17 105.56
2035 74.97 74.41 90.10 21.27 87.63
2036 75.22 42.71 41.44 23.27 95.88
2037 75.24 66.96 85.78 22.84 101.36
2038 75.20 34.52 44.19 21.70 85.03
2039 74.99 83.39 49.17 16.46 46.67
2040 75.28 54.23 51.94 26.17 112.94
2041 75.40 32.52 44.32 18.66 79.44
2042 75.39 52.35 51.34 26.09 121.32
2043 75.23 76.04 93.77 19.47 71.19
2044 75.36 26.03 36.87 16.61 71.05
2045 75.30 23.17 32.54 14.87 64.95
2046 75.48 58.18 49.33 23.95 106.51
2047 75.51 48.47 52.09 26.19 103.44
2048 75.41 14.77 24.70 10.82 52.84
2049 75.56 38.66 53.39 21.55 74.26
2050 75.62 40.91 50.79 23.56 77.04
2051 75.70 44.46 48.25 25.04 91.67
2052 75.73 16.86 26.73 12.95 54.39
2053 75.49 18.34 25.22 13.78 50.65
2054 75.70 56.04 47.04 25.04 106.63
2055 75.84 28.56 37.82 18.98 66.58
2056 75.79 12.83 21.54 10.24 52.14
2057 75.84 30.67 44.99 20.71 68.71
2058 75.89 62.69 57.62 23.37 103.29
2059 75.63 77.19 81.67 19.87 77.50
2060 75.98 81.47 62.82 15.31 60.47
2061 76.04 84.07 44.86 14.61 39.25
2062 76.01 71.95 85.32 21.78 92.16
2063 76.05 74.29 81.53 19.90 87.86
2064 76.03 46.72 51.19 24.79 90.79
2065 76.11 36.78 57.10 22.17 74.74
2066 76.24 78.83 80.39 17.93 72.74
2067 76.23 34.73 53.02 19.72 72.94
2068 76.19 65.56 61.15 22.30 103.49
2069 76.38 70.05 73.65 21.85 97.38
2070 76.44 24.33 32.12 14.61 57.12
2071 76.33 60.44 48.69 25.08 95.07
2072 76.19 22.00 31.23 16.79 51.23
2073 76.39 53.91 49.35 23.05 100.24
2074 76.46 51.57 49.00 24.28 93.07
2075 76.54 67.69 58.66 21.82 95.53
2076 76.60 38.99 63.91 23.10 70.07
2077 76.61 49.26 53.71 24.48 85.59
2078 76.59 58.52 47.41 23.90 94.59
2079 76.72 76.37 77.50 18.35 75.33
2080 76.61 20.95 30.91 13.72 54.18
2081 76.68 32.93 61.42 20.83 65.51
2082 76.64 43.08 55.91 24.09 78.55
2083 76.72 18.36 26.42 13.44 53.38
2084 76.61 41.02 70.77 23.66 74.29
2085 76.75 15.31 26.16 10.88 52.98
2086 76.71 45.14 59.81 24.83 80.66
2087 76.71 56.19 48.33 26.05 93.49
2088 76.95 64.34 49.47 22.68 95.97
2089 76.76 26.84 36.05 17.59 57.08
2090 76.93 30.98 52.07 19.88 63.19
2091 77.03 13.01 20.55 9.47 43.16
2092 77.08 62.22 47.04 23.75 91.56
2093 77.20 28.96 54.82 18.64 57.65
2094 77.12 47.44 62.08 23.69 74.28
2095 77.15 37.31 71.84 21.75 55.26
2096 77.37 80.70 63.98 15.42 72.21
2097 77.12 35.23 71.91 20.21 61.62
2098 77.30 73.52 65.98 19.66 86.95
2099 77.42 53.01 54.71 26.88 83.85
2100 77.53 22.71 36.67 14.32 48.77
2101 77.44 50.75 71.97 25.16 79.22
2102 77.94 82.74 44.35 12.52 45.66
2103 77.62 55.08 53.93 24.24 86.08
2104 77.60 66.36 44.30 22.76 95.22
2105 77.59 69.00 48.71 20.62 94.53
2106 77.63 60.53 47.27 22.57 81.86
2107 77.61 41.55 93.92 23.92 65.09
2108 77.61 57.80 49.88 23.91 82.34
2109 77.81 78.30 70.56 16.28 78.07
2110 77.77 19.95 33.34 12.93 48.65
2111 77.62 25.62 44.81 16.02 51.39
2112 77.82 33.53 82.17 21.20 58.02
2113 77.66 45.50 74.30 25.73 71.06
2114 77.73 39.55 92.46 24.06 60.76
2115 77.73 43.45 81.55 23.61 60.67
2116 77.89 16.72 30.35 11.33 44.65
2117 77.78 48.79 78.81 26.50 69.19
2118 77.88 30.95 66.11 18.13 53.77
2119 78.24 35.82 94.38 21.22 53.59
2120 78.12 71.12 48.94 20.48 82.95
2121 78.13 27.94 59.45 17.01 48.92
2122 78.15 63.70 40.41 21.47 83.40
2123 78.28 37.87 102.36 21.91 54.84
2124 78.14 75.70 64.27 16.69 86.49
2125 78.28 46.98 92.61 24.24 57.80
2126 78.30 51.82 78.90 24.59 68.24
2127 78.58 49.72 93.71 21.79 60.00
2128 78.57 59.27 47.11 22.63 67.00
2129 78.42 54.31 62.16 24.11 69.75
2130 78.50 56.58 53.24 23.88 71.08
2131 78.68 32.27 84.69 19.18 51.54
2132 78.72 66.03 42.33 21.00 87.42
2133 78.67 40.99 116.59 23.64 57.29
2134 78.61 26.21 59.42 17.42 37.39
2135 78.56 45.03 94.35 21.88 57.33
2136 78.78 68.50 40.08 19.55 89.77
2137 78.60 73.53 55.16 17.41 88.27
2138 78.77 61.94 39.43 21.22 73.87
2139 78.76 20.62 40.71 13.28 43.86
2140 78.89 42.96 106.57 24.22 52.90
2141 79.02 80.85 42.64 12.17 55.72
2142 79.01 25.45 65.89 15.56 44.73
2143 78.97 17.98 45.01 10.97 41.83
2144 78.96 28.97 77.90 17.55 45.47
2145 79.15 15.22 37.34 10.12 38.96
2146 79.14 34.53 104.22 18.56 53.25
2147 79.04 39.32 113.06 21.07 52.17
2148 79.18 47.74 111.68 25.51 59.56
2149 79.02 53.20 88.00 21.15 51.71
2150 79.18 78.42 48.26 14.66 74.68
2151 79.29 30.63 81.36 18.09 48.67
2152 79.28 71.64 45.15 18.39 81.02
2153 79.07 21.92 49.86 12.86 36.00
2154 79.42 51.19 103.54 23.04 56.56
2155 79.32 55.46 74.11 25.87 59.97
2156 79.48 37.11 112.74 20.23 50.14
2157 79.43 64.21 43.47 20.60 76.65
2158 79.29 27.97 68.27 17.33 42.70
2159 79.58 45.69 120.81 23.87 54.69
2160 79.38 57.93 59.92 24.85 65.83
2161 79.60 60.32 52.36 22.94 66.09
2162 79.97 76.52 42.41 15.13 76.87
2163 79.58 21.61 56.81 11.16 38.69
2164 79.91 23.80 61.12 12.70 38.69
2165 79.92 33.02 100.51 18.12 52.77
2166 79.94 41.16 118.21 22.54 47.12
2167 79.79 43.66 108.48 25.18 49.50
2168 79.65 75.33 50.13 15.57 73.48
2169 79.83 49.33 112.96 23.21 50.96
2170 79.98 53.80 102.13 24.25 54.58
2171 79.98 69.27 40.40 17.96 78.41
2172 79.97 66.34 42.24 20.23 73.04
2173 80.30 39.21 116.20 22.25 50.42
2174 80.03 20.68 56.38 11.49 34.28
2175 80.07 18.24 56.70 11.12 36.27
2176 80.19 35.29 113.31 21.55 53.49
2177 80.09 62.30 51.13 20.49 64.63
2178 80.14 26.60 67.26 16.69 40.20
2179 80.55 31.29 89.42 18.34 47.58
2180 80.36 29.16 76.64 17.49 44.18
2181 80.23 56.74 77.70 23.27 53.76
2182 80.13 73.99 41.34 16.56 79.20
2183 80.42 47.47 120.76 23.03 49.72
2184 80.38 16.17 51.24 10.97 36.11
2185 80.49 58.87 71.43 22.19 54.57
2186 80.49 78.63 32.91 13.06 59.21
2187 80.58 51.85 122.32 23.39 50.15
2188 80.73 71.86 38.09 16.76 70.74
2189 80.78 37.18 120.12 22.38 56.64
2190 80.75 42.59 119.01 20.97 43.64
2191 80.71 49.47 129.40 23.96 53.35
2192 80.67 64.59 48.56 20.55 59.97
2193 80.69 44.87 112.14 21.66 43.83
2194 80.87 60.88 72.52 20.69 52.08
2195 80.63 21.15 54.92 14.46 30.62
2196 80.98 54.93 114.37 21.27 49.15
2197 80.86 74.39 32.56 14.40 71.35
2198 81.05 22.14 59.21 13.41 38.79
2199 81.19 24.58 67.34 15.23 39.91
2200 81.09 33.56 92.24 18.74 42.41
2201 81.28 27.28 78.42 14.90 41.66
2202 81.33 63.02 64.01 22.71 49.44
2203 81.23 68.94 38.76 19.49 64.69
2204 81.34 17.52 58.09 10.96 34.54
2205 81.30 66.71 45.03 20.13 56.45
2206 81.45 35.67 101.26 19.87 47.19
2207 81.52 41.01 112.90 20.04 47.69
2208 81.42 56.94 95.44 22.68 47.19
2209 81.52 46.87 121.81 24.25 48.77
2210 81.59 76.02 33.50 15.17 68.42
2211 81.44 38.97 114.02 21.06 48.90
2212 81.68 20.20 61.50 11.77 35.78
2213 81.70 29.65 77.62 16.53 40.81
2214 81.59 53.03 129.52 23.37 48.92
2215 81.65 59.00 88.64 22.00 47.72
2216 81.63 50.71 131.95 22.60 47.76
2217 81.81 44.85 120.50 24.82 43.20
2218 81.56 42.88 122.57 24.11 46.74
2219 81.96 48.62 126.50 23.46 45.62
2220 81.97 32.07 86.97 17.41 42.06
2221 81.92 70.98 35.61 16.70 61.45
2222 81.87 73.72 32.84 15.31 66.51
2223 81.98 61.25 82.68 20.05 44.15
2224 82.25 65.26 63.26 19.94 52.51
2225 82.19 54.73 110.40 22.38 47.24
2226 82.35 34.52 90.72 18.70 41.87
2227 82.19 37.46 96.95 21.83 43.92
2228 82.43 22.46 58.82 12.71 35.83
2229 82.18 39.60 106.30 18.62 41.68
2230 82.20 42.81 120.29 22.92 46.97
2231 82.39 68.20 49.14 17.55 48.16
2232 82.66 63.35 73.11 19.22 39.99
2233 82.52 24.95 62.66 15.96 41.32
2234 82.49 27.40 73.02 15.52 38.60
2235 82.52 17.99 53.30 9.89 29.34
2236 82.54 57.15 107.19 20.95 42.33
2237 82.64 52.29 123.84 22.41 45.96
2238 82.48 73.20 27.43 13.45 62.26
2239 82.69 46.15 111.83 23.53 42.88
2240 82.54 30.44 75.55 16.27 33.68
2241 82.89 41.63 102.00 19.85 38.85
2242 82.86 59.43 98.23 20.79 45.37
2243 82.92 50.19 113.22 20.59 43.46
2244 82.85 16.52 46.04 8.50 21.73
2245 82.72 19.70 56.25 12.00 27.96
2246 83.02 75.83 25.73 13.19 53.99
2247 82.61 43.35 115.38 20.50 42.75
2248 83.28 39.63 91.04 21.55 43.32
2249 83.02 44.21 95.13 22.21 41.06
2250 82.74 69.37 42.62 18.21 46.83
2251 83.08 47.88 112.20 21.84 45.21
2252 83.15 31.03 64.90 17.88 40.45
2253 83.13 36.12 83.81 20.05 42.78
2254 82.96 70.36 48.00 15.47 46.93
2255 83.20 61.40 86.14 18.98 42.91
2256 83.33 28.87 65.72 15.98 36.66
2257 83.22 55.16 103.44 21.81 41.69
2258 83.30 71.52 40.60 16.23 54.94
2259 83.32 20.19 54.63 11.53 33.97
2260 83.48 66.53 63.70 16.02 42.91
2261 83.65 73.69 31.02 14.53 47.98
2262 83.54 53.29 103.14 22.61 45.27
2263 83.51 22.21 56.56 11.88 30.54
2264 83.67 68.88 55.25 17.36 42.54
2265 83.58 37.64 74.61 18.73 42.68
2266 83.69 57.05 109.74 20.71 40.48
2267 83.67 17.95 50.43 10.12 31.31
2268 83.76 24.04 59.69 13.04 36.01
2269 83.86 45.72 90.72 21.43 42.14
2270 83.96 26.25 56.50 15.59 33.85
2271 83.98 63.08 90.01 19.08 37.42
2272 84.00 43.11 81.48 20.78 42.18
2273 83.88 49.31 97.31 21.36 41.51
2274 83.80 34.66 67.34 16.41 34.61
2275 83.92 64.62 71.04 18.31 33.04
2276 84.00 29.88 57.15 16.30 35.45
2277 84.10 51.49 98.32 22.51 41.69
2278 84.18 21.81 50.37 12.51 34.76
2279 84.13 59.10 101.44 19.31 38.94
2280 84.24 54.66 93.88 20.49 38.09
2281 84.49 41.19 70.47 21.05 39.31
2282 84.58 47.37 79.49 20.32 38.38
2283 84.50 61.26 91.21 18.92 39.20
2284 84.27 20.27 50.46 11.30 28.24
2285 84.28 31.87 55.27 15.98 31.49
2286 84.42 71.90 49.72 14.34 41.90
2287 84.45 35.11 59.49 18.14 36.17
2288 84.61 36.71 61.30 19.52 38.66
2289 84.88 19.44 46.01 10.16 27.47
2290 84.35 28.38 45.75 15.25 28.00
2291 84.68 30.39 48.33 16.09 33.11
2292 84.90 33.30 56.10 16.72 35.97
2293 84.80 56.48 93.98 19.74 37.13
2294 84.82 66.71 77.54 17.41 35.26
2295 85.06 68.95 69.34 15.89 35.97
2296 84.95 44.70 60.94 18.91 37.00
2297 85.02 49.25 84.29 21.33 41.02
2298 84.79 53.35 90.02 19.75 32.96
2299 85.19 73.94 32.34 12.69 37.32
2300 84.95 27.60 47.64 15.02 32.48
2301 85.22 23.36 44.05 13.04 32.34
2302 85.24 25.57 42.75 14.01 33.11
2303 85.08 64.67 93.93 18.63 38.38
2304 85.24 51.19 84.98 21.95 36.27
2305 85.19 59.08 97.08 20.68 39.44
2306 85.29 28.81 44.76 14.38 32.71
2307 85.19 21.40 44.46 10.48 25.65
2308 85.17 39.76 57.00 19.90 34.00
2309 85.27 42.65 53.47 20.21 36.55
2310 85.11 35.63 52.07 20.00 27.00
2311 85.24 37.42 51.93 19.83 33.10
2312 85.69 46.23 55.80 20.08 35.45
2313 85.47 52.98 81.53 21.00 37.11
2314 85.85 54.78 75.61 20.07 31.76
2315 85.53 63.01 105.50 17.83 31.77
2316 85.69 31.66 44.00 15.36 30.59
2317 85.29 29.50 53.00 12.00 31.00
2318 85.67 35.17 47.75 17.75 37.16
2319 85.80 40.77 51.56 17.91 32.40
2320 85.76 61.21 96.81 19.58 36.61
2321 85.75 57.50 88.89 20.69 34.85
2322 86.04 38.43 47.43 19.48 30.17
2323 86.12 48.04 55.04 20.22 33.70
2324 86.10 72.54 50.69 12.61 31.61
2325 85.97 29.84 41.65 16.04 31.37
2326 86.20 67.53 80.87 16.01 32.40
2327 86.11 44.31 46.34 18.83 35.28
2328 86.13 36.32 42.24 17.31 28.40
2329 86.24 70.06 64.39 13.11 35.25
2330 86.28 50.20 55.90 19.18 33.13
2331 86.31 71.46 59.08 12.21 33.00
2332 86.49 42.17 41.34 20.11 30.44
2333 86.34 63.27 93.87 17.83 34.13
2334 86.09 23.47 38.38 12.12 17.88
2335 86.20 60.04 89.00 20.57 31.65
2336 86.63 65.13 84.03 17.38 30.41
2337 86.41 26.48 34.84 15.12 29.02
2338 86.52 52.56 61.30 19.66 31.85
2339 86.69 22.49 30.49 11.37 28.06
2340 86.63 24.61 36.27 13.42 30.29
2341 86.47 56.64 74.98 18.35 33.94
2342 86.51 58.86 84.80 18.22 29.29
2343 86.83 28.70 30.33 13.84 28.59
2344 87.09 34.87 33.18 16.22 27.83
2345 86.62 33.04 34.62 16.77 28.64
2346 86.75 40.01 39.02 17.22 31.53
2347 86.83 30.58 31.23 14.47 29.67
2348 87.00 37.26 37.88 17.98 31.81
2349 86.70 21.55 32.88 10.00 29.12
2350 87.01 56.12 63.30 18.33 33.07
2351 87.10 60.98 85.60 19.31 31.91
2352 87.14 43.84 35.66 20.58 29.97
2353 87.19 48.54 37.32 19.09 29.77
2354 87.23 55.07 56.81 18.79 29.10
2355 87.12 46.40 37.87 18.61 31.95
2356 87.28 50.96 43.17 18.89 29.77
2357 87.44 58.03 73.00 18.87 34.11
2358 87.32 62.58 86.74 16.92 29.66
2359 87.64 69.65 60.36 11.86 26.39
2360 87.49 26.68 26.61 13.61 27.28
2361 87.45 39.91 32.89 17.49 25.79
2362 87.54 54.15 51.62 18.15 29.31
2363 87.66 67.06 79.96 13.54 28.40
2364 87.75 41.95 31.57 18.19 30.12
2365 87.53 30.35 28.97 13.97 22.05
2366 87.77 45.67 34.38 19.02 28.56
2367 87.93 52.34 40.85 17.61 28.55
2368 87.86 64.33 79.60 16.01 29.13
2369 87.91 38.16 31.54 18.32 29.51
2370 88.04 24.04 28.86 11.91 27.43
2371 87.97 32.94 30.04 14.94 27.80
2372 88.14 22.11 23.07 9.62 23.77
2373 88.17 56.19 47.73 17.73 24.83
2374 88.03 30.95 26.93 15.43 24.71
2375 88.06 39.48 33.52 17.71 26.86
2376 88.35 44.20 33.06 18.17 25.94
2377 88.36 60.05 62.99 18.01 28.90
2378 88.33 47.57 31.28 19.21 27.41
2379 88.39 62.15 73.53 18.00 28.88
2380 88.22 34.64 29.78 16.61 22.11
2381 88.53 29.83 27.47 14.69 23.68
2382 88.40 36.53 27.67 17.50 26.50
2383 88.51 28.23 22.10 12.90 26.77
2384 88.36 40.49 31.95 18.05 27.10
2385 88.59 26.33 24.59 12.60 23.89
2386 88.33 43.07 35.25 21.50 24.50
2387 88.42 50.26 33.58 16.08 18.75
2388 88.73 68.60 66.95 12.58 22.69
2389 89.16 34.86 27.19 16.69 24.00
2390 88.69 49.20 30.22 17.22 29.60
2391 88.67 58.52 46.61 19.42 25.64
2392 88.91 66.16 67.50 13.81 23.80
2393 88.92 55.00 40.25 19.90 25.63
2394 88.92 31.67 27.88 14.86 20.25
2395 88.61 42.54 28.38 18.75 19.62
2396 89.10 38.55 28.09 17.36 25.16
2397 89.00 45.75 30.80 17.14 27.86
2398 89.03 53.35 33.42 17.09 25.21
2399 89.17 40.82 28.54 18.04 25.98
2400 88.83 64.35 75.95 15.86 25.00
2401 89.05 50.95 30.11 17.59 24.70
2402 89.20 23.64 22.75 10.59 21.78
2403 89.26 57.25 44.32 16.70 26.31
2404 89.35 63.72 65.40 15.10 30.25
2405 89.22 25.37 23.83 12.04 19.67
2406 89.60 47.79 28.80 17.62 26.94
2407 89.58 27.77 25.33 13.38 21.44
2408 89.65 43.33 27.36 17.97 25.37
2409 89.66 61.31 48.88 15.25 26.08
2410 89.94 51.97 30.60 16.56 22.98
2411 89.72 50.22 30.82 16.82 26.95
2412 90.07 67.86 46.65 12.23 17.55
2413 90.07 29.97 24.93 12.29 20.93
2414 89.78 32.36 27.34 14.52 20.17
2415 90.18 55.41 31.87 16.76 24.21
2416 90.17 46.09 26.59 16.71 25.84
2417 90.17 25.81 20.48 10.67 21.00
2418 90.27 33.48 25.99 14.45 21.26
2419 90.22 65.75 52.15 12.33 21.62
2420 90.20 54.04 30.52 16.39 23.00
2421 90.24 59.41 43.82 17.01 26.22
2422 90.19 39.58 29.95 17.18 21.70
2423 90.52 63.36 45.22 14.18 26.50
2424 90.13 44.29 28.33 18.06 19.72
2425 90.53 37.65 27.72 16.16 24.10
2426 90.79 31.47 26.30 14.31 21.11
2427 90.78 40.75 26.80 15.48 19.21
2428 90.70 43.69 27.42 17.81 23.30
2429 90.73 27.62 22.56 12.95 18.49
2430 90.85 49.22 27.76 16.83 21.79
2431 91.08 51.71 26.22 15.39 21.70
2432 91.17 41.72 25.67 18.46 24.67
2433 91.27 35.21 25.20 16.02 18.55
2434 91.15 54.20 26.10 17.01 24.44
2435 91.38 65.00 37.49 11.24 20.35
2436 91.34 25.45 19.40 10.00 18.28
2437 91.52 45.57 25.19 17.00 24.80
2438 91.71 39.54 25.11 15.61 20.76
2439 91.52 61.35 34.48 13.79 23.15
2440 91.26 47.69 29.26 17.42 22.21
2441 91.39 27.88 22.64 11.56 18.64
2442 91.62 32.79 24.94 13.70 19.71
2443 91.78 43.46 26.03 16.51 23.12
2444 91.59 58.84 29.48 14.09 21.90
2445 91.84 36.99 25.35 14.72 19.80
2446 91.88 30.62 21.60 12.64 17.67
2447 91.82 53.43 26.07 15.95 21.19
2448 91.94 28.86 23.04 11.57 17.53
2449 91.95 47.51 26.54 17.19 23.31
2450 91.93 62.92 29.95 11.81 22.10
2451 92.13 49.68 26.17 17.23 20.04
2452 92.30 55.23 25.75 14.48 22.08
2453 92.26 41.70 24.30 17.02 22.75
2454 92.13 35.04 27.68 12.25 17.64
2455 92.11 26.88 19.77 11.94 16.04
2456 92.71 34.89 24.41 13.92 18.29
2457 92.68 59.69 21.73 13.10 17.49
2458 92.60 53.57 25.00 15.94 21.35
2459 92.67 45.47 22.59 15.84 23.20
2460 92.83 31.28 22.88 12.88 15.95
2461 93.02 40.13 25.46 15.26 19.28
2462 93.27 57.50 20.06 12.75 18.97
2463 93.17 42.99 25.24 16.43 20.54
2464 93.00 44.01 25.35 16.53 16.35
2465 93.24 50.90 23.11 16.47 20.14
2466 93.25 48.71 24.12 15.55 19.61
2467 93.24 41.92 23.92 14.38 14.50
2468 93.25 47.05 23.44 15.03 20.47
2469 93.67 29.50 19.59 10.80 16.80
2470 93.58 53.09 20.38 13.24 18.91
2471 93.58 37.14 24.32 14.60 17.59
2472 93.42 45.39 24.50 13.22 17.28
2473 94.16 41.60 21.14 15.05 18.36
2474 93.78 33.90 21.95 14.92 19.00
2475 93.86 46.44 24.00 13.47 19.82
2476 94.14 31.64 19.62 12.07 17.00
2477 94.13 55.20 17.00 13.21 19.92
2478 94.23 56.58 19.00 10.82 15.70
2479 94.35 35.97 21.70 14.04 17.44
2480 94.13 49.01 21.47 16.39 19.47
2481 94.21 39.07 20.25 12.67 16.69
2482 94.35 44.88 21.88 13.23 17.43
2483 94.56 50.81 21.48 13.43 17.98
2484 94.64 37.83 19.74 13.82 14.34
2485 94.65 52.75 19.89 13.02 15.51
2486 94.53 40.57 23.00 10.12 17.00
2487 94.99 57.31 16.95 12.39 13.46
2488 95.09 54.86 18.88 10.65 13.58
2489 95.16 35.01 20.85 12.02 16.29
2490 95.02 38.83 20.76 11.71 17.00
2491 95.30 47.33 18.72 14.08 16.19
2492 95.06 49.36 17.93 12.55 13.86
2493 95.17 44.45 21.35 12.88 16.29
2494 95.10 36.56 18.40 9.13 11.07
2495 95.87 51.90 17.08 10.51 14.34
2496 95.33 38.19 17.57 10.14 16.71
2497 95.72 42.46 18.21 11.11 14.79
2498 95.42 50.43 18.35 12.53 10.76
2499 95.83 37.03 17.35 10.03 13.38
2500 95.53 43.75 18.81 12.19 12.94
2501 95.60 39.06 18.85 11.92 13.92
2502 95.89 40.55 17.18 11.91 14.66
2503 95.83 55.30 14.17 10.41 14.57
2504 95.82 35.76 15.50 12.29 11.86
2505 95.82 44.68 16.44 12.06 16.83
2506 96.20 49.27 17.58 11.73 14.70
2507 96.03 38.17 16.31 12.77 12.92
2508 96.41 46.67 19.20 11.02 14.50
2509 96.31 53.59 16.06 8.16 10.78
2510 96.30 48.24 18.00 14.09 10.73
2511 96.61 39.28 15.43 10.13 11.13
2512 96.40 47.53 19.43 10.00 14.57
2513 96.60 42.24 14.96 11.50 12.21
2514 96.79 43.97 17.28 11.23 12.10
2515 96.76 36.86 14.98 10.11 10.41
2516 97.03 40.84 14.48 9.30 7.98
2517 97.28 47.58 12.64 10.24 11.48
2518 97.25 45.63 14.50 8.40 8.97
2519 97.65 43.45 11.94 9.63 9.44
2520 97.94 40.64 13.52 8.24 8.63

