#<Embryo name> <Cleavage cycle> <Temporal class> <Genes>
kd16 14A 4 Kruppel even-skipped fushi-tarazu

#Quantitative data
#<Nucleus number> <A-P coordinate> <D-V coordinate> <Fluorescence intensity: channel 1 - Kr, channel 2 - eve, channel 3 - ftz>
0 1.81 44.50 6.32 2.66 30.15
1 2.02 46.01 6.23 3.64 27.23
2 2.30 45.07 7.15 3.35 31.20
3 2.55 48.92 6.82 3.71 30.04
4 3.24 39.94 8.45 3.81 28.55
5 3.40 44.68 7.51 3.96 32.85
6 3.44 51.78 6.46 3.61 30.46
7 3.32 49.45 7.31 3.51 33.55
8 3.56 46.87 7.62 5.11 33.80
9 4.01 39.41 9.56 4.09 33.69
10 4.14 41.81 8.02 4.81 33.63
11 4.12 49.13 7.26 4.67 33.25
12 4.02 51.49 6.40 3.60 31.87
13 4.28 36.75 9.81 4.24 31.89
14 4.26 47.27 8.59 4.29 35.24
15 4.39 50.30 6.57 3.43 36.57
16 4.53 38.18 8.31 4.69 33.19
17 4.62 40.46 9.04 4.84 36.44
18 4.78 46.88 7.91 4.95 37.14
19 4.97 42.63 9.52 5.14 37.86
20 4.90 50.60 7.69 4.81 36.93
21 4.78 35.68 9.70 4.20 32.40
22 5.12 45.42 8.82 5.10 36.51
23 5.18 39.02 10.24 4.62 36.97
24 5.20 54.69 6.67 4.23 33.80
25 5.43 49.60 7.86 5.59 37.55
26 5.31 52.75 7.57 4.57 36.38
27 5.56 47.54 9.05 5.31 38.61
28 5.67 41.05 9.48 5.83 39.62
29 5.87 45.22 8.37 6.35 36.09
30 6.11 42.82 9.27 4.82 41.31
31 5.85 46.39 8.60 6.00 37.20
32 6.07 39.64 10.26 5.63 36.00
33 6.06 44.10 8.78 5.94 37.17
34 6.09 32.91 10.11 3.42 35.16
35 6.44 56.74 6.96 4.07 36.71
36 6.22 50.89 8.65 5.24 39.51
37 6.17 57.72 7.56 4.64 34.52
38 6.26 46.72 9.63 5.07 39.63
39 6.34 54.62 7.28 4.70 38.62
40 6.63 32.39 9.23 4.01 34.36
41 6.49 38.87 12.00 5.25 36.50
42 6.95 39.98 9.83 5.23 40.90
43 6.64 45.59 10.03 5.19 38.27
44 6.97 42.89 9.85 5.74 42.01
45 6.87 52.18 7.74 5.31 37.76
46 7.03 53.80 8.46 4.72 41.90
47 7.06 58.50 6.64 4.64 33.58
48 7.29 30.57 8.36 5.11 33.75
49 7.18 60.34 6.79 3.07 26.21
50 7.28 50.37 9.45 6.10 41.41
51 7.60 47.08 9.90 5.79 38.82
52 7.50 57.08 7.59 4.91 37.59
53 7.69 40.75 9.85 5.71 41.31
54 7.49 59.48 5.41 3.00 31.12
55 7.65 51.38 9.39 5.22 43.66
56 7.85 38.00 10.23 6.09 39.71
57 8.00 45.43 9.59 5.41 41.79
58 7.99 30.96 8.75 4.56 33.56
59 8.00 42.79 9.80 6.34 40.06
60 7.93 58.78 6.67 4.86 38.56
61 7.92 34.26 10.71 5.62 36.62
62 8.15 54.42 7.78 5.34 41.29
63 8.23 32.59 9.61 5.28 34.72
64 8.33 35.18 9.84 5.41 37.92
65 8.61 47.83 11.11 6.51 41.96
66 8.53 36.46 9.97 5.05 39.15
67 8.61 39.28 10.12 5.96 43.87
68 8.53 53.07 8.70 5.66 40.05
69 8.50 57.00 7.90 4.76 37.90
70 8.63 33.71 8.95 5.80 39.75
71 8.60 58.75 8.37 4.67 37.00
72 8.65 42.28 10.89 5.55 41.89
73 8.84 29.24 8.56 4.18 33.49
74 8.72 55.11 8.29 5.83 37.93
75 8.69 46.20 9.80 5.00 42.40
76 8.83 61.96 6.82 3.90 32.41
77 9.08 31.24 9.70 4.95 36.28
78 9.03 45.34 9.25 6.08 38.68
79 8.95 49.76 9.78 6.43 40.40
80 9.01 51.60 9.57 5.59 39.90
81 8.95 32.30 9.78 5.09 40.04
82 9.28 36.24 10.30 6.73 40.15
83 9.19 55.20 9.23 6.64 40.14
84 9.14 58.41 7.50 4.79 36.67
85 9.39 38.38 9.49 5.74 41.49
86 9.29 42.50 10.58 6.26 44.28
87 9.42 47.09 9.83 6.63 42.74
88 9.39 40.30 11.00 5.45 42.57
89 9.27 60.47 7.13 4.69 37.49
90 9.59 52.47 8.41 6.50 40.73
91 9.56 29.85 8.67 4.89 33.67
92 9.79 49.47 8.43 6.38 43.92
93 9.79 57.56 7.75 5.67 39.75
94 9.66 63.14 7.10 4.16 33.64
95 9.63 54.38 8.82 5.88 43.42
96 9.70 56.13 7.47 5.25 40.62
97 10.09 41.67 9.51 5.91 43.77
98 9.88 61.77 6.83 4.57 38.37
99 10.08 35.54 9.64 5.86 41.68
100 10.36 26.93 8.51 4.10 33.44
101 10.48 45.49 10.06 6.09 42.51
102 10.67 51.05 9.57 6.38 45.25
103 10.24 54.74 8.67 5.86 40.47
104 10.12 51.80 8.29 6.57 47.86
105 10.45 30.71 9.47 5.32 39.21
106 10.46 64.07 6.51 4.43 33.94
107 10.40 59.35 7.12 6.38 36.83
108 10.43 62.08 7.67 5.56 37.89
109 10.70 40.70 9.90 5.90 42.26
110 10.70 39.25 9.59 6.80 40.71
111 10.83 28.85 10.33 5.15 35.93
112 11.05 37.59 9.82 5.97 40.57
113 10.93 42.61 10.49 6.84 42.95
114 11.12 65.55 6.94 3.77 30.52
115 10.92 60.42 7.98 5.81 39.42
116 10.91 35.78 10.19 5.81 41.84
117 10.81 54.37 8.92 6.00 44.25
118 11.05 58.63 8.17 5.38 40.00
119 11.17 48.85 9.11 6.47 43.14
120 11.37 27.77 8.47 4.93 36.99
121 11.20 57.00 8.48 6.26 44.33
122 11.37 62.74 7.57 5.77 37.71
123 11.36 53.40 9.55 6.19 47.26
124 11.20 30.42 10.02 5.36 37.92
125 11.17 55.25 8.77 6.96 43.00
126 11.27 32.80 11.03 5.31 39.29
127 11.28 46.95 10.46 5.69 41.92
128 11.58 41.10 9.99 6.34 41.49
129 11.86 35.72 10.43 6.28 46.95
130 11.74 34.04 9.39 6.34 41.79
131 11.75 46.30 10.41 7.11 42.33
132 11.85 26.39 8.46 4.81 32.58
133 11.68 50.34 9.02 6.53 42.05
134 11.53 44.26 10.09 5.55 43.73
135 11.62 31.36 10.59 5.71 38.94
136 11.76 61.28 8.44 6.37 41.00
137 11.81 47.69 9.50 6.75 43.04
138 12.12 45.25 9.06 5.96 41.72
139 12.16 55.84 9.15 6.24 42.76
140 12.04 37.97 10.02 6.28 40.56
141 12.02 43.20 10.34 5.91 41.41
142 12.18 65.92 7.41 4.66 34.89
143 11.91 32.39 9.00 6.83 41.00
144 12.08 48.86 9.59 6.69 40.24
145 12.15 52.67 10.05 6.90 47.08
146 12.33 58.06 8.46 6.52 43.03
147 12.11 63.91 7.50 6.67 39.83
148 12.17 31.20 9.41 6.43 39.88
149 12.23 51.29 8.89 6.06 42.67
150 12.39 54.33 9.41 6.31 41.73
151 12.27 36.86 10.30 5.40 51.20
152 12.49 67.88 6.65 3.79 30.15
153 12.42 33.25 10.21 6.29 39.88
154 12.60 29.50 9.45 4.87 39.17
155 12.47 61.32 8.52 6.30 45.19
156 12.96 42.78 9.98 6.79 43.05
157 12.71 40.16 9.96 6.32 38.23
158 12.79 63.63 8.33 5.79 41.21
159 12.65 23.96 7.78 3.78 33.15
160 13.01 28.27 8.65 5.84 34.30
161 12.76 48.12 10.10 7.27 43.27
162 12.78 51.07 9.56 6.77 44.69
163 13.42 38.66 9.89 6.56 41.36
164 12.92 46.56 10.27 6.49 43.66
165 12.94 62.40 7.88 6.47 42.57
166 13.02 33.31 10.67 6.88 40.02
167 13.18 52.72 10.27 7.29 44.63
168 13.47 35.24 10.35 7.12 39.90
169 13.43 45.00 10.02 6.70 40.94
170 13.42 31.11 9.61 6.00 42.73
171 13.58 47.67 9.45 6.88 43.42
172 13.60 55.00 9.25 6.66 42.61
173 13.58 57.26 9.40 6.60 45.73
174 13.73 59.22 9.08 6.37 45.92
175 13.61 61.84 8.29 6.16 42.53
176 14.11 49.69 9.93 6.74 42.09
177 13.82 64.55 8.00 6.89 39.57
178 13.55 30.02 9.80 5.40 44.20
179 14.24 33.20 9.86 6.48 42.14
180 14.17 25.54 8.95 5.63 36.35
181 13.95 52.48 10.22 6.84 45.22
182 14.16 29.31 9.08 6.21 43.45
183 14.16 27.44 9.08 4.94 39.42
184 14.54 42.72 9.97 6.39 41.86
185 14.52 23.28 8.08 4.62 34.51
186 14.08 69.12 6.69 4.16 33.81
187 14.25 57.89 8.67 6.49 45.35
188 14.15 31.30 9.32 7.00 43.95
189 14.32 44.96 10.14 6.06 41.59
190 14.31 37.11 9.79 6.72 43.29
191 14.42 63.36 8.53 6.74 42.89
192 14.36 46.96 8.70 6.36 40.73
193 14.64 54.95 9.62 6.35 46.82
194 14.24 41.52 11.67 5.33 55.00
195 14.84 66.47 7.31 6.04 39.58
196 14.79 21.30 7.44 5.04 30.98
197 14.79 52.56 9.62 7.31 45.13
198 14.91 61.84 9.15 7.12 44.21
199 15.02 71.19 6.50 4.38 28.69
200 14.83 35.45 9.59 6.16 38.54
201 14.87 39.76 10.41 6.91 41.75
202 14.82 69.10 6.78 6.24 37.61
203 15.20 27.09 8.61 6.07 38.27
204 15.08 60.60 8.45 6.63 43.80
205 15.13 57.19 9.10 7.17 45.87
206 15.07 37.63 9.26 6.62 40.48
207 15.09 45.11 10.26 6.00 37.97
208 15.29 46.43 9.52 7.16 41.48
209 15.43 25.10 8.98 5.48 37.20
210 15.39 47.87 9.52 7.22 41.55
211 15.22 34.32 10.43 6.32 40.11
212 15.55 41.07 10.57 7.03 40.93
213 15.34 53.70 10.25 7.44 44.62
214 15.42 49.38 9.91 7.02 46.77
215 15.46 55.41 9.18 7.48 46.80
216 15.49 69.46 6.43 5.62 36.52
217 15.62 31.57 9.60 7.24 42.62
218 15.55 52.24 9.78 6.83 44.95
219 15.62 29.00 9.57 7.52 37.75
220 15.55 72.67 5.70 3.43 28.13
221 15.74 22.15 7.65 4.68 33.61
222 15.67 42.74 9.07 6.57 41.73
223 15.83 35.60 9.54 6.55 43.05
224 15.84 61.54 9.29 7.40 45.51
225 15.84 37.91 10.58 5.70 43.07
226 15.91 45.16 9.40 6.25 44.02
227 16.20 58.53 9.37 7.84 48.07
228 16.04 27.78 8.89 6.42 37.03
229 15.97 54.10 10.29 6.06 47.12
230 16.23 60.19 9.78 9.05 46.03
231 16.11 33.48 9.97 6.38 40.66
232 16.27 43.45 8.80 7.12 39.90
233 16.11 67.25 7.54 6.93 40.15
234 16.59 64.21 8.95 8.21 43.79
235 16.31 73.41 6.31 4.25 28.71
236 16.48 70.69 7.80 6.55 38.28
237 16.37 48.67 9.19 6.65 44.16
238 16.50 30.06 10.12 7.08 41.69
239 16.40 25.60 8.62 6.47 37.92
240 16.51 54.03 10.38 7.48 46.55
241 16.51 35.35 10.38 6.84 39.41
242 16.99 36.91 9.96 6.43 40.48
243 16.47 26.78 8.38 6.62 39.88
244 16.53 45.31 8.82 7.18 42.00
245 16.60 51.25 9.54 8.04 43.77
246 16.78 31.35 10.81 7.19 46.31
247 16.93 32.80 10.35 7.66 45.82
248 16.81 47.37 9.32 7.36 43.22
249 16.94 27.92 9.23 7.24 41.41
250 16.77 49.82 10.24 7.74 46.91
251 16.75 53.09 10.36 7.64 47.45
252 17.37 40.78 9.86 6.42 40.11
253 17.01 20.52 7.57 4.76 33.27
254 16.90 22.90 8.30 5.94 36.24
255 17.13 45.40 9.53 7.28 43.96
256 17.40 60.16 9.17 7.84 47.20
257 17.28 18.97 6.67 3.80 31.14
258 17.38 43.23 9.65 6.73 41.66
259 17.18 52.25 9.69 7.27 43.43
260 17.19 38.34 9.72 6.58 44.08
261 17.34 58.24 9.76 8.56 47.06
262 17.21 71.36 6.64 7.82 37.34
263 17.52 64.47 9.52 8.55 40.27
264 17.28 69.49 8.35 8.75 37.25
265 17.41 35.25 9.42 7.40 43.60
266 17.27 30.64 9.88 8.25 45.38
267 17.38 49.96 9.66 7.21 43.24
268 17.68 25.88 9.63 6.12 36.67
269 17.23 27.03 9.33 6.00 46.33
270 17.30 47.35 10.10 7.00 44.30
271 17.67 29.19 10.15 6.82 41.82
272 17.50 55.95 9.67 8.38 44.12
273 17.55 61.85 9.93 8.98 44.83
274 17.70 48.72 10.45 7.61 42.42
275 17.73 72.45 6.39 6.61 37.58
276 17.84 67.79 8.52 9.58 43.02
277 17.59 68.84 8.56 7.00 43.44
278 17.69 38.90 11.33 6.50 41.83
279 17.90 47.24 10.31 7.18 40.73
280 17.87 71.28 7.88 7.69 38.58
281 17.99 52.57 9.58 7.00 42.97
282 18.05 37.85 9.76 6.73 41.45
283 18.27 45.33 9.74 7.62 40.59
284 18.32 50.58 9.75 7.16 45.81
285 18.01 69.75 7.84 8.73 38.25
286 18.13 35.46 9.46 7.76 43.05
287 18.26 54.42 10.23 8.39 44.00
288 18.13 23.91 8.54 7.10 37.71
289 18.04 34.28 10.71 6.29 44.86
290 18.48 73.26 7.59 7.48 35.98
291 18.39 41.11 9.72 7.21 46.49
292 18.39 42.69 9.78 6.73 42.95
293 18.32 63.07 8.89 10.14 46.32
294 18.42 32.07 10.31 6.98 42.72
295 18.43 74.90 6.37 6.00 32.31
296 18.49 29.84 11.17 7.77 41.80
297 18.46 33.64 10.13 7.44 42.13
298 18.47 64.42 8.84 9.07 44.02
299 18.70 67.48 8.88 9.93 44.02
300 18.61 21.10 7.95 6.14 35.02
301 18.80 57.34 10.16 8.58 46.01
302 18.40 72.11 7.38 13.38 33.25
303 18.62 48.09 9.63 8.02 45.10
304 18.77 70.39 7.70 10.64 39.38
305 18.87 23.84 9.28 6.30 39.31
306 19.09 27.86 10.00 6.97 43.23
307 18.93 39.97 9.11 8.64 42.70
308 18.92 19.94 7.39 5.23 33.10
309 19.02 26.17 9.61 6.18 39.66
310 19.13 51.79 8.98 7.53 42.02
311 19.11 68.88 8.37 8.69 41.46
312 19.28 34.82 11.05 7.00 43.98
313 19.34 45.47 9.31 8.24 45.87
314 19.18 49.31 10.12 7.96 45.76
315 19.47 30.36 9.58 7.42 44.10
316 19.13 31.10 9.75 6.42 39.83
317 19.37 53.93 10.24 7.71 46.76
318 19.46 72.12 7.55 9.58 39.94
319 19.73 74.05 7.34 10.23 35.73
320 19.34 18.05 7.37 4.65 32.69
321 19.28 22.61 9.21 6.38 35.17
322 19.34 47.64 9.52 7.74 44.41
323 19.42 76.92 5.54 7.20 28.02
324 19.51 60.68 9.74 9.82 48.08
325 19.63 75.35 7.24 8.48 35.11
326 19.75 20.87 8.05 5.45 35.42
327 19.55 36.53 10.58 7.92 41.98
328 19.51 64.38 10.00 11.53 45.07
329 19.39 19.25 8.00 4.00 36.89
330 19.42 61.81 10.86 8.14 50.00
331 19.58 66.03 9.07 11.51 44.19
332 19.63 58.89 10.32 9.74 45.66
333 19.77 33.50 9.95 6.60 43.90
334 19.91 62.78 9.68 11.08 46.49
335 19.89 69.95 8.53 12.76 42.06
336 19.66 39.80 9.63 7.41 44.22
337 20.03 50.24 9.95 8.24 45.51
338 20.11 47.63 8.99 7.42 46.51
339 19.83 41.41 10.19 8.19 47.00
340 19.83 56.29 9.87 8.93 42.26
341 20.38 68.15 9.01 12.87 45.55
342 19.96 22.90 9.21 6.59 37.69
343 20.29 24.63 9.75 6.69 40.29
344 20.35 27.80 9.56 7.28 42.28
345 20.26 17.56 7.28 4.80 31.33
346 20.09 77.70 5.65 5.96 26.22
347 20.29 44.74 10.35 8.32 44.90
348 20.11 65.11 9.59 11.71 44.29
349 20.20 54.44 10.11 10.44 45.56
350 20.26 30.80 10.49 8.09 42.77
351 20.19 26.16 9.92 7.50 43.92
352 20.23 59.94 10.42 11.37 44.21
353 20.33 35.94 10.59 8.68 43.73
354 20.50 57.41 9.70 9.47 45.86
355 20.23 64.13 8.44 12.00 46.56
356 20.39 76.05 6.94 13.51 33.90
357 20.51 52.65 10.11 9.00 42.86
358 20.58 19.48 7.83 6.55 33.17
359 20.41 33.87 9.53 7.47 40.35
360 20.43 38.64 10.09 8.09 41.88
361 20.49 71.37 7.54 13.29 41.29
362 20.77 61.01 9.78 11.93 48.55
363 20.67 41.68 10.02 7.77 44.69
364 20.51 46.40 10.14 8.49 47.26
365 20.55 65.79 9.60 14.20 47.35
366 20.59 42.80 10.33 8.00 45.08
367 20.95 77.66 6.10 12.16 30.93
368 20.98 64.35 10.39 13.23 44.70
369 20.86 54.80 9.81 9.72 46.81
370 20.87 74.14 6.85 21.23 37.38
371 20.97 62.38 9.65 11.00 48.55
372 20.99 31.51 10.29 7.31 46.10
373 20.92 34.45 10.68 8.64 43.64
374 21.17 33.05 9.84 8.62 43.29
375 20.99 35.85 9.97 6.59 47.18
376 21.14 66.85 9.58 17.92 44.30
377 21.02 72.74 8.37 18.97 40.13
378 21.04 23.62 8.41 7.36 37.67
379 21.31 47.70 10.04 7.62 46.63
380 21.29 49.42 9.50 9.26 42.07
381 21.26 39.28 10.93 6.90 43.95
382 21.41 44.44 9.28 8.95 45.70
383 21.28 18.84 8.57 5.64 33.50
384 21.30 22.06 9.27 6.32 37.59
385 21.57 29.72 10.38 8.90 45.87
386 21.26 75.70 6.97 19.17 36.26
387 21.24 52.66 10.35 9.30 43.37
388 21.44 27.24 10.34 7.88 41.08
389 21.35 71.49 8.42 20.27 42.30
390 21.37 38.31 10.09 8.73 45.45
391 21.55 24.85 9.58 7.25 42.58
392 21.53 69.62 8.91 19.20 46.26
393 21.74 55.21 9.72 10.51 45.61
394 21.45 79.12 6.25 10.00 26.54
395 21.53 46.65 9.29 8.29 45.86
396 21.59 36.15 9.67 7.23 46.03
397 21.66 41.68 10.00 8.76 43.16
398 21.91 37.49 10.80 9.23 43.07
399 21.69 77.92 6.62 13.29 33.57
400 21.92 66.41 10.21 17.86 47.16
401 22.04 60.45 9.97 13.02 47.19
402 21.85 17.70 8.26 6.45 32.90
403 21.90 21.06 8.52 8.38 37.25
404 21.96 23.55 9.23 7.80 38.16
405 21.85 53.44 10.84 9.66 45.37
406 22.06 26.14 10.08 8.35 42.29
407 21.95 45.72 10.48 9.27 44.89
408 22.01 56.91 10.09 12.30 47.96
409 22.08 43.21 9.83 9.26 42.50
410 22.10 76.34 7.68 23.79 39.29
411 22.28 39.85 10.70 8.03 43.99
412 22.30 78.60 7.04 31.04 26.94
413 22.14 35.26 10.93 8.73 39.93
414 22.27 48.65 10.09 10.52 43.64
415 22.24 80.14 6.42 16.50 24.17
416 22.48 73.96 10.15 58.49 44.26
417 22.56 31.01 10.19 8.90 42.39
418 22.51 47.24 10.55 8.59 45.67
419 22.46 33.86 10.69 8.69 45.94
420 22.80 51.54 10.33 11.65 46.00
421 22.30 61.68 9.50 16.50 56.00
422 22.80 63.06 10.00 19.26 49.76
423 22.81 27.00 10.15 8.61 40.19
424 22.56 53.48 9.76 11.07 48.55
425 22.67 28.53 9.81 9.67 41.92
426 22.79 15.36 7.41 4.95 31.94
427 22.83 37.91 10.40 8.79 45.00
428 22.92 43.82 10.55 8.47 44.29
429 22.56 49.62 10.20 9.20 42.00
430 23.01 76.59 7.60 55.81 33.33
431 23.03 21.59 9.70 8.44 39.01
432 22.84 56.24 10.19 14.00 47.05
433 22.83 66.51 10.50 33.50 47.39
434 22.97 36.04 10.93 8.69 43.51
435 23.01 23.72 10.02 7.44 41.98
436 23.01 59.45 9.91 16.65 45.17
437 23.25 72.28 8.98 74.47 40.56
438 23.47 40.74 9.89 9.63 44.81
439 23.13 18.50 7.32 7.11 33.23
440 23.17 45.56 10.29 10.11 48.93
441 23.14 48.57 10.44 12.67 43.79
442 23.18 33.76 10.06 9.51 45.49
443 23.54 62.05 9.81 22.04 46.09
444 23.19 54.87 8.50 12.30 47.90
445 23.39 70.36 9.26 68.10 42.28
446 23.42 31.30 10.26 8.34 46.18
447 23.53 56.26 10.54 18.00 45.67
448 23.79 28.27 10.00 8.72 41.20
449 23.83 32.43 10.90 9.62 44.08
450 23.67 34.78 10.47 8.48 46.59
451 23.69 47.00 10.76 12.06 48.69
452 23.77 54.52 10.42 16.68 47.91
453 23.76 58.03 9.79 20.31 45.90
454 23.87 42.97 10.70 10.67 43.52
455 23.82 69.28 9.80 75.08 42.27
456 23.82 52.49 10.26 13.88 45.73
457 23.72 60.44 9.46 25.84 45.30
458 24.13 74.23 9.35 109.60 37.52
459 23.95 78.93 6.97 50.74 33.65
460 23.95 66.55 9.83 61.19 41.06
461 23.96 15.54 7.80 6.13 32.75
462 23.99 22.82 9.32 9.66 38.57
463 24.13 19.07 8.74 9.28 36.20
464 24.27 76.64 9.65 102.98 40.13
465 24.12 25.58 10.18 10.51 43.47
466 24.39 35.86 11.19 10.34 43.39
467 24.06 58.95 9.36 20.18 44.91
468 24.51 71.22 9.22 113.05 43.24
469 24.46 63.21 9.95 63.61 44.02
470 24.72 47.14 10.77 14.38 45.74
471 24.69 81.06 6.60 48.29 31.55
472 24.42 40.25 10.70 9.40 46.70
473 24.80 55.76 10.72 22.28 49.48
474 24.72 59.17 9.38 32.31 48.02
475 24.66 50.92 10.50 14.78 50.09
476 24.72 21.12 8.96 11.21 39.74
477 24.80 14.90 7.62 8.67 29.19
478 24.78 32.35 9.80 9.25 45.84
479 24.57 57.18 10.11 25.89 47.44
480 25.05 27.15 10.33 11.44 40.92
481 24.74 30.06 10.40 9.95 43.95
482 24.82 37.69 9.89 9.93 46.70
483 24.81 42.04 10.98 10.93 46.79
484 24.98 52.92 10.29 20.88 47.76
485 24.93 68.28 9.32 101.53 42.26
486 25.02 18.65 8.65 8.83 37.88
487 24.93 39.21 10.49 11.32 43.36
488 25.15 65.57 9.79 89.53 40.13
489 25.00 16.81 8.49 9.63 34.24
490 25.02 48.91 11.00 13.73 44.44
491 25.41 62.99 9.87 92.96 43.25
492 25.36 78.13 7.38 82.52 36.78
493 25.16 73.07 9.34 122.19 43.10
494 25.15 25.40 9.84 13.00 42.53
495 25.21 29.36 11.00 10.13 42.00
496 25.22 44.68 11.28 13.65 47.41
497 25.59 75.55 8.04 108.77 39.14
498 25.41 60.19 10.25 68.44 41.91
499 25.71 15.67 7.83 9.80 33.80
500 25.37 31.24 11.43 15.00 39.10
501 25.48 34.94 11.07 10.44 47.07
502 25.42 37.03 10.04 13.80 43.36
503 25.68 82.67 6.85 53.45 29.05
504 25.55 20.48 9.60 11.92 40.56
505 25.47 39.91 11.12 11.88 44.47
506 26.01 51.47 10.68 27.69 46.96
507 25.59 52.82 11.79 18.33 47.30
508 25.75 70.52 9.28 131.76 42.71
509 25.73 41.64 11.10 14.15 45.89
510 25.97 48.20 10.78 19.82 47.81
511 25.59 28.72 10.12 13.75 42.06
512 25.94 80.59 7.72 70.84 36.20
513 25.93 46.10 11.38 18.02 49.74
514 25.93 32.32 11.14 13.46 47.14
515 25.80 73.13 10.19 119.15 44.17
516 25.79 43.16 10.88 13.59 46.12
517 26.05 23.58 10.03 12.84 42.13
518 26.22 58.43 10.73 85.86 40.54
519 26.22 25.71 10.21 15.28 41.59
520 26.02 39.33 9.98 15.31 45.27
521 26.16 67.44 9.85 123.06 43.63
522 26.09 30.44 11.22 14.61 42.34
523 26.16 37.56 10.63 15.83 45.56
524 26.45 13.84 7.13 10.30 32.80
525 26.44 64.35 9.83 131.78 42.36
526 26.24 43.92 10.69 17.69 48.77
527 26.40 61.25 10.65 123.38 42.62
528 26.56 19.50 8.95 15.48 39.26
529 26.50 36.00 10.38 17.14 47.20
530 26.58 52.88 10.61 53.95 40.45
531 26.44 27.58 10.35 14.89 43.04
532 26.66 33.54 12.72 20.65 47.99
533 26.53 41.42 11.07 16.63 47.54
534 26.63 78.48 8.17 95.31 40.48
535 26.65 56.05 10.63 85.78 43.11
536 26.54 50.11 10.85 38.27 46.46
537 26.71 76.20 8.57 124.12 44.33
538 26.84 21.90 10.29 18.75 40.14
539 26.56 31.44 9.50 17.14 43.93
540 26.91 72.89 9.18 129.57 44.92
541 26.69 46.20 11.28 21.52 49.12
542 26.90 70.03 10.44 145.78 45.75
543 27.06 75.14 9.44 127.00 45.98
544 27.08 81.71 7.15 68.34 40.90
545 26.70 30.66 12.25 18.25 45.75
546 27.07 28.59 11.13 20.80 41.45
547 27.20 66.27 11.05 160.17 46.50
548 27.08 47.59 11.58 33.35 49.47
549 27.02 48.88 11.91 38.70 51.61
550 27.39 59.93 10.25 142.12 42.67
551 27.48 23.64 10.76 20.85 46.66
552 27.10 40.66 10.15 18.92 50.00
553 27.48 62.36 11.15 153.62 44.70
554 27.28 17.46 9.33 17.98 37.95
555 27.45 54.29 11.15 100.85 42.38
556 27.28 13.19 7.00 18.61 30.72
557 27.48 32.80 10.95 24.86 45.60
558 27.58 57.61 10.97 139.17 43.73
559 27.41 85.02 6.62 25.85 50.49
560 27.28 19.72 10.43 22.64 43.21
561 27.72 51.97 11.19 96.15 41.61
562 27.66 49.93 11.50 70.12 43.24
563 27.61 46.22 10.90 51.22 40.15
564 27.39 86.00 6.17 16.33 33.67
565 27.86 38.13 10.88 26.68 47.64
566 27.74 18.99 9.67 25.19 42.92
567 27.67 39.98 11.24 28.10 46.98
568 27.85 68.86 10.79 147.44 46.70
569 27.76 77.68 8.87 99.21 55.68
570 28.07 64.28 10.44 158.34 47.06
571 27.90 42.23 11.02 33.25 46.58
572 27.87 29.77 9.11 23.11 44.67
573 28.11 48.02 11.09 78.24 44.27
574 28.23 71.39 9.87 118.31 50.59
575 28.00 16.94 9.28 40.70 31.52
576 28.13 74.51 9.80 109.81 55.84
577 28.15 13.49 6.95 40.95 27.86
578 28.29 55.73 10.80 151.21 43.13
579 28.26 79.89 8.92 87.00 74.92
580 28.46 87.35 5.27 17.75 40.79
581 28.22 25.34 10.96 39.57 41.45
582 28.37 84.22 6.91 43.76 89.81
583 28.19 33.51 11.90 25.58 51.19
584 28.44 66.57 10.61 150.41 52.60
585 28.68 27.36 11.02 46.86 43.25
586 28.43 20.22 9.19 50.11 36.27
587 28.23 28.82 11.42 25.33 46.33
588 28.56 60.09 10.09 176.52 47.85
589 28.68 22.92 10.30 54.94 37.11
590 28.66 45.27 12.13 77.74 44.15
591 28.75 30.00 11.31 54.82 36.89
592 28.80 53.35 11.86 145.38 44.20
593 28.92 62.33 10.82 177.19 54.98
594 28.86 39.68 11.29 67.48 39.80
595 28.78 42.29 11.46 70.10 44.30
596 28.93 50.60 11.62 125.24 42.34
597 28.76 77.04 10.13 90.99 108.45
598 28.93 34.89 11.51 68.51 38.73
599 28.92 57.86 11.10 172.81 45.59
600 28.89 32.47 11.09 70.20 42.11
601 29.13 17.89 9.37 78.09 35.89
602 29.06 15.38 8.56 75.86 32.00
603 28.84 36.89 10.71 63.85 35.97
604 29.11 68.78 10.89 128.86 68.09
605 29.12 73.06 10.77 108.88 99.62
606 29.14 47.92 11.43 119.70 40.96
607 29.43 12.70 7.51 83.43 27.59
608 29.20 37.70 11.17 65.44 40.59
609 29.46 25.20 10.71 79.12 37.20
610 29.44 75.51 9.94 83.72 124.17
611 29.30 21.52 10.63 90.78 39.66
612 29.49 64.27 11.31 143.31 74.25
613 29.59 43.89 12.30 118.42 43.42
614 29.59 55.48 11.77 175.10 46.48
615 29.56 20.23 9.79 104.50 35.45
616 29.67 71.03 11.38 116.54 114.25
617 29.41 87.83 5.61 14.61 51.07
618 29.64 66.51 10.88 134.03 86.71
619 29.78 30.68 11.10 101.63 40.54
620 29.94 85.07 7.95 35.28 114.80
621 29.66 89.11 4.41 15.36 35.95
622 29.88 27.96 10.67 90.97 38.41
623 29.87 41.59 11.82 131.03 44.36
624 29.89 60.31 10.88 173.09 66.75
625 30.07 33.39 11.55 138.93 43.80
626 30.00 36.26 11.49 115.65 43.30
627 30.08 46.06 12.09 142.50 47.27
628 30.07 53.35 11.41 162.20 50.75
629 29.95 79.01 10.39 69.20 145.12
630 30.12 22.99 10.82 133.01 38.45
631 30.08 39.03 11.75 126.99 43.57
632 30.20 87.51 7.27 23.28 75.41
633 29.90 74.49 10.39 101.32 124.54
634 30.23 76.92 10.84 69.41 145.95
635 30.21 48.78 11.17 166.54 47.45
636 30.19 51.21 12.05 172.65 51.46
637 30.12 57.60 11.80 186.47 58.45
638 30.21 82.21 9.81 48.59 153.95
639 30.44 15.53 8.55 128.42 34.48
640 30.39 62.65 11.71 133.40 123.93
641 30.47 18.60 10.32 137.80 37.79
642 30.48 65.48 11.36 99.46 136.99
643 30.41 73.06 12.04 64.04 146.51
644 30.67 12.09 7.25 117.62 29.70
645 30.67 20.98 11.05 156.23 38.76
646 30.84 69.81 11.44 77.54 140.97
647 30.94 25.83 10.85 162.64 42.80
648 30.88 43.86 12.42 166.01 47.90
649 30.90 30.72 10.76 167.08 43.06
650 30.97 55.64 11.99 159.65 69.92
651 30.99 41.16 11.73 185.85 46.87
652 31.08 28.31 12.07 170.10 43.50
653 31.09 35.05 11.96 178.72 44.60
654 31.00 75.25 12.26 55.78 161.78
655 31.16 79.77 11.32 57.56 157.28
656 31.12 37.60 11.48 176.30 45.61
657 31.01 58.44 11.60 150.00 97.14
658 30.85 64.38 10.76 102.18 142.53
659 31.09 71.92 11.72 66.38 148.19
660 31.14 60.57 11.59 116.74 136.43
661 31.27 88.82 6.36 20.13 49.88
662 31.18 46.85 12.16 159.89 53.90
663 31.12 77.62 10.80 45.49 155.45
664 31.40 32.82 11.94 182.67 47.79
665 31.21 50.24 12.46 176.91 56.04
666 31.31 53.14 11.98 156.00 66.25
667 31.38 86.01 8.58 36.73 116.32
668 31.42 67.44 11.47 65.70 164.92
669 31.57 17.62 10.29 173.10 39.24
670 31.56 23.31 10.85 180.68 41.64
671 31.65 83.05 10.65 59.82 144.00
672 31.63 62.57 12.35 78.92 166.75
673 31.53 74.10 12.48 62.92 159.18
674 31.38 90.72 4.08 11.88 24.52
675 31.74 64.99 11.96 65.83 166.11
676 31.91 15.32 9.23 165.94 39.17
677 31.68 13.03 8.81 147.21 37.24
678 31.85 39.58 12.66 197.75 48.16
679 31.86 20.21 10.57 184.29 41.98
680 31.86 10.94 6.98 103.48 38.77
681 31.96 44.98 13.40 192.19 57.15
682 31.96 76.94 12.74 52.09 159.64
683 31.88 69.97 12.78 42.53 169.16
684 32.09 42.46 12.29 187.60 50.77
685 32.03 48.74 12.62 168.08 65.51
686 31.92 58.03 11.81 108.20 138.63
687 32.01 55.46 12.07 124.81 111.85
688 31.93 71.65 12.58 52.52 158.36
689 32.20 27.63 12.06 179.68 46.74
690 32.14 30.68 10.90 167.21 51.34
691 32.18 36.13 12.33 177.83 50.74
692 32.21 51.18 12.69 147.52 83.75
693 32.23 87.84 7.88 26.00 73.04
694 32.26 60.93 12.33 73.21 166.51
695 32.27 79.21 12.72 55.27 156.40
696 32.50 72.57 12.16 46.08 155.95
697 32.50 33.52 12.42 178.67 55.77
698 32.51 53.64 12.77 95.82 157.93
699 32.68 24.97 11.31 172.27 48.87
700 32.36 80.84 12.24 48.54 154.00
701 32.68 46.83 12.55 160.78 81.04
702 32.19 64.73 11.00 78.60 178.60
703 32.43 68.96 12.65 59.27 174.65
704 32.69 74.56 12.23 46.44 149.36
705 32.56 84.92 10.23 48.53 114.13
706 32.80 90.01 6.29 21.26 32.26
707 32.77 22.24 11.72 176.20 53.13
708 32.63 59.90 12.60 84.42 159.95
709 32.95 38.08 12.61 167.94 62.28
710 32.97 82.39 11.93 62.61 141.18
711 32.82 57.21 13.14 85.61 185.78
712 32.88 63.48 12.97 53.41 185.94
713 32.86 66.53 12.67 51.20 173.22
714 32.82 9.13 7.28 66.49 39.16
715 32.92 17.43 10.36 158.16 47.29
716 32.97 11.58 8.24 107.27 48.98
717 32.98 40.35 12.28 174.89 61.94
718 32.82 87.23 9.10 37.55 73.58
719 33.00 44.33 13.24 166.93 76.06
720 33.22 14.38 9.70 139.14 56.39
721 33.22 77.30 13.92 56.78 139.86
722 32.99 19.54 11.02 169.10 52.29
723 33.14 48.91 13.10 134.19 117.36
724 32.95 86.12 9.79 46.92 91.04
725 33.28 29.30 12.51 165.98 71.87
726 33.26 69.98 12.97 48.95 162.31
727 33.33 31.60 11.88 165.64 72.35
728 33.30 35.93 12.96 158.85 73.32
729 33.43 26.92 12.12 165.37 68.79
730 33.28 51.32 13.50 96.61 161.52
731 33.50 42.14 13.07 181.75 92.32
732 33.55 58.92 13.32 61.29 189.04
733 33.55 55.75 14.81 82.77 198.15
734 33.65 61.53 12.97 52.09 170.14
735 33.42 88.81 8.00 29.60 51.19
736 33.56 20.38 11.38 153.58 62.03
737 33.55 79.81 14.54 67.93 127.37
738 33.74 34.05 11.56 148.34 101.41
739 33.68 53.43 13.28 71.71 186.55
740 33.67 72.43 13.41 50.05 137.83
741 33.70 87.41 10.87 46.40 79.42
742 33.77 46.53 13.31 106.14 158.90
743 33.96 67.55 12.66 48.99 163.86
744 33.87 23.40 12.54 154.33 80.05
745 33.99 8.87 7.03 47.37 78.52
746 33.97 91.30 5.85 20.13 20.97
747 34.00 64.50 13.10 45.78 169.53
748 33.73 86.05 11.58 52.67 87.83
749 34.06 12.51 9.43 105.09 95.77
750 34.23 16.12 12.76 147.08 98.66
751 34.11 43.94 12.35 117.67 150.00
752 34.22 85.18 13.34 71.41 86.89
753 34.28 18.56 12.74 138.60 93.78
754 34.08 38.99 13.53 110.81 116.76
755 34.17 49.45 14.07 82.58 185.27
756 34.22 36.72 12.97 104.78 128.77
757 34.29 75.19 14.95 57.34 122.01
758 34.13 82.51 15.30 79.21 111.72
759 34.24 10.98 8.73 71.20 106.16
760 34.52 25.48 12.23 147.08 96.58
761 34.21 80.31 14.72 68.74 115.52
762 34.50 30.04 12.24 127.62 123.30
763 34.48 32.20 14.68 144.00 137.17
764 34.61 41.45 13.89 101.06 158.63
765 34.19 76.78 14.19 51.62 114.88
766 34.67 27.73 12.77 125.86 146.40
767 34.56 57.24 13.19 52.55 190.27
768 34.44 71.36 13.62 38.42 142.13
769 34.55 21.42 12.20 117.09 101.57
770 34.22 52.91 12.43 66.71 182.86
771 34.55 60.36 12.93 43.27 163.88
772 34.33 78.64 13.48 49.95 115.24
773 34.69 54.48 13.24 53.96 190.31
774 34.83 13.64 10.55 82.39 124.74
775 34.86 51.52 13.73 72.41 175.20
776 34.82 45.76 14.38 85.32 178.23
777 34.93 73.31 14.31 55.03 124.47
778 34.86 77.64 15.69 66.72 106.10
779 34.84 34.30 14.15 94.06 157.88
780 34.79 70.23 14.55 52.75 143.39
781 35.09 62.85 16.69 55.45 168.55
782 35.07 65.69 14.38 47.72 162.31
783 34.77 82.03 14.74 85.02 98.82
784 35.04 48.45 14.27 65.77 184.09
785 34.77 59.18 13.92 51.67 174.42
786 34.95 91.46 6.74 20.41 24.32
787 35.17 7.00 5.50 22.28 44.63
788 35.20 23.41 12.64 99.66 130.60
789 35.25 87.26 14.37 69.49 53.73
790 35.50 9.13 8.64 36.48 101.35
791 35.31 37.25 16.48 89.69 169.25
792 35.10 39.88 13.54 78.09 167.94
793 35.38 68.68 15.99 56.58 143.24
794 35.25 79.70 16.53 88.52 82.88
795 35.12 11.80 9.34 47.56 117.10
796 35.16 16.76 12.55 78.32 123.68
797 35.35 43.46 14.11 69.21 182.56
798 35.63 58.27 14.93 46.41 177.82
799 35.54 90.13 11.20 43.29 34.49
800 35.48 18.93 12.36 91.72 140.16
801 35.58 75.95 16.60 74.85 100.87
802 35.51 83.51 17.40 94.21 73.07
803 35.65 32.09 13.34 78.35 167.43
804 35.58 14.91 11.09 75.26 140.11
805 35.71 29.32 13.08 92.40 152.04
806 35.69 55.73 14.23 46.45 195.69
807 35.42 85.96 14.31 79.00 46.50
808 35.75 52.41 14.09 51.47 171.84
809 35.85 71.42 16.04 69.14 122.89
810 35.75 60.71 14.65 46.56 162.71
811 35.75 11.38 9.62 49.89 118.35
812 35.70 39.23 12.42 71.33 176.33
813 35.66 17.69 12.50 88.00 131.72
814 35.60 70.44 18.10 67.70 142.20
815 35.85 16.14 10.56 67.36 131.44
816 35.99 34.65 16.59 88.61 180.00
817 35.97 45.99 14.53 59.89 187.69
818 36.16 48.96 14.61 48.66 175.49
819 36.12 66.89 17.45 61.03 135.97
820 36.05 73.68 18.34 91.49 113.57
821 35.70 24.10 12.25 99.00 143.25
822 36.10 41.14 14.50 61.63 185.62
823 35.97 81.84 19.52 94.55 74.21
824 36.12 13.92 10.52 48.23 130.57
825 36.27 64.58 17.05 50.30 139.10
826 36.36 78.33 20.70 100.17 76.52
827 36.49 85.59 20.75 100.30 60.84
828 36.16 17.36 11.63 65.67 127.37
829 36.36 20.88 12.77 68.20 143.44
830 36.42 80.88 21.83 96.97 73.48
831 36.28 7.25 7.32 21.00 70.48
832 36.51 36.98 15.37 65.12 168.64
833 36.52 43.51 16.00 57.74 186.86
834 36.28 62.34 15.86 55.30 137.14
835 36.76 88.04 20.55 82.07 49.14
836 36.73 12.47 10.57 37.11 119.97
837 36.96 19.07 12.59 55.02 131.18
838 36.65 30.92 15.12 63.97 155.27
839 36.63 67.88 17.34 55.50 112.63
840 36.90 54.88 15.93 43.36 171.55
841 36.77 70.09 18.49 74.49 96.53
842 36.43 70.74 17.42 61.00 108.67
843 36.83 28.20 13.86 68.09 148.36
844 36.95 38.86 15.28 54.31 168.03
845 36.79 23.50 13.16 74.85 141.11
846 37.03 50.24 15.39 47.37 164.27
847 36.94 52.43 15.12 48.71 164.41
848 36.82 59.86 16.81 56.31 138.56
849 36.93 90.91 14.58 39.02 26.62
850 36.65 15.71 11.00 47.19 121.33
851 36.88 8.87 9.39 24.39 92.50
852 36.90 10.58 9.57 38.16 104.27
853 37.16 82.91 26.10 110.14 58.83
854 36.92 6.84 6.84 15.86 58.95
855 37.02 45.93 14.95 46.66 187.53
856 36.92 76.69 19.68 92.17 72.00
857 36.96 68.94 20.32 85.72 101.85
858 37.08 75.13 23.24 104.11 70.57
859 37.34 32.53 14.97 52.23 166.39
860 37.19 34.96 15.69 51.75 165.84
861 37.03 72.22 21.57 97.04 74.84
862 37.11 13.80 11.10 50.29 113.90
863 37.29 25.57 14.18 59.07 147.91
864 36.95 17.70 12.88 41.47 127.41
865 37.23 15.78 13.38 52.86 126.76
866 37.29 41.15 14.90 49.90 167.62
867 37.47 66.16 20.06 79.51 115.41
868 37.64 48.14 15.19 44.93 169.56
869 37.58 63.72 17.94 67.54 119.09
870 37.56 21.60 13.29 53.34 135.45
871 37.52 79.54 27.21 110.65 65.77
872 37.57 61.29 18.90 61.03 122.87
873 37.75 43.99 15.36 47.25 166.50
874 37.55 59.19 17.67 53.22 128.59
875 37.77 29.80 14.77 50.10 134.52
876 37.86 85.24 28.92 95.30 62.01
877 37.79 89.52 22.03 44.30 71.97
878 37.93 7.07 7.93 11.12 59.65
879 37.88 8.46 9.52 24.95 84.18
880 37.93 11.02 10.15 32.79 108.26
881 38.19 17.06 14.12 45.87 115.58
882 38.09 36.77 16.46 46.77 149.62
883 37.98 68.36 23.24 106.32 81.14
884 37.99 91.74 18.35 27.35 35.49
885 38.09 56.22 17.72 61.51 137.51
886 37.87 58.15 18.22 64.95 126.40
887 37.85 23.58 15.37 50.59 148.00
888 38.16 27.53 15.92 49.58 120.77
889 38.02 71.71 25.32 110.57 63.54
890 37.95 51.64 17.54 53.18 129.00
891 37.95 9.76 10.44 24.16 90.94
892 38.16 53.93 17.46 60.14 131.27
893 38.24 77.06 32.36 105.40 72.33
894 38.21 74.49 29.60 106.12 68.11
895 38.06 19.17 13.90 43.05 120.84
896 38.38 38.71 15.66 42.61 136.73
897 38.38 46.36 17.63 52.46 144.32
898 38.23 88.03 30.17 68.60 91.74
899 38.34 14.02 13.74 47.08 99.44
900 38.17 39.76 16.47 49.22 148.78
901 38.42 34.01 17.26 48.12 151.90
902 38.21 59.34 18.69 55.11 108.89
903 38.39 82.07 34.95 111.56 85.21
904 38.64 49.90 18.04 56.97 122.82
905 38.54 41.74 16.79 44.86 143.75
906 38.79 31.34 15.89 48.39 118.62
907 38.78 64.91 23.93 104.26 96.03
908 38.67 23.09 16.00 45.30 115.36
909 38.61 15.74 13.94 44.46 113.00
910 38.79 79.43 45.50 109.37 90.48
911 38.58 52.05 18.24 49.71 124.05
912 38.64 57.16 20.36 69.00 112.27
913 38.78 62.62 22.74 103.96 101.29
914 38.78 21.21 14.93 42.65 108.79
915 38.82 29.43 17.94 51.68 115.72
916 38.90 44.14 19.21 52.96 125.20
917 38.87 70.00 28.79 109.72 66.95
918 38.75 10.51 12.69 34.53 93.25
919 39.02 66.96 29.79 110.29 73.97
920 38.80 84.35 42.13 76.30 109.13
921 38.89 90.20 28.69 32.53 80.32
922 38.95 93.19 15.84 15.39 26.59
923 39.27 48.23 19.94 66.87 122.56
924 39.23 60.54 22.54 100.41 81.99
925 39.26 9.45 11.13 24.64 74.78
926 39.08 58.27 21.37 92.10 100.62
927 39.09 25.09 17.12 46.99 113.78
928 39.04 72.48 36.66 104.09 88.79
929 39.32 55.13 22.28 91.54 113.41
930 39.20 87.42 39.97 51.94 126.31
931 39.45 7.01 9.29 18.85 41.67
932 39.08 16.95 13.95 38.95 90.05
933 39.40 35.60 19.58 62.65 123.08
934 39.41 37.83 18.84 59.59 118.48
935 39.21 13.09 14.60 41.37 74.23
936 39.50 41.04 19.99 54.46 109.30
937 39.45 74.96 46.16 93.31 109.96
938 39.34 18.67 14.32 35.35 92.58
939 39.50 77.39 47.00 106.44 95.75
940 39.44 81.75 47.06 84.01 138.99
941 39.64 33.44 19.34 70.31 112.77
942 39.41 21.16 16.65 41.96 90.55
943 39.45 15.72 15.64 34.90 87.95
944 39.48 84.71 42.19 78.45 117.14
945 39.49 32.19 18.00 48.00 114.41
946 39.63 26.68 17.72 51.35 89.06
947 39.64 89.52 33.93 40.22 93.73
948 39.68 50.70 22.15 91.56 94.71
949 39.93 43.56 19.62 74.20 94.84
950 39.83 68.56 35.95 111.62 79.92
951 39.92 13.24 15.57 45.06 68.15
952 39.58 73.07 37.56 97.25 102.44
953 40.00 29.83 20.53 71.88 89.99
954 39.83 45.66 22.68 85.69 94.57
955 39.96 23.64 17.93 56.62 73.27
956 39.93 71.33 48.90 105.76 101.90
957 39.88 62.91 29.97 109.16 77.99
958 40.08 79.72 56.93 82.87 146.52
959 40.03 19.51 15.81 43.08 81.52
960 39.98 57.07 24.60 107.81 75.89
961 40.14 17.28 16.05 38.84 79.22
962 39.76 87.96 32.29 38.29 116.57
963 40.23 59.26 26.87 108.44 70.20
964 40.12 65.67 36.21 110.89 77.83
965 40.39 22.02 18.22 56.07 66.82
966 40.23 53.13 24.67 112.39 78.55
967 40.30 91.92 28.85 19.07 53.10
968 40.10 15.67 14.88 41.69 75.71
969 40.34 39.10 23.67 80.40 89.28
970 40.06 49.90 20.82 91.93 86.36
971 40.45 85.20 53.15 63.02 128.09
972 40.47 47.72 25.56 102.46 80.89
973 40.43 89.82 38.27 27.48 85.94
974 40.46 28.59 17.82 60.11 84.89
975 40.54 76.33 61.49 64.09 141.85
976 40.66 34.51 22.31 91.20 87.88
977 40.65 36.96 23.78 94.31 77.31
978 40.74 41.28 26.16 101.84 76.45
979 40.71 55.36 27.70 118.49 68.71
980 40.45 74.40 58.11 50.07 131.74
981 40.68 7.56 11.60 37.08 41.15
982 40.78 61.23 34.13 110.47 73.48
983 40.77 88.00 49.93 38.51 129.30
984 40.71 69.87 58.15 83.95 138.83
985 40.66 72.96 58.17 52.58 136.68
986 40.90 51.34 27.64 115.76 77.26
987 40.78 31.39 21.05 78.24 82.26
988 40.91 14.74 19.48 53.91 61.95
989 41.00 45.67 27.05 118.48 65.87
990 40.89 67.90 51.13 108.73 111.68
991 40.73 78.15 64.26 68.53 155.29
992 41.22 93.59 22.39 7.50 32.98
993 40.94 63.76 42.87 113.03 96.08
994 40.82 82.29 66.75 66.20 146.75
995 41.15 24.54 23.07 77.18 62.19
996 40.91 19.26 18.36 59.21 56.12
997 41.08 26.95 22.26 68.97 68.67
998 41.13 43.51 29.13 119.90 65.49
999 41.17 49.17 29.92 113.36 73.75
1000 41.23 57.74 32.58 126.55 74.41
1001 40.97 17.63 20.67 60.93 56.20
1002 41.07 74.96 68.33 64.80 149.58
1003 41.36 20.84 22.82 66.29 60.77
1004 41.27 65.74 53.98 106.41 116.43
1005 41.30 83.78 59.00 45.30 146.10
1006 41.31 5.82 9.50 33.83 21.69
1007 41.24 78.80 68.18 51.06 174.97
1008 41.31 80.46 69.19 56.65 157.43
1009 41.45 29.47 24.74 81.82 66.34
1010 41.49 39.19 29.79 124.22 70.35
1011 41.55 53.32 34.49 111.33 71.60
1012 41.77 90.42 49.63 21.87 97.68
1013 41.54 18.30 19.39 49.97 66.94
1014 41.66 11.06 18.06 61.84 44.96
1015 41.65 35.75 28.26 99.44 62.74
1016 41.75 32.76 26.59 96.83 67.58
1017 41.69 59.85 43.58 113.35 81.28
1018 41.84 85.14 67.22 44.22 150.61
1019 41.77 87.90 65.79 33.34 129.91
1020 41.87 69.28 70.17 62.21 158.60
1021 41.58 70.41 65.93 53.23 157.46
1022 41.85 76.94 80.81 49.93 160.27
1023 41.78 79.48 76.02 60.10 173.49
1024 42.21 16.49 26.40 75.72 59.81
1025 41.96 41.97 35.65 127.11 73.36
1026 42.02 47.38 35.14 120.13 71.22
1027 41.93 55.73 37.27 131.06 73.31
1028 41.93 62.05 49.74 101.76 100.61
1029 42.10 22.86 27.43 84.32 67.68
1030 42.04 67.23 68.70 69.70 149.77
1031 42.21 74.21 84.14 40.82 175.85
1032 42.04 12.92 21.48 73.10 52.55
1033 42.09 7.06 14.18 55.09 38.35
1034 42.12 50.62 37.69 123.95 71.51
1035 42.24 25.39 28.55 88.64 62.76
1036 42.32 9.73 22.93 73.02 48.26
1037 42.24 44.82 38.00 115.22 71.01
1038 42.33 27.96 34.37 97.71 79.58
1039 42.34 37.43 36.64 117.35 82.76
1040 42.38 71.70 85.78 47.45 175.84
1041 42.19 82.11 83.98 45.05 147.58
1042 42.24 14.33 25.02 80.72 54.91
1043 42.14 20.70 24.86 73.43 58.10
1044 42.38 30.61 32.04 92.99 68.66
1045 42.62 94.62 23.21 5.59 21.77
1046 42.40 64.18 64.51 78.76 147.64
1047 42.54 58.07 53.77 111.34 101.44
1048 42.77 92.14 43.94 14.29 58.40
1049 42.59 19.14 29.44 85.74 67.48
1050 42.57 34.17 35.28 107.51 84.46
1051 42.65 39.75 40.10 123.85 88.80
1052 42.59 53.51 45.23 117.18 97.42
1053 42.90 78.94 95.27 42.94 152.57
1054 42.77 60.52 62.58 87.99 139.98
1055 42.94 76.55 102.67 38.36 165.41
1056 42.94 68.68 89.52 49.71 174.29
1057 42.86 89.19 66.04 24.96 110.37
1058 43.02 42.40 47.96 102.26 111.95
1059 43.06 49.02 51.18 110.05 88.59
1060 43.28 11.62 31.39 66.73 78.71
1061 43.03 21.66 34.83 88.51 79.90
1062 43.23 63.10 76.82 60.74 173.42
1063 43.07 55.72 52.55 110.59 124.58
1064 43.07 66.06 83.18 62.98 162.52
1065 43.18 83.91 88.20 39.10 142.59
1066 43.10 13.64 33.52 63.33 84.04
1067 43.18 31.94 39.48 92.41 84.88
1068 43.22 51.35 57.59 102.42 120.13
1069 43.09 26.20 43.08 97.29 105.99
1070 43.05 35.52 38.37 90.00 114.37
1071 43.20 46.93 54.18 103.52 103.09
1072 43.26 86.89 82.60 32.55 121.65
1073 43.16 6.60 18.28 48.94 66.04
1074 43.46 81.73 99.90 40.79 156.30
1075 43.17 44.60 54.98 92.37 111.85
1076 43.11 16.19 32.69 58.33 88.72
1077 43.49 29.82 45.55 91.78 132.46
1078 43.58 72.85 103.74 36.89 176.55
1079 43.41 37.86 52.70 85.92 128.42
1080 43.57 23.48 41.92 73.49 112.66
1081 43.57 89.95 59.77 23.22 94.90
1082 43.52 53.31 63.08 82.42 152.92
1083 43.63 70.38 105.03 41.32 182.76
1084 43.74 18.16 37.47 65.71 107.45
1085 43.68 20.08 45.42 79.94 113.36
1086 43.59 39.98 57.15 89.57 120.48
1087 43.70 58.04 75.37 86.60 156.52
1088 43.81 59.95 83.85 77.49 171.63
1089 43.56 24.82 42.50 69.22 104.78
1090 43.84 33.81 47.76 83.13 122.55
1091 43.91 27.58 48.34 73.20 148.68
1092 43.61 75.34 106.29 34.35 163.15
1093 43.83 93.20 37.18 14.93 30.32
1094 43.80 15.54 35.06 59.42 88.75
1095 43.76 36.03 42.84 89.04 118.07
1096 43.90 8.58 28.91 42.18 84.62
1097 43.74 44.48 56.38 102.85 136.62
1098 44.06 56.03 73.80 77.57 166.73
1099 44.09 65.23 112.01 54.93 201.42
1100 44.16 49.78 74.02 66.53 158.37
1101 44.13 67.69 109.59 39.32 182.03
1102 44.28 5.40 19.32 20.95 51.88
1103 44.30 61.71 94.22 56.08 188.70
1104 44.03 77.54 121.52 33.43 155.53
1105 44.13 21.39 48.98 62.92 124.22
1106 44.02 38.36 56.87 94.10 133.33
1107 44.13 42.60 73.17 67.73 145.61
1108 44.16 45.64 78.06 69.56 160.53
1109 44.56 47.75 87.32 62.20 175.96
1110 44.33 80.04 113.28 38.57 159.04
1111 44.38 85.28 97.52 34.44 117.98
1112 44.39 31.44 60.64 68.22 136.90
1113 44.21 74.73 111.18 37.29 161.84
1114 44.52 51.89 83.09 65.31 178.87
1115 44.10 53.54 64.50 74.67 172.00
1116 44.31 13.81 47.97 46.81 109.05
1117 44.58 87.76 93.48 33.99 92.52
1118 44.23 23.07 50.64 60.09 121.91
1119 44.66 90.87 68.74 33.56 58.39
1120 44.52 25.09 50.72 45.87 137.14
1121 44.40 88.83 87.12 30.38 92.12
1122 44.41 35.93 66.72 63.57 147.33
1123 44.68 54.23 88.56 68.95 185.77
1124 44.60 82.68 104.26 41.71 135.86
1125 44.76 17.64 59.39 52.48 149.10
1126 44.67 39.99 77.80 63.14 159.66
1127 44.84 16.31 52.47 48.28 132.95
1128 44.69 70.82 127.15 37.22 178.11
1129 44.58 8.16 32.06 38.88 92.38
1130 44.57 22.62 59.75 66.06 142.12
1131 44.57 77.19 95.92 31.54 147.25
1132 44.91 94.46 29.52 11.24 24.77
1133 44.89 28.76 68.81 53.22 163.85
1134 44.91 57.40 102.57 54.01 176.90
1135 44.92 73.40 121.20 40.60 165.66
1136 45.08 37.45 82.04 59.32 169.88
1137 45.03 44.00 97.27 55.16 185.54
1138 44.94 59.44 107.41 45.54 185.06
1139 44.94 14.47 52.32 50.93 111.83
1140 44.74 15.34 53.86 48.43 126.14
1141 44.91 21.48 58.93 50.54 137.98
1142 44.88 75.53 122.44 39.50 150.75
1143 45.06 26.31 67.05 53.76 158.29
1144 44.97 32.86 70.85 46.76 148.41
1145 45.41 93.06 47.98 30.50 35.53
1146 45.15 68.21 131.92 35.78 161.94
1147 45.53 6.25 33.85 13.88 81.53
1148 45.40 65.94 129.88 36.78 168.50
1149 45.47 23.60 76.21 43.59 160.22
1150 45.49 41.74 93.59 46.11 182.98
1151 45.34 50.29 110.34 47.08 192.23
1152 45.41 78.23 125.98 44.27 127.09
1153 45.38 81.36 121.14 47.70 135.98
1154 45.58 9.68 60.64 30.72 134.05
1155 45.27 12.83 61.97 27.60 122.94
1156 45.58 86.19 103.36 46.60 103.65
1157 45.52 30.95 80.36 40.44 169.87
1158 45.44 33.88 74.80 55.24 159.04
1159 45.61 45.98 105.97 42.29 192.96
1160 45.64 55.60 110.32 43.15 197.64
1161 45.52 60.33 105.56 40.41 196.94
1162 45.62 83.79 119.51 53.72 114.31
1163 45.70 52.97 104.41 42.12 191.58
1164 45.45 75.78 123.31 42.94 136.92
1165 45.77 61.80 116.35 38.26 189.71
1166 45.84 88.98 102.16 61.47 77.93
1167 45.77 69.98 135.99 38.55 157.84
1168 45.96 72.07 129.05 41.97 152.14
1169 45.64 11.78 72.18 36.24 134.35
1170 45.87 21.49 79.43 35.05 149.06
1171 45.88 39.60 100.69 46.77 170.67
1172 45.77 14.93 72.75 30.66 130.40
1173 45.84 48.26 122.61 43.85 180.04
1174 46.20 35.17 101.79 46.59 163.90
1175 46.00 63.88 131.30 41.02 172.19
1176 46.10 25.54 90.69 33.59 169.32
1177 45.74 80.19 120.62 50.62 124.92
1178 46.00 95.83 22.32 10.86 11.79
1179 46.19 28.04 95.27 33.34 170.17
1180 46.10 57.74 121.47 38.88 164.47
1181 46.24 74.32 141.90 60.09 124.29
1182 46.18 18.18 87.43 34.66 151.28
1183 46.30 37.34 98.77 38.05 167.56
1184 45.95 7.70 47.00 16.44 112.56
1185 46.11 12.34 67.05 26.05 131.69
1186 46.30 43.65 116.68 36.40 182.56
1187 46.20 33.01 99.29 33.93 169.66
1188 46.31 67.93 141.72 45.18 145.29
1189 46.47 76.75 137.20 67.38 126.24
1190 46.48 91.47 72.67 44.64 55.73
1191 46.95 94.11 42.79 26.58 24.79
1192 46.35 7.12 50.60 10.89 123.54
1193 46.38 15.56 78.73 29.92 134.42
1194 46.65 30.19 99.82 29.47 171.31
1195 46.49 50.55 126.36 34.58 180.92
1196 46.54 81.79 126.69 74.51 114.23
1197 46.69 59.65 137.45 40.93 160.08
1198 46.72 65.73 142.27 53.85 158.87
1199 46.58 79.31 130.51 68.10 112.64
1200 46.65 4.19 27.94 4.26 37.24
1201 46.82 87.25 111.05 62.49 77.93
1202 46.78 41.55 124.79 34.30 168.22
1203 46.75 10.15 69.09 17.08 129.21
1204 46.78 84.69 122.39 74.08 95.97
1205 46.79 52.78 135.26 35.24 178.99
1206 46.74 55.27 138.81 37.12 184.51
1207 46.79 62.15 149.22 47.16 159.05
1208 46.89 45.54 133.04 31.92 173.42
1209 47.10 12.92 89.30 21.87 128.93
1210 47.05 96.36 19.64 10.53 9.25
1211 47.10 70.35 148.85 67.88 120.51
1212 47.05 23.17 93.85 29.06 150.64
1213 47.12 48.70 143.43 36.33 170.41
1214 47.09 72.65 153.11 69.04 129.04
1215 47.00 5.57 45.78 8.65 69.50
1216 47.03 39.29 123.18 36.41 159.14
1217 47.01 7.91 61.01 13.26 129.40
1218 46.93 11.17 83.68 21.53 126.42
1219 47.31 17.41 93.15 23.29 147.45
1220 47.09 57.25 153.56 44.41 149.40
1221 47.16 20.19 100.36 26.12 151.96
1222 47.09 26.44 117.11 29.93 155.87
1223 47.35 89.73 96.22 54.63 64.93
1224 47.43 34.10 128.53 30.55 150.50
1225 47.19 54.49 131.33 43.71 177.96
1226 47.42 36.47 128.68 34.60 145.86
1227 47.52 28.74 114.54 30.54 163.87
1228 47.56 63.83 156.21 67.61 130.29
1229 47.49 68.25 151.67 68.82 113.24
1230 47.56 74.94 149.82 92.71 108.36
1231 47.57 43.39 150.70 37.07 137.45
1232 47.52 50.98 147.82 33.69 151.07
1233 47.71 82.96 127.13 84.48 88.24
1234 47.65 31.67 134.00 30.81 141.88
1235 47.64 77.75 142.77 97.86 107.62
1236 47.68 46.93 161.93 42.33 152.75
1237 47.67 80.40 134.44 91.97 98.80
1238 47.61 3.52 26.50 3.30 24.59
1239 47.73 61.30 157.58 72.02 121.24
1240 47.59 5.74 44.40 7.07 81.00
1241 47.97 6.65 56.13 8.28 94.80
1242 47.88 92.58 59.91 35.66 34.70
1243 48.02 10.39 89.24 18.10 125.47
1244 47.88 58.73 157.28 66.61 119.29
1245 47.87 66.12 170.58 82.30 142.98
1246 47.93 41.03 147.24 37.40 135.85
1247 48.00 24.31 118.31 24.91 139.66
1248 47.93 53.29 163.78 46.42 139.84
1249 47.92 55.69 171.36 60.15 136.73
1250 47.90 8.17 81.56 16.76 101.85
1251 48.06 21.80 116.07 24.65 149.12
1252 48.09 85.64 123.91 79.50 84.16
1253 48.19 87.95 109.53 72.84 76.38
1254 48.10 4.67 38.44 5.92 31.81
1255 48.14 38.58 154.44 42.47 122.95
1256 48.14 72.38 154.84 107.47 103.65
1257 48.24 44.88 165.39 49.63 129.22
1258 48.36 19.10 119.24 26.34 122.62
1259 48.37 48.96 168.85 53.42 131.80
1260 48.39 95.66 26.79 14.04 12.13
1261 48.32 69.70 163.46 105.03 105.34
1262 48.25 25.51 129.46 29.92 136.21
1263 48.46 27.61 135.97 39.19 134.16
1264 48.39 35.98 146.81 38.56 108.86
1265 48.56 30.71 148.51 43.45 110.45
1266 48.49 51.14 173.65 56.91 131.15
1267 48.65 90.34 93.72 55.40 54.55
1268 48.73 13.47 110.86 27.23 91.30
1269 48.62 16.30 123.10 31.09 100.32
1270 48.68 33.52 149.77 39.76 96.15
1271 48.53 76.26 153.61 104.35 99.15
1272 48.70 42.81 169.96 60.98 105.59
1273 48.66 60.48 173.52 111.26 108.81
1274 48.80 62.74 166.46 113.77 108.33
1275 48.78 64.77 158.78 117.80 103.14
1276 48.76 81.25 140.34 97.13 89.17
1277 48.70 7.79 65.88 19.14 97.55
1278 48.80 46.84 167.11 70.07 108.37
1279 48.80 56.69 172.67 86.14 105.62
1280 48.89 67.01 168.77 112.04 109.51
1281 48.80 9.27 108.49 27.49 88.09
1282 48.99 78.85 144.65 98.64 100.56
1283 48.96 54.45 177.92 92.86 116.16
1284 48.99 74.12 154.38 116.02 102.41
1285 49.07 83.62 137.08 84.24 85.14
1286 49.08 93.43 52.97 26.58 30.73
1287 49.08 40.60 170.56 67.62 97.46
1288 49.08 5.31 52.51 12.82 31.72
1289 49.06 23.48 140.16 37.55 107.37
1290 49.13 38.18 172.99 61.14 112.90
1291 49.18 71.25 185.02 136.12 117.95
1292 49.30 20.78 140.78 40.50 100.27
1293 49.29 52.36 178.54 92.73 103.55
1294 49.29 58.56 170.27 113.27 109.41
1295 49.47 10.94 121.40 33.97 69.14
1296 49.33 25.84 143.38 51.36 95.32
1297 49.40 44.90 178.27 81.02 101.24
1298 49.42 29.18 156.80 49.57 92.38
1299 49.40 68.82 169.57 126.71 104.59
1300 49.51 87.96 113.28 58.41 93.75
1301 49.48 85.68 130.87 78.41 90.99
1302 49.47 35.78 160.97 64.74 91.13
1303 49.55 18.07 140.02 43.00 82.71
1304 49.52 49.82 178.00 92.71 98.46
1305 49.66 31.79 158.50 59.89 82.97
1306 49.64 76.39 149.56 106.15 102.14
1307 49.80 8.23 95.99 31.80 50.37
1308 49.72 60.86 174.49 131.61 112.11
1309 49.79 15.66 132.83 44.72 68.29
1310 49.92 95.72 28.53 9.98 15.05
1311 50.04 13.10 129.47 42.26 61.61
1312 49.91 42.62 178.92 99.05 86.48
1313 49.86 47.56 171.65 89.49 93.45
1314 49.92 65.38 175.15 135.66 104.54
1315 49.87 90.82 92.34 42.98 71.31
1316 49.99 56.52 178.77 135.18 97.94
1317 49.97 63.10 175.50 138.77 107.65
1318 50.15 33.99 164.75 80.14 79.30
1319 49.98 80.91 143.56 81.70 103.82
1320 50.01 72.82 164.60 111.78 110.34
1321 50.24 27.51 160.68 71.85 79.00
1322 50.08 54.09 187.47 134.24 95.17
1323 50.19 22.72 149.84 57.62 83.38
1324 50.16 38.13 175.12 79.92 83.63
1325 50.27 40.43 183.87 99.12 94.76
1326 50.43 93.83 48.63 13.87 29.43
1327 50.31 67.66 167.84 130.63 100.60
1328 50.53 5.48 61.59 31.73 29.40
1329 50.38 83.31 126.93 70.41 117.84
1330 50.32 51.45 189.17 128.48 95.83
1331 50.35 70.05 166.92 129.40 111.82
1332 50.41 78.40 144.40 82.28 114.37
1333 50.43 58.90 183.91 129.85 94.04
1334 50.45 44.87 176.02 96.56 86.11
1335 50.54 19.86 150.98 57.18 75.01
1336 50.58 25.38 157.00 67.68 83.51
1337 50.60 29.80 160.96 77.92 75.33
1338 50.49 85.77 126.24 58.10 98.90
1339 50.64 75.28 152.52 98.57 116.32
1340 50.76 96.82 21.17 5.15 12.71
1341 50.72 36.13 178.41 101.47 75.86
1342 50.75 49.25 181.07 109.99 84.59
1343 50.79 10.82 123.38 51.33 51.68
1344 50.80 17.34 142.11 54.63 65.56
1345 50.89 88.67 115.34 41.34 99.94
1346 50.76 61.26 185.29 135.89 107.23
1347 51.00 14.77 134.15 53.29 61.15
1348 50.93 32.14 162.80 101.34 73.94
1349 50.80 86.87 125.22 55.08 104.38
1350 50.92 46.83 182.56 94.00 84.72
1351 51.01 8.05 104.09 43.16 44.53
1352 51.09 55.18 183.41 130.34 100.24
1353 50.89 91.22 87.82 24.68 89.20
1354 51.09 43.06 187.82 101.57 87.25
1355 51.12 63.77 180.06 107.32 119.47
1356 51.08 65.78 177.20 111.48 116.68
1357 50.96 72.16 168.88 106.42 144.98
1358 51.07 52.86 190.36 137.33 96.47
1359 51.24 57.24 183.76 129.86 123.17
1360 51.29 80.32 134.97 61.95 130.98
1361 50.96 78.82 153.12 84.69 131.12
1362 51.27 23.55 165.71 75.80 82.19
1363 51.24 38.61 186.83 121.34 101.26
1364 51.46 40.93 185.60 98.63 88.40
1365 51.36 84.26 131.10 54.09 105.14
1366 51.55 21.21 155.81 60.30 72.73
1367 51.42 27.73 166.91 79.17 68.27
1368 51.53 34.19 167.56 104.34 76.11
1369 51.46 67.80 177.28 93.48 136.74
1370 51.52 69.97 169.86 81.15 122.62
1371 51.50 77.06 143.80 71.64 144.75
1372 51.87 5.59 62.26 29.15 30.54
1373 51.59 59.57 192.40 107.98 128.08
1374 52.05 96.28 25.56 3.66 16.49
1375 51.66 50.88 179.65 102.63 93.15
1376 51.80 93.41 53.78 9.19 46.89
1377 51.79 12.86 132.86 52.72 58.35
1378 51.72 30.46 170.84 90.47 72.26
1379 51.78 45.44 182.22 86.80 100.66
1380 51.70 74.63 163.08 81.99 126.57
1381 51.76 61.96 191.82 102.91 141.08
1382 51.88 36.25 180.26 102.26 91.12
1383 51.79 48.16 182.06 101.60 90.49
1384 51.82 82.22 142.70 41.24 119.46
1385 51.96 18.75 154.71 63.58 74.76
1386 51.94 25.68 170.44 70.16 78.80
1387 51.92 86.37 113.85 35.68 122.78
1388 51.95 9.88 122.68 45.06 52.09
1389 51.94 16.49 146.31 52.91 67.24
1390 52.28 2.01 22.50 5.99 9.30
1391 52.08 53.54 184.41 99.52 127.20
1392 51.97 72.22 167.67 72.00 142.78
1393 52.20 42.99 184.62 85.23 109.59
1394 52.11 87.90 110.92 27.33 123.88
1395 52.27 90.04 98.06 17.27 93.75
1396 52.32 55.62 180.16 90.74 143.69
1397 52.39 32.71 174.61 87.75 95.48
1398 52.28 38.37 181.89 95.62 110.51
1399 52.34 65.56 175.48 74.28 160.05
1400 52.43 57.98 183.80 74.11 140.31
1401 52.49 78.20 142.74 37.90 160.13
1402 52.50 28.67 178.10 73.31 94.01
1403 52.50 23.21 166.89 48.30 90.27
1404 52.59 63.28 186.44 65.68 145.30
1405 52.50 68.23 177.38 62.02 147.90
1406 52.66 80.62 135.96 33.61 143.89
1407 52.63 3.56 37.99 10.55 13.82
1408 52.60 84.42 126.04 29.95 117.90
1409 52.69 49.62 184.44 68.28 120.09
1410 52.65 40.68 186.17 76.03 112.25
1411 52.41 82.69 127.77 31.31 116.15
1412 52.62 60.49 182.92 69.69 157.89
1413 52.75 14.86 149.20 37.05 69.58
1414 52.76 47.25 178.90 72.72 128.42
1415 52.76 51.79 189.10 68.18 119.48
1416 52.72 70.53 164.51 42.57 160.17
1417 52.87 20.50 163.78 45.83 89.39
1418 52.86 75.63 155.54 39.86 154.98
1419 52.95 30.89 181.63 70.91 101.06
1420 52.98 34.61 180.80 72.01 102.08
1421 52.92 11.70 141.54 33.66 62.75
1422 52.88 44.85 181.67 62.88 115.85
1423 52.90 73.80 161.77 41.61 141.77
1424 52.97 26.70 168.47 59.72 99.01
1425 53.03 8.67 114.10 29.49 54.21
1426 53.15 36.61 182.46 56.74 112.01
1427 53.00 72.61 160.23 41.00 143.14
1428 53.08 92.22 74.57 12.10 69.68
1429 53.30 5.42 60.29 13.14 39.60
1430 53.30 18.08 156.35 35.97 76.20
1431 53.26 94.98 34.26 4.57 22.98
1432 53.33 53.88 181.82 46.90 160.55
1433 53.25 86.38 120.34 23.96 106.10
1434 53.36 42.46 181.52 49.62 127.94
1435 53.31 56.40 178.21 49.22 148.58
1436 53.34 67.03 182.79 45.19 169.51
1437 53.41 88.93 108.03 18.87 98.33
1438 53.41 24.56 161.26 37.30 96.94
1439 53.38 38.94 187.43 46.62 133.58
1440 53.62 82.26 129.55 23.00 129.69
1441 53.64 58.83 178.59 37.59 172.45
1442 53.67 61.06 180.65 41.65 162.92
1443 53.77 65.24 174.96 35.99 162.79
1444 53.41 90.67 84.79 14.93 109.66
1445 53.64 63.24 188.42 39.41 153.74
1446 53.73 69.14 201.29 38.05 169.29
1447 53.78 22.27 163.95 26.89 95.22
1448 53.67 29.14 180.48 45.29 104.41
1449 53.73 32.87 181.42 43.47 107.74
1450 53.79 77.09 148.24 27.81 158.77
1451 53.85 79.65 144.98 22.23 141.54
1452 53.81 13.27 150.88 24.49 78.04
1453 53.86 46.55 173.88 39.44 134.35
1454 53.81 48.87 178.42 42.38 152.06
1455 53.80 51.04 221.15 53.07 167.02
1456 53.85 71.86 161.38 28.41 134.04
1457 53.96 16.17 155.63 27.45 88.24
1458 53.95 44.26 180.30 38.71 132.26
1459 54.05 40.63 184.41 32.62 129.38
1460 54.06 84.93 118.79 21.84 115.97
1461 54.08 10.63 132.04 20.85 71.10
1462 54.06 26.77 161.24 30.10 107.30
1463 54.21 7.78 102.58 13.10 62.33
1464 54.35 20.40 161.70 23.64 98.14
1465 54.30 35.04 176.49 31.26 105.65
1466 54.21 74.39 152.07 26.39 144.15
1467 54.24 37.46 172.06 31.57 110.26
1468 54.32 93.25 60.57 10.93 42.13
1469 54.25 87.98 102.91 20.11 103.09
1470 54.43 30.99 176.27 30.49 108.96
1471 54.46 54.67 182.34 29.78 143.32
1472 54.28 56.84 179.30 28.07 145.88
1473 54.33 83.77 127.66 25.73 111.52
1474 54.45 52.59 186.58 31.78 143.77
1475 54.50 67.14 172.72 29.56 153.63
1476 54.68 4.84 54.21 5.90 30.79
1477 54.55 24.54 158.08 25.35 121.84
1478 54.74 95.69 26.69 3.53 14.65
1479 54.63 62.16 170.62 32.75 161.42
1480 54.68 70.47 157.83 25.20 129.96
1481 54.76 14.65 148.58 20.46 87.07
1482 54.88 18.35 148.76 20.26 84.55
1483 54.79 28.87 171.39 28.59 112.52
1484 54.84 43.26 178.77 30.32 119.83
1485 54.89 64.46 168.50 27.33 156.98
1486 54.86 81.70 124.49 24.25 112.53
1487 54.96 32.78 169.90 26.44 122.03
1488 54.90 58.85 176.34 27.37 142.41
1489 54.92 48.24 177.50 28.98 131.15
1490 55.00 50.57 176.01 27.70 118.22
1491 55.07 38.78 176.76 25.35 123.72
1492 54.94 45.77 176.76 28.49 110.16
1493 55.03 76.19 141.20 24.78 127.93
1494 55.04 78.89 136.21 23.06 120.47
1495 55.13 22.60 162.69 24.15 95.37
1496 55.03 41.08 172.48 27.54 127.08
1497 55.15 72.54 148.87 27.34 128.70
1498 55.21 9.78 116.26 15.36 61.47
1499 55.29 12.50 134.72 19.03 76.97
1500 55.23 26.49 165.18 25.29 108.79
1501 55.34 36.49 166.57 25.60 95.70
1502 55.35 68.79 160.52 26.19 119.50
1503 55.22 90.49 79.33 21.48 87.10
1504 55.38 60.76 174.23 27.54 144.55
1505 55.33 56.50 169.28 29.92 127.65
1506 55.32 87.67 107.84 28.56 88.49
1507 55.39 84.39 114.81 29.87 87.32
1508 55.44 7.16 87.22 11.64 64.45
1509 55.46 53.12 175.85 29.02 127.57
1510 55.49 66.36 162.04 30.24 137.55
1511 55.62 34.38 161.78 27.45 94.60
1512 55.69 16.09 136.12 20.05 75.05
1513 55.73 93.98 44.13 9.77 26.18
1514 55.79 74.41 143.17 30.82 111.42
1515 55.91 20.89 145.50 23.01 75.24
1516 55.87 31.12 157.79 31.81 98.32
1517 55.83 63.11 167.16 33.61 125.88
1518 55.89 24.54 151.55 29.60 97.39
1519 55.93 4.53 43.48 6.84 23.30
1520 55.81 28.61 159.82 32.11 91.10
1521 55.97 42.49 168.26 31.27 93.84
1522 55.92 47.04 169.36 34.49 99.33
1523 55.95 44.57 170.83 37.53 87.42
1524 56.03 70.56 147.21 30.78 106.76
1525 56.06 49.18 171.66 41.24 105.64
1526 56.03 40.01 160.78 30.06 103.12
1527 56.10 55.29 173.29 41.49 95.35
1528 55.97 81.90 124.89 34.74 88.92
1529 56.13 18.49 141.51 24.46 71.01
1530 56.04 58.75 156.88 33.02 127.45
1531 56.10 76.98 139.88 28.35 125.03
1532 56.26 79.68 130.91 35.11 96.57
1533 56.23 86.20 106.82 39.70 84.61
1534 56.30 37.85 160.22 36.99 87.14
1535 56.28 51.30 159.16 41.67 105.78
1536 56.38 88.96 92.17 43.68 58.05
1537 56.41 8.57 102.83 18.08 53.24
1538 56.51 65.37 155.57 48.61 102.60
1539 56.44 11.25 123.59 24.31 55.59
1540 56.52 13.98 129.24 25.98 61.13
1541 56.50 61.02 165.50 43.98 115.42
1542 56.39 67.87 148.68 43.69 96.69
1543 56.62 72.47 132.40 37.84 90.74
1544 56.55 26.60 142.36 36.27 72.97
1545 56.66 33.17 149.05 39.91 79.60
1546 56.61 35.76 151.58 44.53 85.21
1547 56.58 53.56 160.58 45.56 97.09
1548 56.76 91.17 71.04 34.28 45.81
1549 56.78 23.03 144.64 38.87 79.04
1550 56.79 56.89 162.45 51.15 89.33
1551 56.76 84.06 110.44 56.55 73.02
1552 56.84 45.82 153.88 50.31 83.61
1553 56.70 16.10 132.67 30.95 65.51
1554 56.84 29.03 145.00 42.10 70.54
1555 56.99 5.95 55.63 13.47 30.04
1556 57.00 94.26 31.87 12.24 16.72
1557 56.87 41.20 186.86 48.00 97.86
1558 57.00 74.72 125.93 41.51 85.47
1559 57.00 63.25 158.82 61.36 95.33
1560 57.01 17.22 131.34 36.32 59.08
1561 57.12 31.03 137.82 47.93 69.18
1562 57.16 43.60 152.37 46.51 83.41
1563 57.17 20.47 126.40 40.14 64.87
1564 57.24 47.76 148.75 57.53 80.80
1565 57.19 58.98 153.79 67.21 92.68
1566 57.18 69.57 145.80 57.33 84.20
1567 57.09 77.68 127.50 35.87 89.98
1568 57.21 81.75 110.54 59.30 78.54
1569 57.29 38.95 135.10 50.88 67.83
1570 57.26 49.97 153.49 60.38 92.98
1571 57.27 86.12 97.11 58.16 62.32
1572 57.40 52.39 146.10 63.35 78.86
1573 57.44 67.12 140.29 60.74 86.90
1574 57.52 87.22 89.52 58.52 62.58
1575 57.59 25.11 129.71 49.74 62.07
1576 57.48 9.47 101.51 34.79 47.64
1577 57.68 54.83 150.09 71.50 79.04
1578 57.57 12.48 117.31 35.38 51.17
1579 57.59 34.71 135.79 46.01 66.51
1580 57.80 37.00 133.38 50.74 67.64
1581 57.64 27.48 133.78 57.00 65.12
1582 57.69 60.90 147.87 73.77 85.77
1583 57.82 89.12 80.40 56.98 57.80
1584 57.97 92.98 40.99 22.26 26.01
1585 57.75 15.29 120.13 41.89 55.29
1586 57.84 18.18 118.60 48.97 59.00
1587 57.77 71.58 127.58 62.48 82.78
1588 57.63 80.07 107.04 44.14 75.61
1589 57.95 65.02 138.95 77.33 84.82
1590 57.87 41.22 128.78 58.01 65.18
1591 57.92 76.16 121.11 50.94 82.61
1592 58.03 32.57 129.76 49.94 64.49
1593 57.99 45.85 125.72 56.43 71.93
1594 57.87 57.13 145.08 89.29 77.91
1595 57.89 84.35 99.56 71.27 65.65
1596 58.21 5.10 39.78 16.63 18.47
1597 58.05 22.72 122.74 60.45 61.90
1598 58.13 62.84 143.30 90.51 79.20
1599 58.02 79.10 114.24 50.86 77.54
1600 58.19 29.65 126.76 55.82 61.30
1601 58.23 73.51 122.64 55.77 73.82
1602 58.39 7.47 69.70 30.34 33.71
1603 58.25 48.69 137.11 78.89 85.49
1604 58.30 50.96 137.63 73.95 79.32
1605 58.24 69.31 129.44 69.33 78.06
1606 58.28 43.48 119.96 59.18 71.62
1607 58.48 20.56 113.21 57.80 61.77
1608 58.50 38.92 115.30 48.52 63.56
1609 58.50 53.07 126.17 63.74 74.01
1610 58.53 82.28 99.57 65.93 65.35
1611 58.59 10.38 95.06 36.70 47.82
1612 58.56 59.12 137.64 77.97 68.51
1613 58.67 90.73 61.74 45.72 41.81
1614 58.59 67.12 126.25 68.28 85.75
1615 58.62 35.40 122.35 45.58 66.33
1616 58.80 13.14 99.90 36.49 52.65
1617 58.81 86.97 81.55 62.65 62.60
1618 58.77 27.19 118.39 62.95 60.46
1619 58.93 77.58 109.14 53.68 70.43
1620 58.80 24.84 115.62 64.87 59.09
1621 58.79 56.37 124.36 91.10 70.37
1622 58.93 15.79 98.96 38.44 61.98
1623 58.97 61.24 124.93 76.89 76.50
1624 58.98 31.18 105.04 42.18 58.82
1625 58.93 41.26 100.03 51.64 70.95
1626 58.99 18.14 102.76 45.69 64.85
1627 59.04 70.78 110.22 61.53 76.46
1628 59.03 80.12 103.36 56.22 67.89
1629 59.16 47.61 113.43 51.91 75.85
1630 59.07 75.32 107.54 49.33 66.98
1631 59.11 45.45 110.93 47.86 73.88
1632 59.33 33.23 102.17 35.39 62.75
1633 59.13 63.77 120.27 69.62 77.01
1634 59.44 37.38 98.53 42.21 74.35
1635 59.31 54.49 110.80 66.89 75.42
1636 59.27 50.02 111.91 51.00 73.15
1637 59.33 93.29 32.84 28.80 22.98
1638 59.32 22.35 89.08 58.75 62.88
1639 59.35 43.27 107.39 47.54 73.06
1640 59.45 84.67 84.47 62.57 59.11
1641 59.47 29.12 95.17 36.11 59.87
1642 59.50 65.89 107.60 63.01 80.40
1643 59.50 72.90 110.46 52.61 69.22
1644 59.51 58.16 114.33 73.70 71.62
1645 59.59 89.00 65.70 52.32 50.99
1646 59.61 6.33 48.63 20.76 26.86
1647 59.53 20.45 91.71 45.93 62.92
1648 59.60 52.27 109.84 60.30 70.60
1649 59.70 23.84 83.57 55.07 59.56
1650 59.61 68.51 107.58 61.20 76.66
1651 59.69 8.69 60.13 25.37 44.81
1652 59.59 39.47 90.77 47.34 67.36
1653 59.79 11.43 71.93 27.10 49.32
1654 59.69 35.33 95.08 40.12 66.13
1655 59.92 82.34 86.40 53.52 70.88
1656 59.95 26.61 90.58 42.17 66.74
1657 60.04 59.82 104.67 58.00 77.10
1658 60.00 62.00 101.84 58.13 77.25
1659 59.93 14.30 79.95 26.83 59.88
1660 60.05 17.30 79.59 27.93 68.86
1661 60.03 56.33 94.01 55.34 78.53
1662 60.18 86.90 68.82 51.12 70.91
1663 60.22 44.14 73.76 35.93 83.08
1664 60.16 74.76 100.74 44.58 72.63
1665 60.07 77.73 92.08 45.98 69.28
1666 60.32 91.29 43.92 42.43 35.52
1667 60.20 46.26 80.80 37.97 78.59
1668 60.05 48.97 86.15 40.40 82.60
1669 60.11 79.49 94.24 51.49 74.20
1670 60.22 31.25 79.56 32.33 62.39
1671 60.02 40.64 57.08 25.58 88.92
1672 60.23 70.98 95.69 56.03 77.43
1673 60.29 41.76 85.05 39.06 70.74
1674 60.41 64.38 87.28 45.24 89.94
1675 60.29 76.55 90.83 47.22 71.02
1676 60.48 50.68 79.58 43.72 83.90
1677 60.45 53.88 92.20 54.69 77.25
1678 60.55 66.81 82.53 45.29 83.01
1679 60.53 19.31 65.53 27.39 73.42
1680 60.65 93.48 25.40 21.34 18.23
1681 60.54 28.77 73.42 31.14 66.32
1682 60.49 16.07 57.96 22.50 77.86
1683 60.52 22.22 65.36 29.03 59.71
1684 60.66 33.37 69.92 32.10 68.30
1685 60.57 85.04 75.09 51.52 68.58
1686 60.45 36.71 61.97 24.35 83.46
1687 60.75 10.23 54.54 20.49 48.40
1688 60.70 69.08 88.28 42.62 70.15
1689 60.69 48.54 57.21 29.19 82.47
1690 60.78 6.97 36.00 12.33 39.34
1691 60.72 25.34 65.48 29.26 56.33
1692 60.79 35.25 62.75 29.41 73.38
1693 60.90 57.84 80.06 44.21 67.82
1694 60.87 73.09 92.45 42.36 70.53
1695 60.81 89.56 48.06 37.73 64.62
1696 60.88 12.80 60.45 19.57 54.79
1697 61.04 80.49 76.38 44.33 72.75
1698 60.80 14.60 54.07 18.28 65.86
1699 60.79 11.69 51.25 15.44 64.44
1700 60.98 62.00 75.63 38.43 83.14
1701 61.04 82.86 74.01 47.89 75.17
1702 60.96 55.90 79.13 43.06 79.94
1703 61.18 37.44 57.18 29.64 83.36
1704 61.00 59.95 79.87 38.83 75.99
1705 60.98 27.51 46.20 18.48 66.20
1706 61.40 45.74 57.62 36.50 93.88
1707 61.13 31.92 52.17 28.14 72.17
1708 61.21 51.64 66.42 46.65 89.88
1709 61.06 47.18 67.43 45.71 88.86
1710 61.51 71.21 72.72 41.27 83.09
1711 61.36 75.82 80.80 34.03 76.41
1712 61.23 78.33 77.27 33.73 76.89
1713 61.26 62.84 68.10 34.00 83.72
1714 61.20 11.48 35.43 15.29 65.57
1715 61.43 16.19 53.93 23.64 65.60
1716 61.38 54.10 55.08 33.90 95.40
1717 61.23 26.21 47.14 24.57 70.00
1718 61.42 64.10 76.25 42.45 85.11
1719 61.40 86.39 56.02 41.72 68.94
1720 61.48 14.45 40.68 16.02 58.39
1721 61.52 47.56 49.20 30.37 82.22
1722 61.76 66.08 61.02 35.43 99.09
1723 61.70 92.01 29.03 20.99 32.26
1724 61.68 39.24 47.11 31.18 78.13
1725 61.68 22.37 47.47 21.84 59.92
1726 61.53 12.14 36.06 15.88 57.06
1727 61.80 7.86 31.07 11.18 42.89
1728 61.93 10.09 34.93 14.42 57.32
1729 61.70 33.21 35.51 24.49 84.28
1730 61.86 56.59 51.81 32.77 84.11
1731 61.74 59.15 49.52 27.90 83.38
1732 61.77 67.88 67.03 40.50 87.80
1733 62.13 36.18 41.44 30.33 74.77
1734 61.80 41.05 45.86 32.31 71.79
1735 62.01 77.98 58.16 28.05 80.17
1736 61.90 20.69 41.53 20.47 64.79
1737 61.92 26.21 39.98 23.37 65.04
1738 61.89 31.60 42.60 31.65 72.95
1739 62.15 83.47 51.86 37.90 77.25
1740 61.97 44.58 34.98 24.45 81.08
1741 62.05 69.52 54.04 31.84 94.55
1742 62.05 87.68 38.94 30.82 68.08
1743 61.92 48.46 24.50 15.40 89.40
1744 62.07 53.58 43.76 33.67 102.88
1745 62.02 17.10 34.28 19.22 66.53
1746 62.06 79.80 63.12 32.88 73.28
1747 62.13 12.01 42.65 19.00 53.84
1748 62.21 27.97 32.15 23.80 71.26
1749 62.28 81.68 54.10 32.80 82.77
1750 62.32 89.73 30.66 23.41 60.81
1751 62.36 13.66 39.34 17.85 56.75
1752 62.60 47.98 34.96 34.36 78.58
1753 62.21 14.82 39.50 18.07 54.36
1754 62.24 60.51 50.59 27.00 88.35
1755 62.68 64.02 44.30 30.88 82.81
1756 62.24 75.51 66.00 37.87 75.84
1757 62.42 42.21 39.51 35.58 83.82
1758 62.33 68.55 45.40 29.55 95.25
1759 62.70 16.44 28.92 17.64 59.12
1760 62.62 38.65 32.61 33.02 76.50
1761 62.55 84.88 59.58 41.51 83.82
1762 62.42 31.31 32.50 24.58 70.42
1763 62.67 71.10 55.80 39.82 84.77
1764 62.91 86.98 36.63 25.74 73.86
1765 62.60 19.49 34.65 22.71 63.86
1766 62.69 61.45 46.12 31.47 95.73
1767 62.71 93.28 16.35 8.24 21.33
1768 62.61 44.43 39.63 37.15 81.51
1769 62.65 54.41 44.80 41.40 100.80
1770 62.57 57.53 42.50 30.12 80.50
1771 62.73 12.43 25.06 14.12 49.24
1772 62.71 56.67 47.26 43.68 84.26
1773 63.20 80.86 44.78 28.56 82.90
1774 63.11 68.18 43.27 37.24 102.09
1775 63.11 73.24 45.43 33.24 88.71
1776 63.02 36.44 31.31 38.05 79.77
1777 62.93 89.38 27.68 22.24 60.85
1778 63.23 52.41 28.18 40.75 83.99
1779 63.00 58.98 37.99 31.64 88.26
1780 63.15 9.53 23.59 12.73 47.61
1781 62.87 83.75 56.20 42.40 83.90
1782 63.08 27.31 23.75 27.09 70.07
1783 63.09 15.42 29.00 21.70 57.13
1784 63.38 28.90 24.54 28.38 76.04
1785 63.24 41.48 27.94 36.76 83.87
1786 63.14 55.53 35.63 37.47 92.43
1787 63.11 53.74 33.42 32.08 90.33
1788 63.38 11.15 29.62 19.39 51.12
1789 63.27 18.93 26.76 27.91 60.00
1790 63.41 20.75 23.57 27.46 62.30
1791 63.52 70.19 38.19 31.56 89.03
1792 63.52 43.97 28.16 41.77 95.80
1793 63.36 64.89 45.12 46.53 92.50
1794 63.31 23.36 24.57 26.29 67.38
1795 63.48 83.55 42.75 32.17 78.56
1796 63.45 17.67 27.18 22.18 65.75
1797 63.83 35.32 24.99 41.72 88.66
1798 63.31 56.75 32.20 30.60 82.60
1799 63.53 24.77 27.88 42.98 69.06
1800 63.58 13.88 27.18 26.42 54.12
1801 63.60 30.64 28.53 41.50 71.53
1802 63.60 33.57 23.17 25.20 76.94
1803 63.66 47.90 24.27 41.65 79.92
1804 63.69 75.91 40.94 28.43 90.46
1805 63.64 12.50 23.68 22.10 55.16
1806 63.74 71.93 38.59 30.61 98.76
1807 63.84 78.29 45.09 33.16 92.61
1808 63.72 89.36 24.21 18.62 69.43
1809 63.76 16.11 26.11 23.26 57.74
1810 63.77 58.40 30.71 39.50 88.19
1811 63.71 91.34 17.69 12.25 37.27
1812 63.79 26.85 24.80 33.34 70.83
1813 63.85 57.00 32.19 49.43 82.81
1814 63.95 39.76 23.07 53.02 80.09
1815 64.10 37.89 22.96 46.90 93.72
1816 63.99 23.39 20.78 33.43 72.46
1817 64.12 46.55 26.82 67.70 81.62
1818 64.03 21.67 22.26 34.90 70.10
1819 63.88 18.56 28.07 33.36 62.50
1820 64.20 42.11 23.63 59.81 103.37
1821 64.07 85.09 29.13 22.53 82.11
1822 64.33 80.81 38.91 24.96 82.39
1823 64.40 83.34 34.16 21.86 82.03
1824 64.39 8.09 13.83 17.36 39.46
1825 64.22 61.90 27.00 44.49 95.31
1826 64.25 73.49 40.94 38.84 89.22
1827 64.30 25.15 19.15 34.57 71.40
1828 64.22 10.73 20.68 23.97 52.88
1829 64.29 65.03 30.14 53.31 92.17
1830 64.29 55.15 26.23 51.65 104.29
1831 64.47 67.10 28.43 43.79 87.34
1832 64.38 75.45 41.11 33.32 88.73
1833 64.58 14.77 20.61 30.40 56.96
1834 64.41 17.26 17.35 29.02 66.18
1835 64.47 28.96 23.54 38.33 72.18
1836 64.26 18.65 20.00 26.70 68.40
1837 64.30 27.82 21.69 39.25 74.19
1838 64.44 32.95 22.12 47.67 83.02
1839 64.48 19.91 19.55 40.87 66.21
1840 64.50 68.94 32.40 43.27 86.60
1841 64.72 48.76 21.47 64.50 107.97
1842 64.68 77.00 30.30 27.75 88.57
1843 64.53 50.36 23.12 67.04 90.24
1844 64.80 51.94 22.47 58.44 101.91
1845 64.71 78.80 34.32 31.90 84.52
1846 64.97 85.37 28.56 22.48 73.72
1847 64.98 56.65 19.81 68.54 101.76
1848 64.97 23.52 18.54 37.72 79.15
1849 64.75 87.63 29.71 23.67 76.57
1850 64.82 92.33 10.71 6.00 26.16
1851 64.87 10.20 12.81 23.97 59.78
1852 64.99 62.93 25.00 53.56 112.06
1853 65.08 36.63 20.82 68.51 119.68
1854 64.85 40.47 16.83 52.33 98.21
1855 65.06 44.16 20.15 65.43 118.04
1856 65.04 46.85 21.18 63.80 102.10
1857 65.09 72.40 30.38 36.95 91.65
1858 64.90 80.17 35.50 28.83 83.22
1859 65.20 41.78 20.44 76.63 110.88
1860 65.05 74.47 29.36 34.73 87.95
1861 65.07 25.54 21.27 42.73 78.40
1862 65.07 66.72 29.16 64.89 89.00
1863 65.22 89.55 18.16 14.80 59.98
1864 65.51 19.84 16.06 40.55 81.28
1865 65.43 34.71 19.40 62.39 113.07
1866 65.61 32.40 18.11 61.52 123.38
1867 65.18 45.70 19.53 62.53 102.00
1868 65.35 64.92 24.15 62.45 100.86
1869 65.46 8.78 11.10 24.17 57.30
1870 65.56 21.91 16.84 46.83 102.06
1871 65.39 68.61 24.39 54.11 88.12
1872 65.43 6.91 10.02 26.19 31.63
1873 65.53 75.48 26.25 34.47 88.68
1874 65.34 87.42 17.64 14.52 69.73
1875 65.39 58.45 19.91 81.20 121.98
1876 65.43 83.26 27.20 23.20 71.22
1877 65.39 15.58 16.88 32.21 68.26
1878 65.60 24.96 17.70 48.56 102.75
1879 65.68 50.31 19.37 76.34 120.09
1880 65.59 30.70 20.10 58.02 109.85
1881 65.58 77.22 28.44 33.75 85.23
1882 65.57 79.12 26.38 29.74 83.94
1883 65.71 18.21 16.31 40.02 78.78
1884 65.59 60.74 22.61 71.69 115.72
1885 65.40 73.90 33.00 42.89 89.56
1886 65.63 12.15 15.54 36.09 63.73
1887 65.80 48.31 19.16 60.95 125.58
1888 65.81 81.15 25.85 24.68 75.03
1889 65.92 62.64 21.30 68.40 121.88
1890 65.97 16.57 16.20 41.80 90.10
1891 65.97 52.54 20.41 73.28 123.17
1892 65.95 40.00 17.35 59.12 129.39
1893 66.04 42.63 17.78 73.57 136.27
1894 65.91 45.49 18.98 63.90 125.27
1895 66.06 85.11 25.06 24.09 72.41
1896 66.00 87.42 22.73 26.04 78.73
1897 65.91 89.06 18.18 21.61 65.34
1898 66.45 28.69 15.49 52.33 136.09
1899 66.17 67.30 21.02 54.38 101.38
1900 66.01 91.61 10.21 7.59 32.13
1901 66.18 47.03 18.37 67.94 136.74
1902 66.30 59.60 19.36 80.75 147.08
1903 66.08 72.59 23.40 52.86 92.02
1904 66.12 83.80 24.72 32.83 80.10
1905 66.38 57.43 17.97 60.74 150.82
1906 66.02 90.28 13.80 19.50 49.30
1907 66.18 82.52 22.59 24.55 73.91
1908 66.25 44.43 18.24 65.29 134.00
1909 66.32 9.01 10.65 26.28 66.08
1910 66.34 13.82 14.00 37.79 88.05
1911 66.39 64.54 20.01 74.99 135.54
1912 66.37 35.84 15.56 60.52 132.50
1913 66.40 55.44 18.89 71.77 146.02
1914 66.23 86.24 23.15 26.08 70.85
1915 66.54 12.17 12.70 32.40 80.89
1916 66.44 33.68 15.04 56.63 144.92
1917 66.28 75.11 20.62 42.25 100.62
1918 66.53 77.31 23.00 45.28 81.54
1919 66.52 20.41 14.61 41.16 125.31
1920 66.42 37.56 16.98 67.74 137.61
1921 66.58 40.62 18.34 68.77 151.11
1922 66.50 89.85 12.69 13.58 56.38
1923 66.45 91.39 9.33 8.13 27.67
1924 66.60 88.17 17.75 21.96 70.29
1925 66.89 21.68 14.80 46.37 131.37
1926 66.89 51.21 16.49 74.27 157.34
1927 66.62 17.04 12.52 30.00 94.26
1928 66.81 18.64 13.83 47.37 114.37
1929 66.97 53.56 19.21 74.70 172.87
1930 66.83 68.86 21.03 59.15 100.88
1931 66.70 10.14 12.52 28.55 73.93
1932 66.88 49.13 16.75 78.69 156.94
1933 66.99 62.13 18.88 69.80 138.75
1934 66.77 73.21 22.47 55.84 94.89
1935 66.77 75.12 23.00 57.75 91.37
1936 66.59 83.41 22.14 28.29 85.86
1937 66.70 86.51 15.04 19.70 70.35
1938 66.85 38.87 15.35 62.80 157.51
1939 67.05 80.28 20.30 37.32 76.11
1940 66.70 61.01 16.64 53.09 150.09
1941 66.90 26.40 15.63 48.97 134.65
1942 66.96 35.09 15.16 73.34 139.59
1943 66.87 43.27 15.61 52.94 152.39
1944 66.92 84.47 16.12 24.52 74.02
1945 67.11 24.71 14.86 51.07 128.81
1946 67.03 41.95 16.21 69.52 153.87
1947 67.33 44.30 15.52 72.39 152.95
1948 67.05 46.52 17.67 73.80 137.21
1949 66.93 89.08 12.29 20.71 57.95
1950 66.89 16.19 11.62 34.62 112.75
1951 67.11 33.05 15.07 59.43 140.91
1952 67.41 15.70 12.94 34.22 114.01
1953 67.14 23.54 15.66 48.47 125.78
1954 67.29 90.58 10.58 15.81 29.72
1955 67.23 11.70 11.68 25.56 90.08
1956 67.42 71.37 19.30 66.90 108.62
1957 67.09 36.38 14.75 60.25 150.75
1958 67.39 55.70 15.69 70.89 172.96
1959 67.35 64.90 18.48 74.20 150.01
1960 67.33 67.35 18.02 62.43 115.02
1961 67.28 86.69 16.59 37.05 71.80
1962 67.59 58.17 15.80 66.61 169.73
1963 67.60 30.28 14.44 45.62 144.35
1964 67.61 36.67 16.03 65.42 151.11
1965 67.72 9.80 9.42 22.72 87.89
1966 67.81 19.82 13.68 35.03 126.82
1967 67.75 73.06 17.38 69.95 101.89
1968 67.54 84.71 18.67 38.64 75.11
1969 67.50 38.59 14.35 56.24 162.12
1970 67.80 13.14 11.46 27.96 101.40
1971 67.58 27.97 14.75 46.73 132.05
1972 67.60 77.20 20.44 54.66 77.91
1973 67.73 88.27 13.15 33.31 64.16
1974 67.71 78.89 18.25 46.70 75.04
1975 67.86 40.52 14.94 56.81 158.04
1976 68.02 22.41 12.38 42.71 129.54
1977 68.04 33.57 12.92 43.83 136.16
1978 67.85 47.68 15.46 64.10 166.31
1979 68.05 52.17 14.53 67.34 178.55
1980 68.01 49.76 15.56 69.21 183.27
1981 67.87 83.44 17.45 40.78 80.69
1982 67.90 90.05 10.47 20.42 31.79
1983 67.91 26.80 12.08 36.37 121.21
1984 67.86 45.80 14.85 66.03 158.97
1985 68.08 86.50 12.95 32.74 72.57
1986 68.04 80.67 18.00 50.00 74.83
1987 67.88 16.90 13.06 24.88 128.94
1988 68.14 43.02 14.61 54.25 153.32
1989 68.22 63.56 16.09 76.88 148.77
1990 68.29 24.57 12.53 43.00 121.50
1991 68.29 65.82 16.46 69.07 134.94
1992 68.04 11.44 11.20 32.87 88.33
1993 68.27 54.34 14.51 72.57 159.85
1994 68.20 76.23 16.74 53.50 95.67
1995 68.62 8.51 7.65 18.00 78.04
1996 68.38 61.26 15.36 68.90 168.14
1997 68.63 31.66 12.84 44.97 138.23
1998 68.18 35.67 13.55 41.35 162.30
1999 68.41 17.65 12.20 34.89 124.66
2000 68.48 38.60 13.53 60.12 145.96
2001 68.45 69.56 17.23 68.35 121.81
2002 68.54 71.61 15.83 71.71 125.72
2003 68.71 29.11 12.63 34.56 136.62
2004 68.44 45.44 15.16 68.16 159.81
2005 68.56 56.60 14.25 59.51 163.36
2006 68.67 58.77 14.15 63.24 161.21
2007 68.72 25.99 12.90 39.61 123.31
2008 68.43 74.08 15.78 63.65 116.74
2009 68.51 23.52 12.90 33.25 121.20
2010 68.85 15.55 11.11 28.33 94.12
2011 68.46 47.80 15.38 61.85 167.08
2012 68.84 67.42 14.50 61.67 140.06
2013 68.67 89.30 9.51 26.35 36.86
2014 68.80 35.98 13.11 47.51 152.19
2015 68.66 82.87 14.10 45.65 72.22
2016 69.03 41.33 12.90 47.03 154.47
2017 68.88 75.11 16.78 65.71 115.20
2018 68.89 80.13 14.35 60.56 85.33
2019 68.86 86.11 13.25 43.22 79.93
2020 69.08 11.41 9.34 23.29 93.38
2021 68.94 84.25 14.15 39.82 74.56
2022 69.16 19.66 11.64 27.22 126.65
2023 69.20 48.52 13.23 47.79 165.77
2024 69.14 50.90 13.13 49.50 176.52
2025 69.04 22.54 11.30 33.70 114.85
2026 69.26 44.19 13.81 54.89 149.09
2027 69.08 46.60 12.25 57.84 169.82
2028 69.06 53.03 14.24 52.90 160.40
2029 69.23 62.83 15.38 67.04 168.51
2030 69.42 73.52 14.82 66.59 128.56
2031 69.43 65.05 14.71 62.31 151.90
2032 69.39 33.12 12.04 41.56 125.69
2033 69.40 69.59 14.87 65.06 141.40
2034 69.38 55.79 13.31 58.31 155.62
2035 69.49 60.78 13.39 66.84 157.83
2036 69.27 71.88 14.67 67.64 130.52
2037 69.29 25.29 10.50 39.33 110.72
2038 69.36 34.78 11.74 32.85 147.47
2039 69.45 82.82 12.59 50.17 90.15
2040 69.35 18.23 11.00 27.86 118.14
2041 69.52 53.91 12.95 51.23 163.92
2042 69.71 21.58 11.49 25.51 110.03
2043 69.73 24.29 12.13 32.44 105.74
2044 69.88 87.08 9.97 33.76 79.75
2045 69.62 17.15 10.98 26.82 107.50
2046 69.53 27.57 11.14 35.37 111.49
2047 69.78 39.51 12.03 44.73 130.37
2048 69.69 46.06 13.85 38.88 156.64
2049 69.69 57.79 12.94 39.03 146.45
2050 69.97 76.07 13.18 62.05 128.53
2051 69.85 30.41 11.83 36.25 102.94
2052 69.71 84.79 12.05 44.30 100.75
2053 69.86 58.97 13.36 55.62 147.54
2054 69.90 9.33 7.24 16.10 71.98
2055 70.18 14.16 9.72 25.02 89.00
2056 69.84 79.82 13.23 53.88 117.33
2057 70.07 67.40 13.41 61.45 163.71
2058 70.03 78.29 13.82 60.74 126.47
2059 70.08 35.67 12.44 37.35 121.68
2060 70.14 51.95 12.27 53.78 145.62
2061 70.25 49.56 13.11 46.79 153.45
2062 70.03 18.30 10.91 22.61 86.70
2063 70.32 71.74 13.12 54.31 150.96
2064 70.49 11.66 8.82 24.04 75.67
2065 70.34 62.82 13.57 62.65 154.58
2066 70.33 82.78 12.47 47.72 110.62
2067 70.22 27.85 11.84 29.27 102.11
2068 70.39 47.11 12.86 48.53 139.94
2069 70.44 54.32 13.33 49.00 148.42
2070 70.32 56.78 12.50 53.42 141.00
2071 70.29 42.21 12.27 46.46 134.44
2072 70.42 44.67 12.06 51.41 135.58
2073 70.30 37.84 12.41 47.61 104.63
2074 70.56 64.73 13.14 68.70 157.56
2075 70.48 84.32 10.69 52.69 101.89
2076 70.60 69.44 13.37 57.42 163.79
2077 70.55 73.90 13.64 61.97 135.72
2078 70.32 31.57 12.50 28.80 101.40
2079 70.87 34.16 11.93 36.97 95.23
2080 70.68 60.58 12.54 55.76 137.30
2081 70.73 22.59 10.58 33.39 80.97
2082 70.42 21.86 9.83 29.67 86.67
2083 70.70 65.97 12.56 62.22 156.78
2084 70.96 28.91 11.17 38.38 82.34
2085 70.66 30.19 11.78 38.67 80.89
2086 70.69 40.08 11.60 46.27 119.60
2087 70.90 32.30 11.52 32.98 93.49
2088 70.97 77.13 12.90 61.87 140.53
2089 70.80 26.64 11.57 40.86 90.50
2090 71.31 80.49 11.27 53.42 121.99
2091 71.10 85.83 9.33 39.71 99.29
2092 71.11 87.47 7.24 25.00 66.31
2093 71.03 19.29 10.58 25.33 72.00
2094 71.19 58.32 11.84 51.94 130.86
2095 70.98 25.13 11.07 34.14 79.57
2096 71.24 42.36 11.53 47.44 113.12
2097 71.23 52.45 11.62 54.44 131.88
2098 71.31 55.99 12.58 50.75 131.51
2099 71.10 10.47 7.14 12.65 55.41
2100 70.96 17.86 10.42 26.81 75.15
2101 70.99 50.74 12.47 48.58 140.10
2102 71.14 78.73 13.61 61.24 123.54
2103 71.37 89.29 5.49 13.51 31.30
2104 71.20 13.23 8.00 22.77 71.43
2105 71.22 30.65 12.11 40.75 77.48
2106 71.49 67.39 12.80 54.35 157.64
2107 71.53 46.10 12.25 52.53 111.50
2108 71.55 47.90 11.27 46.90 105.75
2109 71.33 63.01 12.59 64.99 133.18
2110 71.48 84.02 9.44 46.33 109.86
2111 71.26 27.80 10.70 33.90 86.35
2112 71.55 72.56 12.85 53.75 136.99
2113 71.62 15.50 9.79 27.44 72.96
2114 71.38 37.34 11.67 37.20 87.50
2115 71.60 70.23 11.66 48.92 149.87
2116 71.58 50.27 11.98 52.38 126.84
2117 71.49 35.67 11.73 38.27 87.86
2118 71.77 44.07 11.52 52.19 102.01
2119 71.87 54.16 11.92 49.15 109.53
2120 71.63 17.22 9.74 36.00 67.61
2121 71.50 20.98 10.46 38.71 62.78
2122 71.61 82.61 10.68 61.56 117.75
2123 71.73 65.23 12.72 57.41 142.27
2124 71.78 75.35 12.10 51.58 137.74
2125 71.75 26.17 11.08 44.09 77.04
2126 71.73 60.80 11.26 57.64 118.76
2127 71.90 38.53 12.15 42.18 80.40
2128 71.79 23.36 10.66 45.47 68.67
2129 71.63 24.57 10.71 45.29 72.43
2130 71.83 11.45 8.52 23.61 57.98
2131 71.69 14.08 10.50 20.67 68.50
2132 71.87 33.96 10.62 40.90 74.85
2133 72.20 78.31 10.84 59.81 137.80
2134 72.13 28.58 10.68 38.07 67.98
2135 72.13 40.51 11.60 52.32 86.15
2136 72.02 85.68 8.47 39.98 109.13
2137 72.06 29.99 11.91 34.94 68.34
2138 72.08 88.36 5.36 19.27 42.41
2139 72.38 18.74 10.28 36.26 58.29
2140 72.23 51.51 11.73 54.32 95.58
2141 72.44 56.37 11.68 48.34 101.82
2142 72.11 49.48 12.14 53.86 96.29
2143 72.27 63.35 11.89 62.32 126.55
2144 72.49 81.98 9.57 43.44 137.85
2145 72.36 16.45 10.26 26.86 57.21
2146 72.65 68.78 11.63 39.04 128.36
2147 72.37 31.66 11.44 35.06 66.68
2148 72.41 86.96 7.07 25.93 79.00
2149 72.61 49.17 11.78 53.72 82.92
2150 72.48 47.02 10.67 55.50 89.93
2151 72.56 34.26 10.95 39.56 68.05
2152 72.63 73.69 11.56 48.78 132.61
2153 72.49 11.17 7.50 22.68 46.30
2154 72.58 23.28 10.55 32.59 60.08
2155 72.50 80.39 10.23 54.45 138.03
2156 72.63 36.44 11.25 42.04 65.04
2157 72.77 61.53 11.41 58.85 99.96
2158 72.49 41.36 11.25 38.25 84.42
2159 72.61 64.22 12.16 58.42 118.00
2160 72.63 66.69 11.33 46.98 115.40
2161 72.67 71.28 11.54 46.59 127.33
2162 72.75 76.27 12.39 51.56 129.53
2163 72.62 84.44 8.90 28.50 118.83
2164 72.70 43.22 11.16 48.54 81.35
2165 72.88 21.93 9.67 35.85 56.08
2166 72.70 88.57 4.45 15.12 35.03
2167 72.55 27.65 8.50 28.50 70.00
2168 73.01 39.28 10.88 50.84 68.63
2169 73.10 54.02 11.64 51.56 87.96
2170 72.94 13.38 7.95 26.30 53.42
2171 73.07 27.63 10.28 41.38 57.79
2172 73.00 41.56 12.56 40.47 71.16
2173 73.30 59.49 11.38 60.80 88.30
2174 73.06 16.37 9.78 35.25 49.22
2175 73.23 31.95 11.03 43.92 64.44
2176 73.13 80.75 9.21 35.41 150.28
2177 73.18 46.78 12.11 41.82 77.71
2178 73.35 26.12 11.17 30.81 60.09
2179 73.26 57.75 10.97 61.46 81.74
2180 73.23 34.98 10.38 44.08 65.83
2181 73.15 78.34 10.24 42.29 133.35
2182 73.24 84.53 7.74 23.97 101.38
2183 73.31 56.64 10.94 56.12 84.12
2184 73.31 44.23 11.82 37.50 72.68
2185 73.53 63.48 11.36 56.06 97.68
2186 73.72 87.15 5.77 14.52 61.23
2187 73.68 45.92 10.66 48.50 69.68
2188 73.45 22.92 11.03 33.63 58.50
2189 73.72 72.77 10.95 40.14 120.60
2190 73.47 15.26 8.36 23.93 47.90
2191 73.52 36.07 11.45 33.16 62.50
2192 73.58 28.69 11.52 41.62 61.92
2193 73.53 41.27 10.56 46.80 67.76
2194 73.82 78.96 9.11 43.91 115.33
2195 73.60 17.87 9.57 30.13 50.33
2196 73.62 33.46 10.94 42.39 64.00
2197 73.91 52.51 10.81 52.67 77.30
2198 73.85 50.11 11.73 44.71 74.37
2199 73.76 67.33 10.99 47.04 97.85
2200 73.78 13.63 8.67 30.03 39.65
2201 73.62 55.67 11.21 52.03 85.24
2202 73.67 82.37 8.31 28.18 131.51
2203 73.56 37.37 12.38 45.12 63.25
2204 73.89 19.49 9.47 29.90 57.95
2205 73.93 76.39 10.49 39.47 110.79
2206 73.64 24.37 9.78 22.44 64.56
2207 73.70 39.59 12.14 43.11 67.26
2208 73.66 47.64 10.85 53.31 73.54
2209 74.05 65.31 10.84 50.80 92.92
2210 73.87 21.35 10.37 27.24 54.52
2211 73.74 34.45 9.72 40.68 67.48
2212 73.83 69.92 10.75 39.08 102.93
2213 74.08 61.65 11.12 57.02 87.85
2214 73.87 16.39 9.10 29.10 49.85
2215 74.01 38.05 10.66 36.18 67.64
2216 74.22 23.28 10.60 29.15 64.34
2217 73.96 25.02 10.65 30.35 70.90
2218 74.26 81.22 8.46 37.31 129.24
2219 74.21 84.05 7.06 26.18 98.49
2220 74.12 54.84 11.44 52.36 77.80
2221 74.22 26.24 10.60 25.74 65.17
2222 74.30 47.36 10.71 39.27 73.04
2223 74.33 57.36 11.65 68.51 82.82
2224 74.30 29.30 10.86 26.65 62.61
2225 74.38 59.55 10.63 63.85 86.87
2226 74.11 18.33 9.31 25.23 51.85
2227 74.41 27.75 11.00 25.30 64.36
2228 74.24 17.41 8.76 30.65 46.00
2229 74.82 34.43 11.43 28.06 71.11
2230 74.54 15.53 8.23 23.72 46.60
2231 74.41 39.27 10.93 31.07 63.39
2232 74.62 44.06 10.98 33.64 72.80
2233 74.34 68.33 10.05 49.45 82.00
2234 74.30 70.59 8.80 34.80 91.87
2235 74.38 32.04 10.40 34.13 72.93
2236 74.76 74.56 9.91 44.48 97.74
2237 74.54 48.84 10.73 49.09 69.36
2238 74.53 51.10 10.74 41.07 71.17
2239 74.85 85.41 6.09 14.12 65.65
2240 74.92 32.61 11.35 25.43 65.04
2241 74.78 71.39 9.83 39.88 82.71
2242 74.51 19.45 10.54 27.46 55.31
2243 74.65 24.91 11.00 21.59 67.44
2244 75.17 76.75 8.00 39.96 95.05
2245 74.79 79.18 8.78 37.42 114.50
2246 75.00 16.81 9.02 19.43 45.96
2247 74.93 41.83 11.18 25.23 72.46
2248 74.87 65.83 11.09 46.74 78.74
2249 74.76 21.77 9.94 21.20 58.29
2250 74.91 56.35 10.66 43.87 75.63
2251 74.92 67.60 10.66 47.83 77.17
2252 75.01 37.44 11.16 23.73 73.86
2253 74.90 12.75 6.50 17.80 39.70
2254 75.25 18.78 9.40 22.29 50.87
2255 75.16 61.84 10.72 57.22 71.63
2256 75.10 20.12 9.89 17.59 60.70
2257 74.99 23.54 10.00 24.20 57.20
2258 75.13 58.63 10.70 61.19 76.22
2259 75.32 80.15 8.61 34.85 99.95
2260 75.19 28.48 10.74 21.63 70.77
2261 75.30 51.39 10.59 45.90 77.72
2262 75.16 66.62 10.86 47.71 77.21
2263 75.13 68.71 9.71 49.41 69.59
2264 75.25 13.83 7.74 12.82 40.02
2265 75.47 49.69 11.01 32.53 84.62
2266 75.18 12.19 6.27 17.09 33.27
2267 75.33 30.02 10.20 20.49 71.92
2268 75.17 48.15 9.90 33.30 80.20
2269 75.45 22.85 9.80 18.67 63.61
2270 75.47 25.64 12.42 16.54 73.88
2271 75.39 38.86 10.74 21.58 91.52
2272 75.42 59.79 10.59 57.41 70.56
2273 75.66 55.46 10.88 36.88 73.63
2274 75.41 57.23 8.92 46.67 75.58
2275 75.44 81.35 7.12 27.50 93.31
2276 75.58 70.11 10.02 57.90 71.66
2277 75.73 46.77 10.21 29.72 91.65
2278 75.94 44.51 10.59 22.59 92.50
2279 75.61 64.04 10.71 44.31 64.55
2280 75.90 73.74 9.87 51.06 79.21
2281 75.74 40.49 10.77 24.57 85.46
2282 75.75 52.20 10.08 29.31 87.00
2283 75.78 84.89 5.88 15.64 55.62
2284 75.90 13.00 7.18 7.52 38.20
2285 75.88 71.61 10.28 51.43 71.52
2286 75.99 78.39 8.89 44.45 86.86
2287 75.70 74.43 9.00 59.67 90.67
2288 75.91 29.02 10.86 15.32 68.89
2289 76.23 62.48 10.21 53.82 71.87
2290 75.96 17.63 9.06 13.83 46.19
2291 75.81 36.01 9.80 22.20 82.20
2292 76.40 42.19 9.99 18.50 99.69
2293 76.01 26.87 11.92 14.67 71.92
2294 76.34 32.37 10.58 16.96 77.37
2295 75.97 75.05 9.00 56.45 79.85
2296 76.05 72.72 9.90 56.55 79.50
2297 76.13 35.35 10.70 14.62 78.49
2298 76.29 48.40 10.33 24.47 92.89
2299 76.18 24.35 9.36 16.13 78.72
2300 76.38 36.91 10.63 20.00 84.12
2301 76.25 65.34 10.39 45.81 67.46
2302 76.28 79.90 9.28 32.15 78.49
2303 76.37 68.81 9.45 51.71 64.24
2304 76.30 28.21 11.57 17.00 71.57
2305 76.41 52.49 10.72 31.56 104.50
2306 76.47 76.41 8.42 44.02 72.47
2307 76.46 20.87 10.56 12.25 70.92
2308 76.65 50.30 10.68 24.74 111.71
2309 76.69 81.33 7.07 25.75 65.26
2310 76.92 56.39 10.41 30.35 96.24
2311 76.52 60.96 11.59 45.94 71.94
2312 76.58 71.35 10.70 45.27 67.10
2313 76.70 46.38 11.35 15.26 95.63
2314 76.66 13.48 6.94 6.96 43.81
2315 77.08 53.97 11.06 25.67 113.41
2316 76.87 17.70 8.55 10.04 62.97
2317 76.81 38.50 9.86 16.32 99.14
2318 76.90 28.78 11.15 12.46 79.09
2319 76.89 70.28 9.85 49.85 65.27
2320 77.08 19.57 9.43 11.05 69.58
2321 76.82 47.62 10.33 22.22 97.22
2322 77.03 58.42 9.90 30.79 99.88
2323 76.92 29.83 11.12 13.06 82.59
2324 77.11 64.48 10.28 46.05 66.20
2325 77.09 75.74 8.62 41.45 66.66
2326 77.13 69.15 9.67 37.58 67.44
2327 77.20 26.67 11.33 14.73 85.52
2328 77.31 32.31 11.38 12.66 90.86
2329 77.20 72.80 9.66 39.87 67.16
2330 77.52 52.17 10.73 20.00 118.31
2331 77.34 61.92 10.57 41.02 81.96
2332 77.43 12.98 7.26 5.13 44.99
2333 77.45 22.45 9.74 13.41 87.88
2334 77.36 36.47 10.60 12.46 91.69
2335 77.27 60.48 9.15 41.54 92.23
2336 77.52 65.88 9.56 37.72 74.03
2337 77.41 71.60 8.61 45.29 63.50
2338 77.55 47.71 9.59 14.07 118.20
2339 77.65 49.32 10.26 13.33 118.22
2340 77.70 42.46 10.47 13.96 125.94
2341 77.70 59.51 10.81 25.19 107.88
2342 78.04 67.42 9.88 39.49 77.78
2343 77.77 15.59 8.32 7.08 65.76
2344 77.82 28.08 11.51 14.75 79.87
2345 77.87 56.26 9.54 22.78 129.10
2346 78.26 63.70 9.80 25.04 90.29
2347 78.04 81.44 6.59 32.14 46.99
2348 77.83 76.66 8.20 47.86 61.98
2349 77.93 78.21 7.92 41.19 58.15
2350 78.03 33.48 10.74 17.72 91.44
2351 77.95 57.54 10.54 19.35 121.96
2352 77.98 35.52 10.54 16.76 94.67
2353 77.87 36.90 10.22 18.22 111.56
2354 78.14 25.22 9.95 16.95 86.05
2355 77.91 32.40 12.83 18.67 93.00
2356 78.35 45.95 9.79 18.58 108.77
2357 78.14 79.62 7.39 30.66 55.46
2358 78.40 71.60 9.12 38.12 66.96
2359 78.45 13.90 7.24 6.67 46.02
2360 78.45 23.61 10.20 19.68 75.53
2361 78.39 54.59 10.47 17.08 122.11
2362 78.30 58.76 10.37 21.73 121.10
2363 78.33 74.90 8.17 41.42 59.59
2364 78.30 21.82 10.00 13.00 68.72
2365 78.55 38.35 10.90 17.80 101.48
2366 78.32 48.17 10.15 14.72 116.08
2367 78.70 20.07 8.84 14.71 59.60
2368 78.43 29.23 11.26 18.06 84.58
2369 78.51 15.53 7.21 10.61 54.00
2370 78.69 44.63 11.02 16.44 111.06
2371 78.69 50.52 9.44 15.19 118.07
2372 78.64 52.85 9.94 15.72 111.33
2373 78.60 57.01 9.94 16.88 136.47
2374 78.74 41.19 10.33 18.64 99.25
2375 78.80 34.41 10.18 19.93 87.75
2376 78.90 69.36 10.15 33.07 69.04
2377 78.77 31.49 10.85 20.73 93.69
2378 78.72 55.41 10.96 15.88 140.76
2379 79.22 28.65 10.35 29.43 92.16
2380 79.03 59.55 10.16 16.19 109.14
2381 79.04 81.94 6.06 26.64 27.40
2382 79.00 16.59 8.13 11.97 57.32
2383 79.43 22.11 9.79 23.39 66.85
2384 79.04 43.42 9.70 22.04 112.04
2385 79.10 47.85 10.73 16.26 102.70
2386 79.30 67.23 9.19 24.55 89.38
2387 78.96 14.52 7.50 9.67 51.83
2388 79.16 80.17 6.55 31.17 37.86
2389 79.38 18.17 8.47 21.60 57.91
2390 79.33 36.24 9.52 26.46 83.08
2391 79.42 56.52 10.23 13.21 133.41
2392 79.64 74.70 7.99 26.91 68.26
2393 79.35 62.66 9.96 18.85 101.38
2394 79.31 42.44 10.74 20.47 109.32
2395 79.37 71.23 10.28 27.89 71.26
2396 79.46 77.07 7.73 31.84 58.16
2397 79.47 54.13 10.51 14.77 136.08
2398 79.53 40.81 10.52 23.09 86.78
2399 79.70 45.94 10.69 26.32 100.03
2400 79.75 31.39 11.00 27.82 94.01
2401 79.50 61.25 10.19 15.81 106.61
2402 79.82 38.25 10.25 27.11 87.05
2403 79.56 43.77 10.08 30.08 88.20
2404 79.53 80.98 6.69 24.92 38.00
2405 79.70 15.61 8.00 12.65 54.20
2406 79.54 58.74 10.57 16.00 108.36
2407 79.52 33.98 8.75 23.50 87.00
2408 79.89 64.59 9.22 16.18 100.36
2409 79.80 33.28 9.69 25.78 79.28
2410 80.06 51.55 10.03 20.43 139.05
2411 79.85 72.76 8.48 28.11 65.87
2412 80.03 79.37 6.44 25.16 45.02
2413 80.38 24.16 10.11 32.46 64.07
2414 80.08 34.98 10.97 33.49 78.30
2415 79.99 48.66 10.00 22.55 113.27
2416 80.13 60.49 9.63 13.08 104.14
2417 80.05 55.52 11.02 16.02 140.07
2418 80.20 26.91 9.98 39.89 81.39
2419 80.18 40.48 9.71 34.96 85.39
2420 79.97 16.67 8.56 15.22 51.89
2421 80.11 50.37 10.65 17.26 131.91
2422 80.29 58.32 9.17 15.23 106.14
2423 80.27 43.55 10.08 32.62 81.51
2424 80.41 76.87 6.63 19.60 60.79
2425 80.08 62.23 9.78 14.11 101.33
2426 80.44 68.54 9.06 17.31 80.73
2427 80.33 28.56 10.88 32.02 79.66
2428 80.41 30.04 10.74 36.00 88.96
2429 80.85 16.23 8.13 20.93 45.18
2430 80.55 36.97 10.96 44.79 70.73
2431 80.43 54.18 10.05 15.42 130.74
2432 80.64 61.90 8.83 13.29 105.06
2433 80.61 47.28 9.80 31.83 112.11
2434 80.58 67.09 9.37 16.79 95.53
2435 80.61 14.97 6.71 12.00 40.94
2436 80.62 33.17 11.00 36.02 86.07
2437 80.59 70.24 8.91 19.22 71.12
2438 80.58 72.07 8.81 14.58 68.65
2439 80.82 18.39 7.86 25.00 51.02
2440 80.80 39.28 10.10 38.75 88.90
2441 80.82 64.99 9.15 13.04 101.59
2442 80.85 79.10 5.89 17.11 45.76
2443 80.93 26.79 10.51 39.91 68.09
2444 80.93 54.92 10.52 18.38 121.92
2445 81.19 75.28 7.12 16.13 79.45
2446 81.24 31.60 10.46 42.94 84.82
2447 81.10 44.61 10.15 43.61 85.11
2448 81.07 49.79 9.80 31.59 117.81
2449 81.13 35.29 11.28 48.02 73.84
2450 81.05 29.88 10.34 46.62 76.64
2451 81.00 59.80 9.32 15.24 100.15
2452 81.01 21.44 8.58 32.89 57.79
2453 81.12 40.83 13.21 37.05 93.24
2454 81.19 57.27 9.55 19.78 112.64
2455 81.05 73.45 7.83 13.37 86.57
2456 81.13 48.01 10.90 37.00 114.79
2457 80.94 58.27 11.86 19.57 113.71
2458 81.06 69.53 9.00 19.11 80.96
2459 81.19 67.56 8.93 14.93 101.15
2460 81.29 71.65 8.50 17.53 93.68
2461 81.39 20.14 8.68 32.60 55.87
2462 81.41 38.24 11.06 51.72 74.69
2463 81.41 25.42 9.80 38.02 60.87
2464 81.44 52.26 10.47 27.67 117.24
2465 81.33 63.87 10.48 12.22 119.87
2466 81.53 33.28 10.20 52.16 76.30
2467 81.57 62.29 9.50 14.78 121.27
2468 81.46 78.11 5.56 14.22 60.11
2469 81.39 65.83 9.29 13.50 104.36
2470 81.58 28.11 10.89 45.16 63.43
2471 81.52 60.26 10.00 13.76 95.24
2472 82.22 70.24 8.28 12.96 112.60
2473 81.53 72.84 9.78 14.11 104.44
2474 81.65 17.92 7.91 39.33 47.73
2475 81.79 56.13 11.18 31.29 131.98
2476 81.78 54.09 9.70 30.75 103.75
2477 81.95 65.25 9.26 14.11 108.39
2478 81.90 78.98 5.29 8.55 48.47
2479 81.83 26.93 11.47 36.05 67.58
2480 82.29 36.31 10.78 56.98 79.43
2481 81.86 40.52 10.26 56.90 66.06
2482 81.96 43.27 10.24 72.40 73.25
2483 82.19 73.32 7.74 12.64 102.03
2484 82.07 23.34 9.94 40.83 66.72
2485 82.22 49.68 10.18 47.89 107.21
2486 82.06 18.80 7.46 38.66 43.86
2487 82.22 45.34 10.84 61.69 84.77
2488 82.28 51.98 10.12 47.28 112.72
2489 82.36 25.90 10.21 45.82 72.52
2490 82.24 32.01 9.88 48.28 65.98
2491 82.24 61.03 9.82 20.92 91.26
2492 82.08 17.22 7.00 26.12 56.00
2493 82.30 75.32 6.85 10.35 107.38
2494 82.27 77.38 6.58 7.98 61.40
2495 82.15 34.68 9.50 57.70 89.20
2496 82.45 39.24 10.17 69.70 68.85
2497 82.58 58.56 9.99 23.75 98.90
2498 82.43 56.21 10.05 30.37 117.27
2499 82.59 33.91 10.98 60.91 72.66
2500 82.65 17.92 7.97 29.93 45.05
2501 82.71 66.31 9.40 14.20 107.86
2502 82.92 42.42 10.83 80.65 79.84
2503 82.78 20.25 8.97 40.86 50.97
2504 82.69 47.69 10.84 47.00 98.68
2505 82.71 76.31 5.85 9.15 80.20
2506 82.84 44.31 9.67 80.43 71.90
2507 83.05 64.40 9.30 21.17 105.96
2508 83.01 22.44 9.15 36.35 59.85
2509 83.45 28.71 10.19 47.95 71.35
2510 83.16 46.79 9.56 83.33 87.37
2511 83.16 54.68 10.22 41.26 94.00
2512 83.20 73.61 6.59 13.46 104.95
2513 83.41 51.97 10.24 61.36 101.54
2514 83.32 75.29 6.70 8.07 87.72
2515 83.43 39.79 10.63 79.07 74.87
2516 83.38 48.84 10.51 69.08 97.47
2517 83.66 26.19 9.90 50.51 67.49
2518 83.28 35.03 11.22 53.15 77.11
2519 83.42 36.30 10.27 56.24 72.35
2520 83.49 18.10 7.58 27.24 43.69
2521 83.47 57.92 10.23 38.02 81.65
2522 83.60 59.62 9.65 28.11 79.67
2523 83.46 44.86 10.47 67.00 78.88
2524 83.63 70.89 7.33 13.54 89.96
2525 83.82 34.30 11.06 55.28 87.54
2526 83.66 66.08 8.21 23.66 103.41
2527 83.85 69.30 7.78 20.57 92.79
2528 83.69 50.11 9.70 65.58 88.97
2529 83.84 32.26 11.25 44.79 76.82
2530 84.03 55.97 10.52 50.92 96.06
2531 83.78 43.97 10.57 67.43 96.50
2532 83.89 19.22 9.25 26.95 51.45
2533 84.33 53.72 9.60 63.58 100.06
2534 84.15 62.81 9.46 29.79 85.27
2535 84.31 41.90 10.00 69.63 105.28
2536 84.20 30.45 10.58 49.37 77.92
2537 84.14 58.14 10.17 39.07 86.43
2538 84.27 64.40 9.16 31.17 88.83
2539 84.27 72.81 6.07 13.53 100.84
2540 84.37 75.78 5.76 7.62 59.11
2541 84.26 20.97 7.21 30.77 55.17
2542 84.33 36.53 10.42 53.83 85.48
2543 84.38 38.60 11.54 67.31 94.43
2544 84.26 61.31 10.12 28.09 74.67
2545 84.28 43.84 10.89 78.29 109.23
2546 84.60 51.75 10.13 64.97 97.12
2547 84.54 23.01 9.04 37.96 71.47
2548 84.50 48.97 10.62 73.18 105.07
2549 84.63 70.37 6.90 22.07 96.81
2550 84.64 26.42 9.82 35.67 75.30
2551 84.57 31.70 10.12 53.88 86.56
2552 84.93 19.18 7.50 23.91 52.67
2553 84.86 28.46 9.97 42.01 82.04
2554 84.62 66.41 8.64 36.81 91.17
2555 84.73 35.15 10.42 49.03 98.39
2556 84.64 40.52 10.47 48.62 104.00
2557 84.85 33.31 10.78 45.22 102.34
2558 84.76 57.63 10.25 44.56 94.15
2559 84.79 68.50 8.05 26.74 92.61
2560 84.87 47.26 10.33 82.00 110.70
2561 84.85 59.12 10.60 40.10 85.60
2562 84.98 73.41 6.75 13.38 76.16
2563 85.13 30.34 9.80 41.72 78.61
2564 85.34 21.65 8.43 26.81 66.35
2565 85.20 55.37 10.33 60.67 100.38
2566 85.08 42.08 11.16 44.16 97.64
2567 85.28 46.33 10.04 70.96 117.06
2568 85.03 66.33 8.86 35.00 91.14
2569 85.24 36.97 11.26 43.64 104.51
2570 85.35 60.24 8.79 44.15 89.85
2571 85.13 70.77 7.40 23.40 101.20
2572 85.24 67.63 8.33 32.40 91.53
2573 85.48 52.89 10.00 66.66 108.38
2574 85.50 26.85 9.81 34.56 80.19
2575 85.32 41.07 9.86 49.57 102.50
2576 85.52 75.41 5.41 7.38 50.91
2577 85.54 23.43 8.64 31.17 88.40
2578 85.55 42.84 10.45 68.12 91.10
2579 85.95 32.05 10.49 36.61 97.63
2580 85.58 34.22 10.42 44.49 97.03
2581 85.73 58.10 10.53 53.05 104.95
2582 85.62 54.18 9.14 57.82 106.39
2583 85.67 70.81 6.78 25.00 85.14
2584 86.22 24.69 9.02 29.87 86.97
2585 85.53 40.35 8.50 66.33 105.67
2586 85.81 66.06 8.83 38.77 81.87
2587 85.63 68.81 6.67 34.88 95.67
2588 85.81 29.67 9.47 30.89 80.76
2589 85.89 20.66 7.37 18.91 58.37
2590 86.01 51.37 9.74 65.74 115.96
2591 86.01 27.90 9.68 32.13 82.02
2592 86.10 35.77 10.96 48.39 87.59
2593 86.33 44.22 11.03 48.01 113.09
2594 85.94 61.92 10.74 48.39 90.11
2595 86.19 68.48 7.39 33.36 90.49
2596 86.04 41.20 10.61 38.69 99.84
2597 86.04 74.28 5.81 9.56 60.46
2598 85.99 39.31 11.75 31.55 93.12
2599 86.17 46.53 9.82 58.90 109.44
2600 86.05 49.89 11.09 59.87 103.22
2601 86.14 54.97 10.19 57.04 111.21
2602 86.28 48.66 9.83 58.94 111.44
2603 86.38 63.03 9.57 51.29 90.74
2604 86.60 21.98 8.43 20.47 60.87
2605 86.73 52.89 9.86 52.88 107.52
2606 86.31 56.00 10.00 50.67 115.67
2607 86.66 37.42 10.96 35.00 87.88
2608 86.66 61.11 9.83 49.92 102.06
2609 86.60 30.74 8.95 37.37 84.78
2610 86.50 57.27 9.26 42.92 110.44
2611 86.58 33.72 10.47 33.24 89.85
2612 86.77 73.75 5.21 13.56 44.73
2613 86.91 64.41 8.10 43.31 86.89
2614 86.52 65.24 7.15 43.77 80.38
2615 86.83 71.07 6.36 24.39 82.40
2616 86.77 58.38 9.29 46.00 100.68
2617 86.92 39.89 10.27 36.35 97.51
2618 86.75 40.86 10.25 39.50 109.75
2619 87.07 66.90 7.97 41.44 82.79
2620 86.93 25.91 9.73 28.57 84.55
2621 87.26 42.37 10.66 39.30 110.43
2622 86.88 55.20 10.28 46.64 105.50
2623 87.09 35.37 10.48 31.49 87.25
2624 87.15 50.73 9.35 53.32 109.40
2625 87.23 48.80 9.23 45.35 119.18
2626 87.12 46.33 10.08 54.07 118.40
2627 87.19 23.45 8.57 16.72 68.46
2628 87.45 56.87 9.06 45.12 106.83
2629 87.27 68.67 7.38 34.38 76.17
2630 87.31 32.12 10.19 22.34 86.41
2631 87.24 27.83 9.73 30.68 91.24
2632 87.36 61.80 8.83 46.44 94.13
2633 87.63 72.64 4.73 18.05 45.97
2634 87.27 63.42 8.31 31.15 86.69
2635 87.57 54.18 8.75 45.27 111.61
2636 87.53 25.15 7.90 20.97 72.87
2637 87.79 38.55 10.09 26.72 85.48
2638 87.53 21.55 6.28 13.24 44.64
2639 88.04 69.94 6.02 33.13 76.47
2640 87.92 44.65 10.60 37.78 109.94
2641 87.75 22.64 7.80 12.76 55.88
2642 87.87 27.31 9.57 21.93 82.09
2643 87.79 29.28 10.00 23.18 83.61
2644 87.94 30.88 9.97 18.61 80.75
2645 87.99 52.32 10.12 39.01 101.68
2646 88.06 65.70 7.61 44.64 90.25
2647 87.76 33.54 10.94 23.44 85.06
2648 87.98 60.10 8.21 41.42 91.36
2649 87.82 35.11 10.64 20.33 79.27
2650 88.07 63.21 8.38 37.89 87.18
2651 88.45 40.55 10.55 22.05 90.94
2652 88.10 42.50 10.46 21.54 103.43
2653 88.11 36.15 10.59 16.26 79.93
2654 88.29 49.64 9.75 30.30 109.36
2655 88.32 25.61 8.62 17.71 69.36
2656 88.26 58.53 9.66 33.81 98.09
2657 88.19 32.67 10.56 18.92 79.42
2658 88.64 37.16 9.74 17.14 73.64
2659 88.44 68.21 6.98 42.04 73.14
2660 88.38 51.42 9.71 27.86 106.14
2661 88.49 57.54 9.06 34.74 103.46
2662 88.41 72.01 4.75 17.21 36.71
2663 88.73 34.19 9.90 14.36 61.09
2664 88.49 60.65 9.15 35.10 89.30
2665 88.82 27.60 8.99 17.14 71.38
2666 89.09 62.09 8.28 36.24 97.10
2667 88.90 55.74 9.03 26.94 98.28
2668 89.07 31.38 9.52 11.24 56.70
2669 88.85 67.64 7.00 37.05 84.05
2670 89.08 38.88 9.62 10.46 65.41
2671 89.00 29.47 8.97 11.26 59.46
2672 89.31 64.47 7.57 31.05 80.56
2673 89.21 44.33 9.84 13.97 90.42
2674 89.34 50.62 9.97 18.41 90.54
2675 89.03 52.24 9.79 16.21 95.28
2676 88.98 63.63 7.07 48.29 98.43
2677 89.24 53.87 9.22 21.74 86.53
2678 89.23 58.87 8.19 26.17 81.96
2679 89.17 66.42 7.02 32.44 79.61
2680 89.32 25.27 8.11 9.62 59.89
2681 89.36 48.32 9.72 16.30 85.12
2682 89.51 32.91 8.84 7.95 55.84
2683 89.53 45.77 9.28 12.64 88.77
2684 89.65 68.57 6.14 29.98 56.04
2685 89.77 39.60 9.49 10.61 64.69
2686 89.71 59.99 7.73 21.80 84.00
2687 89.52 29.46 9.93 10.71 54.93
2688 89.69 41.61 10.24 9.98 67.12
2689 89.90 26.20 8.08 8.02 51.12
2690 89.91 56.74 10.02 19.02 93.19
2691 90.04 55.20 9.06 16.49 82.63
2692 89.94 66.02 6.68 25.75 80.52
2693 90.14 42.61 10.04 8.73 62.38
2694 89.78 53.09 9.80 14.87 83.67
2695 90.02 47.44 8.77 13.91 79.75
2696 89.95 29.68 9.00 8.86 56.14
2697 90.28 32.28 9.10 6.95 53.27
2698 90.29 49.51 9.76 10.43 58.31
2699 90.34 44.25 9.90 9.70 58.18
2700 90.50 37.83 10.03 6.24 53.70
2701 90.33 34.32 9.50 7.20 50.82
2702 90.27 46.08 10.22 8.78 71.43
2703 90.37 28.64 8.25 6.69 47.31
2704 90.55 52.17 9.45 10.57 67.11
2705 90.41 68.92 4.83 19.02 43.26
2706 90.36 36.15 8.29 6.14 57.00
2707 90.88 66.07 6.20 20.12 68.63
2708 90.59 39.95 10.23 7.50 55.91
2709 90.70 60.44 7.59 17.61 83.34
2710 90.52 53.58 9.44 9.00 76.44
2711 90.98 26.73 7.37 4.87 38.86
2712 90.97 41.64 9.45 6.43 54.25
2713 90.87 30.06 8.15 6.35 45.67
2714 90.71 35.40 9.31 8.25 49.75
2715 90.84 58.49 8.00 12.00 74.04
2716 91.03 45.51 9.70 7.24 49.50
2717 90.94 56.73 8.19 12.70 63.22
2718 91.22 61.83 7.36 17.82 70.82
2719 91.41 31.69 8.47 5.75 46.45
2720 91.04 32.66 8.56 7.00 49.44
2721 91.18 51.63 8.69 6.66 60.09
2722 91.21 49.21 10.42 6.67 52.58
2723 91.25 28.76 7.10 4.90 40.05
2724 91.48 34.33 8.95 5.28 45.60
2725 91.50 46.73 9.35 6.45 51.61
2726 91.47 37.07 9.04 5.77 49.79
2727 91.24 50.48 7.57 9.57 56.86
2728 91.53 63.49 6.41 16.20 76.36
2729 91.57 58.37 8.67 9.96 66.50
2730 91.81 40.86 9.32 6.04 45.32
2731 91.81 44.06 9.07 5.71 45.84
2732 91.67 49.94 9.42 6.39 53.67
2733 91.80 27.11 7.10 4.03 36.45
2734 91.91 59.33 7.36 8.58 59.47
2735 91.72 51.47 10.11 6.89 48.83
2736 92.04 53.09 8.47 6.18 50.95
2737 91.90 65.76 5.34 11.88 49.97
2738 92.02 55.36 7.66 6.98 53.17
2739 91.95 61.94 7.24 9.62 52.81
2740 92.12 38.08 9.23 4.73 46.88
2741 92.20 31.54 8.43 5.29 45.90
2742 92.28 64.48 5.51 11.08 55.78
2743 92.43 35.91 9.00 5.37 43.51
2744 92.33 48.01 9.69 5.35 46.67
2745 92.34 49.94 9.30 5.33 42.93
2746 92.43 28.75 7.31 4.59 38.90
2747 92.49 57.50 7.16 6.21 50.32
2748 92.38 34.18 8.50 4.55 46.11
2749 92.79 60.62 6.19 6.76 50.30
2750 92.91 32.64 7.84 4.62 42.90
2751 92.82 45.21 8.95 5.04 42.05
2752 93.28 51.15 7.98 4.81 43.53
2753 92.77 38.08 8.59 5.65 49.35
2754 92.97 62.49 5.49 6.27 41.81
2755 92.89 34.02 9.07 5.07 47.93
2756 92.94 36.93 10.00 5.44 48.56
2757 93.15 47.32 8.41 5.31 43.69
2758 93.27 30.50 7.88 4.08 38.56
2759 93.21 40.71 8.79 5.17 48.21
2760 93.29 38.48 8.43 4.79 46.21
2761 93.34 34.68 8.65 5.12 45.08
2762 93.54 36.63 8.88 5.35 44.75
2763 93.64 56.15 7.40 3.91 38.83
2764 93.72 39.44 9.19 5.63 47.21
2765 93.64 45.06 8.02 4.69 40.89
2766 93.76 59.67 7.02 4.21 34.64
2767 93.75 33.45 8.52 5.10 44.93
2768 94.03 41.94 8.21 4.53 47.60
2769 93.91 49.23 7.62 5.00 40.38
2770 93.98 61.24 5.16 3.09 28.67
2771 94.19 43.54 8.66 4.46 45.46
2772 94.26 36.85 7.93 3.56 40.91
2773 94.17 46.34 7.84 4.59 41.29
2774 94.30 53.03 6.91 3.88 38.50
2775 94.42 38.80 8.08 4.34 45.69
2776 94.41 54.78 6.83 4.02 38.96
2777 94.44 48.02 8.39 4.56 44.77
2778 94.47 30.92 7.35 3.35 33.77
2779 94.78 56.47 6.63 2.67 31.81
2780 94.57 40.56 8.30 5.20 42.65
2781 94.64 44.46 8.38 4.05 43.90
2782 94.95 51.70 7.51 3.72 40.42
2783 94.84 35.75 7.77 4.10 38.46
2784 94.98 49.83 7.26 3.79 40.52
2785 95.04 45.62 8.28 4.64 43.48
2786 95.15 47.25 7.52 3.67 38.52
2787 95.43 53.77 6.37 3.00 37.33
2788 95.23 33.07 6.76 3.36 34.60
2789 95.44 36.83 7.56 3.91 38.51
2790 95.66 48.30 8.05 4.37 38.14
2791 95.58 46.35 8.29 4.29 42.00
2792 95.71 38.12 7.30 4.65 40.91
2793 96.02 44.73 6.71 3.84 38.33
2794 96.34 35.04 6.77 3.22 33.05
2795 95.96 39.01 7.91 5.45 44.00
2796 96.05 37.25 7.46 4.15 35.85
2797 96.20 45.84 6.78 3.48 37.96
2798 96.07 36.18 6.67 3.33 40.67
2799 96.43 38.17 7.05 3.68 35.24
2800 96.57 41.04 6.48 3.28 35.00
2801 97.11 45.68 6.92 3.33 31.80
2802 97.22 37.88 6.22 2.90 31.61
2803 97.13 42.49 7.11 3.39 35.06
2804 97.42 43.84 6.67 2.90 32.31
2805 97.44 40.14 6.33 2.64 32.13
2806 97.27 41.15 6.00 2.83 33.17
2807 97.43 41.81 7.12 2.50 36.75
2808 97.98 42.22 5.91 2.45 29.64

