#<Embryo name> <Cleavage cycle> <Temporal class> <Genes>
kd29 14A 4 Kruppel even-skipped fushi-tarazu

#Quantitative data
#<Nucleus number> <A-P coordinate> <D-V coordinate> <Fluorescence intensity: channel 1 - Kr, channel 2 - eve, channel 3 - ftz>
0 2.13 49.53 7.67 5.03 33.57
1 2.31 45.64 8.12 4.33 30.49
2 3.06 43.70 8.50 5.04 35.02
3 3.20 50.58 8.43 5.21 34.94
4 3.11 53.30 8.78 5.15 36.10
5 3.50 51.91 9.55 5.62 39.40
6 3.60 41.72 9.53 4.27 33.09
7 3.81 48.46 10.24 5.52 37.79
8 3.59 45.87 9.33 6.83 38.67
9 4.09 42.89 10.63 5.95 38.33
10 4.12 45.90 10.11 5.91 41.04
11 4.18 52.49 9.82 5.47 39.51
12 4.33 44.47 9.97 5.71 41.44
13 4.37 39.84 9.45 4.87 36.28
14 4.49 41.55 9.27 6.11 34.11
15 4.77 47.26 10.65 6.17 40.00
16 4.88 51.33 9.62 5.85 40.37
17 5.05 56.12 10.56 5.61 40.12
18 5.07 44.11 11.00 5.77 40.73
19 5.27 49.51 10.94 6.72 42.21
20 5.42 42.46 10.57 6.20 40.04
21 5.31 45.96 11.94 6.25 41.42
22 5.61 58.07 8.57 4.79 35.15
23 5.43 53.15 11.27 6.59 42.76
24 5.62 50.92 11.56 5.75 40.66
25 5.72 39.58 9.11 6.21 40.90
26 5.84 41.55 9.78 7.00 40.22
27 6.13 46.83 12.82 7.65 41.73
28 6.23 54.78 12.13 7.37 44.21
29 6.28 52.79 12.06 7.89 47.15
30 6.32 49.50 11.39 6.18 43.39
31 6.56 51.22 11.68 6.74 43.46
32 6.49 39.73 10.95 7.04 37.60
33 6.62 57.50 9.85 6.09 39.80
34 6.51 59.85 9.37 5.19 36.83
35 6.83 58.84 10.94 5.88 38.00
36 6.98 36.92 10.92 5.57 40.67
37 7.29 40.85 11.80 6.93 41.08
38 7.26 57.35 12.50 6.17 41.92
39 7.52 38.63 12.47 7.37 38.57
40 7.35 47.24 10.88 6.79 43.88
41 7.54 52.36 11.85 7.49 47.11
42 7.68 54.78 12.02 7.58 45.52
43 7.50 45.80 13.81 8.13 45.65
44 7.61 50.25 12.11 6.98 43.30
45 7.64 33.77 10.26 5.16 34.60
46 7.66 36.92 11.07 6.22 43.10
47 7.70 58.46 10.14 6.57 42.24
48 7.86 44.47 12.70 7.70 46.23
49 8.14 35.20 10.45 5.80 37.46
50 8.09 42.96 12.77 7.07 44.97
51 7.89 47.88 15.17 7.00 46.21
52 8.35 41.66 14.47 7.29 44.76
53 8.13 46.06 14.19 8.70 44.48
54 8.39 50.15 12.56 7.78 44.66
55 8.63 36.37 11.73 7.00 38.90
56 8.50 58.82 10.84 7.26 43.49
57 8.50 61.26 9.98 6.61 38.55
58 8.62 38.62 12.01 7.01 43.29
59 8.51 56.62 12.79 8.81 46.56
60 8.64 47.62 14.10 7.43 46.62
61 8.74 53.59 14.51 7.81 47.09
62 8.66 54.82 12.78 8.39 47.83
63 8.56 62.60 10.00 6.40 43.20
64 8.82 43.45 15.08 7.63 43.00
65 8.59 45.06 13.33 7.33 42.00
66 8.81 49.14 12.71 7.79 46.04
67 9.14 45.72 14.11 7.52 46.09
68 8.99 63.26 8.84 5.84 35.84
69 9.21 51.01 13.29 8.91 44.64
70 9.38 41.79 14.17 7.99 47.76
71 9.20 59.03 11.08 7.76 45.82
72 9.29 54.95 14.98 8.90 43.84
73 9.40 38.13 12.80 7.68 42.55
74 9.38 33.49 10.62 5.89 41.26
75 9.39 44.07 13.14 7.66 44.93
76 9.42 31.64 11.55 6.36 36.61
77 9.49 35.12 11.64 6.61 42.61
78 9.48 49.26 13.51 7.87 46.23
79 9.70 60.65 10.37 7.59 42.86
80 9.62 62.49 9.77 6.68 40.06
81 9.81 39.61 12.47 7.33 44.90
82 9.60 40.68 14.00 8.75 43.00
83 9.68 37.18 13.46 6.54 43.54
84 9.97 56.36 12.34 7.93 47.93
85 9.92 53.05 13.83 8.78 50.38
86 9.96 65.01 8.63 5.22 36.02
87 9.97 30.43 10.26 5.64 34.42
88 9.90 54.55 15.13 8.07 46.93
89 10.08 48.19 12.74 7.70 48.48
90 10.18 46.39 13.29 8.49 49.98
91 10.00 36.74 11.30 7.10 45.60
92 10.23 63.37 10.34 6.89 40.11
93 10.61 36.55 12.79 7.95 48.16
94 10.65 44.22 14.78 8.50 47.14
95 10.55 57.43 12.41 9.65 47.11
96 10.65 32.61 12.82 6.79 43.65
97 10.61 55.06 14.15 9.26 46.87
98 10.60 60.32 10.82 7.89 45.45
99 11.07 62.19 10.57 7.64 53.85
100 10.67 50.16 14.13 7.91 50.91
101 10.68 65.23 9.48 7.55 41.15
102 10.83 29.41 8.96 5.24 34.41
103 11.01 58.90 11.91 9.17 45.87
104 10.99 48.66 14.00 8.37 50.95
105 11.08 41.63 13.94 7.66 48.28
106 10.97 46.08 15.05 8.18 45.18
107 11.42 38.48 13.57 8.45 45.09
108 11.26 53.95 14.13 8.45 47.43
109 11.53 35.12 14.61 8.11 45.94
110 11.37 52.50 13.03 9.34 50.26
111 11.38 56.61 12.80 9.35 48.27
112 11.67 47.02 13.85 8.37 48.60
113 11.64 28.59 9.65 5.11 32.05
114 11.69 64.14 10.25 8.43 41.50
115 11.64 32.04 12.16 6.75 40.67
116 12.20 41.62 13.93 8.51 46.51
117 11.86 54.80 13.29 8.40 46.89
118 11.96 29.81 10.03 6.70 37.30
119 11.94 40.17 13.08 8.78 44.58
120 12.11 43.83 14.20 8.70 47.41
121 12.16 49.09 13.27 10.20 48.32
122 12.31 59.63 11.61 8.41 47.66
123 12.36 35.91 12.63 8.12 45.02
124 12.02 52.69 12.57 7.53 49.37
125 12.00 62.31 10.64 7.73 48.27
126 12.18 66.60 9.12 8.36 38.00
127 12.15 45.24 13.67 7.17 46.33
128 12.33 32.94 12.90 7.81 42.97
129 12.39 51.52 13.32 8.32 51.10
130 12.49 57.76 12.87 8.60 47.26
131 12.47 62.80 10.50 9.00 48.82
132 12.63 30.69 11.47 7.16 42.37
133 12.66 45.57 13.69 8.81 47.13
134 12.33 54.50 14.00 12.00 56.75
135 12.49 38.08 14.05 7.84 44.95
136 12.83 53.53 12.67 8.39 50.63
137 12.45 64.92 11.30 9.00 46.60
138 12.57 55.26 13.15 8.88 51.42
139 13.25 40.27 14.36 9.03 45.22
140 13.09 67.10 9.50 8.74 39.07
141 13.09 50.81 12.76 8.63 50.67
142 12.95 37.20 13.24 7.94 45.00
143 12.96 65.35 9.62 8.52 47.00
144 13.07 48.52 13.16 9.08 50.84
145 13.05 27.95 9.74 6.07 36.57
146 13.12 56.43 12.05 8.49 48.19
147 13.13 43.00 14.01 8.29 47.35
148 13.44 34.58 11.24 8.25 44.01
149 13.46 61.45 10.27 9.50 47.41
150 13.54 45.54 13.31 8.67 50.06
151 13.57 49.28 11.24 8.91 54.83
152 13.60 47.01 12.43 10.16 48.86
153 13.63 28.65 10.17 6.52 43.90
154 13.71 51.83 12.71 9.98 46.81
155 13.74 37.25 12.63 9.64 46.21
156 13.83 62.74 10.45 9.40 46.23
157 14.01 38.89 13.28 9.28 44.20
158 14.08 43.98 13.17 8.77 52.09
159 14.07 30.15 11.82 7.68 45.85
160 14.05 70.54 7.05 6.50 34.98
161 14.06 55.02 11.45 9.47 50.31
162 14.23 26.82 8.57 6.14 34.96
163 14.23 28.21 10.82 6.73 41.32
164 14.41 56.82 12.24 11.16 51.18
165 14.29 52.49 11.88 10.38 49.31
166 14.60 50.24 13.07 9.46 52.28
167 14.44 59.48 11.59 10.97 47.72
168 14.30 65.16 10.03 10.52 45.86
169 14.60 48.09 13.78 9.63 51.39
170 14.58 51.37 12.17 11.25 51.75
171 14.76 24.32 8.52 5.48 27.83
172 14.74 32.71 11.83 7.83 44.46
173 14.81 39.64 12.52 9.43 47.39
174 14.97 25.77 9.29 6.30 37.14
175 14.72 27.75 10.44 6.83 41.39
176 14.91 46.41 12.40 9.23 50.26
177 14.84 52.90 12.81 10.58 50.27
178 14.89 66.91 10.02 10.00 44.83
179 15.02 37.52 11.93 9.20 49.48
180 14.99 44.27 12.25 8.93 49.89
181 15.16 41.47 12.78 9.31 52.76
182 15.28 71.30 8.61 7.69 35.79
183 15.27 31.43 11.19 8.32 48.25
184 14.99 62.68 9.12 10.50 52.88
185 15.44 55.18 12.73 10.31 51.43
186 15.26 64.34 10.65 10.58 49.92
187 15.32 59.20 11.20 11.89 51.00
188 15.44 27.52 10.27 7.30 41.90
189 15.85 29.02 10.60 8.62 41.20
190 15.62 39.09 12.33 9.33 50.61
191 15.60 24.18 8.11 5.74 35.17
192 15.63 42.58 13.03 10.23 48.18
193 15.75 67.02 10.66 9.95 46.50
194 15.77 48.52 12.46 10.06 51.72
195 15.75 36.15 12.48 8.82 49.74
196 15.99 46.03 13.52 9.10 52.93
197 15.89 44.11 13.48 9.12 49.83
198 15.75 61.39 11.60 12.48 48.94
199 15.86 26.47 10.28 7.12 41.57
200 16.03 40.62 12.41 10.33 50.87
201 15.69 72.87 7.22 8.22 35.67
202 15.74 47.10 14.77 9.85 52.62
203 16.15 69.46 8.71 10.81 41.69
204 16.22 53.57 12.36 9.63 54.31
205 16.05 32.61 9.96 7.78 46.22
206 16.11 73.59 7.55 8.32 36.12
207 16.14 34.01 11.77 8.00 46.06
208 16.23 38.44 13.46 9.54 47.69
209 16.00 24.67 9.00 5.33 50.00
210 16.75 31.58 11.53 9.71 47.08
211 16.12 54.81 13.38 12.15 55.54
212 16.40 36.87 12.58 10.42 50.02
213 16.48 25.32 10.00 7.23 38.16
214 16.51 66.93 9.93 11.66 48.41
215 16.45 63.56 10.70 10.57 49.78
216 16.58 68.14 10.24 10.79 45.64
217 16.54 71.51 8.40 9.91 42.66
218 16.44 35.05 13.85 10.75 47.30
219 16.66 57.10 11.59 10.26 53.25
220 16.64 42.01 12.08 8.86 50.31
221 16.57 24.02 9.24 5.57 40.10
222 16.51 43.91 11.71 10.33 53.48
223 16.61 26.94 10.00 7.38 39.94
224 16.71 49.81 11.48 11.65 51.42
225 16.91 52.66 12.92 12.59 48.27
226 16.79 23.03 8.04 7.56 37.12
227 16.81 46.33 13.58 10.10 49.58
228 16.84 38.10 12.14 8.90 48.45
229 17.01 44.64 12.85 9.40 50.64
230 16.87 48.85 11.94 8.22 47.94
231 16.79 70.21 9.64 10.91 45.18
232 16.90 33.45 11.59 10.66 46.47
233 17.09 40.14 11.81 9.51 49.74
234 16.99 54.78 12.83 11.92 51.31
235 16.99 65.79 12.23 15.61 49.94
236 17.08 51.01 12.66 11.24 51.42
237 17.44 36.21 12.77 10.50 50.22
238 17.22 64.08 11.62 14.30 51.76
239 17.27 24.38 9.48 6.52 36.52
240 17.48 73.55 8.17 10.60 41.66
241 17.24 69.57 9.88 13.21 45.75
242 17.27 22.34 9.30 6.14 31.43
243 17.41 55.74 12.57 11.45 53.61
244 17.55 38.40 12.91 11.02 47.85
245 17.44 34.15 12.44 8.62 51.00
246 17.47 47.28 12.64 10.31 52.57
247 17.44 57.99 12.77 14.10 50.67
248 17.51 71.00 9.37 13.55 43.55
249 17.73 61.14 11.93 12.62 53.27
250 17.59 66.34 9.88 13.92 49.06
251 17.70 43.15 12.47 10.00 52.69
252 17.72 26.68 10.87 9.96 44.60
253 17.60 49.59 14.47 14.33 51.80
254 17.85 30.74 11.42 10.31 44.50
255 17.62 51.24 13.93 10.73 54.07
256 17.85 53.75 12.25 12.44 49.28
257 17.69 64.69 12.44 11.11 47.56
258 17.86 32.79 12.05 10.34 46.13
259 17.92 40.50 12.18 12.07 47.91
260 17.84 59.54 12.16 11.84 52.71
261 17.78 63.37 12.26 12.85 53.44
262 17.92 68.99 9.52 12.19 45.72
263 18.28 24.42 9.34 8.27 39.26
264 18.00 22.23 8.19 7.24 32.45
265 18.29 35.12 10.64 10.18 47.70
266 18.28 45.10 12.89 11.54 50.02
267 18.12 57.20 12.12 13.37 55.67
268 18.10 55.35 13.36 11.36 56.44
269 18.01 65.06 10.85 15.55 48.20
270 18.65 75.74 8.07 12.52 36.25
271 18.46 50.85 13.14 11.84 52.51
272 18.35 46.58 13.50 10.57 51.00
273 18.14 49.69 12.72 10.21 53.07
274 18.53 29.61 10.97 9.79 45.70
275 18.18 71.51 11.65 17.18 44.76
276 18.39 72.78 9.30 14.10 41.40
277 18.20 44.07 12.00 11.71 51.86
278 18.32 58.63 11.24 10.48 55.76
279 18.70 67.95 11.34 14.86 51.39
280 18.53 43.14 13.44 11.22 50.12
281 18.34 48.80 13.40 11.00 57.00
282 18.70 21.75 9.00 6.87 33.39
283 18.93 53.82 12.56 11.82 53.86
284 18.72 60.24 11.72 13.82 50.74
285 18.56 37.53 11.50 10.42 50.00
286 18.59 69.68 12.50 20.00 43.80
287 18.84 55.97 12.89 15.30 52.48
288 18.59 57.90 11.80 11.20 60.20
289 19.09 26.53 10.67 9.87 42.01
290 19.14 52.23 13.14 13.05 52.88
291 19.10 48.30 12.79 11.82 52.04
292 18.97 70.49 9.45 14.98 47.37
293 19.15 22.95 8.77 8.69 37.71
294 18.94 36.55 12.43 9.79 48.57
295 19.11 32.85 11.49 8.60 48.73
296 19.20 45.09 12.29 11.95 52.41
297 18.93 33.87 10.78 9.22 46.89
298 19.47 57.78 12.86 13.82 56.41
299 19.28 42.17 11.66 10.74 53.55
300 19.37 35.10 11.83 11.49 47.40
301 19.47 60.66 12.11 14.04 54.28
302 19.55 72.40 9.66 17.79 48.69
303 19.37 74.29 9.18 16.35 41.96
304 19.48 24.70 10.67 11.31 42.20
305 19.74 29.08 11.08 10.00 45.39
306 19.50 55.41 13.64 9.57 55.93
307 19.57 49.54 13.00 9.00 55.43
308 19.66 77.70 6.74 12.03 31.95
309 19.54 44.35 12.00 11.17 55.33
310 20.19 20.78 8.14 7.89 33.35
311 19.69 70.30 11.40 22.20 47.62
312 19.89 67.83 11.63 19.64 50.46
313 19.95 33.55 11.15 10.18 48.88
314 19.94 40.32 12.49 11.93 51.39
315 20.12 62.48 12.03 17.97 51.38
316 19.95 64.64 10.76 16.28 53.20
317 19.83 43.58 12.61 14.22 52.91
318 20.35 55.39 13.48 14.92 55.87
319 20.23 74.68 9.62 21.19 44.25
320 20.07 26.72 10.04 9.37 48.57
321 20.23 35.65 12.28 11.77 47.60
322 20.04 59.60 12.47 13.42 52.53
323 20.07 31.30 12.00 14.11 49.78
324 20.28 52.33 11.90 12.87 55.71
325 20.36 32.49 12.51 11.95 48.81
326 20.46 76.78 9.17 27.18 36.72
327 20.43 42.35 12.62 11.74 52.67
328 20.52 72.71 10.12 23.76 43.62
329 20.43 25.40 11.41 10.00 46.29
330 20.44 66.19 11.95 23.15 48.40
331 20.47 29.62 12.35 10.93 46.65
332 20.54 53.79 12.96 14.00 52.11
333 20.67 39.85 13.11 11.82 53.14
334 20.59 60.72 12.46 17.92 53.58
335 20.73 68.96 11.54 20.12 49.46
336 20.87 44.15 12.78 12.60 52.76
337 20.83 37.82 11.79 12.08 53.06
338 20.75 71.19 10.93 17.85 50.59
339 20.89 22.81 10.28 11.03 42.47
340 20.89 30.79 10.76 11.67 46.53
341 20.94 49.43 13.20 14.41 56.96
342 21.46 51.41 12.68 14.47 55.63
343 21.04 41.41 12.28 12.12 48.80
344 21.14 46.02 13.73 14.19 56.67
345 21.04 24.64 10.18 11.79 41.58
346 21.02 36.59 12.37 11.11 52.11
347 21.18 53.20 14.68 15.92 57.84
348 21.12 58.80 12.20 15.86 55.44
349 21.23 34.69 11.44 11.63 47.41
350 21.19 63.23 11.28 18.48 49.10
351 21.21 26.09 10.44 12.03 44.47
352 21.20 61.19 13.37 24.68 48.71
353 21.44 20.06 8.49 8.18 36.75
354 21.61 38.97 12.09 14.30 50.23
355 21.40 70.55 10.74 29.28 50.96
356 21.49 22.32 9.94 11.90 41.04
357 21.53 68.49 10.87 26.69 53.42
358 21.64 55.99 14.96 23.96 59.81
359 21.77 77.30 9.32 49.55 37.01
360 22.02 80.06 7.47 42.94 30.56
361 21.69 18.46 8.12 10.24 31.97
362 21.78 43.84 12.65 12.06 54.17
363 21.59 32.34 12.38 13.69 46.54
364 21.89 74.74 10.48 61.41 44.24
365 21.99 25.03 11.43 13.45 43.38
366 21.72 58.72 14.12 19.25 59.75
367 21.74 62.66 12.58 29.17 54.83
368 22.21 60.34 12.64 23.42 54.36
369 21.98 64.48 12.10 26.53 53.08
370 21.93 54.63 14.48 21.38 57.57
371 22.03 57.65 13.48 19.86 56.61
372 21.94 21.29 8.94 13.18 37.94
373 22.14 30.06 11.64 12.08 49.72
374 22.11 32.20 12.33 15.58 48.54
375 22.07 49.90 13.20 15.38 51.30
376 22.18 62.42 11.61 26.85 54.22
377 22.17 40.30 13.97 12.21 49.84
378 22.14 37.65 12.46 14.09 48.54
379 22.27 35.44 12.51 12.32 48.39
380 22.31 69.13 12.46 54.83 45.84
381 22.26 71.09 11.26 51.51 44.40
382 22.31 20.43 8.64 10.04 38.07
383 22.81 54.70 13.44 21.75 55.79
384 22.56 43.14 13.50 14.73 56.23
385 22.61 47.67 13.40 16.46 58.95
386 22.81 72.92 11.81 74.39 45.41
387 22.88 21.56 9.93 12.97 41.55
388 22.86 17.24 7.45 9.31 31.92
389 22.92 78.28 9.23 69.89 39.64
390 23.00 75.76 10.00 83.64 42.00
391 23.06 19.17 9.57 12.82 37.36
392 22.79 20.01 9.90 9.80 38.50
393 22.89 32.87 12.85 14.24 45.94
394 22.93 25.73 12.13 13.97 43.49
395 23.01 49.31 14.53 20.47 55.83
396 23.15 62.81 13.71 41.58 52.12
397 23.14 23.41 11.37 15.63 43.15
398 23.03 52.66 13.43 20.33 55.62
399 23.11 50.81 13.34 15.39 58.09
400 23.44 80.64 8.47 75.15 33.94
401 23.19 35.01 14.79 15.71 52.64
402 23.18 48.18 13.17 14.83 61.39
403 23.43 69.89 12.02 73.91 48.18
404 23.17 43.13 14.93 21.93 53.29
405 23.40 38.34 12.78 13.46 56.50
406 23.52 64.63 13.26 64.88 47.56
407 23.21 25.01 14.00 15.50 47.00
408 23.58 17.89 7.97 16.34 34.22
409 23.45 30.53 12.96 13.19 47.89
410 23.60 67.03 12.54 77.60 49.34
411 23.77 34.43 13.04 16.19 52.73
412 23.73 40.09 12.98 19.73 51.54
413 23.85 28.68 12.24 16.45 46.76
414 24.03 82.94 7.81 60.88 28.56
415 23.62 22.33 10.77 14.92 43.23
416 23.76 31.83 11.72 14.67 47.54
417 23.88 72.55 12.09 104.01 46.27
418 23.76 48.01 13.56 16.00 59.33
419 23.82 54.69 13.51 22.07 56.47
420 23.88 25.66 11.59 15.24 42.46
421 23.89 50.92 13.34 22.62 58.61
422 24.03 42.36 14.32 21.09 53.75
423 23.96 19.77 9.58 14.39 40.20
424 24.00 62.26 14.09 75.68 51.17
425 23.92 21.52 9.81 14.50 42.19
426 24.21 75.42 11.89 111.84 44.30
427 24.19 78.20 9.31 101.61 40.33
428 24.11 33.10 12.84 16.06 53.87
429 24.02 48.97 13.00 19.50 63.25
430 24.36 23.09 11.53 20.83 41.08
431 24.06 52.62 13.43 29.86 54.86
432 24.46 68.45 12.64 117.81 48.80
433 24.30 18.30 9.55 23.28 35.66
434 24.45 58.72 14.28 70.67 54.43
435 24.51 24.92 12.64 22.79 43.52
436 24.57 38.16 13.57 20.19 52.24
437 24.73 52.83 14.75 43.54 58.16
438 24.64 65.87 13.70 115.26 49.32
439 24.79 40.74 13.66 17.77 54.34
440 24.74 63.56 13.52 117.98 46.01
441 24.79 49.41 14.27 28.57 58.72
442 24.63 55.20 14.40 56.80 51.26
443 24.79 60.54 13.66 107.06 51.00
444 24.77 71.10 13.13 145.82 48.50
445 24.70 29.87 12.57 17.52 49.61
446 24.87 21.06 10.59 23.80 42.78
447 24.72 43.76 14.53 21.88 56.62
448 24.95 80.86 9.14 98.61 38.90
449 24.86 32.95 12.09 20.94 49.32
450 25.25 83.71 7.84 60.93 31.08
451 24.95 42.35 14.38 19.71 55.48
452 25.03 57.10 15.04 81.56 52.21
453 24.97 19.10 9.98 23.20 38.11
454 25.12 73.67 12.25 148.26 47.80
455 24.99 16.89 8.74 22.58 37.47
456 24.96 27.82 11.79 18.35 46.77
457 25.05 50.88 15.09 47.57 61.11
458 25.33 23.98 10.93 20.21 45.95
459 25.48 38.52 13.22 24.25 55.02
460 25.00 39.66 12.75 29.75 51.50
461 25.39 26.12 12.46 22.92 46.66
462 25.23 31.13 12.18 23.71 47.32
463 25.26 44.71 13.92 27.84 58.78
464 25.43 78.59 10.57 128.01 47.05
465 25.48 54.12 14.82 78.15 52.48
466 25.53 69.45 12.96 166.42 48.78
467 25.66 76.18 12.05 153.50 46.68
468 25.65 61.70 14.76 154.07 53.23
469 25.72 67.28 14.12 170.47 52.04
470 25.70 18.22 10.50 47.31 33.73
471 25.54 47.29 16.04 51.11 53.48
472 25.47 32.31 12.67 21.21 47.92
473 25.75 35.96 13.21 24.92 55.00
474 25.82 58.85 15.51 134.38 56.74
475 25.74 64.76 13.72 170.31 51.31
476 25.82 49.41 15.33 56.21 54.49
477 25.86 28.97 12.80 28.11 48.52
478 25.84 51.84 15.43 77.39 53.89
479 25.58 20.94 11.00 25.20 46.80
480 25.84 31.29 13.25 30.06 53.44
481 25.95 41.18 14.71 28.07 56.96
482 25.98 56.35 15.84 123.88 52.50
483 25.90 22.58 11.80 49.05 40.17
484 26.16 71.40 13.35 171.85 51.51
485 26.03 45.26 15.97 56.88 51.15
486 26.27 81.34 10.34 100.27 53.52
487 26.59 20.30 11.52 68.62 40.61
488 26.40 73.67 13.54 170.06 51.88
489 26.09 46.93 14.34 40.78 59.38
490 26.36 84.19 9.23 72.02 45.59
491 26.57 63.15 14.86 189.33 55.17
492 26.40 39.91 15.78 51.46 50.43
493 26.53 54.08 16.21 128.84 51.66
494 26.65 78.50 12.20 130.48 53.67
495 26.73 17.68 10.39 82.18 36.34
496 26.71 60.57 14.09 185.21 54.06
497 26.67 47.67 16.13 83.55 53.62
498 26.79 27.24 12.35 57.42 39.83
499 26.83 68.93 13.76 176.16 47.57
500 26.76 29.44 13.85 58.26 42.62
501 26.78 42.40 14.95 54.43 55.48
502 26.76 66.17 13.99 185.79 52.54
503 26.81 34.67 13.79 53.18 51.64
504 26.87 51.76 16.34 134.08 53.25
505 26.98 22.95 12.10 75.03 43.01
506 26.91 49.75 16.68 114.18 55.34
507 26.91 45.37 15.37 77.43 57.63
508 26.98 75.74 12.82 145.64 57.56
509 27.28 14.96 9.04 92.52 28.78
510 27.05 31.67 13.90 68.99 48.06
511 27.03 56.26 15.58 185.10 56.23
512 27.12 58.63 14.59 198.83 57.76
513 27.38 37.86 15.00 77.63 50.59
514 27.38 40.09 15.21 85.09 56.04
515 27.48 80.61 11.63 98.63 91.32
516 27.35 83.06 11.41 73.95 100.90
517 27.48 71.02 13.77 173.44 64.27
518 27.51 43.45 15.20 97.11 53.28
519 27.62 25.64 12.43 86.84 46.35
520 27.59 64.61 15.21 200.38 56.02
521 27.54 53.32 16.79 190.88 59.56
522 27.61 62.19 15.83 217.12 53.43
523 27.72 35.70 15.08 102.44 46.92
524 27.66 73.48 14.03 155.88 80.70
525 27.79 48.03 16.47 157.31 55.47
526 27.77 67.24 14.75 181.51 58.97
527 27.83 27.96 13.27 111.00 43.84
528 27.86 33.35 14.94 102.36 48.72
529 27.81 77.04 14.08 131.36 90.56
530 27.91 17.41 11.08 136.12 35.92
531 27.96 20.54 11.96 118.65 39.31
532 27.99 50.42 16.43 204.90 59.09
533 27.92 45.60 16.14 140.01 55.33
534 28.01 57.32 18.45 233.30 66.03
535 28.18 41.63 16.95 132.52 52.65
536 28.12 60.18 15.65 214.17 64.58
537 28.14 23.53 13.13 127.10 43.23
538 28.20 31.21 14.03 141.52 47.10
539 28.22 55.11 15.90 206.86 63.06
540 28.15 84.68 10.70 56.85 97.70
541 28.34 78.95 13.58 102.24 135.95
542 28.37 69.07 14.48 176.35 77.98
543 28.27 86.70 8.91 36.66 89.02
544 28.18 83.26 10.91 69.82 101.82
545 28.45 52.57 17.10 218.56 59.55
546 28.45 75.10 15.00 123.04 142.24
547 28.57 37.30 15.38 148.29 55.28
548 28.78 13.08 8.84 122.69 29.88
549 28.67 15.69 10.06 143.45 36.94
550 28.63 39.41 16.34 146.31 53.82
551 28.58 63.12 15.69 216.63 74.04
552 28.59 82.24 11.98 64.61 118.63
553 28.64 65.64 15.84 193.99 79.09
554 28.77 43.54 16.27 165.19 56.12
555 28.66 71.73 14.39 161.77 104.87
556 28.83 34.87 15.52 160.05 51.08
557 29.00 27.24 13.72 156.62 45.87
558 28.97 29.58 13.89 174.67 48.13
559 28.86 46.18 17.85 198.12 58.41
560 28.90 58.68 16.49 213.31 65.00
561 28.87 48.89 16.37 211.63 61.68
562 29.01 76.83 14.81 130.28 123.51
563 29.13 22.58 12.92 167.44 44.14
564 28.91 74.11 13.30 145.46 126.44
565 28.86 85.86 9.84 70.57 106.51
566 29.27 25.17 13.69 167.25 48.00
567 29.16 56.39 17.69 212.77 73.69
568 29.25 32.68 15.09 171.36 51.09
569 29.27 18.08 12.73 186.21 47.53
570 29.35 61.73 16.73 204.14 90.65
571 29.42 20.31 13.31 172.28 43.11
572 29.40 67.32 15.31 156.04 118.10
573 29.35 51.66 17.59 224.43 74.01
574 29.14 81.22 12.35 73.54 127.40
575 29.52 83.99 13.39 71.93 113.98
576 29.49 88.42 7.72 33.72 59.62
577 29.39 41.07 16.72 197.61 58.46
578 29.40 54.01 17.19 232.02 74.67
579 29.45 69.73 14.52 162.48 109.55
580 29.32 85.27 8.95 50.26 103.47
581 29.59 64.39 16.36 186.01 119.98
582 29.44 73.18 14.71 106.14 161.00
583 29.63 36.64 15.01 206.66 54.37
584 29.78 38.88 17.09 214.22 57.17
585 29.79 47.35 16.21 222.48 68.53
586 29.93 14.58 10.23 139.96 36.90
587 29.79 59.72 17.58 204.14 101.60
588 29.84 44.87 16.90 212.11 66.31
589 29.82 72.16 16.75 154.71 154.18
590 29.66 78.59 16.35 75.00 153.94
591 29.94 30.78 15.13 202.48 49.13
592 29.94 49.85 17.05 224.22 75.16
593 29.99 74.90 16.42 129.28 153.59
594 29.83 80.75 15.56 92.69 132.20
595 30.16 11.66 7.67 105.08 34.42
596 30.05 42.60 16.81 208.54 59.06
597 30.27 34.88 16.35 217.70 56.02
598 30.14 57.56 17.24 203.64 119.67
599 30.20 28.36 14.97 198.78 50.02
600 30.18 77.91 15.08 105.75 161.94
601 30.44 16.84 12.13 172.20 48.00
602 30.25 55.19 18.25 213.84 112.95
603 30.33 22.89 13.74 191.84 49.28
604 30.38 65.97 18.29 158.06 155.68
605 30.19 83.73 15.00 56.65 124.71
606 30.53 25.75 14.10 188.87 51.88
607 30.53 32.86 15.79 207.52 56.17
608 30.50 61.11 17.75 168.34 171.35
609 30.44 70.44 16.15 114.44 161.55
610 30.46 52.34 17.95 211.78 109.48
611 30.57 63.39 17.13 174.20 154.92
612 30.78 68.08 17.24 105.67 172.97
613 30.68 19.43 13.13 186.71 58.75
614 30.58 86.01 13.19 62.30 99.03
615 30.71 39.95 16.10 207.43 58.26
616 30.46 81.05 14.88 73.91 138.03
617 30.62 82.72 16.02 60.19 129.12
618 30.72 37.34 16.57 229.61 64.97
619 30.82 48.12 18.00 219.77 101.83
620 30.82 72.48 17.18 91.56 156.23
621 30.96 45.89 18.30 209.99 91.35
622 30.83 76.46 17.67 96.83 160.77
623 30.96 43.77 18.72 213.21 73.57
624 31.06 59.22 17.59 163.76 163.33
625 31.08 30.68 16.13 200.27 61.01
626 31.13 50.22 18.07 203.48 153.13
627 31.13 54.33 18.60 196.51 151.41
628 31.22 10.00 7.19 65.17 47.33
629 31.26 79.21 18.06 86.25 144.24
630 31.18 56.73 17.98 169.93 170.83
631 31.25 88.82 10.38 47.99 57.61
632 31.31 13.46 9.70 110.88 54.13
633 31.39 21.44 13.83 197.64 71.33
634 31.34 41.80 18.36 212.24 79.34
635 31.14 81.46 16.74 86.20 132.44
636 31.34 27.94 13.49 195.83 66.13
637 31.40 65.28 18.40 126.36 169.33
638 31.48 24.02 14.82 198.88 61.86
639 31.42 62.05 18.72 146.50 180.90
640 31.74 74.37 18.46 94.72 155.22
641 31.07 83.42 0.00 0.00 0.00
642 31.25 87.22 13.62 71.56 53.25
643 31.54 35.33 16.82 221.99 75.10
644 31.55 52.15 18.89 167.07 178.90
645 31.36 76.19 15.93 105.39 157.21
646 31.38 77.84 18.29 94.79 155.14
647 31.68 16.31 11.92 141.92 69.24
648 31.66 69.82 19.33 99.39 169.32
649 31.49 82.50 17.54 65.50 125.11
650 31.72 32.95 15.72 200.65 89.48
651 31.82 37.86 17.35 227.39 85.20
652 31.93 86.76 15.89 62.70 74.95
653 31.93 39.91 17.62 208.32 86.96
654 31.84 47.79 18.47 167.94 170.03
655 32.03 84.61 18.86 78.08 96.92
656 32.08 19.08 13.15 151.60 81.55
657 32.08 67.22 20.16 101.06 161.43
658 31.97 44.72 20.21 198.74 133.96
659 32.07 58.52 19.65 117.83 196.91
660 31.83 63.29 18.35 91.24 184.71
661 31.90 80.42 20.84 77.78 138.22
662 32.19 11.56 9.88 88.32 72.46
663 32.31 25.53 14.70 182.87 98.05
664 32.18 30.39 15.81 192.17 103.81
665 32.22 50.33 19.43 145.47 184.87
666 32.13 53.88 19.72 142.00 190.20
667 32.26 56.11 21.19 124.58 199.76
668 32.06 77.18 19.39 76.54 145.80
669 32.39 90.13 12.72 55.47 33.62
670 32.37 72.02 19.22 88.37 153.24
671 32.38 61.16 20.49 105.95 192.77
672 32.39 42.11 19.04 187.93 140.54
673 32.29 64.08 19.00 121.19 175.18
674 32.44 81.30 19.72 80.67 123.61
675 32.47 27.91 14.93 180.54 104.71
676 32.55 76.13 19.38 87.41 146.41
677 32.60 36.24 17.99 209.17 133.89
678 32.62 8.36 6.61 25.14 43.60
679 32.63 14.33 11.86 108.60 85.67
680 32.58 21.94 14.26 159.25 90.90
681 32.41 79.64 19.71 98.96 128.71
682 32.73 33.93 18.21 179.47 146.09
683 32.76 46.16 20.04 161.78 188.50
684 32.86 88.46 17.72 71.78 51.81
685 32.92 48.33 20.37 119.08 195.96
686 32.73 78.52 23.07 99.46 121.46
687 32.85 52.24 21.10 130.80 187.94
688 32.98 69.06 20.01 96.65 151.19
689 32.99 16.78 13.21 116.00 100.53
690 33.01 43.58 19.80 151.82 175.16
691 33.07 31.79 18.06 168.28 151.97
692 33.07 65.93 21.80 93.98 151.91
693 33.09 83.14 23.21 96.98 83.98
694 33.02 39.98 19.92 166.58 153.35
695 33.14 38.05 18.64 179.46 155.37
696 33.16 59.32 20.81 98.09 205.54
697 33.18 63.40 21.45 104.72 188.22
698 33.34 73.83 22.87 100.58 129.39
699 33.25 54.84 21.45 104.69 187.51
700 33.16 10.60 9.67 42.67 90.09
701 33.34 19.54 14.79 115.53 101.23
702 33.09 9.31 6.95 33.29 55.38
703 33.36 23.71 16.45 149.51 126.83
704 33.41 57.08 21.69 103.41 198.99
705 33.58 86.07 24.48 83.53 60.40
706 33.40 29.39 17.08 149.66 149.65
707 33.44 26.67 16.94 158.59 133.22
708 33.64 71.46 23.94 101.79 146.14
709 33.59 50.19 21.31 111.13 190.69
710 33.41 78.39 23.83 103.79 115.30
711 33.63 12.05 11.65 63.80 88.54
712 33.72 80.60 27.54 124.51 87.95
713 33.59 76.10 28.12 104.48 108.18
714 33.67 35.42 18.27 134.43 175.50
715 33.84 41.23 20.57 122.25 192.50
716 33.72 45.33 21.89 121.44 193.53
717 33.71 61.43 23.42 100.01 197.74
718 34.03 14.25 12.43 66.22 100.03
719 33.62 67.08 22.10 85.05 148.10
720 34.07 89.44 22.69 67.52 44.08
721 34.15 9.00 8.24 27.01 61.31
722 33.89 21.53 15.18 94.52 132.38
723 33.98 33.26 18.78 108.94 179.55
724 33.83 52.70 21.83 97.93 199.38
725 33.74 10.75 8.71 37.29 92.48
726 34.26 16.69 14.37 69.63 117.59
727 34.04 47.57 21.46 105.94 204.44
728 34.19 43.31 20.14 118.08 197.45
729 34.23 37.31 19.42 102.57 178.37
730 34.11 67.61 24.35 100.37 148.11
731 34.06 69.38 26.49 110.08 149.11
732 34.39 30.83 18.36 99.98 171.89
733 34.27 63.88 24.34 96.27 176.78
734 34.34 25.56 16.90 110.75 152.57
735 34.53 39.38 20.48 101.62 186.11
736 34.30 59.24 22.83 86.24 191.28
737 34.49 83.19 32.74 101.26 62.68
738 34.31 23.21 15.79 85.05 138.55
739 34.46 54.78 23.17 83.83 199.64
740 34.60 77.98 33.60 112.10 85.83
741 34.36 20.66 15.46 72.81 127.86
742 34.64 28.21 17.90 97.70 156.19
743 34.58 75.03 31.38 125.28 81.39
744 34.61 18.93 16.06 63.97 129.56
745 34.78 57.12 22.19 83.82 178.50
746 34.50 65.84 29.67 98.11 154.39
747 34.70 49.70 22.42 100.38 200.22
748 34.80 72.32 30.51 133.61 102.26
749 34.76 51.88 24.82 99.09 191.16
750 34.86 85.89 33.44 85.67 64.63
751 34.89 35.23 18.82 85.62 178.69
752 34.88 61.33 25.49 94.67 166.62
753 34.61 69.92 23.76 100.17 122.03
754 34.86 45.29 21.49 102.24 197.23
755 35.01 12.32 14.14 65.49 93.63
756 35.05 80.66 36.80 114.32 71.25
757 35.10 41.82 22.62 94.87 190.95
758 34.96 23.51 16.10 84.90 128.92
759 35.13 32.41 20.44 82.88 169.48
760 35.21 14.52 14.20 58.29 119.05
761 35.22 67.89 28.91 116.96 118.71
762 35.31 47.65 23.25 95.42 198.99
763 35.12 65.87 26.50 106.71 142.12
764 35.36 87.90 34.65 71.95 55.95
765 35.29 21.56 17.53 60.42 132.72
766 35.20 89.36 29.04 62.57 56.33
767 35.38 37.86 21.46 92.26 165.36
768 35.35 53.44 25.59 79.71 182.50
769 35.47 59.37 26.14 97.54 151.16
770 35.27 63.48 27.97 104.58 147.36
771 35.52 70.12 32.06 133.04 102.63
772 35.47 25.67 18.02 82.66 150.70
773 35.43 7.04 5.76 14.41 33.92
774 35.60 55.45 26.80 91.27 156.73
775 35.61 17.32 17.84 68.61 114.94
776 35.76 29.19 20.06 72.06 156.74
777 35.79 91.51 23.60 42.32 49.51
778 35.70 74.00 36.16 138.74 72.69
779 35.77 40.02 24.06 88.71 173.06
780 35.80 76.54 41.35 121.44 71.69
781 35.86 43.61 24.45 85.66 187.61
782 35.82 50.21 25.57 89.22 167.23
783 35.72 83.61 42.07 88.66 69.22
784 35.54 90.23 26.44 47.89 72.67
785 35.84 10.26 11.43 38.98 58.29
786 35.95 34.08 21.01 71.60 166.69
787 35.96 8.57 8.29 19.74 47.80
788 36.01 86.06 45.42 83.28 81.96
789 35.74 52.40 19.78 69.83 169.56
790 36.02 82.18 44.60 103.77 75.41
791 36.04 65.07 31.13 124.20 120.05
792 36.08 79.39 43.08 103.45 75.22
793 36.18 36.30 21.60 78.35 158.04
794 36.05 45.68 25.21 94.91 194.85
795 35.91 15.29 13.91 52.23 102.89
796 35.84 62.84 25.36 101.86 137.09
797 36.29 31.54 22.04 72.33 160.31
798 36.30 61.19 30.39 116.24 124.52
799 36.13 12.67 14.20 50.84 92.16
800 36.41 19.39 18.31 61.64 115.16
801 36.37 72.02 38.56 136.68 76.38
802 36.32 67.25 37.71 126.56 93.23
803 36.35 23.78 19.19 70.55 137.08
804 36.51 26.61 21.90 71.87 138.19
805 36.33 89.07 40.74 64.27 83.22
806 36.53 41.99 24.34 73.31 174.79
807 36.45 47.94 26.49 95.85 165.36
808 36.54 54.16 27.80 90.68 163.05
809 36.56 51.85 28.00 94.96 155.40
810 36.72 69.50 37.64 130.92 94.83
811 36.85 38.09 23.98 77.45 150.91
812 36.71 16.55 18.07 59.13 97.68
813 36.92 59.08 37.98 140.45 131.27
814 36.85 63.24 37.40 136.46 101.20
815 36.84 56.34 32.78 133.22 126.19
816 36.74 13.83 15.74 50.91 82.79
817 36.63 15.27 13.53 32.67 89.33
818 36.77 90.28 31.54 39.76 82.49
819 37.06 40.15 26.66 79.17 164.68
820 37.02 74.55 47.72 133.51 74.77
821 36.99 77.15 51.06 107.88 71.29
822 36.99 84.38 54.38 72.49 105.54
823 37.10 10.80 15.44 51.30 70.90
824 37.11 49.87 27.64 95.20 139.11
825 36.93 91.74 27.39 32.59 63.12
826 36.82 29.60 22.47 73.11 116.53
827 36.86 87.74 46.97 76.69 112.16
828 36.87 33.84 24.80 77.20 141.73
829 37.17 7.59 8.97 23.13 33.28
830 37.30 43.84 29.12 79.45 166.53
831 37.16 46.05 28.18 90.62 159.89
832 37.24 81.81 57.23 80.14 87.69
833 37.33 21.26 21.33 67.79 101.52
834 37.27 79.60 54.61 96.27 77.76
835 37.19 28.31 24.35 78.29 118.56
836 37.33 65.29 41.64 140.78 92.12
837 37.25 86.60 58.60 66.68 130.18
838 37.52 30.76 24.36 79.69 120.31
839 37.07 17.50 19.75 75.50 97.62
840 37.32 24.13 22.30 73.94 108.25
841 37.34 35.89 26.62 79.65 137.23
842 37.39 33.16 24.32 72.35 135.71
843 37.54 14.90 19.15 70.90 75.85
844 37.54 71.96 53.25 130.74 79.33
845 37.59 61.62 40.13 139.50 89.73
846 37.63 67.55 46.20 132.02 80.51
847 37.29 16.85 16.40 68.60 78.60
848 37.74 26.23 25.43 90.53 101.03
849 37.71 51.94 34.08 106.02 121.24
850 37.77 48.06 30.83 117.71 141.59
851 37.64 54.34 32.83 127.20 133.12
852 37.73 57.18 36.44 135.87 107.04
853 37.91 18.61 24.14 82.60 85.47
854 37.91 93.34 25.70 27.67 48.78
855 37.79 90.06 40.43 43.00 104.11
856 37.93 69.79 55.98 141.77 84.84
857 37.95 41.86 31.22 94.26 133.26
858 37.80 82.93 58.91 62.86 114.03
859 38.17 39.38 31.83 93.62 127.28
860 38.13 59.56 43.28 139.18 86.33
861 38.13 77.56 65.82 99.19 94.29
862 38.42 6.63 9.36 28.88 22.85
863 38.20 10.10 16.14 60.56 52.84
864 38.24 28.81 28.61 92.66 101.80
865 38.20 74.16 60.01 121.82 90.11
866 38.22 84.18 65.60 65.88 128.43
867 38.40 16.46 28.13 96.48 79.41
868 38.35 34.69 31.89 81.32 110.96
869 38.34 37.04 33.04 87.51 115.18
870 38.37 63.66 52.08 132.71 82.58
871 38.32 88.89 59.58 54.35 125.76
872 38.39 32.21 28.36 86.10 114.96
873 38.36 45.75 33.28 118.31 135.70
874 38.53 9.04 14.78 51.57 49.34
875 38.57 21.62 27.27 87.34 80.76
876 38.52 50.20 39.29 124.71 113.46
877 38.44 13.34 22.42 75.70 60.00
878 38.54 24.06 27.64 90.95 79.88
879 38.56 66.07 56.39 141.58 80.03
880 38.67 43.60 36.04 130.08 107.37
881 38.63 54.81 41.42 144.93 98.82
882 38.74 71.68 71.63 111.03 101.38
883 38.60 92.22 33.61 20.33 72.32
884 38.79 61.30 54.03 156.00 89.91
885 38.72 57.33 47.75 140.11 87.96
886 38.85 52.44 39.22 129.29 105.99
887 39.04 26.46 31.20 107.50 82.01
888 38.93 68.68 69.43 128.11 93.17
889 38.73 87.66 55.12 46.67 129.91
890 38.93 48.08 38.69 129.49 107.57
891 39.01 76.17 85.82 97.61 111.84
892 39.09 41.13 37.22 121.08 101.17
893 39.17 19.33 28.59 89.29 80.01
894 39.26 30.78 34.09 111.06 102.17
895 39.22 83.44 75.30 64.21 143.60
896 39.12 94.22 26.34 15.18 36.98
897 39.24 86.39 71.34 60.96 131.17
898 39.31 38.81 38.94 108.76 95.89
899 39.37 28.60 34.06 115.75 86.82
900 39.40 59.04 56.60 140.44 96.94
901 39.44 14.04 27.94 77.96 67.76
902 39.29 73.99 91.97 100.54 110.77
903 39.50 78.90 80.42 66.35 131.34
904 39.37 33.50 36.34 106.62 86.38
905 39.52 11.24 23.58 64.98 60.65
906 39.56 36.31 41.94 110.97 85.72
907 39.53 45.31 45.30 128.05 101.74
908 39.51 64.47 71.56 136.39 117.92
909 39.73 89.09 63.48 39.73 118.00
910 39.53 56.02 50.39 152.34 90.36
911 39.39 8.67 13.96 32.70 49.57
912 39.64 66.76 72.88 128.19 116.08
913 39.64 70.40 87.79 107.05 122.97
914 39.74 17.08 32.75 92.83 86.07
915 39.78 43.08 44.91 138.82 110.88
916 39.67 62.11 68.49 138.58 98.62
917 39.85 24.46 39.14 107.02 71.10
918 39.80 49.61 49.72 133.50 96.13
919 39.80 21.93 36.07 94.64 69.85
920 39.83 51.80 57.81 160.74 116.53
921 39.73 7.93 17.58 47.08 52.97
922 39.96 54.01 60.38 147.08 106.35
923 39.98 47.21 52.80 141.84 99.05
924 40.09 93.46 38.22 18.85 66.93
925 40.01 76.51 92.98 64.18 138.97
926 40.25 82.60 85.44 57.17 149.98
927 39.98 87.53 75.39 55.00 119.24
928 40.30 68.51 94.30 107.74 154.00
929 40.26 73.09 100.16 76.16 156.17
930 40.12 75.10 98.47 66.43 139.83
931 40.30 32.02 43.47 120.55 84.01
932 40.34 40.99 46.42 130.01 90.26
933 40.26 59.82 67.21 122.87 121.70
934 40.18 85.43 86.21 51.32 131.36
935 40.26 9.52 22.74 49.52 76.88
936 40.13 19.82 40.62 65.03 97.72
937 40.39 27.00 44.24 129.26 77.39
938 40.39 34.88 44.32 119.38 80.77
939 40.31 38.51 45.22 119.55 75.42
940 40.35 57.34 68.46 141.11 104.40
941 40.34 7.72 17.82 47.30 59.32
942 40.55 29.32 47.42 115.68 99.82
943 40.70 65.57 89.38 108.93 168.28
944 40.56 16.30 39.96 75.11 97.23
945 40.60 18.67 41.03 83.22 101.91
946 40.60 62.92 84.69 117.55 151.63
947 40.41 14.69 32.00 78.80 85.13
948 40.89 45.93 60.33 133.98 109.26
949 40.71 70.88 102.74 83.88 165.94
950 40.77 13.60 41.51 89.87 87.78
951 40.81 78.14 96.62 49.46 165.39
952 40.83 80.53 95.14 56.78 153.04
953 40.87 10.42 31.29 70.08 84.17
954 40.86 50.62 67.68 130.55 124.00
955 40.85 55.33 78.46 133.46 134.47
956 40.91 43.69 56.25 136.96 100.38
957 40.87 21.37 47.83 81.28 103.35
958 40.89 48.36 70.06 139.10 111.51
959 40.91 52.89 72.58 145.02 123.08
960 41.02 36.86 56.59 128.50 95.00
961 40.81 86.41 70.39 34.61 134.87
962 40.76 12.02 35.06 63.81 89.25
963 40.95 24.31 50.52 95.70 101.80
964 41.21 88.05 84.51 45.98 130.05
965 40.92 61.07 87.33 116.42 141.29
966 41.28 74.77 106.28 58.31 168.69
967 41.41 7.86 28.73 48.82 78.58
968 41.20 33.39 60.53 126.95 91.55
969 41.30 59.19 95.00 111.80 160.89
970 41.03 91.48 52.62 25.21 93.56
971 41.13 89.46 71.44 36.37 127.00
972 41.43 93.79 42.42 19.14 66.69
973 41.30 31.12 58.76 109.47 96.69
974 41.28 39.21 58.69 124.21 91.19
975 41.39 67.36 110.05 94.52 204.76
976 41.21 16.89 38.78 76.78 93.81
977 41.33 57.19 100.53 109.54 152.74
978 41.52 15.93 52.64 74.93 113.78
979 41.43 41.51 66.37 123.11 101.28
980 41.73 83.08 96.55 56.51 154.10
981 41.50 27.08 66.08 96.43 118.77
982 41.59 12.02 39.14 55.92 112.07
983 41.46 18.91 51.75 60.49 115.19
984 41.70 69.48 122.81 75.98 193.25
985 41.61 72.15 126.06 66.42 178.72
986 41.71 35.26 65.88 124.06 127.06
987 41.46 81.78 97.64 52.04 165.64
988 41.84 63.65 107.38 86.74 196.34
989 41.83 52.10 92.12 104.89 161.58
990 41.82 54.60 98.12 105.93 176.35
991 41.76 85.87 96.43 56.74 148.72
992 41.81 49.18 84.64 125.85 149.51
993 41.95 15.02 49.16 74.66 116.39
994 42.00 29.35 68.36 80.66 130.94
995 41.84 61.21 109.33 85.65 190.88
996 42.00 21.83 63.31 64.84 130.75
997 41.77 90.71 75.04 30.06 95.38
998 42.05 24.69 69.55 72.82 134.97
999 42.04 46.94 82.51 118.01 149.97
1000 42.07 79.45 107.84 50.56 166.02
1001 41.94 44.54 85.11 124.66 119.96
1002 42.15 13.29 51.69 71.67 110.51
1003 42.29 76.62 116.81 53.94 179.90
1004 41.96 34.04 49.81 85.52 143.19
1005 42.27 65.80 119.72 76.77 214.08
1006 42.13 9.87 46.43 51.99 114.39
1007 42.17 37.33 75.98 107.89 135.34
1008 42.33 42.38 82.67 93.62 161.57
1009 42.18 31.89 78.41 81.08 124.72
1010 42.24 39.72 86.00 114.68 132.03
1011 42.37 57.40 108.08 77.96 188.08
1012 42.39 91.73 68.14 28.43 89.70
1013 42.40 17.55 70.76 62.43 134.98
1014 42.53 73.84 128.25 63.13 180.05
1015 42.67 27.53 83.49 70.26 149.29
1016 42.79 6.57 28.59 23.50 77.80
1017 42.74 68.16 140.30 69.17 200.38
1018 42.76 50.16 101.53 100.90 178.17
1019 42.74 59.83 120.53 78.23 185.97
1020 42.81 70.50 131.96 60.91 191.02
1021 42.83 87.02 103.29 60.47 137.42
1022 42.70 90.14 73.78 36.28 118.91
1023 42.83 83.93 108.60 59.29 148.38
1024 42.79 95.29 29.02 15.78 30.48
1025 42.78 34.30 86.43 79.17 159.32
1026 42.92 52.58 115.42 82.98 199.18
1027 43.08 20.05 79.48 52.58 147.21
1028 42.94 45.62 106.96 93.81 177.27
1029 42.76 10.76 68.06 70.88 121.47
1030 42.88 55.13 117.72 76.18 195.80
1031 42.91 62.38 126.21 69.72 192.93
1032 43.02 81.31 112.86 56.62 155.68
1033 43.16 14.88 72.87 57.55 119.62
1034 42.97 25.56 89.40 55.10 160.92
1035 43.33 32.25 99.32 70.70 173.87
1036 43.25 48.04 110.23 98.52 194.34
1037 43.29 22.93 90.07 53.68 157.84
1038 43.14 38.59 105.78 86.84 158.44
1039 43.37 64.45 137.10 63.16 199.61
1040 43.18 12.59 69.59 44.70 116.21
1041 43.11 29.78 97.04 65.93 151.64
1042 43.32 40.74 100.98 70.69 171.23
1043 43.09 43.62 110.51 78.00 173.57
1044 43.40 36.60 100.35 66.92 175.92
1045 43.27 85.25 88.46 50.49 119.88
1046 43.33 78.37 126.14 56.74 152.56
1047 43.51 75.55 130.35 58.75 156.77
1048 43.47 72.70 144.95 61.13 173.84
1049 43.58 57.87 144.11 68.98 213.58
1050 43.60 66.64 146.27 60.75 203.33
1051 43.38 89.94 85.58 48.39 104.87
1052 43.93 4.48 23.95 9.42 38.41
1053 43.50 24.96 77.97 48.23 161.93
1054 43.54 59.95 141.00 59.74 204.03
1055 43.79 54.07 133.64 69.76 208.69
1056 43.91 9.20 58.37 32.58 116.87
1057 43.97 27.78 106.69 48.42 153.55
1058 43.78 18.02 80.92 41.21 154.38
1059 43.91 34.59 109.47 64.18 171.09
1060 43.83 50.61 127.91 78.10 192.13
1061 43.92 61.82 149.65 63.38 182.61
1062 43.97 87.97 104.07 71.06 116.92
1063 43.74 92.48 67.74 36.76 83.50
1064 43.75 91.06 80.62 36.77 68.58
1065 44.11 68.46 147.04 60.30 188.63
1066 44.08 46.41 132.10 70.06 195.58
1067 44.09 56.21 152.66 68.39 210.96
1068 44.08 70.77 144.40 59.73 178.96
1069 44.15 42.59 132.34 62.64 190.83
1070 44.08 83.12 120.74 74.40 126.81
1071 43.95 13.17 72.83 36.80 122.88
1072 44.20 6.73 48.45 18.98 86.82
1073 44.29 22.19 108.31 42.73 151.90
1074 44.35 39.48 124.97 58.44 180.29
1075 44.08 59.72 132.68 60.16 195.52
1076 44.32 30.59 141.62 64.16 192.90
1077 44.44 80.19 126.57 72.72 132.19
1078 44.45 16.49 92.14 42.72 144.09
1079 44.34 25.30 106.71 45.55 167.70
1080 44.44 52.74 150.75 69.00 199.44
1081 44.42 77.63 132.28 64.16 142.04
1082 44.36 85.66 114.30 72.19 127.64
1083 44.54 63.51 153.54 64.22 191.46
1084 44.43 73.47 140.60 59.46 153.16
1085 44.59 37.33 126.00 51.22 170.12
1086 44.61 48.62 129.34 61.51 188.13
1087 44.35 90.41 80.64 47.09 104.76
1088 44.78 19.61 106.44 37.19 157.70
1089 44.65 44.64 147.90 68.95 187.88
1090 44.69 32.73 128.48 59.51 175.09
1091 44.52 13.99 79.55 42.23 138.40
1092 44.70 65.79 163.60 65.01 191.45
1093 44.71 91.68 71.26 44.08 94.30
1094 44.43 92.78 55.20 32.60 76.70
1095 44.99 11.79 88.71 33.26 126.91
1096 44.82 58.10 153.28 59.75 199.32
1097 44.97 75.51 139.50 69.61 149.19
1098 44.94 55.14 158.06 65.90 205.06
1099 44.97 35.23 134.96 54.86 157.77
1100 44.88 60.68 164.92 61.81 177.86
1101 45.10 41.18 150.27 56.53 186.37
1102 44.97 50.97 147.23 60.56 183.61
1103 45.05 96.04 28.75 19.97 18.02
1104 45.11 9.32 66.25 24.75 118.82
1105 44.99 90.20 84.83 53.76 90.79
1106 44.98 6.99 44.30 16.77 92.55
1107 45.22 29.92 127.42 48.41 173.48
1108 45.14 69.24 154.12 64.68 162.95
1109 45.22 71.38 153.95 67.60 142.68
1110 44.93 84.46 107.83 75.30 111.83
1111 44.86 85.87 117.70 72.90 125.10
1112 45.20 87.92 98.49 60.79 97.58
1113 45.26 82.24 119.02 77.12 113.24
1114 45.29 14.96 103.75 39.04 145.62
1115 45.47 23.97 131.14 44.72 173.55
1116 45.27 26.32 133.66 45.16 160.95
1117 45.35 46.89 152.86 62.58 187.75
1118 45.42 93.62 55.61 35.61 47.78
1119 45.42 21.84 126.26 42.41 165.87
1120 45.48 67.25 161.09 72.17 143.35
1121 45.53 43.00 157.77 59.64 189.17
1122 45.56 73.51 151.34 74.43 133.99
1123 45.60 38.91 147.63 56.74 179.86
1124 45.63 53.66 159.30 69.95 193.72
1125 45.66 62.30 168.38 76.74 155.97
1126 45.65 77.54 138.58 87.25 122.10
1127 45.65 64.70 177.28 76.07 147.49
1128 45.76 17.41 113.97 38.97 148.63
1129 45.65 33.27 150.60 56.58 143.82
1130 45.71 59.44 175.51 75.19 184.34
1131 45.87 45.10 183.76 77.65 195.14
1132 45.71 49.49 161.77 63.70 160.94
1133 45.80 85.34 115.67 73.45 110.19
1134 45.76 36.62 153.65 60.89 155.33
1135 46.00 79.91 136.67 93.88 114.04
1136 45.84 56.68 170.34 75.42 181.34
1137 46.08 89.86 95.63 60.19 79.62
1138 46.13 8.17 72.76 28.88 118.88
1139 45.91 27.89 128.60 48.19 165.51
1140 46.17 20.07 127.35 44.58 147.35
1141 46.11 51.78 177.53 78.52 160.84
1142 46.31 5.71 44.07 16.28 70.92
1143 46.24 29.86 147.66 60.62 150.10
1144 46.22 69.65 151.14 85.50 132.48
1145 46.30 11.84 103.77 36.18 110.66
1146 46.28 41.24 169.30 69.45 161.70
1147 46.45 82.48 128.82 92.46 100.94
1148 46.50 25.37 141.26 56.72 139.45
1149 46.32 96.32 26.22 14.20 15.34
1150 46.50 34.72 163.36 66.09 133.31
1151 46.45 48.05 178.21 73.75 149.61
1152 46.45 72.31 160.88 97.13 123.44
1153 46.60 92.25 77.73 46.82 60.25
1154 46.59 32.00 161.77 62.75 115.60
1155 46.58 74.93 157.56 100.35 121.18
1156 46.56 3.58 28.96 9.34 27.69
1157 46.51 15.10 118.09 39.84 122.20
1158 46.46 66.48 178.48 101.94 127.11
1159 46.60 60.77 184.86 101.19 147.22
1160 46.73 94.62 49.10 26.98 32.12
1161 46.66 58.50 183.03 98.93 143.89
1162 46.65 63.95 174.82 106.57 137.56
1163 46.60 87.54 111.18 69.25 91.82
1164 46.65 22.79 142.16 59.25 129.87
1165 46.72 39.20 171.84 76.86 137.05
1166 46.75 43.40 167.25 90.11 139.78
1167 46.63 53.97 171.39 102.38 170.34
1168 46.80 27.54 166.99 75.52 132.14
1169 46.79 37.06 171.36 70.53 123.49
1170 46.88 46.21 169.25 88.42 144.52
1171 46.86 18.33 132.24 51.04 129.42
1172 46.78 56.36 190.00 110.96 146.13
1173 46.89 77.48 144.34 97.70 108.31
1174 46.88 50.26 181.16 79.39 161.57
1175 47.07 84.44 123.12 90.48 116.25
1176 47.14 68.40 177.77 119.54 129.57
1177 47.18 86.78 114.45 77.68 89.75
1178 47.15 9.49 112.05 43.12 101.06
1179 47.27 62.12 195.06 124.90 129.31
1180 47.22 80.13 144.17 111.81 108.10
1181 47.39 7.71 62.30 30.11 71.53
1182 47.29 29.67 162.70 80.09 125.42
1183 47.32 71.00 172.65 120.34 120.53
1184 47.38 41.02 173.09 94.87 115.72
1185 47.42 52.27 181.35 101.99 147.57
1186 47.45 89.71 102.76 64.87 85.97
1187 47.48 11.74 136.64 54.28 106.22
1188 47.44 21.11 150.47 71.14 101.19
1189 47.48 33.92 166.88 81.35 115.03
1190 47.56 4.84 41.73 22.13 37.80
1191 47.54 14.23 164.12 65.07 120.98
1192 47.53 65.96 181.30 122.36 130.46
1193 47.65 16.95 135.98 55.95 103.22
1194 47.58 48.61 181.20 110.91 133.20
1195 47.64 73.49 170.31 128.60 116.73
1196 47.66 44.82 178.27 122.65 134.77
1197 47.65 54.56 188.56 127.23 150.22
1198 47.69 23.70 155.80 79.16 99.58
1199 47.64 59.25 196.85 121.13 141.01
1200 47.73 26.43 163.39 80.10 108.19
1201 47.85 36.03 174.65 82.68 100.99
1202 47.78 31.66 169.13 86.99 112.10
1203 47.81 38.45 186.75 89.80 103.56
1204 47.80 56.84 187.51 125.33 134.94
1205 47.87 76.02 160.12 113.25 139.24
1206 47.94 63.61 190.10 122.92 133.01
1207 48.04 81.77 131.11 85.56 102.73
1208 47.91 92.27 81.18 38.57 68.19
1209 48.04 42.77 188.19 119.49 121.55
1210 48.21 46.80 182.98 135.02 127.20
1211 48.19 78.66 147.07 102.41 148.81
1212 48.21 19.48 144.19 70.75 96.89
1213 48.20 50.60 185.02 126.89 142.94
1214 48.14 84.64 127.07 74.81 106.42
1215 48.51 95.83 35.80 11.91 29.78
1216 48.20 61.17 192.68 129.51 131.93
1217 48.23 67.93 182.76 121.63 138.26
1218 48.29 28.86 171.38 89.09 118.66
1219 48.30 70.26 177.34 129.64 141.14
1220 48.35 87.37 113.22 60.67 86.08
1221 48.32 9.35 106.68 50.95 73.43
1222 48.33 1.39 14.95 6.74 13.53
1223 48.36 98.14 16.47 4.06 11.57
1224 48.50 40.32 182.31 107.54 106.36
1225 48.70 2.41 22.78 11.80 16.72
1226 48.51 52.93 189.70 128.18 150.97
1227 48.60 15.08 138.99 61.26 90.38
1228 48.60 33.41 181.96 90.74 102.35
1229 48.60 65.33 189.65 123.43 139.62
1230 48.76 4.90 46.06 27.46 32.27
1231 48.72 22.30 154.06 92.25 90.46
1232 48.63 24.96 161.28 113.27 97.86
1233 48.73 72.35 165.86 122.71 150.80
1234 48.73 12.42 127.60 58.15 73.52
1235 48.65 58.21 190.70 139.83 148.10
1236 48.69 55.37 207.45 134.68 148.87
1237 48.86 74.69 161.16 105.21 147.86
1238 48.93 89.61 104.91 55.12 106.99
1239 48.91 31.21 179.16 94.99 114.19
1240 48.88 37.63 185.53 102.53 106.03
1241 48.84 44.74 188.60 126.36 121.88
1242 48.87 48.75 192.44 142.12 137.24
1243 49.02 17.61 140.42 68.20 86.56
1244 49.04 93.11 73.56 25.76 67.07
1245 49.14 35.34 179.89 89.21 104.45
1246 49.15 7.31 88.57 46.04 54.17
1247 49.22 27.01 170.10 93.61 99.34
1248 49.03 62.44 194.84 135.70 137.69
1249 49.15 77.16 149.38 82.57 150.89
1250 49.13 60.09 195.62 130.46 138.72
1251 49.07 82.89 128.98 55.72 128.32
1252 49.13 42.39 200.57 127.29 123.69
1253 49.22 68.44 185.26 122.86 142.70
1254 49.24 79.79 144.48 65.64 139.90
1255 49.41 20.25 143.68 74.21 94.99
1256 49.41 98.25 15.77 2.87 11.96
1257 49.33 51.30 217.24 144.69 170.88
1258 49.42 85.58 121.16 42.96 120.38
1259 49.43 29.29 177.86 79.81 127.74
1260 49.52 9.96 117.98 51.14 77.84
1261 49.47 46.80 192.36 118.29 128.44
1262 49.45 53.83 190.57 120.19 149.46
1263 49.50 66.27 183.78 117.30 147.90
1264 49.59 70.54 176.11 98.84 160.19
1265 49.53 56.96 188.40 111.20 171.21
1266 49.54 39.66 191.98 97.99 119.62
1267 49.66 63.93 192.03 127.27 158.76
1268 49.94 2.23 22.93 6.60 13.49
1269 49.71 24.65 165.28 92.55 108.77
1270 49.78 32.97 187.25 74.80 122.69
1271 49.83 15.20 138.86 54.54 80.70
1272 49.56 87.29 103.12 31.81 122.06
1273 49.88 72.80 173.75 83.24 161.51
1274 50.11 96.24 31.20 5.56 21.51
1275 50.03 91.24 90.22 32.27 93.07
1276 49.89 44.49 194.91 103.90 141.12
1277 49.87 49.48 217.16 129.26 172.33
1278 50.09 12.73 130.74 50.29 80.98
1279 50.07 22.32 151.62 67.92 116.69
1280 50.11 5.15 50.40 22.63 34.20
1281 50.03 37.25 182.09 74.27 116.89
1282 50.10 88.05 114.27 42.36 116.17
1283 50.02 61.26 194.13 100.36 162.37
1284 50.16 75.21 162.97 72.60 167.18
1285 50.15 59.12 192.35 88.24 157.91
1286 50.16 42.19 190.39 76.87 138.22
1287 50.20 17.89 145.36 54.19 91.74
1288 50.14 82.66 133.13 42.66 137.08
1289 50.31 30.80 180.86 56.01 137.64
1290 50.15 78.40 148.71 40.62 161.91
1291 50.27 55.24 189.53 89.95 178.83
1292 50.39 7.63 88.61 33.92 65.17
1293 50.35 34.76 182.10 63.69 132.00
1294 50.25 67.98 198.39 103.99 178.01
1295 50.33 77.22 143.74 49.58 163.91
1296 50.35 52.62 191.76 98.27 177.38
1297 50.49 80.29 137.05 44.63 155.12
1298 50.42 28.27 178.58 63.47 126.84
1299 50.51 94.09 58.03 14.17 47.62
1300 50.44 85.85 103.24 29.75 135.71
1301 50.49 40.19 189.85 63.58 149.94
1302 50.49 65.34 191.43 87.72 176.04
1303 50.32 98.29 16.03 1.69 10.72
1304 50.66 26.14 176.13 57.57 123.51
1305 50.58 48.20 196.12 92.67 155.16
1306 50.60 46.05 215.83 92.50 153.49
1307 50.67 57.18 193.94 68.85 159.04
1308 50.72 62.95 209.08 99.26 195.35
1309 50.70 70.20 178.67 69.71 163.83
1310 50.71 10.03 122.81 36.44 78.99
1311 50.81 20.27 144.87 51.42 109.22
1312 50.75 50.59 198.12 92.22 176.55
1313 50.96 24.09 161.17 48.48 122.20
1314 50.93 73.52 167.58 54.71 175.76
1315 51.27 2.73 28.10 5.42 19.76
1316 50.97 15.07 137.76 37.53 94.48
1317 50.97 43.61 199.39 64.04 150.31
1318 51.09 32.16 183.13 40.98 145.49
1319 51.15 36.40 182.12 44.80 131.10
1320 51.14 38.59 200.07 49.99 152.57
1321 51.11 60.52 187.61 71.57 181.06
1322 51.27 97.75 19.20 2.52 13.39
1323 51.31 78.41 142.74 38.83 162.45
1324 51.06 84.23 112.34 32.63 150.05
1325 51.26 12.13 137.04 33.56 85.28
1326 51.24 54.08 200.91 68.70 190.33
1327 51.27 67.91 177.58 52.87 198.38
1328 51.45 87.26 113.24 28.11 141.67
1329 51.29 17.83 143.27 38.78 95.75
1330 51.44 75.85 157.99 40.51 162.25
1331 51.34 92.39 73.69 18.38 82.33
1332 51.52 6.42 75.03 16.26 64.19
1333 51.40 29.58 180.12 41.00 143.73
1334 51.45 34.22 183.27 38.53 143.04
1335 51.40 41.26 198.91 45.67 150.47
1336 51.44 71.70 175.29 47.11 168.75
1337 51.49 82.25 128.09 34.73 161.11
1338 51.44 58.17 199.67 53.36 175.96
1339 51.44 65.64 194.40 54.54 180.68
1340 51.60 22.32 159.66 35.92 133.97
1341 51.60 52.07 194.35 51.46 190.98
1342 51.53 47.64 193.11 50.24 155.62
1343 51.65 45.09 194.85 52.48 169.48
1344 51.82 95.25 39.64 7.82 28.06
1345 51.71 26.97 175.36 36.89 136.30
1346 51.76 49.92 196.96 48.57 174.77
1347 51.78 55.72 188.80 48.57 182.63
1348 51.79 63.53 183.75 51.24 183.42
1349 51.91 9.58 115.26 24.47 94.41
1350 51.95 85.15 114.95 28.38 145.96
1351 52.02 14.32 133.40 28.37 113.78
1352 52.08 61.33 186.86 56.35 196.79
1353 52.12 69.34 174.92 39.57 175.42
1354 52.15 42.61 188.51 42.83 160.99
1355 52.14 73.68 162.91 35.90 163.38
1356 52.13 80.31 141.02 40.32 172.71
1357 52.19 20.18 151.87 32.58 126.56
1358 52.25 24.87 168.42 32.17 133.57
1359 52.18 39.75 185.39 38.35 157.29
1360 52.17 32.30 177.85 33.73 149.08
1361 52.21 37.41 183.01 36.59 156.91
1362 52.31 17.16 142.23 28.87 102.27
1363 52.30 59.19 194.39 52.81 189.94
1364 52.30 66.89 181.92 40.92 187.14
1365 52.37 4.09 40.32 7.38 35.65
1366 52.40 34.98 185.36 33.01 142.05
1367 52.45 77.54 162.48 38.52 185.26
1368 52.44 28.72 161.01 33.93 154.29
1369 52.56 89.35 97.76 24.51 103.63
1370 52.42 46.81 188.96 37.12 192.18
1371 52.50 53.73 198.16 44.76 184.20
1372 52.42 92.70 75.17 18.40 62.55
1373 52.49 56.97 188.96 40.21 178.96
1374 52.53 71.35 170.68 37.68 167.78
1375 52.57 7.10 87.19 15.21 78.88
1376 52.70 12.02 131.42 24.82 94.77
1377 52.73 44.43 191.61 36.48 181.30
1378 52.70 49.29 197.10 38.25 177.82
1379 52.69 51.52 193.58 44.90 180.25
1380 52.81 65.02 190.32 40.95 177.42
1381 52.56 84.57 105.53 33.82 135.94
1382 52.85 30.76 176.12 37.66 140.25
1383 52.95 22.84 155.18 31.02 131.03
1384 53.00 75.40 178.77 42.08 186.80
1385 53.09 2.09 22.45 2.75 17.61
1386 52.97 62.78 179.89 46.08 193.51
1387 53.04 86.12 113.44 37.76 107.20
1388 53.07 26.91 172.81 32.20 131.01
1389 53.03 82.87 117.75 42.62 133.84
1390 53.16 9.45 110.57 17.80 87.55
1391 53.15 95.02 42.69 11.82 32.47
1392 53.16 40.71 187.40 43.27 149.63
1393 53.25 18.27 144.77 28.94 105.20
1394 53.21 15.05 136.14 25.63 101.07
1395 53.25 60.29 181.86 48.68 182.54
1396 53.29 73.16 185.77 43.06 186.81
1397 53.23 79.56 129.97 41.09 149.46
1398 53.25 38.15 179.82 43.68 157.24
1399 53.26 55.34 193.67 41.20 163.09
1400 53.29 67.57 175.93 38.90 174.72
1401 53.37 32.88 173.88 40.91 136.35
1402 53.13 81.04 138.61 42.22 136.91
1403 53.43 20.82 155.01 33.41 120.10
1404 53.38 42.80 187.28 39.63 169.84
1405 53.40 70.02 169.99 38.42 163.48
1406 53.34 35.53 176.99 40.13 147.36
1407 53.35 46.02 189.79 38.11 173.68
1408 53.37 57.88 186.83 42.92 167.77
1409 53.44 91.48 81.35 27.18 70.08
1410 53.48 48.19 207.29 47.31 190.90
1411 53.58 52.80 190.18 44.52 184.80
1412 53.68 24.97 160.02 34.59 109.85
1413 53.80 50.39 184.46 39.76 184.05
1414 53.87 77.28 148.52 46.35 140.04
1415 53.83 4.51 40.36 6.31 51.40
1416 53.76 29.94 164.71 41.92 121.46
1417 53.79 88.31 95.96 38.29 88.93
1418 53.87 11.45 120.32 22.48 80.68
1419 53.88 64.76 176.46 52.88 186.16
1420 53.71 6.30 62.41 8.65 75.71
1421 53.98 62.14 179.05 54.22 164.08
1422 54.13 7.68 84.00 16.72 77.14
1423 54.17 13.65 135.41 27.93 96.75
1424 54.16 27.74 154.14 42.90 109.14
1425 54.20 71.87 158.32 39.18 164.20
1426 54.18 82.47 118.48 53.03 113.51
1427 54.21 39.53 176.87 59.34 142.25
1428 54.23 85.22 104.56 52.02 91.73
1429 54.37 93.54 58.16 27.93 45.42
1430 54.32 43.89 180.55 47.38 149.22
1431 54.20 54.84 204.92 54.81 164.68
1432 54.24 74.82 148.77 46.55 126.77
1433 54.30 16.32 138.32 34.20 100.16
1434 54.27 34.70 162.18 48.59 115.98
1435 54.30 37.04 170.02 56.94 139.25
1436 54.25 59.41 183.58 56.37 141.15
1437 54.23 79.77 130.97 60.07 112.58
1438 54.29 45.98 183.93 55.37 179.27
1439 54.32 57.07 188.50 50.46 158.75
1440 54.31 66.88 170.28 54.75 178.25
1441 54.44 18.91 143.84 40.67 108.56
1442 54.37 41.69 172.93 54.63 137.34
1443 54.45 69.44 174.26 46.04 154.57
1444 54.53 21.46 142.48 40.40 92.01
1445 54.43 32.22 161.38 53.55 104.77
1446 54.56 95.60 31.00 15.65 21.29
1447 54.63 23.65 146.02 47.88 83.31
1448 54.55 48.04 186.04 61.61 163.45
1449 54.61 51.95 181.81 57.40 166.57
1450 54.76 9.95 105.92 26.15 76.37
1451 54.69 90.08 88.46 47.95 63.60
1452 54.91 25.96 149.14 59.53 82.98
1453 54.88 29.91 149.13 63.18 89.52
1454 54.90 63.38 179.28 67.26 148.32
1455 55.03 5.06 46.32 11.00 33.95
1456 54.98 50.01 170.37 62.52 155.67
1457 54.92 61.06 173.56 68.25 135.44
1458 55.02 87.54 98.14 50.58 83.97
1459 54.99 53.88 202.66 82.04 152.45
1460 55.18 77.68 126.78 66.08 109.55
1461 55.15 38.24 168.88 65.33 117.66
1462 55.12 72.70 150.87 61.22 129.76
1463 55.26 65.40 171.97 79.95 140.30
1464 55.21 34.10 155.18 57.53 107.61
1465 55.24 56.35 174.00 78.10 120.22
1466 55.22 67.88 164.47 64.66 126.84
1467 55.41 7.36 77.45 24.13 48.62
1468 55.12 12.29 109.21 32.88 76.67
1469 55.32 13.92 120.53 41.39 69.77
1470 55.25 45.11 172.79 73.90 124.94
1471 55.33 58.86 177.24 76.22 112.71
1472 55.31 80.45 121.46 68.89 99.79
1473 55.39 40.39 161.42 77.51 103.86
1474 55.41 83.09 107.60 60.07 78.57
1475 55.51 28.00 143.78 75.66 84.51
1476 55.47 42.63 163.05 77.67 110.25
1477 55.48 75.39 133.13 70.01 113.95
1478 55.47 16.47 125.57 54.63 76.17
1479 55.52 70.15 161.26 66.13 117.23
1480 55.64 85.52 100.85 59.02 70.20
1481 55.35 19.54 136.86 51.28 82.40
1482 55.53 31.69 145.68 67.54 87.22
1483 55.62 92.07 68.85 45.55 48.73
1484 55.64 36.22 154.40 79.74 101.76
1485 55.79 94.77 37.86 24.38 26.52
1486 55.57 47.68 162.63 95.12 121.20
1487 55.74 21.78 133.89 55.06 75.58
1488 55.75 52.46 172.65 102.28 114.74
1489 55.85 24.63 131.27 65.61 77.87
1490 55.95 9.85 102.28 36.87 59.02
1491 55.88 54.70 190.37 110.06 120.91
1492 55.85 18.93 131.67 57.29 76.11
1493 55.90 61.24 170.16 96.11 114.94
1494 55.96 63.39 163.54 93.16 125.24
1495 55.97 89.38 87.99 49.51 65.47
1496 55.98 50.11 163.01 101.17 112.47
1497 56.10 67.15 148.66 84.46 117.78
1498 56.19 57.94 160.96 93.76 99.40
1499 56.15 73.67 140.11 101.69 113.79
1500 56.23 33.77 128.97 82.35 78.31
1501 56.19 44.91 158.30 100.64 96.04
1502 56.29 38.55 144.55 97.74 88.56
1503 56.35 71.49 141.71 85.88 99.85
1504 56.35 12.93 117.34 51.92 62.94
1505 56.53 29.44 130.07 65.18 81.41
1506 56.39 41.14 144.38 93.11 89.08
1507 56.42 78.04 119.22 89.75 93.22
1508 56.41 80.91 110.19 80.19 81.85
1509 56.58 27.07 136.16 69.88 79.08
1510 56.55 47.03 148.60 115.21 103.61
1511 56.65 15.36 122.05 77.14 63.18
1512 56.55 64.98 161.55 104.06 119.10
1513 56.74 87.01 86.59 57.90 69.10
1514 56.74 7.60 79.35 41.87 44.56
1515 56.57 31.60 125.82 89.81 78.15
1516 56.65 60.04 163.86 113.70 102.55
1517 56.71 69.22 142.39 94.33 97.82
1518 56.72 83.49 100.89 61.61 71.00
1519 56.76 17.66 124.23 77.71 67.67
1520 56.69 56.05 157.94 105.20 100.15
1521 56.79 43.19 142.36 105.32 85.79
1522 56.80 20.02 127.13 70.26 62.95
1523 56.76 36.08 119.54 85.18 78.01
1524 56.82 51.50 150.26 105.52 95.48
1525 56.94 93.44 42.50 38.94 36.77
1526 56.84 22.57 123.12 72.08 66.68
1527 56.83 53.54 151.33 109.28 92.74
1528 56.91 75.46 123.30 113.97 94.01
1529 56.88 49.01 138.28 111.51 92.93
1530 57.08 24.98 122.20 86.30 72.60
1531 56.98 62.49 173.69 123.28 115.89
1532 57.11 10.76 97.42 50.03 49.08
1533 57.13 89.94 77.22 60.14 57.45
1534 57.20 66.93 139.81 112.14 102.99
1535 57.30 72.99 125.35 112.59 95.29
1536 57.27 34.00 107.16 80.95 73.94
1537 57.37 38.31 122.65 87.13 81.85
1538 57.31 45.57 133.15 120.80 88.62
1539 57.30 58.32 146.51 99.27 88.47
1540 57.38 40.61 120.05 92.26 79.81
1541 57.47 80.06 106.75 78.00 79.15
1542 57.53 70.68 134.14 99.46 97.62
1543 57.59 13.66 105.21 57.32 54.66
1544 57.53 64.89 141.96 102.59 96.47
1545 57.60 77.58 115.19 96.08 87.03
1546 57.58 31.56 114.53 75.60 74.23
1547 57.63 55.21 139.66 94.86 91.71
1548 57.62 85.11 89.68 64.99 68.66
1549 57.73 50.18 127.21 108.99 83.29
1550 57.70 60.90 165.53 136.10 103.90
1551 57.76 29.16 102.32 69.94 75.78
1552 57.79 26.81 105.10 66.43 76.62
1553 57.88 8.55 80.11 48.25 42.89
1554 57.81 43.14 114.51 92.05 90.23
1555 57.90 47.81 119.81 101.91 85.73
1556 58.12 5.46 41.29 28.04 26.29
1557 57.93 16.40 102.11 68.45 56.42
1558 57.88 19.77 104.62 66.30 64.98
1559 57.90 52.37 131.73 109.22 81.99
1560 57.90 22.91 107.21 68.12 69.71
1561 57.94 36.41 113.89 82.89 73.38
1562 57.98 68.27 128.06 107.69 95.95
1563 58.08 82.12 87.88 65.04 80.63
1564 58.18 87.74 79.33 71.79 61.13
1565 58.06 63.13 138.14 105.40 97.39
1566 58.15 57.13 124.74 84.36 94.60
1567 58.15 92.36 50.62 57.09 44.65
1568 58.17 75.39 114.57 109.22 93.15
1569 58.31 11.37 94.65 53.45 51.44
1570 58.34 90.28 70.48 74.62 60.33
1571 58.25 33.89 98.96 73.77 71.12
1572 58.35 45.19 108.59 90.26 85.61
1573 58.33 59.40 129.07 99.92 92.62
1574 58.41 40.96 101.79 78.83 84.38
1575 58.42 73.15 115.22 108.41 86.30
1576 58.58 25.10 85.21 64.47 67.50
1577 58.51 38.59 97.14 72.67 81.70
1578 58.52 65.86 124.94 95.44 97.10
1579 58.50 53.95 127.27 89.67 87.76
1580 58.57 31.09 94.68 57.19 73.83
1581 58.57 70.41 123.16 97.22 93.40
1582 58.58 85.52 85.81 76.31 70.90
1583 58.63 78.88 97.31 85.31 80.95
1584 58.74 18.06 92.05 60.70 58.29
1585 58.78 21.61 87.27 58.35 67.06
1586 58.83 13.97 83.01 52.09 53.04
1587 58.81 27.97 91.27 59.29 80.36
1588 58.68 49.79 112.90 83.98 92.58
1589 58.76 61.70 116.34 100.90 88.56
1590 58.93 35.78 86.83 69.52 78.63
1591 58.87 42.98 104.25 74.15 87.24
1592 58.90 47.04 102.97 79.63 96.72
1593 59.15 55.64 111.35 86.98 93.53
1594 59.11 7.51 57.52 40.89 39.44
1595 59.13 51.65 102.94 80.41 93.56
1596 59.05 83.75 76.81 70.43 86.86
1597 59.19 63.81 105.81 83.48 109.63
1598 59.08 68.12 107.54 84.20 99.68
1599 59.17 76.06 98.56 95.31 87.20
1600 59.29 10.41 80.69 47.29 50.05
1601 59.21 57.57 105.48 81.11 84.92
1602 59.16 33.10 78.46 61.26 76.28
1603 59.49 15.88 76.07 50.67 59.09
1604 59.19 86.56 67.95 52.86 73.00
1605 59.33 59.94 113.27 105.05 96.24
1606 59.52 80.89 81.54 81.14 78.13
1607 59.40 29.87 80.79 61.07 73.50
1608 59.36 71.75 104.90 89.51 100.30
1609 59.55 94.71 23.35 21.00 21.87
1610 59.32 40.29 86.97 61.29 96.76
1611 59.63 89.23 56.02 46.87 70.68
1612 59.45 24.10 75.32 59.97 65.95
1613 59.47 38.10 80.18 69.85 97.11
1614 59.59 92.26 41.07 40.20 51.06
1615 59.73 19.16 68.34 43.72 64.66
1616 59.52 45.05 89.05 66.30 86.96
1617 59.52 48.79 88.44 65.63 101.61
1618 59.53 53.57 96.87 83.11 88.26
1619 59.55 26.81 72.86 50.75 73.75
1620 59.60 65.97 105.89 87.54 82.46
1621 59.48 41.47 66.00 41.19 102.38
1622 59.80 73.44 85.89 83.57 103.49
1623 59.75 78.40 84.29 87.49 98.89
1624 59.86 34.61 47.49 33.27 87.05
1625 60.03 13.04 71.21 41.12 59.94
1626 59.57 34.04 59.00 44.25 93.75
1627 60.02 43.14 69.17 48.42 91.41
1628 59.95 62.03 88.88 79.75 102.06
1629 59.92 69.35 105.05 81.70 100.14
1630 59.93 36.02 66.89 54.84 92.68
1631 59.92 32.83 57.52 39.67 79.97
1632 60.19 58.71 81.56 84.81 87.16
1633 60.05 86.72 64.74 60.55 82.23
1634 59.97 40.37 60.21 52.26 103.26
1635 60.12 85.30 65.76 61.59 83.11
1636 60.37 52.45 82.19 81.55 91.32
1637 60.56 76.34 75.50 70.88 110.19
1638 60.19 26.67 59.08 47.13 76.41
1639 60.24 46.68 74.84 70.63 94.56
1640 60.30 54.72 85.15 83.14 89.31
1641 60.28 56.80 82.79 84.06 83.12
1642 60.45 7.53 42.63 29.66 37.02
1643 60.41 10.60 63.05 46.15 50.73
1644 60.25 50.39 76.43 65.16 100.53
1645 60.35 71.21 95.05 79.68 91.34
1646 60.49 17.32 64.14 40.29 59.04
1647 60.52 37.92 48.60 42.58 96.00
1648 60.44 64.46 86.20 78.24 99.51
1649 60.55 24.33 63.74 52.01 79.51
1650 60.47 67.24 88.20 68.80 94.12
1651 60.66 60.62 72.79 82.58 89.17
1652 60.60 84.07 50.25 42.69 85.25
1653 60.40 41.47 63.50 47.62 100.35
1654 60.38 47.69 52.30 39.10 106.70
1655 60.56 82.73 63.00 69.56 87.91
1656 60.66 92.45 25.05 29.33 51.46
1657 60.80 14.76 60.77 42.06 54.82
1658 60.55 28.23 65.20 52.29 78.09
1659 60.54 30.23 62.87 53.46 74.69
1660 60.57 32.99 58.20 47.06 81.49
1661 60.92 79.42 63.33 67.99 102.01
1662 60.59 9.13 39.76 26.48 65.10
1663 60.65 21.25 63.94 43.23 62.88
1664 60.51 88.61 39.38 31.77 72.85
1665 60.67 90.71 47.62 45.64 70.81
1666 60.95 72.85 79.74 62.90 99.08
1667 60.56 86.73 47.22 39.00 88.44
1668 60.78 48.27 68.80 62.00 96.56
1669 61.20 70.22 69.72 52.00 91.94
1670 60.87 81.27 66.28 73.28 95.22
1671 60.83 19.78 56.74 37.23 63.65
1672 60.89 42.09 59.00 52.44 96.21
1673 60.84 50.15 50.72 46.22 96.34
1674 61.47 40.73 44.84 43.71 98.00
1675 61.10 88.69 51.53 47.94 81.33
1676 60.93 35.48 46.47 43.24 87.60
1677 61.03 62.74 78.51 89.76 92.67
1678 61.14 85.51 56.51 53.05 87.36
1679 61.31 25.79 49.02 47.82 75.53
1680 61.19 31.63 43.81 43.68 78.19
1681 61.16 18.48 43.67 31.00 66.15
1682 61.03 26.83 45.09 37.18 76.82
1683 61.22 46.73 57.00 48.09 90.27
1684 61.37 58.64 59.92 62.42 91.20
1685 61.26 56.60 60.69 61.97 97.54
1686 61.43 8.85 37.18 27.04 49.14
1687 61.06 13.08 49.20 35.60 59.93
1688 61.36 11.33 48.40 35.63 57.15
1689 61.31 78.60 60.26 75.60 102.14
1690 61.35 28.22 42.29 43.21 77.69
1691 61.39 29.96 37.35 36.35 77.00
1692 61.35 5.36 21.67 13.17 24.65
1693 61.37 64.93 70.62 64.74 102.18
1694 61.39 91.34 33.61 29.47 71.36
1695 61.59 67.91 69.92 53.47 89.89
1696 61.26 77.35 46.82 49.00 92.00
1697 61.37 81.91 55.42 63.32 87.26
1698 61.67 75.03 65.42 60.07 98.47
1699 61.57 16.70 47.78 38.00 62.72
1700 61.46 36.01 34.51 34.63 88.06
1701 61.60 49.21 52.27 52.00 93.98
1702 61.54 47.84 35.36 29.28 92.32
1703 61.52 51.51 54.49 61.36 96.31
1704 61.85 92.98 20.91 21.61 57.28
1705 61.63 15.41 40.54 22.96 59.92
1706 61.56 53.57 51.78 56.10 89.60
1707 61.80 60.68 58.69 67.83 96.08
1708 61.70 38.56 39.23 43.66 99.91
1709 61.62 14.04 39.35 26.88 59.46
1710 62.11 87.20 41.57 43.11 83.29
1711 61.71 89.23 30.28 28.95 66.54
1712 61.77 12.37 46.74 39.79 59.15
1713 62.15 77.49 59.11 56.95 91.75
1714 62.10 18.98 42.19 37.50 65.93
1715 61.99 31.11 28.95 38.54 78.56
1716 62.15 36.32 36.83 52.88 90.33
1717 62.27 50.44 45.86 57.83 104.31
1718 62.27 65.79 57.24 50.47 89.92
1719 62.20 72.06 64.70 60.48 88.15
1720 62.13 39.51 45.52 51.58 105.94
1721 62.04 53.02 54.76 72.88 100.00
1722 61.98 64.83 40.27 34.82 106.46
1723 62.24 21.43 38.17 37.89 67.57
1724 62.25 57.27 48.05 62.72 98.08
1725 62.43 80.81 47.58 53.32 94.66
1726 62.24 42.40 42.43 48.09 91.00
1727 62.36 5.46 14.56 7.69 26.19
1728 62.44 12.21 35.75 27.93 59.10
1729 62.41 83.67 41.44 42.00 83.04
1730 62.39 27.02 39.34 47.53 77.60
1731 62.42 15.81 40.89 36.76 64.76
1732 62.54 29.51 34.75 54.62 78.53
1733 62.39 47.03 45.24 67.43 90.43
1734 62.25 48.20 35.92 41.54 93.62
1735 62.42 45.16 40.41 52.85 93.07
1736 62.50 53.95 38.16 46.77 95.95
1737 62.42 52.46 35.64 44.09 101.64
1738 62.64 70.65 57.81 49.65 85.59
1739 62.78 10.01 41.73 35.15 58.05
1740 63.01 64.17 46.64 55.23 98.08
1741 62.94 68.95 48.96 46.41 91.78
1742 62.50 90.44 30.00 40.33 70.33
1743 62.82 74.93 50.24 54.22 92.07
1744 62.67 79.30 45.48 51.96 102.52
1745 62.70 89.73 26.25 31.60 65.70
1746 62.92 25.64 31.69 43.84 84.02
1747 62.93 40.47 34.74 58.39 124.55
1748 63.00 91.85 23.92 30.34 56.17
1749 62.77 93.86 13.51 12.77 27.62
1750 63.11 21.10 29.22 38.18 67.40
1751 62.79 23.97 34.06 49.94 78.50
1752 63.07 35.70 29.93 58.77 94.63
1753 62.95 52.02 45.52 69.07 97.30
1754 62.92 33.99 33.32 53.24 86.06
1755 63.00 42.97 34.30 69.20 107.53
1756 63.00 46.04 37.56 72.63 98.98
1757 63.19 6.50 15.61 12.93 29.54
1758 63.01 13.43 29.04 24.98 60.67
1759 63.26 18.36 31.02 42.62 73.49
1760 63.20 48.06 33.96 68.47 112.47
1761 63.23 72.74 45.72 48.82 78.38
1762 63.19 88.87 34.02 49.92 68.22
1763 63.43 22.96 25.59 40.82 80.89
1764 63.55 86.50 33.13 45.64 75.23
1765 63.15 8.55 22.65 13.68 39.70
1766 63.02 15.38 30.77 27.92 64.46
1767 63.25 55.75 39.83 68.00 112.29
1768 63.10 83.47 42.37 55.00 82.63
1769 63.28 50.10 39.45 80.35 110.48
1770 63.30 58.08 40.56 76.39 103.30
1771 63.16 77.34 42.05 49.95 95.59
1772 63.42 66.62 43.84 63.38 93.59
1773 63.30 82.29 32.25 37.38 79.35
1774 63.39 30.46 23.40 54.18 93.20
1775 63.65 75.90 41.68 46.35 90.32
1776 63.60 44.03 26.98 59.94 118.53
1777 63.55 70.51 45.58 49.98 74.42
1778 63.48 32.23 27.67 52.20 98.47
1779 63.58 60.11 37.81 68.56 102.73
1780 63.95 15.60 27.41 33.24 69.54
1781 63.64 25.85 27.17 52.71 89.66
1782 63.91 40.27 28.75 66.10 122.76
1783 63.56 19.72 26.00 33.75 71.00
1784 63.78 78.18 37.46 49.37 91.98
1785 63.69 83.90 34.00 48.69 78.41
1786 63.90 80.29 38.41 55.59 86.77
1787 63.82 42.29 27.55 71.68 129.48
1788 64.01 45.11 26.33 62.89 122.13
1789 64.03 68.10 36.03 45.55 95.55
1790 63.89 20.48 25.07 39.63 78.77
1791 63.85 90.52 23.80 32.43 53.41
1792 63.94 31.46 29.42 89.25 110.83
1793 64.10 38.20 28.46 79.25 117.78
1794 63.96 50.93 30.53 64.47 125.56
1795 63.89 92.64 14.44 11.50 31.32
1796 64.12 34.37 26.72 72.75 123.07
1797 64.10 56.60 36.80 83.57 113.15
1798 64.06 46.80 29.11 86.37 123.56
1799 64.02 52.23 33.48 83.10 116.52
1800 64.06 63.64 43.92 67.16 90.11
1801 64.12 61.96 38.97 77.66 96.40
1802 64.16 81.76 28.03 37.30 83.54
1803 64.27 88.86 21.61 29.54 71.28
1804 64.17 11.41 21.07 21.05 55.49
1805 64.31 29.56 23.47 77.36 130.60
1806 64.30 48.91 31.38 81.51 147.16
1807 64.40 65.87 35.44 56.31 100.51
1808 64.06 82.98 30.40 56.80 92.40
1809 64.07 14.58 22.60 25.00 69.30
1810 64.22 18.03 24.37 38.71 75.03
1811 64.15 23.31 22.12 37.96 87.83
1812 64.33 26.70 23.59 68.95 113.44
1813 64.42 59.86 32.68 73.90 113.18
1814 64.38 83.90 29.80 56.67 87.40
1815 64.44 54.67 36.64 89.25 125.02
1816 64.43 85.49 24.48 39.69 71.29
1817 64.66 24.63 23.38 57.04 98.85
1818 64.66 77.10 37.99 60.88 90.20
1819 64.68 91.71 14.28 19.83 38.28
1820 64.73 32.74 23.49 81.87 141.93
1821 64.69 21.51 21.84 41.18 91.15
1822 64.77 70.52 36.74 57.27 81.83
1823 64.84 6.39 10.96 11.28 30.21
1824 64.68 27.74 23.04 66.20 124.80
1825 64.76 36.29 24.88 79.75 143.56
1826 64.60 14.86 20.90 30.30 72.40
1827 64.84 52.75 32.03 94.33 136.70
1828 64.72 78.81 31.85 50.10 85.48
1829 64.87 44.19 25.21 80.34 153.31
1830 64.76 82.20 30.10 61.14 81.52
1831 65.13 46.56 25.11 91.79 166.01
1832 64.78 50.58 25.44 82.67 160.60
1833 65.02 61.73 29.58 69.47 106.14
1834 64.94 40.03 26.56 79.04 154.40
1835 65.01 57.48 31.68 90.20 133.30
1836 64.99 64.42 30.78 54.35 103.62
1837 65.08 16.53 21.94 37.55 79.77
1838 65.30 30.87 21.17 77.78 154.35
1839 65.14 41.94 23.38 64.05 165.07
1840 65.28 90.49 18.67 35.34 49.10
1841 65.32 83.65 24.21 52.73 82.00
1842 65.41 75.47 27.30 53.51 91.86
1843 65.52 48.60 24.04 86.71 167.43
1844 65.55 56.33 29.25 97.89 170.91
1845 65.58 28.54 19.34 62.15 152.41
1846 65.27 68.58 30.98 61.62 96.95
1847 65.38 79.78 27.93 63.78 85.44
1848 65.14 81.48 29.50 55.70 79.60
1849 65.23 85.43 26.00 65.78 67.70
1850 65.58 19.34 20.05 42.50 96.43
1851 65.56 66.51 27.73 61.14 107.00
1852 65.68 23.79 19.48 53.36 122.66
1853 65.33 26.19 21.68 58.19 127.30
1854 65.35 50.60 28.05 105.55 174.45
1855 65.55 54.28 27.30 92.75 172.24
1856 65.69 7.40 10.05 12.28 45.59
1857 65.61 34.45 21.77 68.65 152.13
1858 65.60 59.78 28.89 85.58 136.19
1859 65.51 63.80 25.61 70.74 108.56
1860 65.85 44.60 22.26 70.64 184.76
1861 65.65 70.99 26.21 53.86 99.26
1862 65.86 88.61 16.98 35.63 73.49
1863 65.68 42.56 24.22 65.09 171.25
1864 65.73 21.18 20.30 48.83 110.30
1865 65.90 52.00 26.53 120.69 164.90
1866 66.04 81.53 22.63 63.04 94.06
1867 66.17 16.90 17.31 42.86 91.71
1868 65.97 78.14 26.87 65.41 98.98
1869 65.98 26.49 19.72 65.11 142.22
1870 65.92 36.13 21.12 59.22 168.92
1871 66.05 40.32 25.87 77.20 201.42
1872 65.99 62.25 27.12 84.57 124.70
1873 66.20 32.35 20.67 73.45 162.67
1874 66.21 70.44 25.00 71.17 112.98
1875 66.07 83.44 21.62 47.43 89.95
1876 65.88 87.06 21.00 52.50 88.75
1877 66.26 58.33 25.15 89.06 169.14
1878 66.03 11.02 14.32 35.26 76.42
1879 66.36 13.92 16.08 46.79 89.93
1880 66.30 46.99 23.62 88.62 184.20
1881 66.34 64.71 26.04 77.39 132.58
1882 65.97 85.30 20.75 58.12 92.12
1883 66.38 49.94 23.72 95.62 181.65
1884 66.32 86.15 17.65 47.83 86.92
1885 66.38 90.20 14.70 38.41 66.07
1886 66.27 8.94 12.17 21.57 74.07
1887 66.38 30.18 18.45 67.24 161.76
1888 66.27 21.49 19.23 48.62 121.73
1889 66.40 91.87 9.98 22.94 43.29
1890 66.53 42.55 21.10 66.41 188.90
1891 66.40 36.72 21.09 69.94 182.62
1892 66.62 38.54 20.15 66.41 175.48
1893 66.62 67.34 24.41 70.56 143.59
1894 66.37 11.85 17.00 52.07 74.53
1895 66.61 56.28 24.37 104.64 184.81
1896 66.80 60.56 24.41 85.37 176.81
1897 66.88 72.20 22.34 63.24 117.03
1898 66.45 84.27 19.56 71.28 88.84
1899 66.53 10.58 12.11 33.50 81.68
1900 66.65 53.82 24.14 106.70 198.07
1901 66.88 76.18 24.27 71.07 115.97
1902 66.75 69.21 25.38 71.09 121.66
1903 66.62 74.03 26.06 67.82 102.52
1904 66.63 28.05 17.84 68.36 153.32
1905 66.84 22.66 19.75 70.44 145.00
1906 66.93 25.12 17.88 67.53 146.24
1907 66.94 34.06 19.53 61.03 162.23
1908 66.84 9.05 10.95 30.58 76.84
1909 67.08 20.17 17.26 49.12 123.23
1910 66.86 29.48 17.83 57.61 163.94
1911 66.96 45.25 21.69 82.12 201.90
1912 67.00 51.76 23.21 96.56 199.48
1913 66.86 80.23 21.05 61.34 105.12
1914 66.80 87.26 17.53 55.55 89.11
1915 66.97 63.04 23.59 80.63 164.44
1916 66.76 88.69 14.40 39.87 95.27
1917 67.00 27.13 18.03 69.71 158.59
1918 67.10 48.25 21.10 74.36 193.15
1919 66.86 84.72 17.32 57.68 95.68
1920 67.30 83.01 18.30 76.47 106.84
1921 67.21 40.58 23.01 78.31 202.40
1922 67.17 11.34 13.37 33.94 93.50
1923 67.30 36.33 18.86 55.74 172.80
1924 66.99 78.89 21.71 73.50 93.86
1925 67.31 89.29 11.41 32.75 85.98
1926 67.37 17.19 14.87 49.38 127.43
1927 67.22 31.60 16.98 51.47 167.70
1928 67.36 58.19 21.47 93.05 186.47
1929 67.44 55.51 22.47 92.15 201.13
1930 67.31 85.51 17.24 64.73 103.29
1931 67.36 87.94 14.93 59.48 91.62
1932 67.48 65.42 21.02 71.72 164.06
1933 67.62 42.86 21.14 70.07 198.95
1934 67.57 73.80 21.86 75.80 123.47
1935 67.72 78.05 20.35 77.13 118.33
1936 67.46 14.82 14.40 44.37 109.20
1937 67.71 50.22 19.85 71.51 185.73
1938 67.69 68.09 21.03 71.72 160.34
1939 67.70 30.43 16.55 53.40 164.66
1940 67.80 23.44 16.92 61.94 147.02
1941 67.80 53.64 22.05 81.08 192.61
1942 67.85 81.60 16.46 57.12 120.80
1943 67.76 12.91 14.05 46.02 105.85
1944 67.80 38.51 18.46 58.67 191.38
1945 67.93 70.70 21.44 73.03 153.76
1946 67.89 28.16 17.18 59.02 158.34
1947 67.92 46.80 21.01 68.32 199.39
1948 67.61 79.98 18.20 67.47 119.33
1949 67.82 91.05 9.68 25.73 46.79
1950 67.83 86.21 14.83 51.62 100.26
1951 67.83 60.42 22.15 84.18 197.54
1952 67.93 62.62 21.59 78.36 190.86
1953 68.03 44.81 20.49 75.33 191.28
1954 67.93 9.84 9.94 27.09 86.15
1955 68.09 32.53 16.64 57.02 156.42
1956 68.18 25.70 15.94 64.58 154.56
1957 68.24 34.56 17.10 58.10 164.88
1958 68.44 21.45 15.25 52.45 140.02
1959 68.08 14.90 13.85 40.31 113.60
1960 68.14 75.64 17.80 78.14 141.35
1961 68.23 80.35 18.30 78.84 128.04
1962 67.98 11.69 13.14 38.57 91.00
1963 68.37 18.87 17.86 65.37 136.04
1964 68.35 40.87 18.59 74.74 177.63
1965 68.37 48.48 19.52 64.37 189.67
1966 68.41 89.26 9.81 29.24 80.14
1967 68.38 55.89 18.48 82.88 197.63
1968 68.47 52.19 20.33 69.92 189.07
1969 68.41 58.34 20.81 76.39 194.08
1970 68.57 64.61 18.05 62.06 191.26
1971 68.60 36.61 18.29 60.51 166.64
1972 68.64 66.81 19.18 70.86 184.93
1973 68.47 87.48 13.79 57.34 98.26
1974 68.78 84.53 14.08 65.79 117.95
1975 68.67 16.75 13.41 53.32 116.61
1976 68.74 29.84 16.23 57.87 147.94
1977 68.58 72.25 19.76 78.21 167.85
1978 68.61 10.24 9.90 30.38 94.00
1979 68.70 69.56 18.70 76.82 180.29
1980 68.81 60.69 20.63 78.01 197.67
1981 68.93 78.20 16.35 70.23 135.19
1982 68.76 12.79 12.01 45.29 113.40
1983 68.85 43.33 17.75 82.24 188.42
1984 69.07 82.27 14.81 74.70 132.15
1985 68.97 50.17 19.83 68.20 179.64
1986 68.87 73.84 16.24 59.10 156.14
1987 68.97 91.56 6.02 20.44 35.80
1988 69.00 38.68 18.66 72.21 170.06
1989 68.98 62.75 19.29 72.97 202.81
1990 69.03 24.07 15.19 60.14 136.53
1991 68.95 45.95 19.77 65.26 170.77
1992 69.02 15.28 12.72 39.49 114.02
1993 69.12 54.12 19.54 80.30 188.52
1994 69.16 26.98 16.75 61.74 147.63
1995 69.15 79.70 14.17 57.33 129.81
1996 69.01 68.66 19.93 79.60 180.00
1997 69.26 56.84 19.48 71.95 191.54
1998 69.40 87.93 10.75 36.25 106.55
1999 69.38 34.08 17.11 67.63 148.84
2000 69.44 71.12 16.69 83.47 179.15
2001 69.41 48.27 18.91 68.47 176.78
2002 69.41 41.16 17.51 91.86 156.14
2003 69.21 80.92 16.15 81.15 132.15
2004 69.56 86.29 12.88 59.63 127.29
2005 69.42 19.52 13.42 58.26 105.74
2006 69.56 51.99 18.22 72.54 185.80
2007 69.45 31.77 16.30 65.02 141.92
2008 69.56 59.06 17.57 72.82 192.69
2009 69.56 76.11 15.57 78.12 156.70
2010 69.76 66.15 16.86 62.88 178.79
2011 69.79 21.43 14.41 58.15 111.22
2012 69.81 9.75 8.25 26.10 69.97
2013 69.81 36.53 19.29 81.01 171.83
2014 69.84 44.44 18.39 80.62 176.73
2015 69.88 68.59 16.60 75.13 182.58
2016 69.61 73.75 16.05 70.83 161.40
2017 69.88 29.29 15.71 68.16 126.92
2018 69.78 61.55 18.85 71.75 194.75
2019 69.95 63.82 17.33 58.00 180.89
2020 69.99 16.22 12.39 46.75 106.08
2021 70.04 39.12 17.05 94.12 160.88
2022 70.01 46.67 19.00 81.26 162.76
2023 70.02 55.31 18.58 76.02 177.68
2024 70.19 83.60 12.66 65.21 128.03
2025 70.25 24.03 14.27 64.14 121.89
2026 70.19 42.32 17.62 98.29 152.35
2027 70.34 81.37 13.94 71.81 137.33
2028 70.24 50.16 18.49 79.05 175.38
2029 70.13 73.09 14.81 77.36 157.16
2030 70.31 78.54 14.53 74.42 153.71
2031 70.33 26.82 14.99 72.95 119.39
2032 70.40 31.03 15.34 63.65 124.29
2033 70.25 34.81 16.78 77.48 134.90
2034 70.39 52.93 18.65 99.33 178.84
2035 70.41 57.55 19.52 82.38 188.36
2036 70.59 60.16 17.46 73.59 182.49
2037 70.72 18.88 13.16 62.73 90.85
2038 70.51 33.63 14.42 63.69 127.02
2039 70.53 70.73 15.47 90.14 169.94
2040 70.61 75.38 15.06 77.55 153.68
2041 70.80 10.73 8.62 25.87 72.63
2042 70.78 48.17 17.64 92.42 154.64
2043 70.79 65.22 17.30 62.66 164.82
2044 70.95 37.76 17.02 83.28 132.87
2045 70.93 40.46 16.46 97.43 137.49
2046 70.93 67.81 15.72 69.62 172.70
2047 70.94 45.74 17.56 97.73 149.75
2048 70.95 62.53 16.90 66.26 175.70
2049 71.04 15.64 11.96 46.65 80.57
2050 71.04 21.30 13.23 63.32 93.53
2051 71.00 13.82 11.22 42.71 82.98
2052 71.09 54.59 16.80 80.33 162.58
2053 71.12 29.23 14.67 76.09 106.66
2054 71.11 43.50 17.47 95.60 141.01
2055 71.17 72.66 14.79 81.57 157.19
2056 71.09 87.74 8.92 35.50 109.99
2057 71.09 32.66 15.20 76.76 123.98
2058 71.21 35.31 15.91 73.77 123.31
2059 71.27 80.00 13.85 76.01 143.41
2060 71.13 50.02 18.59 107.47 150.76
2061 71.41 58.83 16.92 84.38 163.22
2062 71.58 23.00 12.30 65.26 99.90
2063 71.47 77.70 13.90 80.15 146.00
2064 71.35 52.05 17.23 104.94 154.66
2065 71.52 85.21 10.57 51.89 143.82
2066 71.42 56.72 18.00 85.27 151.84
2067 71.56 70.06 15.22 74.11 161.01
2068 71.54 26.65 13.91 77.77 95.99
2069 71.59 90.10 5.57 15.30 56.25
2070 71.51 31.76 15.35 66.89 115.05
2071 71.66 60.92 16.81 76.07 156.36
2072 71.73 66.15 15.79 70.90 168.36
2073 71.64 13.29 9.58 38.37 71.79
2074 71.75 47.74 17.82 109.24 153.92
2075 71.83 75.07 14.24 84.94 156.54
2076 71.86 18.86 12.51 51.12 80.13
2077 71.68 20.37 13.00 70.97 87.48
2078 71.83 63.84 15.06 61.94 150.03
2079 71.72 24.17 14.50 73.97 97.44
2080 71.91 41.34 16.34 101.56 128.59
2081 72.11 83.11 11.17 63.51 137.00
2082 71.95 45.46 16.74 122.36 132.54
2083 71.72 80.92 12.00 77.72 143.50
2084 71.90 39.13 16.53 103.30 115.95
2085 72.06 10.98 7.91 28.85 57.91
2086 72.10 36.57 15.80 81.34 114.00
2087 72.18 34.01 14.79 79.96 116.38
2088 72.09 53.51 17.25 101.02 140.29
2089 72.15 16.31 11.29 56.44 73.61
2090 72.16 29.17 15.25 72.11 89.05
2091 72.29 68.14 14.75 74.24 163.87
2092 72.06 88.04 7.78 23.86 90.76
2093 72.19 43.53 15.93 130.50 122.68
2094 72.27 14.80 11.54 42.73 73.23
2095 72.27 55.58 16.83 83.66 131.68
2096 72.28 72.36 14.29 80.51 141.52
2097 72.56 20.96 11.64 67.09 79.84
2098 72.37 57.89 17.04 88.12 134.35
2099 72.60 25.37 14.22 71.85 89.46
2100 72.30 31.51 14.24 69.89 102.77
2101 72.22 38.01 15.67 70.67 119.47
2102 72.39 49.72 17.68 110.05 134.72
2103 72.52 51.76 17.46 101.06 130.63
2104 72.64 12.90 9.45 37.12 70.50
2105 72.51 86.24 8.59 47.72 106.85
2106 72.76 77.39 12.42 73.45 142.24
2107 72.69 80.27 12.30 73.08 139.95
2108 72.56 60.74 15.88 84.41 147.44
2109 72.40 24.17 14.86 61.43 97.43
2110 72.54 17.66 11.08 47.04 65.73
2111 72.75 47.51 16.42 120.24 129.18
2112 72.78 63.05 15.43 80.86 133.03
2113 72.81 70.42 14.15 83.78 140.83
2114 72.90 65.58 14.20 80.65 132.09
2115 73.02 74.95 12.74 75.56 142.33
2116 72.91 39.40 15.71 91.45 118.26
2117 72.93 19.02 11.43 61.16 68.96
2118 72.79 23.78 13.90 62.00 85.05
2119 73.05 34.99 15.75 76.97 114.16
2120 73.00 42.43 15.08 105.58 120.00
2121 72.94 45.18 16.79 115.44 126.47
2122 72.88 31.16 14.83 57.42 96.19
2123 73.22 37.44 15.38 84.22 113.57
2124 73.23 53.45 17.04 103.43 118.40
2125 73.17 55.81 16.49 87.88 120.06
2126 73.34 58.54 15.56 86.95 123.93
2127 73.45 16.23 10.48 47.25 64.84
2128 73.30 22.99 13.13 60.20 89.46
2129 73.25 28.96 14.70 63.42 100.48
2130 73.18 40.68 15.92 76.68 112.04
2131 73.43 32.46 13.88 63.20 100.29
2132 73.47 49.19 16.02 102.62 111.92
2133 73.40 83.55 9.85 62.79 109.92
2134 73.19 17.74 12.00 46.88 64.41
2135 73.46 68.06 14.22 84.46 126.57
2136 73.48 51.15 16.00 107.24 99.98
2137 73.65 86.31 7.82 42.89 100.75
2138 73.58 61.00 15.62 89.48 119.84
2139 73.62 72.79 13.13 85.13 121.90
2140 73.77 12.04 7.99 35.86 52.60
2141 73.77 63.89 14.69 87.88 110.04
2142 73.81 79.23 11.93 69.36 123.50
2143 73.58 82.16 11.61 56.28 113.11
2144 73.74 20.11 12.77 57.99 76.63
2145 73.83 44.33 17.53 96.00 147.75
2146 73.91 47.03 16.27 94.65 125.04
2147 74.18 13.94 9.04 33.82 62.85
2148 74.00 25.20 13.36 47.55 76.93
2149 73.97 39.59 15.96 64.34 120.84
2150 73.95 70.62 13.33 82.41 113.96
2151 73.95 41.82 16.17 78.90 119.88
2152 74.07 76.32 12.72 77.43 122.57
2153 73.98 27.58 13.17 40.15 90.79
2154 73.94 30.23 13.22 52.76 103.45
2155 73.98 35.18 15.04 58.98 99.70
2156 73.98 56.81 15.10 97.65 117.08
2157 74.13 66.18 14.44 105.49 110.21
2158 74.34 22.35 12.98 50.32 74.74
2159 74.09 37.46 15.44 55.59 119.21
2160 74.10 54.66 16.54 110.57 110.84
2161 74.49 81.87 10.08 57.95 103.51
2162 74.37 52.40 15.80 84.11 116.87
2163 74.45 59.28 15.09 87.35 120.82
2164 74.38 18.24 11.00 51.57 68.09
2165 74.25 34.24 14.38 38.62 96.88
2166 74.33 17.02 11.14 39.86 71.82
2167 74.72 84.92 8.11 49.49 77.03
2168 74.27 69.17 12.83 74.25 107.92
2169 74.30 30.91 12.67 62.11 110.89
2170 74.54 49.12 16.00 85.64 119.30
2171 74.71 61.38 15.33 86.25 123.00
2172 74.65 68.24 13.76 94.97 105.78
2173 74.63 15.78 10.35 46.02 75.74
2174 74.61 32.35 14.72 47.74 96.67
2175 74.65 45.22 15.25 68.80 146.16
2176 74.54 27.18 12.39 35.39 102.78
2177 74.48 33.61 15.55 48.18 96.73
2178 74.54 36.09 14.70 39.59 116.15
2179 74.61 56.97 15.59 88.16 122.57
2180 74.77 73.48 12.76 84.20 102.52
2181 74.81 40.99 15.23 42.96 138.26
2182 74.93 42.95 15.14 63.01 142.15
2183 74.92 50.87 17.01 69.74 134.69
2184 74.81 64.06 14.55 83.30 98.68
2185 74.74 11.64 6.84 23.14 38.30
2186 74.66 37.60 15.06 51.06 122.25
2187 75.19 26.20 12.87 33.05 101.26
2188 75.04 20.77 11.32 37.55 76.00
2189 75.04 54.33 14.99 85.90 123.45
2190 75.02 79.08 9.99 68.43 94.50
2191 75.00 47.10 15.02 56.18 130.35
2192 75.06 24.06 13.05 33.66 85.50
2193 74.93 38.92 15.21 32.38 130.97
2194 75.09 70.82 12.56 92.93 113.52
2195 75.06 66.55 14.59 82.38 96.38
2196 75.13 76.42 12.03 82.62 96.75
2197 75.14 36.05 15.45 45.53 116.02
2198 75.03 40.12 15.78 53.00 149.33
2199 75.01 57.75 14.44 86.67 146.33
2200 75.19 19.26 11.51 29.97 74.97
2201 75.24 31.43 14.11 47.05 93.35
2202 75.24 56.30 14.82 83.65 126.71
2203 75.28 58.71 14.92 93.46 131.03
2204 75.47 68.84 13.23 75.79 96.21
2205 75.42 87.34 6.03 24.51 45.57
2206 75.54 34.26 14.59 34.54 106.83
2207 75.53 38.16 14.76 38.57 131.30
2208 75.91 83.51 8.09 52.21 72.66
2209 75.68 60.58 14.69 75.04 133.84
2210 75.59 44.58 15.51 59.46 135.55
2211 75.77 49.04 16.98 52.23 147.76
2212 75.71 53.00 16.21 56.39 139.88
2213 75.84 16.90 9.68 30.69 69.23
2214 75.71 28.27 13.29 32.02 103.27
2215 75.60 64.78 13.45 67.27 102.91
2216 75.90 13.88 8.48 17.75 54.04
2217 75.85 50.98 15.42 46.02 153.53
2218 75.80 33.23 14.35 23.65 112.15
2219 76.03 46.61 15.09 41.82 148.06
2220 75.96 42.20 15.16 41.70 124.79
2221 75.91 77.78 11.54 82.86 86.29
2222 76.16 74.10 11.60 82.66 95.52
2223 76.16 24.82 13.50 27.44 91.17
2224 76.14 36.91 14.65 25.98 125.92
2225 76.26 32.09 14.94 25.34 118.25
2226 76.00 62.87 14.32 61.14 108.60
2227 76.11 69.67 12.39 59.13 89.33
2228 76.30 85.89 7.00 42.38 44.20
2229 76.00 22.37 15.37 35.13 93.21
2230 76.17 57.36 13.63 61.19 132.56
2231 76.33 71.77 12.76 71.08 104.01
2232 76.17 64.49 13.31 74.67 114.91
2233 76.15 30.27 13.46 32.36 109.16
2234 76.39 54.85 15.04 50.18 124.40
2235 76.59 80.59 9.50 65.33 73.84
2236 76.34 27.54 12.90 24.12 96.17
2237 76.46 39.71 15.03 33.59 141.19
2238 76.40 19.26 11.10 22.90 77.48
2239 76.33 67.44 13.32 70.13 90.42
2240 76.57 44.47 15.06 36.46 152.21
2241 76.45 59.30 15.27 54.86 141.00
2242 76.71 34.98 14.51 27.79 129.42
2243 76.65 61.89 13.84 54.58 131.12
2244 76.56 15.26 9.22 15.37 59.53
2245 76.47 50.80 13.58 35.42 154.52
2246 76.54 78.16 10.64 56.74 82.09
2247 76.81 75.81 11.50 77.16 82.33
2248 76.88 52.66 14.61 35.04 148.71
2249 77.00 48.26 14.78 31.40 163.41
2250 76.77 37.87 13.84 24.64 135.32
2251 76.84 83.03 8.04 59.74 66.57
2252 76.90 65.12 13.95 51.15 124.09
2253 77.08 25.26 12.94 20.03 98.49
2254 77.26 45.99 14.66 28.62 168.86
2255 77.09 28.10 13.70 21.22 108.92
2256 77.12 42.76 15.28 31.39 147.31
2257 77.05 77.06 11.81 70.77 76.68
2258 77.14 50.40 15.73 33.91 159.44
2259 77.18 70.14 12.04 57.98 83.71
2260 77.20 56.80 16.23 44.53 148.53
2261 77.29 67.20 12.84 49.87 103.72
2262 77.21 19.52 11.18 21.80 84.01
2263 77.56 21.73 11.60 17.74 97.35
2264 77.39 59.52 15.38 41.62 149.95
2265 77.20 74.04 12.03 67.61 94.81
2266 77.28 36.32 13.95 27.82 146.44
2267 77.09 60.91 12.83 51.75 138.25
2268 77.51 31.16 14.05 27.84 115.48
2269 77.33 71.94 11.67 64.19 89.97
2270 77.34 84.92 6.65 30.04 46.80
2271 77.45 17.59 9.86 17.70 71.84
2272 77.58 41.01 14.69 28.56 133.83
2273 77.64 63.35 13.45 40.16 135.69
2274 77.52 38.67 15.47 34.08 130.60
2275 77.58 78.81 11.07 72.07 74.93
2276 77.52 54.42 14.91 33.16 152.97
2277 77.59 28.89 13.78 26.13 111.94
2278 77.73 14.30 7.88 10.29 50.64
2279 77.85 82.05 7.84 48.70 60.21
2280 77.79 61.46 12.85 34.21 138.79
2281 77.83 75.07 11.46 64.39 88.21
2282 78.07 43.69 13.94 30.89 157.41
2283 78.06 51.48 14.27 30.07 162.34
2284 78.09 25.77 12.48 24.50 94.83
2285 77.91 36.25 14.59 30.51 133.56
2286 78.22 49.37 15.20 28.84 164.74
2287 77.85 53.27 14.22 25.00 152.78
2288 78.12 47.14 15.86 29.04 167.13
2289 78.32 56.09 14.39 26.03 162.35
2290 78.24 58.19 15.49 30.88 153.64
2291 78.25 18.82 9.79 18.79 77.06
2292 78.12 67.51 12.22 41.66 110.52
2293 78.24 65.30 12.85 32.76 127.71
2294 78.14 72.71 11.38 44.81 99.00
2295 78.37 23.49 13.05 17.93 98.75
2296 78.37 37.52 14.00 36.98 126.39
2297 78.27 68.99 11.87 34.87 106.96
2298 78.27 77.54 9.80 47.11 78.26
2299 78.47 39.97 14.59 39.46 133.91
2300 78.43 28.80 12.68 27.82 117.16
2301 78.66 71.10 12.81 41.66 103.20
2302 78.81 20.60 11.50 18.77 78.46
2303 78.63 73.81 11.03 45.01 97.69
2304 78.80 30.69 13.10 31.35 113.36
2305 78.70 53.34 14.06 29.84 168.22
2306 78.81 15.80 8.36 12.01 66.66
2307 78.56 61.49 13.75 28.08 140.25
2308 78.88 59.74 13.87 28.94 141.03
2309 78.50 54.96 14.44 24.78 166.11
2310 78.82 45.10 15.09 35.29 154.27
2311 78.68 80.54 8.59 41.62 65.38
2312 79.06 33.49 13.87 50.85 111.72
2313 78.75 35.22 13.69 38.07 112.09
2314 78.73 63.14 13.14 28.10 134.31
2315 78.98 27.97 13.17 26.60 110.03
2316 78.96 41.87 14.22 42.45 138.21
2317 78.77 76.81 9.77 37.93 80.50
2318 79.11 25.85 13.22 27.38 100.19
2319 79.15 47.31 14.11 33.28 159.12
2320 79.07 69.14 12.42 29.75 120.16
2321 79.20 66.40 15.44 31.25 134.80
2322 79.08 17.91 8.62 13.89 73.79
2323 79.22 75.95 10.29 42.60 89.75
2324 79.14 37.56 14.34 35.07 117.24
2325 79.30 51.31 14.48 29.26 172.95
2326 79.29 63.54 13.37 23.52 134.18
2327 79.45 22.89 12.49 27.08 99.61
2328 79.38 49.23 15.16 33.39 170.96
2329 79.29 57.82 13.90 31.68 143.19
2330 79.48 55.42 13.85 26.96 164.79
2331 79.46 39.44 13.91 53.86 129.24
2332 79.44 80.58 7.70 28.66 63.70
2333 79.50 35.94 14.30 52.75 115.84
2334 79.72 43.64 14.65 54.90 143.09
2335 79.71 61.11 13.06 25.82 135.51
2336 79.60 73.57 12.26 33.79 106.24
2337 79.76 16.33 8.29 15.30 54.70
2338 79.85 29.94 13.94 41.86 100.89
2339 79.90 45.77 15.00 55.76 153.57
2340 79.97 70.38 11.68 25.74 124.22
2341 79.97 32.04 13.70 56.95 96.79
2342 80.05 52.80 14.56 36.28 144.40
2343 80.01 77.51 9.89 27.68 80.83
2344 79.79 64.98 12.74 23.76 141.03
2345 80.20 41.70 14.93 66.45 130.20
2346 79.94 37.05 14.25 62.35 111.05
2347 80.19 27.47 12.96 33.38 99.55
2348 79.92 38.55 14.14 36.57 126.43
2349 80.24 34.87 13.66 64.62 118.43
2350 80.43 76.04 9.69 31.36 90.78
2351 80.35 63.12 12.99 25.02 132.69
2352 80.43 47.89 14.79 56.19 160.28
2353 80.51 67.72 12.93 23.16 135.96
2354 80.14 14.70 6.56 11.00 35.19
2355 80.41 59.00 13.99 30.74 141.78
2356 80.42 18.01 8.53 17.44 64.51
2357 80.19 66.04 11.72 21.60 136.44
2358 80.58 50.63 14.46 51.45 159.22
2359 80.46 56.71 13.94 34.11 141.11
2360 80.36 33.33 14.66 47.55 101.90
2361 80.64 39.34 15.45 76.02 123.89
2362 80.61 54.45 13.86 40.09 162.25
2363 80.64 23.85 11.64 33.62 84.12
2364 80.35 64.90 12.89 17.94 133.83
2365 80.67 36.93 13.87 69.67 112.21
2366 81.13 17.14 8.00 21.83 62.61
2367 80.97 43.57 14.50 85.71 128.30
2368 81.03 45.62 14.56 74.44 154.16
2369 80.69 80.09 8.17 25.50 67.75
2370 81.13 31.72 13.15 67.75 94.60
2371 81.22 66.32 12.46 24.11 137.64
2372 81.09 75.26 9.95 26.89 93.51
2373 81.30 19.74 10.14 32.09 63.66
2374 81.18 34.21 13.47 82.19 109.81
2375 81.21 70.75 11.00 22.04 117.24
2376 81.17 29.80 12.36 61.51 90.40
2377 81.30 78.99 8.49 24.25 76.32
2378 81.46 64.20 12.41 25.17 129.47
2379 81.35 25.99 11.97 48.83 77.80
2380 81.47 48.64 14.38 85.79 149.91
2381 81.47 56.56 13.70 54.40 159.91
2382 81.50 59.85 13.54 41.77 148.64
2383 81.32 61.95 13.16 23.80 134.47
2384 81.67 36.38 13.80 90.11 100.86
2385 81.42 52.20 14.76 64.50 147.00
2386 81.79 73.34 11.30 19.73 103.53
2387 81.60 23.48 11.32 45.10 81.02
2388 81.77 68.63 11.53 20.30 134.92
2389 81.80 38.79 14.88 99.06 114.81
2390 81.81 54.27 14.46 61.53 182.54
2391 82.13 50.50 13.85 100.03 154.94
2392 81.63 74.35 11.43 16.00 115.00
2393 82.15 44.60 14.54 116.16 138.79
2394 82.43 80.73 6.13 12.04 70.58
2395 82.03 29.54 12.67 64.03 93.79
2396 82.25 42.56 13.99 116.91 136.67
2397 81.93 77.69 9.33 14.00 80.94
2398 82.22 33.60 13.02 88.28 91.39
2399 82.14 46.74 13.91 104.92 149.89
2400 82.33 30.79 13.57 76.70 93.15
2401 82.51 66.30 12.13 21.92 142.70
2402 82.10 70.68 11.00 18.35 121.48
2403 82.19 57.97 14.39 50.20 137.39
2404 82.34 63.11 13.00 31.69 134.60
2405 82.53 40.49 14.26 114.90 127.04
2406 82.46 52.65 14.21 90.85 144.28
2407 82.50 24.08 11.20 51.96 78.72
2408 82.29 69.34 12.41 17.05 130.23
2409 82.51 17.25 7.22 30.84 57.64
2410 82.50 60.62 12.80 49.31 135.45
2411 82.41 75.02 9.20 17.43 102.11
2412 82.44 78.58 7.52 11.90 80.31
2413 82.86 48.46 14.14 109.51 148.22
2414 82.65 72.01 11.22 20.03 120.49
2415 82.88 55.91 13.57 63.53 152.19
2416 82.91 36.60 14.01 104.28 122.72
2417 82.76 38.35 14.76 115.00 116.57
2418 82.73 54.60 13.93 72.50 159.46
2419 82.86 25.58 11.68 59.72 82.12
2420 83.11 21.20 10.01 51.80 78.27
2421 83.21 69.15 11.79 23.39 131.15
2422 83.15 74.58 9.12 17.29 97.35
2423 83.10 31.92 12.91 93.23 100.54
2424 83.02 46.23 14.13 119.47 139.56
2425 83.19 58.08 13.15 66.95 133.86
2426 83.10 43.93 14.57 114.96 143.57
2427 83.06 64.68 12.55 33.02 132.25
2428 83.11 78.56 7.32 14.36 82.55
2429 83.33 41.90 13.78 110.84 120.91
2430 83.46 62.79 13.48 45.63 141.63
2431 83.49 50.20 13.95 109.73 144.81
2432 83.41 29.62 13.69 84.62 92.10
2433 83.50 52.57 13.63 93.16 137.94
2434 83.49 27.87 12.72 85.71 93.34
2435 83.47 33.28 13.12 93.18 119.12
2436 83.55 60.52 13.91 66.70 133.78
2437 83.60 18.15 7.78 38.58 55.83
2438 83.54 25.95 12.22 73.73 100.29
2439 83.67 39.47 14.80 117.16 127.12
2440 83.86 67.02 12.11 31.04 132.45
2441 83.64 72.12 10.86 20.28 108.80
2442 83.64 80.45 5.53 7.28 54.20
2443 83.88 24.64 10.72 57.30 84.58
2444 83.55 46.04 14.27 99.46 136.31
2445 83.96 54.80 14.02 87.59 142.25
2446 83.76 78.99 5.96 10.92 84.96
2447 83.94 34.10 12.92 104.77 118.10
2448 83.88 36.39 14.92 67.87 125.66
2449 84.05 47.64 13.99 109.18 122.12
2450 83.93 76.18 8.40 18.38 87.02
2451 84.39 37.63 13.48 94.78 120.99
2452 84.14 56.88 14.16 89.44 137.16
2453 84.09 31.43 13.52 91.18 104.22
2454 84.35 21.99 9.27 70.83 57.20
2455 84.29 59.01 14.29 82.49 129.24
2456 84.03 72.49 8.75 23.00 118.25
2457 84.43 45.36 14.73 114.61 128.67
2458 84.58 69.97 11.19 27.49 116.22
2459 84.51 20.75 9.31 51.26 64.14
2460 84.43 64.60 13.32 46.03 124.86
2461 84.63 51.62 14.03 100.18 153.81
2462 84.67 42.91 14.90 98.74 125.79
2463 84.68 73.17 10.22 24.26 99.82
2464 84.67 35.50 14.37 109.97 112.79
2465 84.70 49.25 14.13 112.54 136.34
2466 84.57 62.24 12.82 54.67 129.26
2467 84.56 40.26 14.00 109.22 121.05
2468 84.62 77.32 7.98 14.26 80.24
2469 84.83 79.12 5.98 7.73 53.85
2470 84.58 24.74 10.25 61.58 80.00
2471 84.71 19.40 7.44 52.69 53.64
2472 84.89 32.24 13.55 85.39 107.62
2473 85.10 53.88 14.21 91.71 141.94
2474 85.05 27.04 12.41 69.20 91.67
2475 85.17 67.74 10.81 45.32 105.83
2476 84.93 30.10 13.41 69.93 83.56
2477 85.30 56.17 13.92 95.55 140.62
2478 85.43 65.55 13.38 65.43 133.98
2479 85.16 24.95 10.73 60.14 77.73
2480 85.24 47.09 14.49 105.82 131.46
2481 85.04 75.94 7.00 20.52 84.88
2482 85.08 28.45 12.07 79.21 98.14
2483 85.47 58.32 13.47 88.70 140.52
2484 85.43 60.69 12.68 75.22 135.88
2485 85.17 44.78 15.50 99.90 126.50
2486 85.45 22.44 9.08 56.55 71.26
2487 85.45 74.87 8.09 23.82 91.64
2488 85.46 37.96 13.99 87.94 107.24
2489 85.76 40.84 13.94 79.34 118.68
2490 85.56 29.90 12.27 73.00 84.00
2491 85.29 35.85 14.00 72.83 117.00
2492 85.47 63.19 13.22 71.17 131.15
2493 85.92 50.32 14.50 93.43 131.66
2494 85.75 44.23 13.77 84.24 121.45
2495 85.60 72.48 9.35 31.86 88.18
2496 86.19 33.99 12.69 65.72 106.50
2497 85.86 52.50 14.81 92.19 132.85
2498 85.82 35.85 13.66 75.26 103.28
2499 86.30 48.03 14.20 87.88 136.29
2500 86.02 24.31 10.08 49.35 76.52
2501 86.06 69.75 11.27 48.55 106.07
2502 86.31 62.28 13.14 62.57 117.73
2503 86.12 30.90 12.26 65.48 96.41
2504 86.51 67.11 11.63 68.60 118.58
2505 86.37 32.04 12.84 57.72 91.67
2506 86.45 45.86 14.13 80.28 117.83
2507 86.39 26.40 11.17 57.65 83.89
2508 86.30 36.68 13.82 74.30 100.42
2509 86.40 54.73 13.89 77.91 124.26
2510 86.68 59.70 13.11 78.55 115.54
2511 86.55 29.37 12.84 58.89 92.52
2512 86.48 38.50 14.62 70.64 100.81
2513 86.47 43.13 14.46 75.83 113.17
2514 86.68 57.20 13.93 73.49 128.65
2515 86.47 52.31 13.38 55.86 112.29
2516 86.55 64.82 11.87 78.88 113.47
2517 86.76 74.78 7.15 24.57 86.14
2518 86.77 21.32 8.02 45.05 62.43
2519 86.53 70.54 11.35 56.24 120.82
2520 86.86 71.62 10.43 46.55 105.47
2521 87.07 41.25 14.32 55.49 99.99
2522 86.89 22.74 8.23 45.56 73.00
2523 87.00 49.90 13.40 75.92 115.10
2524 86.96 63.22 12.11 69.00 103.89
2525 87.12 37.14 14.74 63.47 103.91
2526 87.15 51.87 14.67 70.88 101.77
2527 87.09 43.22 13.22 44.92 111.18
2528 87.09 72.92 8.74 25.63 91.63
2529 87.30 54.22 13.18 66.15 101.92
2530 87.10 65.82 12.17 60.00 117.50
2531 87.41 60.87 13.88 72.55 111.43
2532 87.33 46.61 13.70 66.98 111.30
2533 87.60 24.19 9.16 39.90 75.28
2534 87.67 44.52 14.48 46.03 105.17
2535 87.65 56.63 13.83 71.08 97.90
2536 87.48 58.25 13.19 75.38 101.31
2537 87.78 26.84 9.95 43.92 86.58
2538 87.57 49.41 13.74 59.13 106.58
2539 87.66 63.16 12.42 66.07 104.93
2540 87.92 72.27 7.64 39.94 88.71
2541 87.97 64.67 12.40 73.00 106.81
2542 87.86 66.84 10.47 67.71 109.55
2543 87.75 29.36 11.67 37.33 82.00
2544 87.99 40.16 13.76 37.84 92.54
2545 87.87 47.21 13.00 47.78 103.82
2546 88.10 58.93 12.54 62.86 96.74
2547 87.97 37.76 13.10 37.68 102.29
2548 88.27 51.08 13.59 47.52 95.90
2549 87.94 68.84 9.86 58.71 104.00
2550 88.26 33.94 12.38 28.70 88.86
2551 88.14 61.05 12.23 60.09 105.86
2552 88.12 69.83 9.55 54.35 96.39
2553 88.62 32.82 11.96 28.72 77.12
2554 88.18 48.72 13.42 56.75 98.00
2555 88.41 24.19 7.69 28.92 55.29
2556 88.42 28.75 10.41 29.43 77.19
2557 88.58 63.34 10.97 63.05 99.52
2558 88.37 30.07 11.60 24.80 84.30
2559 88.49 43.05 14.06 31.20 80.41
2560 88.49 45.56 14.41 39.28 87.08
2561 88.66 56.57 12.79 46.00 95.45
2562 88.66 48.06 12.78 35.91 91.65
2563 88.65 37.75 13.53 25.17 91.48
2564 88.99 26.57 9.69 19.84 65.78
2565 88.91 70.60 8.05 55.02 99.57
2566 88.94 60.99 12.18 53.75 97.05
2567 88.92 35.54 12.21 22.46 84.85
2568 88.81 40.88 13.35 26.35 85.86
2569 89.09 67.73 8.69 59.88 102.62
2570 88.77 58.41 11.50 45.57 92.29
2571 89.26 65.72 10.73 57.84 94.77
2572 89.16 52.11 13.45 34.00 92.73
2573 89.09 43.15 14.14 18.46 79.89
2574 89.17 59.25 12.07 48.54 93.96
2575 89.23 73.26 7.00 32.00 57.60
2576 89.46 44.52 13.30 19.77 80.00
2577 89.24 62.60 12.55 47.76 88.24
2578 89.41 38.73 12.09 20.49 77.76
2579 89.28 41.75 14.46 15.58 75.12
2580 89.49 49.19 13.16 28.87 82.07
2581 89.39 31.07 11.24 17.31 68.51
2582 89.45 57.30 12.84 32.54 91.28
2583 89.43 40.23 13.76 18.26 85.63
2584 89.65 54.53 14.36 27.04 87.71
2585 89.65 46.71 13.59 20.31 73.61
2586 89.56 69.07 8.64 55.08 101.06
2587 89.73 34.68 13.26 13.64 77.82
2588 89.88 37.37 12.90 13.80 76.30
2589 89.87 72.55 6.76 41.84 64.55
2590 89.92 33.17 11.57 12.59 65.31
2591 90.06 60.52 11.83 31.90 84.81
2592 90.08 42.62 11.42 15.35 73.25
2593 89.94 71.30 7.52 37.17 69.93
2594 89.85 40.76 11.67 14.33 72.50
2595 90.12 64.27 11.23 50.39 82.16
2596 90.24 31.02 10.66 11.05 58.42
2597 90.12 47.50 12.58 16.05 72.58
2598 90.43 69.83 7.33 40.80 81.24
2599 90.34 67.31 9.32 43.84 94.57
2600 90.39 35.56 12.00 11.12 67.57
2601 90.10 61.85 10.00 26.67 93.00
2602 90.51 46.11 12.29 11.71 66.38
2603 90.55 44.09 12.31 10.51 66.45
2604 90.63 53.34 13.07 18.68 69.58
2605 90.46 57.25 11.89 22.74 68.38
2606 90.68 62.72 9.49 24.28 73.89
2607 90.58 55.35 12.30 16.05 70.40
2608 90.63 27.70 9.00 7.83 52.68
2609 90.86 33.08 11.31 8.42 53.03
2610 90.80 39.06 12.41 8.77 61.68
2611 91.12 48.25 12.37 11.08 61.21
2612 91.09 61.28 10.06 25.15 76.48
2613 91.13 59.13 10.77 17.55 67.36
2614 91.18 29.35 10.82 7.68 55.89
2615 91.32 34.80 11.56 8.56 52.51
2616 91.25 43.04 13.52 8.58 61.10
2617 91.43 51.40 12.58 12.50 61.59
2618 91.42 65.00 8.76 29.18 82.44
2619 91.43 45.18 13.00 9.62 59.70
2620 91.59 62.75 10.08 28.05 64.92
2621 91.72 68.35 6.56 20.15 61.06
2622 91.44 60.14 11.67 16.67 74.00
2623 91.71 61.53 9.67 13.07 70.73
2624 91.81 28.59 9.29 5.58 52.39
2625 92.19 36.51 11.00 6.66 53.24
2626 92.08 39.61 11.30 7.04 57.57
2627 91.98 55.07 11.87 10.18 56.79
2628 92.20 43.58 12.48 7.42 59.33
2629 91.87 59.39 10.05 11.07 56.12
2630 92.14 33.59 10.68 6.78 48.70
2631 91.99 46.05 11.90 7.51 56.31
2632 91.78 47.16 13.00 8.67 57.00
2633 91.92 47.92 11.50 11.50 54.67
2634 92.07 49.31 12.14 8.48 57.31
2635 92.05 51.88 11.48 8.66 59.02
2636 92.23 63.32 8.77 16.77 57.43
2637 92.39 66.03 7.74 16.04 58.43
2638 92.39 57.27 10.71 8.63 55.81
2639 92.43 60.73 10.07 13.54 54.02
2640 92.69 31.86 8.34 4.97 44.54
2641 92.34 46.78 11.67 6.67 62.00
2642 92.62 40.50 11.24 7.12 52.60
2643 92.70 48.23 11.75 8.43 55.89
2644 92.62 62.41 8.94 9.49 50.51
2645 92.58 30.09 7.95 4.93 41.21
2646 92.82 54.80 11.19 7.00 55.90
2647 92.96 52.68 11.20 8.08 52.53
2648 93.09 45.85 11.90 6.70 55.45
2649 92.88 64.62 7.84 9.34 43.34
2650 92.93 37.92 11.52 6.78 52.38
2651 93.23 33.56 9.82 5.35 44.51
2652 92.98 34.60 10.92 6.17 47.92
2653 93.14 31.25 7.88 6.12 47.38
2654 93.34 50.88 11.01 7.07 49.31
2655 93.23 35.91 11.89 7.07 50.13
2656 93.76 47.29 10.70 7.37 52.07
2657 93.46 58.50 9.46 7.00 50.96
2658 93.47 62.17 8.60 7.29 47.47
2659 93.57 63.66 7.49 7.58 42.68
2660 93.58 42.55 10.96 7.04 50.00
2661 93.78 49.23 11.35 6.76 49.80
2662 93.75 38.09 9.72 6.47 48.58
2663 93.80 43.75 11.14 7.80 55.03
2664 93.86 32.31 8.31 4.96 42.47
2665 94.23 53.86 10.09 6.69 47.92
2666 93.90 56.85 9.47 5.61 47.86
2667 93.92 60.51 8.79 6.13 41.64
2668 94.02 41.16 10.56 6.09 48.09
2669 94.27 34.32 9.46 5.88 44.16
2670 94.06 37.00 10.46 5.41 44.82
2671 94.37 51.32 10.49 6.40 48.68
2672 94.14 59.31 8.06 5.88 46.38
2673 94.31 61.93 7.68 4.16 42.16
2674 94.44 44.33 9.78 5.59 52.05
2675 94.39 58.04 9.87 4.67 47.38
2676 94.43 42.59 10.23 6.83 46.71
2677 94.62 55.61 9.09 4.84 47.88
2678 94.44 46.13 10.15 5.35 47.80
2679 95.01 47.82 10.20 5.63 49.14
2680 94.85 36.86 10.32 4.92 44.70
2681 94.86 59.66 8.33 4.28 45.97
2682 94.78 49.39 11.42 6.65 49.55
2683 94.94 45.38 11.24 5.97 48.13
2684 95.02 56.96 8.21 5.42 45.00
2685 95.24 38.64 9.06 4.94 45.23
2686 95.11 42.24 10.23 5.44 49.35
2687 95.29 35.12 7.80 4.69 42.56
2688 95.40 40.65 9.51 5.48 44.78
2689 95.15 61.04 6.50 4.00 50.83
2690 95.49 53.28 9.62 5.45 43.03
2691 95.77 44.96 9.25 4.94 47.36
2692 95.66 51.11 9.40 4.79 49.69
2693 95.66 58.71 7.54 4.73 38.88
2694 95.80 37.41 8.62 4.45 41.36
2695 95.84 47.52 9.45 4.30 41.27
2696 96.44 54.16 7.84 4.01 43.52
2697 96.06 57.52 6.74 4.16 35.84
2698 96.10 40.41 8.40 5.40 38.13
2699 96.45 50.96 8.54 4.00 41.28
2700 96.49 48.09 9.21 4.68 44.08
2701 96.44 38.25 8.07 3.70 38.63
2702 96.55 39.70 7.66 4.53 38.82
2703 96.70 56.13 7.60 4.23 35.66
2704 97.01 45.49 7.97 3.53 38.38
2705 96.82 52.56 7.37 3.93 38.72
2706 96.82 43.07 7.93 3.99 37.65
2707 96.94 40.99 8.08 4.33 38.04
2708 96.94 47.32 7.06 4.28 45.78
2709 97.59 48.82 6.87 3.84 37.35
2710 97.27 50.61 7.09 4.22 37.69
2711 97.73 43.12 7.19 3.45 34.06
2712 98.04 47.04 6.59 2.94 32.77
2713 97.95 50.78 6.19 3.26 31.47

