#<Embryo name> <Cleavage cycle> <Temporal class> <Genes>
kd32 14A 4 Kruppel even-skipped fushi-tarazu

#Quantitative data
#<Nucleus number> <A-P coordinate> <D-V coordinate> <Fluorescence intensity: channel 1 - Kr, channel 2 - eve, channel 3 - ftz>
0 1.36 49.41 13.69 4.77 36.62
1 1.87 47.81 15.67 5.68 39.02
2 1.94 50.03 15.14 6.05 36.55
3 2.58 53.39 15.54 5.17 37.14
4 2.46 49.54 15.50 6.92 40.75
5 2.58 46.80 17.13 5.82 40.66
6 2.96 51.46 16.61 5.59 40.06
7 3.37 48.60 17.24 6.52 42.74
8 3.30 54.02 18.21 5.33 40.64
9 3.35 44.29 17.88 6.00 41.53
10 4.04 45.26 19.12 6.83 44.27
11 4.09 52.33 16.89 6.15 43.38
12 4.44 57.15 15.89 4.83 37.58
13 4.37 54.95 18.05 5.82 39.66
14 4.67 42.50 17.84 6.31 42.90
15 4.49 40.84 18.70 6.16 42.65
16 4.52 47.61 17.82 6.84 41.29
17 4.78 43.85 19.22 6.64 45.07
18 4.65 39.17 19.00 6.00 40.64
19 5.06 49.52 18.59 6.72 43.04
20 4.94 53.55 17.58 5.81 40.90
21 5.14 46.47 18.67 6.73 42.24
22 5.13 40.01 19.51 6.22 40.78
23 5.22 56.08 17.41 5.12 40.46
24 5.39 42.14 19.75 6.50 45.75
25 5.75 44.78 21.50 6.66 43.91
26 5.81 38.36 19.48 6.57 40.62
27 5.87 41.27 19.04 7.06 42.84
28 5.92 50.50 19.50 6.10 47.60
29 6.07 46.37 18.89 6.79 43.39
30 6.14 43.16 19.02 6.73 44.62
31 6.02 56.01 20.39 6.78 41.50
32 5.94 40.05 19.00 6.14 43.57
33 6.36 58.45 18.55 5.75 39.92
34 6.35 36.62 20.21 5.24 38.85
35 6.37 47.76 18.25 7.12 41.08
36 6.56 61.17 16.37 4.98 37.30
37 6.33 51.07 16.11 7.33 42.56
38 6.52 40.03 19.86 6.00 43.03
39 6.64 49.31 18.63 7.86 44.34
40 6.94 53.59 19.02 6.38 44.48
41 6.63 38.43 19.38 6.38 39.34
42 6.69 45.22 23.33 6.79 43.77
43 6.82 43.83 21.27 8.05 44.73
44 6.81 50.65 18.47 7.18 41.94
45 7.14 56.51 18.17 6.60 42.94
46 7.13 37.20 18.88 6.14 41.49
47 6.94 52.15 22.62 6.50 44.50
48 7.69 46.95 19.47 8.04 44.41
49 7.31 40.63 19.51 7.02 43.15
50 7.42 51.10 19.41 6.89 43.43
51 7.40 59.73 17.56 5.65 41.00
52 7.71 39.59 21.20 6.43 42.74
53 7.40 45.79 19.22 7.19 46.05
54 7.71 54.88 19.97 6.66 41.34
55 7.56 45.19 18.00 5.00 50.00
56 7.79 52.59 19.57 6.06 43.06
57 8.31 61.27 17.79 5.84 39.69
58 8.49 38.49 22.08 7.21 40.56
59 8.48 43.75 24.61 8.22 50.58
60 8.54 58.37 21.62 7.05 43.73
61 8.42 39.77 22.71 6.71 44.64
62 8.68 34.73 23.29 6.07 42.32
63 8.68 36.97 24.08 5.59 40.41
64 8.81 47.73 19.75 7.01 43.51
65 8.99 40.57 19.69 6.94 44.13
66 9.08 57.04 19.90 6.65 42.75
67 8.95 63.00 16.19 5.11 38.58
68 9.12 50.42 20.24 6.18 46.33
69 8.92 53.90 23.50 6.83 48.17
70 9.32 60.81 18.75 6.08 41.22
71 9.31 43.24 23.00 7.86 49.74
72 9.12 59.18 20.14 6.55 46.14
73 9.44 45.80 22.02 7.53 44.58
74 9.48 55.05 20.77 7.10 46.66
75 9.57 39.26 23.55 7.19 42.11
76 9.46 65.63 14.43 4.59 35.43
77 9.24 41.36 20.20 6.60 50.20
78 9.47 37.38 23.25 6.71 45.52
79 9.66 49.11 19.08 7.46 48.23
80 9.63 59.37 19.62 6.12 42.25
81 9.77 57.85 22.09 6.16 46.28
82 10.04 33.91 19.86 6.67 41.00
83 9.97 61.71 16.83 5.54 38.75
84 10.06 50.68 19.29 7.94 45.41
85 10.19 52.61 19.93 7.25 45.89
86 10.26 48.15 20.47 7.11 45.63
87 10.29 55.95 21.58 7.15 46.90
88 10.15 59.22 18.97 8.10 42.10
89 10.16 63.75 18.05 6.05 44.00
90 10.47 30.83 16.94 5.50 38.95
91 10.19 44.05 21.77 7.27 47.43
92 10.45 64.91 15.29 5.95 39.81
93 10.62 54.24 20.50 7.39 47.72
94 10.71 49.90 19.83 7.17 46.24
95 10.68 45.87 20.88 7.21 49.11
96 10.74 58.10 18.81 7.26 47.26
97 10.46 35.76 22.45 7.09 43.82
98 10.74 38.68 22.10 7.85 45.42
99 10.80 67.03 14.26 4.85 34.98
100 10.77 43.32 19.98 6.60 46.71
101 10.64 51.50 21.80 7.50 44.60
102 10.96 59.86 19.02 7.27 43.90
103 10.77 62.15 16.95 7.09 41.81
104 10.89 56.75 21.48 7.00 47.41
105 11.30 34.82 18.87 6.87 42.63
106 11.15 40.42 20.84 7.61 45.93
107 11.22 63.45 16.86 6.88 42.00
108 11.23 32.04 17.62 5.94 42.75
109 11.32 42.10 21.28 6.77 43.17
110 11.20 52.06 19.43 7.30 46.20
111 11.65 55.66 21.02 7.39 47.37
112 11.26 47.61 22.06 7.86 48.52
113 11.37 61.21 17.65 6.71 47.39
114 11.46 29.96 17.75 5.70 41.64
115 11.76 49.13 19.19 6.91 49.49
116 11.43 53.05 19.00 6.50 47.00
117 11.75 58.30 20.42 8.24 45.96
118 12.00 64.30 17.39 6.51 42.25
119 11.87 66.11 16.87 6.53 40.40
120 11.74 62.34 19.00 8.00 42.29
121 12.00 45.07 20.14 7.75 46.36
122 11.97 30.96 18.74 6.89 40.96
123 12.11 36.48 18.59 6.95 47.22
124 12.41 50.96 20.38 7.68 50.29
125 12.25 54.50 17.78 7.50 50.25
126 12.72 61.69 19.91 7.92 43.15
127 12.45 29.48 15.66 6.29 39.09
128 12.58 58.21 19.29 8.22 49.53
129 12.42 33.80 18.73 7.20 43.60
130 12.64 43.73 19.32 7.23 46.33
131 12.53 55.76 17.86 7.82 47.50
132 12.50 48.57 20.00 6.58 47.26
133 12.56 28.23 16.53 5.05 39.79
134 12.51 31.03 17.80 7.70 41.40
135 12.85 41.56 20.22 6.76 46.12
136 12.87 66.93 16.01 6.47 41.51
137 12.61 35.64 22.08 8.69 45.15
138 12.94 59.86 19.40 7.35 47.34
139 13.34 37.63 19.30 6.86 43.88
140 13.00 34.50 20.84 6.58 45.02
141 13.00 28.88 15.31 6.56 40.81
142 12.92 30.32 15.00 7.50 38.50
143 13.00 64.73 17.97 6.84 44.14
144 13.40 63.25 18.64 7.69 45.87
145 13.39 27.25 14.07 5.43 39.30
146 13.30 30.89 16.51 5.71 41.51
147 13.22 43.24 21.82 6.86 47.45
148 13.21 57.89 18.80 8.27 46.13
149 13.37 56.25 19.73 6.77 49.50
150 13.47 32.51 19.56 6.64 42.20
151 13.51 35.66 17.76 6.72 46.84
152 13.62 45.34 20.02 7.19 46.88
153 13.49 65.53 17.38 6.08 44.00
154 13.72 28.94 15.38 6.44 43.91
155 13.83 42.71 18.78 8.81 50.08
156 14.13 46.81 18.63 7.25 48.63
157 13.78 49.79 19.53 7.58 50.12
158 13.70 51.33 16.87 8.17 50.03
159 13.98 33.40 18.81 7.19 45.49
160 13.87 66.45 17.41 7.35 43.94
161 13.97 41.27 18.59 7.08 44.98
162 13.95 58.93 18.59 8.38 48.81
163 14.41 64.86 17.01 6.99 45.06
164 14.16 56.43 19.81 7.77 50.35
165 13.90 61.87 19.25 7.75 45.38
166 14.17 35.17 20.37 7.54 47.71
167 14.42 54.16 18.93 8.03 51.47
168 14.36 69.68 15.17 6.54 38.98
169 14.52 39.46 19.31 7.21 45.17
170 14.43 62.87 16.49 7.42 47.96
171 14.40 67.39 15.40 7.68 41.28
172 14.31 57.39 22.00 7.69 53.08
173 14.37 27.05 17.27 5.73 38.88
174 14.54 37.65 20.05 7.04 45.69
175 14.67 31.63 16.89 7.02 44.28
176 14.73 28.34 17.36 6.86 43.95
177 14.42 29.20 19.00 8.00 44.20
178 14.67 48.34 17.45 7.35 48.65
179 14.99 50.27 19.85 7.71 49.81
180 14.71 36.10 16.47 5.91 43.47
181 14.82 43.85 18.54 7.37 48.57
182 14.92 58.34 17.89 7.39 45.15
183 14.94 30.06 17.97 7.19 44.73
184 15.18 65.80 16.50 6.57 43.27
185 15.25 60.64 18.21 8.25 46.70
186 15.33 38.22 17.97 7.80 44.74
187 15.43 40.11 18.74 7.23 50.36
188 15.52 35.25 17.93 7.31 45.29
189 15.30 45.43 17.67 7.13 50.00
190 15.50 56.55 18.31 7.83 48.16
191 15.47 51.88 17.59 7.59 49.39
192 15.55 47.80 17.44 7.63 45.00
193 15.46 29.41 16.55 7.73 49.82
194 15.63 68.80 15.72 7.46 44.82
195 15.72 66.93 17.31 8.06 45.46
196 15.92 62.67 17.41 6.89 48.52
197 15.63 64.17 17.09 5.73 53.18
198 15.88 71.59 13.86 6.10 37.90
199 15.88 45.71 17.36 6.98 50.46
200 15.91 49.31 18.15 7.15 47.70
201 16.14 25.48 14.66 5.85 40.47
202 15.93 39.18 18.55 6.27 47.91
203 16.04 41.07 17.74 7.74 48.30
204 15.96 50.10 17.11 8.33 44.56
205 16.16 30.32 16.55 7.06 47.06
206 16.22 52.26 17.27 7.09 51.23
207 16.27 40.00 16.62 7.31 48.00
208 16.59 53.44 17.72 7.32 49.02
209 16.39 69.67 16.16 6.86 42.86
210 16.37 28.21 15.10 7.72 44.79
211 16.60 49.05 18.53 7.65 48.71
212 16.45 67.55 15.87 7.22 45.88
213 16.53 35.98 16.57 7.85 46.72
214 16.50 72.49 15.48 6.48 39.30
215 16.68 33.80 16.83 7.19 47.89
216 16.79 61.47 18.90 8.22 45.70
217 16.50 70.94 15.60 7.00 41.20
218 16.80 55.44 18.54 7.43 48.06
219 16.99 26.86 15.39 6.52 42.73
220 17.42 36.88 17.40 7.41 47.88
221 16.78 39.33 17.35 7.65 49.33
222 16.99 51.22 18.23 7.80 48.36
223 16.84 30.19 16.28 7.85 42.72
224 16.98 57.54 18.18 7.77 49.28
225 16.80 41.58 19.23 7.62 44.44
226 17.00 71.48 14.15 6.78 43.44
227 16.91 31.77 15.92 7.50 50.83
228 17.36 32.69 16.04 7.51 48.51
229 17.27 62.36 17.88 7.82 47.42
230 17.60 41.95 17.89 7.53 49.66
231 17.90 34.70 16.81 7.73 47.92
232 17.56 73.80 13.46 6.62 36.77
233 17.65 25.08 14.32 5.43 43.19
234 17.58 39.76 17.72 8.47 50.63
235 17.53 59.35 17.69 8.56 48.41
236 17.51 68.92 16.28 8.11 44.89
237 17.73 29.96 15.25 7.12 47.79
238 17.69 53.45 17.96 7.59 50.41
239 17.76 56.19 17.74 7.57 49.70
240 17.69 67.00 16.62 6.53 45.38
241 17.70 45.12 17.08 7.56 47.22
242 17.84 61.70 18.60 8.40 45.91
243 17.86 28.03 16.63 6.91 42.48
244 17.72 38.09 18.67 8.00 52.67
245 18.23 50.50 17.71 7.36 48.22
246 17.90 26.27 15.17 6.67 49.17
247 18.07 65.22 17.09 7.70 46.00
248 18.13 43.65 16.33 8.12 47.64
249 18.07 54.84 17.72 7.16 49.72
250 18.20 71.59 14.15 7.52 43.97
251 18.21 46.56 17.84 7.92 49.24
252 18.22 60.27 18.89 8.29 51.63
253 18.41 32.60 17.10 8.14 47.97
254 18.28 58.59 19.70 8.00 50.58
255 18.31 63.93 17.23 8.04 48.04
256 18.49 70.22 15.50 7.69 45.06
257 18.43 66.24 17.28 7.50 47.18
258 18.34 72.83 14.10 8.93 43.43
259 18.60 57.00 17.36 7.16 48.97
260 18.45 48.45 17.32 7.92 51.11
261 18.59 42.13 16.68 7.48 52.80
262 18.80 23.85 13.82 6.52 41.00
263 18.83 26.06 14.64 6.94 45.89
264 19.16 44.50 18.05 8.21 46.54
265 18.86 40.70 17.28 9.08 52.52
266 19.32 67.75 17.58 8.97 49.49
267 18.99 22.14 13.00 5.85 40.54
268 19.06 60.55 19.67 8.83 49.14
269 18.85 28.35 15.00 8.67 43.33
270 19.45 58.84 18.03 8.31 49.84
271 19.21 47.33 18.10 7.80 48.76
272 19.06 51.42 17.04 7.78 49.94
273 19.13 62.79 17.90 8.94 46.94
274 18.91 72.51 16.00 11.12 43.38
275 19.04 27.53 16.13 8.47 42.67
276 19.32 35.46 17.00 8.32 47.68
277 18.95 69.05 14.25 9.75 46.75
278 19.20 28.86 14.59 7.52 45.15
279 19.29 65.10 18.23 8.77 47.93
280 19.23 24.75 15.40 6.35 43.15
281 19.79 52.96 17.69 7.95 50.18
282 19.46 55.21 17.72 8.15 50.14
283 19.46 30.07 16.73 7.73 46.27
284 19.48 33.50 17.05 7.30 47.68
285 19.46 41.53 17.98 8.20 52.38
286 19.54 70.00 16.26 8.33 46.05
287 19.44 25.87 14.37 7.89 46.32
288 20.21 27.40 16.45 8.03 46.91
289 19.58 32.28 15.33 9.33 46.67
290 19.88 43.41 18.11 7.88 52.16
291 19.65 57.22 18.32 8.42 52.20
292 19.57 48.67 18.38 7.00 48.25
293 19.93 61.32 17.52 9.09 50.70
294 19.89 37.79 18.31 8.80 55.00
295 19.87 34.50 16.73 9.23 46.86
296 19.99 65.85 18.33 8.59 46.89
297 19.92 29.26 16.15 8.92 43.46
298 20.20 31.73 16.64 8.17 47.85
299 20.05 48.14 16.93 7.60 49.13
300 20.14 25.18 14.98 6.59 42.02
301 20.41 39.07 17.42 8.53 52.54
302 19.96 41.25 17.22 8.22 56.44
303 20.44 62.94 17.89 9.03 46.10
304 20.61 36.03 18.00 7.33 51.73
305 20.34 46.12 17.79 8.40 51.19
306 20.31 70.04 16.16 9.34 46.23
307 20.37 50.52 17.81 7.70 50.53
308 20.38 30.10 15.00 8.22 42.88
309 20.26 57.51 16.81 8.67 55.62
310 20.47 68.03 17.74 10.53 46.98
311 20.57 54.49 17.00 8.73 50.73
312 20.67 76.01 14.02 8.17 39.72
313 20.78 58.43 18.17 8.42 53.08
314 20.77 60.34 17.24 8.54 49.80
315 20.81 66.23 17.40 9.76 45.49
316 20.74 47.37 17.78 8.32 58.08
317 20.65 24.25 14.69 7.00 45.00
318 21.09 40.13 16.80 7.86 54.66
319 21.22 50.99 18.17 8.28 50.17
320 21.07 43.52 17.04 8.43 54.10
321 21.04 34.32 17.31 8.38 51.24
322 20.96 26.25 15.17 6.79 48.17
323 21.01 37.83 18.13 7.57 50.80
324 21.42 29.11 15.68 8.33 44.62
325 21.13 31.68 16.14 8.56 48.03
326 21.21 22.07 13.54 7.09 45.30
327 21.23 24.00 14.02 7.72 47.02
328 21.21 53.82 19.67 10.00 52.30
329 21.28 52.56 17.34 8.54 54.24
330 21.41 56.79 18.12 9.61 53.68
331 21.38 74.86 14.21 9.90 43.26
332 21.39 48.33 17.50 8.58 53.56
333 21.46 45.52 17.51 9.40 52.91
334 21.27 59.21 17.50 9.33 53.25
335 21.57 67.30 17.78 10.98 47.82
336 21.38 77.27 14.95 12.37 37.26
337 21.57 42.54 16.83 8.34 54.68
338 21.54 61.42 18.96 9.79 46.47
339 21.52 25.83 13.62 7.69 48.33
340 21.41 37.12 17.62 9.38 50.31
341 21.73 33.35 16.93 7.70 50.89
342 21.53 76.23 14.10 11.10 38.90
343 21.68 35.53 17.61 8.90 51.65
344 21.74 49.64 18.29 9.00 52.43
345 21.87 59.26 18.40 9.68 54.32
346 21.66 31.46 14.60 7.60 53.60
347 21.96 63.96 18.23 10.65 47.30
348 22.01 68.83 16.61 10.69 48.59
349 21.80 77.97 14.56 9.44 37.11
350 22.23 24.38 14.61 8.04 43.08
351 22.27 36.84 17.57 8.62 52.28
352 22.32 41.36 17.72 8.51 55.51
353 22.08 73.75 15.71 12.55 42.90
354 22.16 48.58 18.97 10.32 50.76
355 22.19 54.29 18.00 9.49 53.40
356 22.16 31.82 15.35 9.44 47.09
357 22.29 75.51 14.52 13.96 44.06
358 22.29 44.73 19.00 8.67 52.38
359 22.29 60.81 19.33 10.11 51.58
360 22.40 26.65 16.24 7.82 42.76
361 22.33 46.74 19.04 9.00 53.59
362 22.57 50.25 17.92 9.71 51.44
363 22.18 65.91 19.00 11.40 50.40
364 22.40 78.30 13.82 13.35 38.76
365 22.71 30.25 16.34 8.68 47.10
366 22.46 34.33 16.48 7.48 53.45
367 22.59 71.17 17.02 13.94 45.17
368 22.39 58.22 17.81 9.50 48.38
369 22.47 43.38 18.46 9.91 53.26
370 22.53 29.15 16.50 8.50 50.25
371 22.79 45.81 18.59 9.02 54.76
372 22.98 67.12 16.46 13.68 49.28
373 22.86 72.70 15.65 13.76 45.49
374 22.84 56.87 18.91 9.61 53.68
375 22.79 77.45 14.69 19.22 39.75
376 23.00 22.81 13.62 7.78 43.89
377 22.89 59.68 18.05 11.02 53.78
378 23.28 38.65 17.81 8.49 53.00
379 22.94 47.65 20.21 10.79 51.82
380 23.19 74.17 16.32 19.26 46.21
381 23.30 25.11 14.93 8.17 48.03
382 23.32 27.11 14.73 8.83 45.85
383 23.68 35.48 16.96 8.16 52.30
384 23.25 49.28 19.19 10.19 54.88
385 23.58 64.37 17.49 12.39 52.41
386 23.40 76.47 14.94 17.83 42.50
387 23.32 29.52 14.08 8.46 48.31
388 23.40 54.09 17.16 10.55 56.00
389 23.49 61.59 18.18 11.54 54.16
390 23.55 69.88 16.74 12.74 48.90
391 23.52 42.47 17.83 9.11 56.11
392 23.97 58.34 17.91 11.77 53.74
393 23.88 47.04 18.66 10.22 55.78
394 23.63 51.71 18.17 10.67 53.43
395 23.86 55.73 18.89 10.70 56.59
396 23.68 31.17 16.66 8.11 49.29
397 23.77 21.13 13.00 7.96 40.71
398 24.05 29.38 15.89 8.06 46.28
399 23.81 23.17 14.08 9.55 45.66
400 23.87 78.67 13.76 19.92 41.84
401 23.95 49.53 19.16 11.07 55.70
402 24.16 32.37 15.58 9.20 51.20
403 24.40 44.58 18.30 8.97 57.37
404 24.43 63.29 18.10 13.65 47.87
405 24.21 68.41 16.64 15.64 48.91
406 24.20 42.24 17.43 9.09 54.20
407 24.22 53.03 19.06 11.19 55.44
408 24.39 18.57 13.62 8.49 41.95
409 24.25 27.16 15.22 8.52 48.11
410 24.48 38.01 17.36 9.61 51.62
411 24.18 62.04 20.82 14.73 57.00
412 24.54 60.25 18.36 13.13 54.32
413 24.42 24.36 13.92 8.38 46.57
414 24.39 40.43 17.00 9.12 53.97
415 24.64 70.66 16.34 25.52 47.79
416 24.81 22.54 14.49 8.87 44.01
417 24.52 65.40 17.22 18.57 52.17
418 24.59 50.27 18.42 11.15 54.77
419 24.93 48.50 17.21 10.45 55.93
420 24.88 80.23 14.27 49.49 37.84
421 24.84 53.91 19.00 11.78 54.03
422 25.04 72.31 16.96 35.04 49.42
423 24.98 21.07 13.36 8.97 40.69
424 24.88 32.40 16.97 9.65 49.26
425 24.96 36.37 17.09 9.62 49.43
426 25.04 25.37 14.49 8.64 47.26
427 25.12 30.75 15.30 8.28 47.28
428 25.01 41.03 18.03 10.03 52.23
429 25.12 61.54 17.43 16.22 54.11
430 25.24 64.18 17.85 22.00 50.51
431 25.27 78.14 14.88 57.92 40.95
432 25.48 45.69 19.24 11.20 56.30
433 25.56 75.97 16.53 67.36 45.09
434 25.38 33.55 17.86 10.03 52.67
435 25.56 50.51 19.43 11.95 55.76
436 25.45 58.30 18.62 13.59 54.77
437 25.30 39.07 16.33 10.83 54.75
438 25.43 34.96 14.81 10.84 51.84
439 25.46 66.46 17.21 26.16 50.21
440 25.72 17.48 12.79 9.85 40.09
441 25.80 20.13 13.80 9.36 45.29
442 25.54 47.72 18.52 12.22 55.52
443 25.77 81.78 13.48 62.35 37.05
444 25.67 28.58 15.67 9.25 46.93
445 25.44 29.70 15.33 10.00 49.17
446 25.90 31.44 15.81 9.86 47.40
447 25.72 37.42 16.73 10.70 52.80
448 25.54 39.94 17.89 10.67 57.89
449 25.84 25.70 14.79 9.93 44.57
450 25.86 35.99 16.69 10.04 52.50
451 26.03 41.00 18.79 12.73 54.92
452 26.07 73.35 17.64 79.56 43.07
453 25.89 69.39 17.67 53.56 43.50
454 25.72 59.96 17.81 20.00 52.38
455 25.87 62.36 16.95 20.62 51.51
456 25.74 63.48 18.40 24.80 49.80
457 26.08 47.27 17.96 12.40 54.90
458 26.07 60.82 18.41 23.62 53.66
459 26.03 39.50 17.86 10.95 55.38
460 26.03 59.04 17.18 16.82 58.09
461 26.21 21.80 14.26 9.39 43.30
462 26.26 23.28 14.62 11.01 44.93
463 26.38 78.72 14.99 86.46 40.10
464 26.31 38.17 16.40 11.71 53.36
465 26.28 33.02 16.14 10.36 50.14
466 26.19 34.81 16.97 10.89 54.66
467 26.26 55.44 19.28 16.04 55.91
468 26.68 57.54 19.41 20.14 54.40
469 26.86 67.80 18.38 72.18 49.06
470 26.28 18.88 13.82 11.55 43.36
471 26.73 29.27 15.25 10.57 49.66
472 26.58 49.19 18.79 12.17 57.02
473 26.38 62.49 19.17 32.44 51.17
474 26.41 59.62 19.64 18.00 63.00
475 26.86 70.57 18.57 92.89 46.90
476 26.83 83.06 14.18 82.60 36.09
477 26.79 18.02 12.33 15.67 39.80
478 26.86 44.33 18.35 13.05 56.36
479 26.63 21.03 15.13 12.53 43.80
480 27.01 19.79 14.36 15.91 41.79
481 26.89 53.43 20.02 21.45 59.67
482 26.94 34.53 16.25 10.93 48.75
483 26.96 65.05 18.89 63.34 48.58
484 27.29 80.76 16.16 99.36 40.92
485 26.99 51.67 19.49 15.46 55.81
486 27.00 59.89 19.67 35.04 57.65
487 27.13 76.00 17.41 116.52 46.00
488 26.86 16.80 13.92 15.08 40.85
489 27.37 27.09 15.57 14.02 44.82
490 27.00 32.45 16.05 10.03 50.90
491 27.31 39.64 17.66 13.33 55.31
492 27.24 41.72 18.11 12.14 53.54
493 27.33 72.52 18.26 129.24 48.76
494 27.31 74.10 16.78 123.51 48.96
495 27.23 16.31 13.71 15.41 41.71
496 27.63 23.86 14.04 15.17 46.06
497 27.42 46.15 19.71 16.52 55.71
498 27.49 59.16 17.90 30.45 58.15
499 27.47 52.66 18.52 19.26 58.19
500 27.75 56.47 18.69 26.26 59.07
501 27.78 34.45 16.16 11.79 49.70
502 27.77 62.88 18.98 81.35 50.60
503 27.85 78.22 16.77 123.14 43.07
504 27.52 40.67 18.30 15.00 57.30
505 28.09 45.22 19.01 18.79 56.32
506 27.71 17.53 13.72 18.26 42.51
507 28.03 65.58 18.34 115.33 50.02
508 28.02 32.72 16.78 14.78 51.55
509 28.30 36.45 16.19 15.51 53.02
510 27.89 57.80 19.89 36.00 57.09
511 27.92 83.64 14.56 87.92 40.02
512 27.84 20.03 12.85 19.62 46.23
513 28.13 19.00 13.44 21.80 46.15
514 28.05 22.27 14.24 19.25 41.87
515 28.30 68.24 17.44 145.12 50.03
516 27.94 50.13 19.15 19.62 61.23
517 28.22 70.76 17.71 148.09 47.89
518 28.25 52.78 19.55 26.53 57.94
519 28.28 41.29 17.60 17.02 53.74
520 28.38 26.11 14.74 18.64 45.09
521 28.33 50.90 19.49 22.49 58.47
522 28.91 39.28 18.61 20.71 56.50
523 28.45 54.66 19.52 33.44 56.11
524 28.55 73.29 18.62 170.64 48.28
525 28.66 75.62 17.82 148.42 49.47
526 28.48 20.54 12.44 26.12 44.75
527 28.61 85.44 13.24 68.01 45.62
528 28.57 17.08 12.67 39.42 41.73
529 28.56 59.63 20.19 68.71 53.06
530 28.69 61.48 19.38 106.26 51.66
531 28.89 82.69 15.68 104.26 50.76
532 28.97 80.41 17.12 123.17 52.28
533 29.10 63.79 18.90 145.95 50.79
534 28.77 31.53 15.70 18.64 51.18
535 29.28 58.18 21.50 93.67 58.94
536 29.16 77.75 17.06 142.50 50.41
537 29.17 51.14 20.46 31.96 58.05
538 29.44 28.73 15.73 22.62 47.29
539 29.29 66.26 18.50 164.96 52.47
540 29.20 33.55 16.73 22.10 52.24
541 29.31 44.74 18.74 25.36 60.29
542 29.51 15.51 13.17 77.79 38.53
543 29.28 19.83 14.04 55.36 44.31
544 29.15 53.55 20.00 34.50 55.91
545 29.43 31.02 15.93 23.53 51.33
546 29.38 70.33 18.70 157.81 52.99
547 29.69 17.46 13.58 85.93 39.31
548 29.34 85.36 13.86 46.95 89.29
549 29.34 48.16 18.00 36.54 57.85
550 29.83 13.63 11.71 86.01 32.48
551 29.56 55.86 21.40 87.75 54.71
552 29.86 60.93 19.51 149.77 55.63
553 29.89 68.18 18.19 169.23 51.23
554 29.72 25.34 14.60 50.83 44.21
555 29.78 52.62 19.73 65.10 54.75
556 29.86 72.71 20.06 191.98 61.40
557 29.88 22.51 15.33 57.22 40.96
558 29.76 35.45 16.60 25.58 51.92
559 29.84 20.66 14.23 58.68 45.74
560 29.82 32.59 15.84 33.21 52.44
561 29.87 48.82 19.47 37.18 62.35
562 30.33 54.21 19.90 117.39 54.90
563 30.16 75.09 18.10 144.82 61.82
564 29.94 85.09 14.79 64.82 92.67
565 30.04 42.03 19.49 35.34 57.92
566 30.11 50.45 21.09 69.97 54.48
567 30.09 82.44 16.53 97.46 95.85
568 30.42 43.75 19.38 51.23 60.56
569 30.28 63.83 19.75 182.09 53.47
570 30.32 79.96 18.81 120.12 91.82
571 30.38 47.45 20.88 74.66 57.98
572 30.52 19.30 13.93 107.31 42.43
573 30.37 56.93 21.62 130.73 58.51
574 30.36 77.47 17.25 125.74 68.60
575 30.28 28.86 15.57 54.73 45.29
576 30.77 30.80 15.27 64.05 48.53
577 30.64 26.86 14.83 88.62 41.07
578 30.73 59.00 20.33 158.20 56.61
579 30.50 36.37 17.64 36.61 56.30
580 30.70 66.07 19.34 194.38 58.21
581 30.75 70.32 19.36 160.42 61.23
582 30.79 32.96 17.03 68.33 47.93
583 30.89 24.12 14.76 92.67 42.75
584 30.82 51.60 20.64 115.73 57.21
585 30.93 16.34 13.77 127.61 39.66
586 30.96 86.59 13.91 40.96 125.09
587 30.84 40.43 19.41 63.82 49.62
588 31.00 13.81 12.86 120.83 36.26
589 31.08 34.88 16.22 61.88 52.52
590 31.07 49.20 20.80 116.18 57.95
591 31.12 61.40 21.24 186.68 62.20
592 31.33 21.56 14.77 113.72 45.52
593 31.28 82.22 16.75 69.12 145.62
594 31.35 55.48 20.82 172.74 58.48
595 31.23 72.73 18.21 132.11 82.45
596 31.12 84.40 15.82 43.58 145.00
597 31.49 41.60 18.99 104.31 57.07
598 31.48 46.53 20.08 120.53 56.04
599 31.14 79.28 17.19 73.30 151.11
600 31.61 88.81 13.26 28.07 114.72
601 31.47 44.18 19.71 112.23 57.27
602 31.45 68.12 20.12 156.84 72.65
603 31.33 75.57 19.42 123.68 117.40
604 31.51 28.89 15.80 111.76 47.30
605 31.46 63.77 21.12 173.92 61.39
606 31.39 12.63 11.26 121.52 39.13
607 31.54 77.88 19.51 103.85 158.87
608 31.77 39.02 18.79 101.23 54.03
609 31.70 53.04 20.61 173.59 56.63
610 31.74 36.68 17.89 102.22 51.89
611 31.85 57.37 20.99 188.65 59.72
612 31.82 18.66 14.21 150.66 42.31
613 31.88 26.53 16.02 141.38 47.31
614 32.14 50.79 20.36 168.38 60.43
615 31.99 33.45 16.49 136.12 48.35
616 32.08 59.49 20.22 184.78 66.71
617 32.07 65.54 20.71 146.91 95.96
618 31.89 84.35 17.34 56.80 153.80
619 32.16 15.77 13.37 157.41 40.38
620 32.28 69.71 19.95 121.11 121.67
621 32.15 23.82 14.50 153.63 44.60
622 32.22 31.00 16.13 150.59 46.19
623 32.22 74.24 19.36 97.71 154.93
624 32.31 48.24 21.13 177.15 60.80
625 32.08 86.54 17.31 37.34 156.14
626 32.27 61.78 20.58 170.75 75.06
627 32.25 81.47 17.50 52.45 146.64
628 32.45 71.94 19.90 109.35 153.07
629 32.32 79.81 18.55 66.99 177.10
630 32.51 12.99 12.87 152.10 41.94
631 32.65 42.87 19.49 175.81 57.89
632 32.59 67.47 20.98 129.32 137.02
633 32.75 35.54 17.50 167.27 53.38
634 32.61 55.29 20.86 184.86 67.43
635 32.65 76.70 19.32 67.92 174.18
636 32.78 40.33 18.91 166.16 52.34
637 32.68 45.43 19.45 179.77 58.24
638 32.37 83.30 16.90 52.60 139.40
639 32.75 28.59 16.19 170.65 47.09
640 32.71 87.63 16.56 26.85 134.05
641 33.01 63.14 21.31 116.33 126.07
642 33.04 37.86 18.22 171.07 56.85
643 33.04 52.86 20.70 181.30 67.39
644 33.07 85.07 18.27 47.53 161.51
645 33.04 89.83 14.22 32.57 94.94
646 33.11 25.98 15.49 184.98 49.00
647 33.16 57.74 21.22 170.16 91.81
648 33.10 20.27 14.62 182.79 46.38
649 33.21 32.60 17.47 181.60 51.27
650 33.31 82.20 19.65 53.67 161.43
651 33.49 10.82 11.97 135.55 47.46
652 33.28 18.23 14.50 174.90 49.84
653 33.28 49.65 20.60 181.57 66.33
654 33.24 60.36 21.10 145.93 133.82
655 33.35 23.25 14.97 175.13 46.58
656 33.38 65.35 19.69 99.39 171.95
657 33.59 70.08 21.68 81.74 185.90
658 33.48 78.54 20.21 55.88 179.77
659 33.58 15.14 13.62 152.33 47.56
660 33.61 47.55 20.49 184.33 73.98
661 33.65 73.29 19.73 69.27 178.70
662 33.85 67.87 20.56 73.84 175.28
663 33.71 30.10 16.14 187.54 53.05
664 33.77 88.03 17.52 39.88 112.09
665 33.71 55.25 21.69 155.34 103.29
666 33.91 43.43 19.76 194.93 71.64
667 33.91 45.60 20.91 191.97 73.57
668 33.96 13.32 13.79 144.55 59.45
669 33.91 34.46 17.58 197.57 52.94
670 33.89 51.28 21.70 160.61 81.10
671 33.94 41.18 19.83 193.19 61.53
672 34.10 76.09 20.25 51.23 179.51
673 34.13 27.39 15.90 177.17 49.67
674 34.21 39.06 18.50 179.12 65.26
675 34.23 36.75 18.50 190.45 60.53
676 34.29 21.55 15.38 153.74 59.66
677 34.12 61.42 22.66 84.70 185.85
678 34.27 63.82 22.21 73.77 190.80
679 34.18 53.32 22.11 150.20 127.41
680 34.17 58.74 21.25 108.56 173.90
681 34.19 84.34 22.94 61.43 144.87
682 34.35 86.15 19.63 43.70 125.51
683 34.43 24.69 15.45 164.17 58.71
684 34.56 80.29 21.06 49.89 174.84
685 34.58 56.84 20.77 89.93 185.46
686 34.46 49.31 21.00 155.47 93.78
687 34.48 18.35 14.81 147.22 67.74
688 34.47 31.95 17.49 180.62 55.90
689 34.56 90.17 19.14 60.33 56.34
690 34.94 82.61 21.98 59.27 150.82
691 34.85 71.12 21.26 49.38 198.60
692 34.97 11.03 12.59 104.54 104.04
693 34.81 47.16 21.56 144.39 107.33
694 35.11 65.67 22.11 54.25 193.43
695 34.95 73.94 21.30 52.90 183.67
696 35.05 77.86 22.02 48.11 175.13
697 35.02 15.16 15.76 126.82 97.75
698 34.99 29.19 16.61 174.04 60.98
699 35.05 54.47 22.73 89.00 178.90
700 35.02 35.02 19.82 209.99 80.04
701 35.02 44.68 20.73 146.42 129.98
702 34.99 51.56 22.18 108.17 156.66
703 34.99 42.34 20.20 161.04 93.94
704 35.14 68.31 21.47 52.85 192.08
705 35.04 12.81 13.95 109.38 84.46
706 35.29 87.86 24.76 82.85 67.73
707 35.25 38.04 18.03 156.49 81.94
708 35.37 40.24 20.19 149.03 110.67
709 35.26 20.79 14.63 134.37 97.96
710 35.35 26.42 16.24 144.09 91.31
711 35.24 62.63 23.41 66.17 197.83
712 35.48 33.00 19.04 178.27 95.91
713 35.32 60.30 22.62 66.39 206.83
714 35.53 85.14 26.54 86.49 101.02
715 35.53 23.48 18.16 146.75 108.84
716 35.67 58.13 23.00 66.25 204.36
717 35.59 49.02 21.92 99.83 177.01
718 35.89 75.51 23.60 46.37 180.34
719 35.74 17.39 15.41 119.83 120.82
720 35.52 19.27 15.26 132.48 125.00
721 35.83 30.94 18.36 152.65 94.38
722 35.73 46.47 20.87 95.59 170.71
723 35.84 36.41 19.97 158.44 125.66
724 35.86 79.55 24.01 57.62 133.13
725 36.13 70.04 23.60 44.99 192.12
726 36.08 72.68 22.91 45.20 179.62
727 36.14 89.85 27.53 87.91 44.14
728 36.17 44.04 20.54 96.72 193.19
729 36.17 55.74 21.90 61.32 197.15
730 36.17 41.75 20.90 106.06 191.70
731 36.19 53.32 23.06 68.59 208.86
732 36.20 63.39 22.42 43.73 202.78
733 36.14 51.05 22.25 79.20 206.75
734 36.11 28.38 17.67 131.76 121.18
735 36.23 11.93 13.59 62.95 128.27
736 36.50 14.98 15.23 72.94 138.18
737 36.27 82.83 28.50 100.93 94.73
738 36.37 34.49 20.32 133.85 148.22
739 36.34 20.76 16.12 80.15 149.70
740 36.37 60.55 22.89 46.82 208.62
741 36.53 67.84 22.18 37.93 188.98
742 36.30 81.41 28.54 99.62 97.62
743 36.44 38.73 19.95 102.55 182.33
744 36.57 25.67 16.35 89.20 144.71
745 36.65 65.56 23.61 42.14 194.20
746 36.72 87.35 30.39 109.12 57.12
747 36.68 9.37 13.23 49.58 137.65
748 36.84 47.46 22.13 71.95 207.10
749 36.90 76.98 24.51 66.20 145.13
750 36.89 32.62 18.53 106.82 175.09
751 36.77 84.87 32.83 126.11 69.74
752 36.93 58.33 24.59 47.73 210.60
753 37.03 17.99 14.84 66.50 148.97
754 37.01 23.37 16.52 70.97 162.35
755 37.11 36.69 19.67 80.59 182.34
756 36.97 49.46 22.71 67.24 214.64
757 36.81 80.11 24.04 87.21 108.58
758 36.97 7.92 11.60 35.22 125.25
759 37.02 30.08 17.77 95.76 160.38
760 37.15 40.45 20.80 76.65 214.04
761 37.30 27.76 18.17 79.32 167.87
762 37.01 74.01 26.76 60.10 148.86
763 37.33 45.12 22.43 59.70 207.23
764 37.35 71.40 25.58 48.34 167.59
765 37.41 12.76 14.21 40.48 147.62
766 37.35 52.01 22.74 56.29 211.74
767 37.43 42.80 21.31 65.56 194.22
768 37.32 54.33 24.23 48.93 206.44
769 37.34 61.59 25.20 43.11 203.75
770 37.28 79.03 27.94 100.77 109.32
771 37.59 56.56 25.36 46.78 206.03
772 37.44 81.76 31.71 121.11 69.63
773 37.54 20.87 16.07 62.46 167.74
774 37.58 89.52 37.12 101.44 46.23
775 37.69 63.83 25.33 44.64 185.24
776 37.31 13.81 15.54 48.38 161.31
777 37.62 34.74 20.09 84.37 183.71
778 37.86 10.66 14.83 39.46 144.76
779 37.90 69.05 26.37 54.09 173.59
780 37.59 67.17 23.66 42.47 171.28
781 38.12 38.40 20.08 57.07 184.52
782 37.59 74.64 24.69 50.15 119.62
783 38.17 26.41 17.21 52.52 158.50
784 38.16 15.66 15.61 45.10 150.40
785 38.14 8.02 13.17 29.42 116.54
786 38.14 31.73 19.37 61.18 179.94
787 38.02 59.33 27.65 45.42 201.41
788 37.99 65.92 28.07 44.48 172.67
789 38.02 85.04 41.20 133.57 55.18
790 37.86 32.60 18.00 68.11 191.07
791 37.85 49.24 22.90 47.70 217.40
792 38.11 47.43 24.89 47.86 209.24
793 38.11 50.36 24.18 51.93 214.32
794 38.39 87.37 47.84 117.46 63.86
795 38.29 23.11 16.45 39.34 161.66
796 37.99 73.05 27.12 69.44 122.00
797 38.21 77.18 31.94 102.71 84.78
798 38.44 18.11 15.70 41.84 155.45
799 38.34 40.77 21.11 49.09 207.65
800 38.33 29.44 18.47 54.64 170.72
801 38.50 79.81 34.98 121.00 65.60
802 38.59 74.70 33.05 105.95 98.86
803 38.60 45.28 22.91 41.69 184.70
804 38.48 54.66 26.11 45.58 188.06
805 38.46 72.25 30.48 78.48 125.24
806 38.69 36.35 21.06 50.80 182.68
807 38.56 61.80 27.33 49.22 189.05
808 38.61 91.54 42.48 69.03 46.89
809 38.70 21.38 18.08 40.23 156.06
810 38.62 52.18 24.08 48.95 202.60
811 38.69 34.22 20.21 57.33 179.55
812 38.69 42.95 23.58 46.22 186.06
813 38.65 82.53 44.31 127.16 60.90
814 39.01 12.97 15.54 34.23 135.22
815 38.82 57.51 25.41 44.42 180.01
816 38.96 70.37 30.45 90.76 130.86
817 38.95 67.09 29.09 73.18 132.81
818 39.03 89.31 54.29 97.15 51.55
819 39.27 6.72 13.52 19.38 87.22
820 39.06 64.50 28.32 57.72 141.74
821 38.88 19.95 15.83 37.50 144.97
822 39.13 49.77 24.94 45.49 207.38
823 39.16 9.98 15.40 34.29 106.04
824 39.21 25.13 19.16 44.43 158.66
825 39.31 31.34 20.18 43.97 150.50
826 39.31 59.88 28.58 48.04 163.47
827 39.52 28.89 20.14 40.74 161.64
828 39.27 47.28 24.82 47.73 192.93
829 39.43 76.40 36.75 133.76 72.59
830 39.33 40.20 22.97 43.15 171.08
831 39.42 84.39 56.28 118.91 65.94
832 39.38 23.92 18.16 31.97 149.50
833 39.62 55.77 27.59 49.26 175.34
834 39.57 72.46 36.14 121.18 86.25
835 39.65 15.96 16.40 34.40 125.81
836 39.68 37.94 22.73 46.42 168.07
837 39.73 53.46 27.10 53.11 183.48
838 39.70 78.80 42.88 125.33 61.67
839 39.59 44.35 23.84 42.79 164.31
840 39.73 62.34 30.12 65.70 127.02
841 39.67 86.50 56.93 105.17 78.36
842 39.87 26.71 20.07 42.05 141.85
843 39.88 33.51 21.39 50.11 163.81
844 39.92 18.96 17.59 35.81 134.47
845 40.01 51.50 27.40 52.55 182.86
846 39.60 8.85 14.21 25.93 89.21
847 39.83 81.60 48.19 124.86 64.11
848 39.91 91.99 47.64 48.23 84.27
849 40.18 11.19 16.37 32.86 98.00
850 39.98 22.20 18.75 36.40 144.28
851 40.29 35.62 22.90 50.42 152.16
852 40.09 42.04 24.55 47.31 160.26
853 39.87 68.85 34.21 123.91 100.85
854 39.98 65.82 32.46 98.99 104.90
855 40.23 74.78 44.94 138.63 71.61
856 40.22 48.93 27.39 57.91 184.55
857 40.09 88.85 64.87 75.02 121.70
858 40.41 46.36 27.30 60.80 148.13
859 40.30 8.75 15.09 28.14 87.25
860 40.28 5.98 13.11 24.80 61.56
861 40.57 25.10 21.77 49.22 117.94
862 40.59 31.28 22.81 53.46 130.44
863 40.53 39.73 25.66 58.39 153.03
864 40.29 84.39 60.60 108.07 80.47
865 40.52 60.66 31.73 98.57 114.20
866 40.68 70.38 42.65 139.43 75.09
867 40.74 44.11 27.14 55.76 132.34
868 40.66 63.43 35.24 117.23 95.62
869 40.63 56.58 31.03 74.83 140.77
870 40.77 72.78 48.82 137.33 71.88
871 40.67 83.24 65.05 108.53 75.49
872 40.64 87.89 64.36 74.36 128.29
873 40.86 23.74 20.94 43.84 98.20
874 40.92 28.26 22.24 51.25 121.02
875 40.90 67.87 49.26 166.20 96.01
876 40.84 77.24 57.45 121.68 68.21
877 40.87 9.63 16.76 40.41 82.64
878 40.83 52.87 29.02 72.68 141.18
879 40.84 16.78 19.13 44.36 107.58
880 41.01 37.47 26.24 68.67 141.19
881 40.79 54.28 31.31 73.44 144.41
882 40.82 80.26 63.54 118.86 70.76
883 41.15 92.90 54.72 28.53 118.24
884 41.15 85.88 71.89 73.66 137.50
885 40.99 14.61 18.87 43.10 101.10
886 41.01 20.27 20.17 43.62 100.64
887 41.13 65.43 38.99 135.75 88.66
888 41.20 18.41 19.70 45.33 94.48
889 41.06 21.78 20.37 54.41 101.16
890 41.23 90.75 77.30 41.69 142.67
891 41.03 6.07 15.19 29.42 56.98
892 41.35 33.59 26.10 72.29 107.52
893 41.26 48.28 32.25 94.97 140.17
894 41.24 50.64 30.42 91.25 139.35
895 40.99 55.62 34.00 76.62 128.50
896 41.20 59.01 35.38 104.95 122.53
897 41.30 41.56 29.54 76.91 130.94
898 41.44 88.83 91.78 59.36 146.52
899 41.31 12.54 19.37 58.41 83.83
900 41.62 25.67 24.34 65.95 87.87
901 41.67 61.57 43.09 137.05 87.75
902 41.65 74.64 60.53 121.34 91.74
903 41.72 35.51 29.48 86.71 102.08
904 41.91 8.45 21.05 62.44 60.83
905 41.45 15.50 19.64 41.05 81.09
906 41.54 30.55 27.02 72.88 101.97
907 41.66 46.25 32.28 105.73 110.72
908 41.62 81.98 77.14 98.71 123.28
909 41.62 83.60 73.57 84.75 127.65
910 41.73 57.26 38.81 123.07 104.83
911 41.76 54.99 37.55 119.63 99.11
912 41.83 52.65 36.18 120.49 105.02
913 41.85 71.89 59.30 133.67 81.76
914 41.84 23.10 25.81 70.63 79.31
915 41.82 39.64 29.72 100.23 117.77
916 41.74 43.72 39.06 117.43 117.58
917 41.96 69.50 52.84 141.99 79.49
918 41.98 63.85 44.37 138.30 85.01
919 41.93 76.65 73.83 108.14 114.38
920 41.88 13.55 21.03 58.24 69.24
921 42.02 66.99 54.87 149.44 79.99
922 42.07 20.79 22.80 68.38 71.26
923 42.14 87.95 78.73 42.63 148.80
924 42.24 16.89 24.17 65.92 75.48
925 42.25 32.17 31.22 109.86 75.36
926 42.16 19.28 23.33 59.48 76.26
927 42.20 28.32 28.69 98.41 81.17
928 42.21 59.41 48.07 131.97 81.16
929 42.34 37.69 31.06 102.31 98.21
930 42.20 48.93 34.74 132.79 101.96
931 42.25 85.97 102.39 52.94 138.76
932 42.59 42.27 33.48 123.62 91.89
933 42.51 44.92 36.79 129.21 90.59
934 42.62 51.05 40.95 143.33 84.51
935 42.66 90.37 94.75 35.74 147.33
936 42.53 91.90 76.81 24.42 142.65
937 42.65 84.37 102.80 68.14 146.41
938 42.55 93.71 62.84 20.89 112.98
939 42.80 33.95 35.62 132.59 76.03
940 42.76 25.69 30.71 97.67 59.60
941 42.80 81.76 95.37 68.82 151.97
942 42.75 56.52 51.88 149.93 78.36
943 42.90 54.19 48.04 134.37 85.35
944 42.73 73.15 86.63 109.40 121.86
945 43.03 78.54 83.79 65.34 159.66
946 42.91 11.75 26.44 77.20 59.26
947 42.94 22.75 29.59 98.92 63.30
948 42.94 36.11 35.87 127.93 86.84
949 42.96 46.93 40.43 141.49 82.90
950 42.94 65.41 65.10 135.32 102.98
951 42.99 39.85 36.43 131.48 74.87
952 42.96 62.80 56.18 133.73 95.45
953 43.02 30.57 36.77 113.15 69.16
954 43.05 60.82 75.13 164.21 99.73
955 43.08 68.08 84.47 155.15 123.37
956 43.03 70.64 85.89 127.19 127.97
957 43.09 75.60 85.74 71.91 142.34
958 43.08 8.62 27.97 79.15 58.13
959 43.17 19.49 30.21 86.86 56.16
960 43.40 48.90 48.00 157.80 81.49
961 43.31 58.44 59.58 151.51 95.13
962 43.61 89.14 110.53 35.20 159.85
963 43.36 28.05 37.93 121.06 69.60
964 43.49 93.22 91.00 24.65 120.77
965 43.49 52.34 52.22 162.86 79.59
966 43.52 86.56 107.25 44.58 165.82
967 43.44 15.91 29.91 77.42 72.89
968 43.55 44.74 43.08 148.37 87.07
969 43.75 72.73 100.75 68.04 178.32
970 43.86 37.58 46.53 143.58 86.52
971 43.71 42.06 42.34 142.04 79.45
972 43.69 95.07 52.16 12.39 71.89
973 43.89 32.67 46.47 139.12 75.28
974 43.97 13.78 34.44 80.30 78.69
975 43.88 83.76 113.12 46.21 171.12
976 43.99 9.70 37.81 84.48 85.60
977 43.80 64.39 83.46 106.54 152.32
978 43.97 24.69 43.30 110.45 77.69
979 44.00 35.24 49.99 143.24 94.97
980 44.10 80.29 116.70 47.85 173.80
981 44.05 56.35 69.90 140.88 126.01
982 44.16 7.04 33.25 71.47 61.47
983 44.07 21.61 37.25 97.88 69.40
984 44.08 66.60 97.21 86.85 173.48
985 44.10 69.65 117.58 84.32 171.78
986 43.95 11.51 42.48 99.18 72.00
987 44.11 50.41 60.61 158.95 91.89
988 44.07 54.06 68.86 148.67 97.63
989 44.16 61.48 85.96 97.92 161.66
990 44.19 30.24 49.53 129.61 82.28
991 44.26 39.65 52.84 124.57 106.21
992 44.29 47.24 59.90 147.57 105.48
993 44.32 77.68 120.33 52.17 170.01
994 44.19 59.12 84.28 131.60 131.23
995 44.31 18.01 39.87 88.78 82.67
996 44.28 19.30 41.20 96.95 83.62
997 44.33 63.61 79.80 80.54 164.28
998 44.44 75.00 125.35 52.16 190.48
999 44.40 27.40 49.49 118.58 103.77
1000 44.16 81.61 114.31 45.46 166.08
1001 44.45 44.21 58.23 147.70 93.52
1002 44.83 16.04 42.69 70.85 113.88
1003 44.74 92.18 102.61 25.42 129.63
1004 44.89 11.24 45.21 70.66 123.07
1005 44.87 86.10 128.27 37.01 154.48
1006 44.93 94.35 88.46 22.21 69.34
1007 44.88 33.78 64.82 111.32 106.84
1008 44.77 41.70 62.68 140.78 124.20
1009 44.82 71.99 135.90 60.40 195.48
1010 45.13 22.97 53.39 82.44 129.58
1011 44.94 52.19 86.03 136.17 136.33
1012 45.09 57.29 94.29 96.01 187.68
1013 44.98 89.14 124.48 36.17 144.84
1014 44.93 65.39 116.35 67.23 183.74
1015 45.03 82.58 122.91 35.75 177.82
1016 45.08 25.68 54.00 72.81 137.01
1017 45.00 54.62 85.47 124.11 164.06
1018 45.28 36.03 76.14 112.87 144.51
1019 45.03 49.54 80.44 132.66 135.50
1020 45.07 68.32 124.39 57.20 187.32
1021 45.32 31.65 67.94 102.94 146.20
1022 45.23 20.19 57.11 92.36 140.47
1023 45.09 38.07 70.03 103.54 131.98
1024 45.19 62.61 117.88 64.71 185.56
1025 45.02 13.10 47.96 70.04 123.58
1026 45.33 29.12 67.59 98.33 127.26
1027 45.19 45.59 81.28 125.08 135.36
1028 45.17 59.81 107.00 82.29 188.67
1029 45.22 8.41 46.60 52.18 124.30
1030 45.65 5.94 49.83 45.66 100.40
1031 45.44 79.66 141.07 38.11 170.33
1032 45.56 47.35 89.55 100.70 167.08
1033 45.46 76.73 139.59 40.63 191.16
1034 45.59 13.49 51.72 63.99 128.81
1035 45.74 40.17 82.59 83.18 160.31
1036 45.65 73.54 141.36 42.79 201.03
1037 45.59 42.45 74.10 80.84 155.78
1038 45.85 70.58 148.30 44.03 208.46
1039 45.63 26.02 63.84 88.28 135.52
1040 45.96 66.64 136.14 44.08 203.30
1041 46.14 53.47 107.60 76.64 196.34
1042 45.86 55.55 111.44 78.51 196.30
1043 45.97 91.22 128.73 35.56 91.71
1044 46.25 18.41 68.32 51.74 161.98
1045 45.89 49.87 87.43 83.81 171.40
1046 46.15 51.35 111.00 74.59 185.43
1047 46.24 15.64 61.85 51.06 159.72
1048 45.86 60.91 129.46 54.78 204.70
1049 45.88 84.43 128.95 36.51 154.27
1050 46.09 87.03 141.67 41.29 121.05
1051 46.00 64.52 134.54 48.66 209.72
1052 46.28 21.37 74.30 55.89 169.95
1053 46.15 94.49 85.01 30.34 68.32
1054 46.19 38.07 90.85 70.93 176.12
1055 46.23 58.54 130.58 56.67 200.10
1056 46.10 82.91 155.59 39.11 137.18
1057 46.30 11.03 62.51 45.50 149.18
1058 46.56 27.13 80.72 59.32 160.11
1059 46.36 24.26 77.18 56.83 168.53
1060 46.25 48.69 103.42 68.24 183.21
1061 46.46 68.59 152.68 44.65 203.28
1062 46.33 29.04 81.95 63.86 164.68
1063 46.40 34.00 84.96 64.96 170.04
1064 46.47 44.96 104.29 73.35 188.54
1065 46.56 62.58 150.13 43.36 199.83
1066 46.46 75.24 151.07 38.28 185.38
1067 46.45 80.77 150.93 41.44 139.17
1068 46.47 42.26 98.34 63.14 182.22
1069 46.70 31.97 106.03 61.03 178.80
1070 46.60 35.85 110.62 60.65 169.33
1071 46.70 7.95 62.77 33.15 141.57
1072 46.71 77.98 148.61 37.34 146.00
1073 46.85 47.26 119.15 61.44 194.97
1074 46.77 72.40 154.29 39.83 182.43
1075 46.76 56.18 138.62 55.58 214.16
1076 46.90 89.19 140.67 46.67 83.85
1077 47.15 13.52 77.14 40.98 153.31
1078 47.04 84.99 149.04 46.48 112.90
1079 47.05 64.95 147.01 38.30 204.46
1080 47.07 4.99 60.33 21.34 113.98
1081 47.21 40.12 126.28 47.08 194.25
1082 47.20 92.17 129.76 49.60 84.69
1083 47.12 60.52 152.11 40.51 205.03
1084 47.20 52.56 142.82 57.34 207.84
1085 47.42 82.30 165.74 46.02 110.28
1086 47.28 50.01 139.54 55.67 197.34
1087 47.44 37.75 133.12 44.77 193.50
1088 47.34 70.18 177.06 43.59 171.40
1089 47.37 29.27 115.80 46.02 192.52
1090 47.49 10.08 74.92 28.88 156.30
1091 47.52 57.89 160.67 42.29 200.63
1092 47.45 95.07 82.83 41.00 50.40
1093 47.52 23.10 96.47 35.86 192.53
1094 47.51 25.72 105.57 37.10 193.36
1095 47.47 67.54 159.42 39.68 173.48
1096 47.51 16.51 83.73 36.75 168.59
1097 47.44 20.14 96.30 41.18 181.70
1098 47.72 33.21 117.63 38.70 196.35
1099 47.45 42.99 136.05 45.26 199.59
1100 47.54 55.02 149.77 45.86 204.84
1101 47.58 87.01 140.88 60.98 87.22
1102 47.47 11.92 82.83 34.37 152.70
1103 47.69 79.74 161.88 50.75 109.54
1104 47.68 35.39 115.66 42.66 202.20
1105 47.69 45.58 127.14 44.73 210.30
1106 47.53 75.17 176.22 49.27 138.47
1107 47.80 62.86 171.41 34.30 196.70
1108 47.80 5.67 73.26 23.97 124.46
1109 47.99 30.88 121.19 35.05 192.56
1110 47.93 72.49 169.36 48.23 145.72
1111 48.05 88.72 151.07 71.66 78.81
1112 48.15 48.18 162.60 50.73 206.00
1113 47.96 59.90 189.39 37.80 181.36
1114 48.11 77.37 169.76 51.58 111.14
1115 48.30 8.21 88.78 26.21 142.90
1116 48.31 27.69 127.82 35.34 175.59
1117 48.16 65.43 182.92 41.18 169.73
1118 48.23 52.66 169.39 43.23 201.28
1119 48.31 84.56 149.11 68.90 93.55
1120 48.31 90.45 133.87 74.04 74.38
1121 48.48 14.10 100.72 29.68 157.60
1122 48.37 18.57 101.03 31.27 180.51
1123 48.47 41.34 152.84 39.65 193.29
1124 48.38 50.48 172.88 44.03 187.31
1125 48.51 39.19 158.06 39.43 170.90
1126 48.52 56.46 182.16 40.27 177.06
1127 48.40 70.03 178.72 49.02 137.24
1128 48.66 36.94 145.94 38.23 171.34
1129 48.67 43.73 152.05 37.22 198.94
1130 48.59 92.60 126.06 69.03 59.94
1131 48.79 11.29 92.35 24.28 147.12
1132 48.71 21.82 111.65 28.29 173.28
1133 48.64 4.04 79.90 18.84 110.85
1134 48.59 24.87 121.76 31.91 179.91
1135 48.56 67.57 186.12 47.18 153.46
1136 48.75 95.43 77.78 51.94 39.88
1137 48.73 54.54 173.24 41.76 189.39
1138 48.63 74.85 176.47 62.74 113.00
1139 48.71 58.53 181.65 40.67 177.96
1140 48.70 81.75 152.85 66.15 93.00
1141 48.71 61.41 181.46 41.18 161.58
1142 48.81 34.56 152.96 37.38 183.95
1143 48.82 45.97 170.62 45.28 181.11
1144 48.89 63.90 191.00 49.10 142.97
1145 48.96 79.31 168.10 74.49 92.51
1146 49.14 6.38 95.91 23.10 131.62
1147 48.74 85.83 151.27 78.53 88.47
1148 48.96 87.11 146.82 88.29 79.55
1149 49.16 16.59 110.96 27.37 148.40
1150 49.09 72.76 175.16 63.66 113.74
1151 49.27 29.19 146.13 35.06 153.42
1152 49.01 31.38 147.92 36.70 159.76
1153 49.35 47.90 177.32 49.06 168.02
1154 49.54 19.69 117.51 33.40 157.20
1155 49.37 76.82 170.88 84.26 106.51
1156 49.36 52.56 183.00 46.48 154.30
1157 49.46 50.06 184.20 56.04 138.80
1158 49.52 66.17 187.09 64.25 117.72
1159 49.54 70.75 179.62 70.32 106.97
1160 49.55 84.62 148.33 81.92 87.27
1161 49.35 88.45 141.98 84.42 82.09
1162 49.58 8.91 113.99 29.04 140.29
1163 49.51 26.98 141.89 36.02 163.63
1164 49.58 33.13 154.42 43.39 139.81
1165 49.57 68.60 188.90 69.83 112.27
1166 49.56 40.34 156.25 47.46 133.35
1167 49.61 59.81 192.90 65.81 146.16
1168 49.65 24.03 138.67 37.04 153.13
1169 49.69 42.56 177.96 51.49 169.20
1170 49.64 90.68 129.26 79.02 76.51
1171 49.76 38.29 174.04 49.78 117.71
1172 49.72 57.57 181.53 60.78 140.67
1173 49.93 14.05 116.41 29.71 111.63
1174 49.77 55.43 187.41 52.70 127.78
1175 49.77 62.02 192.68 71.46 129.81
1176 49.83 94.20 115.94 68.67 59.01
1177 49.83 36.01 165.44 46.60 130.39
1178 50.17 4.92 100.23 32.05 72.15
1179 49.92 45.88 179.96 62.56 130.61
1180 49.93 81.64 164.89 90.14 93.11
1181 49.96 74.65 183.27 102.28 100.45
1182 49.99 64.16 204.03 81.68 122.06
1183 50.13 11.41 118.22 30.38 123.84
1184 50.16 78.81 180.57 93.61 97.16
1185 50.30 21.76 150.07 43.55 122.49
1186 50.01 89.18 140.67 75.53 87.87
1187 50.34 30.53 153.68 57.31 115.92
1188 50.36 72.42 184.35 100.71 96.44
1189 50.35 17.61 130.85 32.20 103.22
1190 50.35 51.44 187.28 81.17 116.72
1191 50.36 53.75 194.31 78.71 107.88
1192 50.35 87.05 149.21 94.43 91.27
1193 50.42 44.00 193.09 82.79 116.02
1194 50.43 48.31 187.56 80.04 125.65
1195 50.66 1.51 59.02 24.33 29.55
1196 50.59 7.34 118.69 42.26 89.62
1197 50.70 92.57 132.52 87.56 69.82
1198 50.53 25.71 155.80 53.11 117.18
1199 50.67 28.24 155.94 58.53 129.87
1200 50.57 67.16 191.94 109.41 99.69
1201 50.62 69.83 195.06 115.82 102.03
1202 50.64 76.54 181.96 104.71 108.57
1203 50.64 32.98 152.50 69.89 101.94
1204 50.66 40.60 183.95 88.58 104.60
1205 50.74 35.25 173.63 66.48 95.33
1206 50.64 59.73 203.89 102.97 107.27
1207 50.72 57.17 196.32 94.72 107.55
1208 50.84 62.17 193.63 115.19 107.99
1209 50.83 83.44 151.59 98.94 86.48
1210 50.87 38.20 174.75 85.98 101.98
1211 50.96 89.78 143.69 81.78 92.56
1212 51.16 19.34 124.12 55.78 101.84
1213 50.93 9.78 114.75 41.23 87.06
1214 51.07 15.67 118.59 42.40 85.41
1215 50.95 64.66 183.22 122.20 109.16
1216 51.08 23.54 153.02 64.93 105.43
1217 51.08 50.00 195.03 106.71 117.39
1218 51.04 45.88 222.49 122.33 130.19
1219 51.22 42.42 188.44 113.70 104.44
1220 51.18 74.34 180.39 106.90 98.05
1221 51.09 80.07 167.54 104.16 93.56
1222 51.20 55.25 201.91 110.46 97.71
1223 51.47 2.73 77.51 36.44 36.01
1224 51.19 11.79 121.71 43.65 71.00
1225 51.59 5.31 116.19 51.92 60.13
1226 51.38 52.49 198.48 125.13 110.92
1227 51.45 71.68 190.67 123.47 99.24
1228 51.49 31.40 168.60 93.98 96.30
1229 51.47 86.48 171.46 101.61 109.99
1230 51.63 66.60 193.11 139.28 99.65
1231 51.60 69.06 193.17 152.73 108.25
1232 51.61 26.30 156.51 70.29 86.94
1233 51.62 36.39 181.21 90.90 91.03
1234 51.59 47.96 200.19 120.47 99.79
1235 51.58 58.28 204.78 134.25 111.15
1236 51.66 60.39 193.53 131.31 114.15
1237 51.65 77.10 174.18 111.66 96.16
1238 51.86 8.14 122.40 58.27 67.67
1239 51.60 12.91 120.03 53.76 71.55
1240 51.87 21.43 146.10 78.54 86.43
1241 51.71 40.22 220.31 136.19 104.20
1242 51.85 28.97 162.20 83.70 93.87
1243 51.86 33.96 165.42 98.54 90.47
1244 51.76 44.25 195.56 116.77 110.65
1245 51.76 10.23 125.58 52.20 66.80
1246 51.90 62.42 200.62 140.14 107.27
1247 51.93 81.73 161.58 107.05 98.49
1248 51.90 90.35 130.77 58.55 90.45
1249 52.01 14.30 118.88 47.48 72.13
1250 51.98 64.51 195.76 154.71 112.77
1251 52.07 92.53 134.52 61.10 89.50
1252 52.06 54.09 200.83 144.96 110.56
1253 52.12 56.48 204.91 148.67 111.33
1254 52.10 50.40 206.42 148.69 107.00
1255 52.28 16.79 130.34 65.43 73.15
1256 52.27 37.91 180.66 114.69 99.06
1257 52.13 84.55 150.54 96.34 98.56
1258 52.28 23.90 149.96 89.02 87.63
1259 52.21 73.32 183.24 105.01 124.64
1260 52.31 79.24 167.85 96.31 113.16
1261 52.26 95.00 106.07 53.15 74.47
1262 52.39 46.15 188.20 142.14 100.01
1263 52.59 1.41 57.57 28.29 27.35
1264 52.58 41.61 185.17 118.16 114.37
1265 52.54 75.61 181.16 102.53 109.36
1266 52.63 88.78 136.46 63.56 110.80
1267 52.58 12.14 127.50 64.71 64.15
1268 52.68 19.48 141.47 77.24 77.47
1269 52.53 67.99 193.50 135.19 121.79
1270 52.50 87.11 141.36 68.14 109.23
1271 52.61 70.79 180.84 111.23 122.39
1272 52.74 27.11 153.02 96.02 84.95
1273 52.55 31.14 164.21 86.30 102.88
1274 52.65 58.64 210.53 148.63 115.77
1275 52.76 3.25 114.57 49.08 46.47
1276 52.71 48.31 190.97 126.10 114.11
1277 52.73 52.33 204.75 127.45 112.26
1278 52.73 43.86 197.62 123.77 113.22
1279 52.93 35.87 176.90 94.79 102.89
1280 52.79 60.82 195.91 138.75 117.91
1281 52.85 5.70 135.71 67.35 63.17
1282 52.93 39.63 184.58 108.99 118.99
1283 52.88 65.74 199.00 152.61 151.80
1284 52.95 7.98 120.35 66.94 75.83
1285 52.92 63.23 191.22 138.31 126.59
1286 53.03 33.33 168.36 89.69 104.50
1287 52.97 55.47 203.39 159.25 132.38
1288 53.08 82.22 148.19 78.64 117.77
1289 53.03 10.03 123.82 64.61 70.26
1290 53.17 77.63 184.67 80.01 136.42
1291 53.22 22.10 159.46 70.59 78.74
1292 53.22 24.97 157.37 97.73 79.26
1293 53.19 83.80 151.77 82.85 138.11
1294 53.30 91.05 139.41 46.50 107.02
1295 53.28 14.34 135.89 75.69 69.70
1296 53.32 28.95 156.64 76.52 88.04
1297 53.24 50.25 196.05 133.38 114.03
1298 53.30 73.27 188.05 73.87 141.03
1299 53.07 85.14 151.69 72.00 110.69
1300 53.39 86.43 135.78 58.99 149.54
1301 53.46 93.44 124.18 40.76 87.69
1302 53.45 69.17 186.39 106.24 157.48
1303 53.53 17.12 137.84 75.73 76.38
1304 53.53 57.44 203.90 144.03 148.37
1305 53.54 80.07 161.00 73.62 140.49
1306 53.52 46.60 189.51 116.60 135.44
1307 53.72 38.37 195.38 86.10 140.04
1308 53.63 42.59 189.25 107.11 145.39
1309 53.58 53.70 203.68 123.55 145.71
1310 53.57 96.15 84.49 29.17 59.83
1311 53.67 31.00 182.30 71.43 120.24
1312 53.74 66.81 190.11 109.51 167.49
1313 53.65 12.58 135.25 60.78 72.42
1314 53.74 59.63 207.22 113.14 148.31
1315 53.86 71.21 182.91 74.87 171.24
1316 53.84 75.49 177.50 68.92 149.50
1317 53.81 1.67 64.65 20.04 28.54
1318 53.99 44.60 191.30 106.44 166.02
1319 53.85 88.53 139.08 39.69 127.37
1320 53.96 34.53 189.93 77.35 134.06
1321 53.77 62.03 198.21 100.44 139.00
1322 53.77 7.85 128.62 54.53 63.22
1323 53.89 10.79 130.86 67.32 79.44
1324 53.94 64.44 200.34 95.84 161.22
1325 54.09 3.58 99.72 34.40 43.52
1326 54.05 19.62 144.01 54.43 105.78
1327 54.05 48.73 184.81 97.46 159.85
1328 54.00 51.71 191.41 97.54 159.30
1329 54.17 40.62 193.22 73.28 153.20
1330 54.12 5.71 122.80 48.65 58.58
1331 54.16 26.91 167.12 55.34 86.57
1332 54.19 36.50 182.92 75.88 134.88
1333 54.10 55.68 206.91 97.85 183.12
1334 54.24 82.52 153.35 49.36 145.46
1335 54.29 24.36 186.10 67.74 119.31
1336 54.35 15.84 136.42 50.49 75.79
1337 54.37 32.54 186.59 51.71 132.34
1338 54.41 21.92 149.24 45.00 102.26
1339 54.37 77.96 157.70 54.00 160.34
1340 54.46 84.93 172.10 51.51 172.10
1341 54.51 68.23 187.90 75.64 184.15
1342 54.54 29.44 177.43 43.71 121.87
1343 54.57 73.39 179.14 50.35 173.41
1344 54.59 58.20 204.55 87.61 173.38
1345 54.58 90.88 140.65 29.56 122.07
1346 54.55 93.43 117.85 27.38 89.52
1347 54.89 7.92 121.82 35.58 88.22
1348 55.14 9.99 125.44 32.99 107.45
1349 54.68 60.76 185.67 74.76 183.48
1350 54.88 80.65 144.30 38.07 166.72
1351 54.86 86.97 130.74 31.82 144.87
1352 54.56 95.41 81.54 20.35 77.85
1353 54.76 14.29 129.32 49.88 79.64
1354 54.70 46.67 191.77 66.83 172.32
1355 54.86 42.40 190.77 50.05 177.77
1356 54.80 50.38 200.64 79.54 188.82
1357 54.70 53.41 196.87 70.28 176.88
1358 54.84 62.89 186.16 69.20 174.78
1359 54.84 65.59 191.95 69.82 160.10
1360 54.88 70.44 202.63 49.66 176.80
1361 55.10 1.83 62.38 11.06 30.51
1362 54.93 38.63 192.03 45.83 159.01
1363 55.02 75.85 179.33 41.09 167.06
1364 55.04 17.82 148.24 33.55 110.37
1365 55.08 56.33 216.12 80.14 206.30
1366 55.03 12.28 135.76 41.20 86.96
1367 55.24 34.20 178.60 36.87 141.97
1368 55.28 44.54 192.18 47.18 165.90
1369 55.42 25.49 159.76 30.80 126.10
1370 55.34 36.53 183.75 37.05 170.46
1371 55.30 5.31 114.15 24.51 78.39
1372 55.36 31.70 170.32 29.92 140.75
1373 55.44 88.65 121.48 25.07 140.95
1374 55.36 20.16 146.72 28.81 116.93
1375 55.38 27.59 170.42 29.38 142.24
1376 55.48 49.03 192.60 51.70 175.70
1377 55.47 23.10 161.34 27.68 132.76
1378 55.60 40.11 181.63 33.50 170.87
1379 55.57 72.13 175.26 34.29 176.45
1380 55.62 51.92 191.02 47.76 184.08
1381 55.53 59.56 201.39 50.66 193.53
1382 55.47 68.01 202.35 41.51 180.82
1383 55.70 83.26 133.12 26.69 158.53
1384 55.57 54.46 207.27 50.65 180.88
1385 55.67 78.84 150.39 27.35 154.38
1386 55.53 95.18 98.57 18.09 87.10
1387 55.65 29.65 181.14 26.68 151.38
1388 55.68 16.70 147.59 27.97 98.15
1389 55.69 63.82 202.08 41.12 176.21
1390 55.77 93.04 121.05 21.47 106.93
1391 55.74 85.80 141.34 28.46 143.35
1392 55.75 46.76 185.40 38.40 186.99
1393 55.96 15.01 132.87 26.20 112.42
1394 55.95 57.85 199.26 49.02 195.52
1395 56.05 74.23 169.20 28.08 181.49
1396 56.30 11.56 141.13 24.98 118.37
1397 55.96 65.86 190.35 37.76 187.02
1398 56.00 61.39 193.57 36.48 174.87
1399 56.12 69.97 174.72 28.65 184.06
1400 56.06 2.92 80.51 12.84 55.22
1401 56.08 42.27 177.47 33.49 179.67
1402 55.88 76.66 130.86 22.59 175.10
1403 55.86 87.36 114.36 19.73 148.73
1404 56.40 7.54 113.87 16.55 88.46
1405 56.57 81.02 140.78 22.10 148.05
1406 56.31 37.98 181.29 29.12 130.05
1407 56.38 21.72 157.61 23.66 110.96
1408 56.29 35.18 185.54 28.61 135.91
1409 56.35 56.01 205.44 43.42 162.16
1410 56.36 32.80 177.32 26.57 121.42
1411 56.28 17.31 140.11 25.00 111.33
1412 56.36 5.09 113.41 16.29 72.86
1413 56.48 18.90 141.18 24.99 103.18
1414 56.50 44.39 190.78 35.07 145.18
1415 56.54 50.83 192.09 36.47 157.04
1416 56.56 67.71 187.77 25.76 174.70
1417 56.62 27.69 164.37 23.71 117.44
1418 56.61 30.37 164.90 25.76 143.92
1419 56.62 48.54 185.67 36.32 167.53
1420 56.54 53.77 190.14 38.18 167.82
1421 56.52 76.48 161.94 24.44 159.76
1422 56.47 88.72 131.48 19.00 91.39
1423 56.59 24.73 156.71 24.14 109.70
1424 56.65 63.16 181.35 30.08 168.64
1425 56.90 72.24 179.56 26.24 169.11
1426 56.80 40.15 173.30 38.03 142.80
1427 56.90 46.57 183.01 39.43 152.61
1428 56.77 59.52 184.44 34.79 179.03
1429 56.82 85.37 132.49 22.25 149.13
1430 56.77 90.41 125.14 18.55 113.10
1431 57.00 92.30 117.71 16.71 98.55
1432 56.84 93.72 105.88 14.76 87.34
1433 57.01 65.31 190.28 31.27 140.41
1434 57.08 78.62 162.22 22.63 128.95
1435 57.11 36.47 174.42 34.17 118.66
1436 57.16 16.05 122.32 29.60 92.92
1437 57.16 57.50 194.98 42.26 152.31
1438 57.11 14.38 121.74 24.47 95.42
1439 57.28 42.90 173.17 44.47 118.08
1440 57.30 61.41 188.03 35.97 137.54
1441 57.30 74.62 167.91 24.91 140.48
1442 57.38 3.67 97.00 16.19 64.30
1443 57.32 34.17 170.27 36.78 91.74
1444 57.31 52.39 176.09 36.84 145.96
1445 57.34 70.12 186.31 28.00 141.68
1446 57.50 83.12 128.59 23.31 131.12
1447 57.35 21.38 136.09 29.76 89.62
1448 57.38 13.07 121.20 23.98 87.25
1449 57.44 55.43 189.68 40.71 140.03
1450 57.51 31.75 158.92 44.20 94.35
1451 57.46 11.23 119.79 19.24 96.28
1452 57.62 26.57 153.95 31.26 99.48
1453 57.70 88.10 121.26 22.59 109.83
1454 57.74 8.70 123.33 19.20 70.12
1455 57.57 18.33 126.82 34.22 80.91
1456 57.66 38.19 167.89 42.44 95.04
1457 57.59 49.79 190.01 54.50 117.03
1458 57.56 67.77 177.61 31.31 136.15
1459 57.66 23.98 141.05 34.96 79.91
1460 57.76 29.34 158.95 33.12 98.17
1461 57.76 45.71 168.90 62.19 100.11
1462 57.84 77.00 153.08 24.83 130.21
1463 57.76 95.36 87.67 13.08 62.20
1464 57.83 6.42 110.51 21.69 82.55
1465 57.81 40.42 169.24 44.76 93.51
1466 57.82 63.57 178.21 39.56 100.01
1467 57.93 59.37 177.00 46.92 118.51
1468 58.02 89.99 129.51 23.62 80.26
1469 58.16 48.03 172.68 61.61 95.25
1470 58.16 80.47 147.23 25.84 99.99
1471 58.10 53.90 181.48 46.53 112.61
1472 58.12 65.60 167.54 49.73 99.69
1473 58.15 72.42 164.91 29.47 115.90
1474 58.21 91.85 121.38 22.14 63.35
1475 58.21 93.35 109.49 21.93 58.44
1476 58.26 35.99 161.67 47.55 80.06
1477 58.25 57.20 180.57 58.76 95.93
1478 58.29 14.86 123.70 40.36 67.92
1479 58.30 51.78 172.54 61.87 104.13
1480 58.40 20.23 126.32 46.67 70.36
1481 58.36 33.60 156.92 61.18 75.42
1482 58.40 42.04 166.79 61.57 91.70
1483 58.42 44.11 166.27 70.15 96.99
1484 58.47 11.28 117.84 32.99 69.57
1485 58.46 61.50 167.68 68.66 95.25
1486 58.51 75.09 159.66 37.99 92.80
1487 58.51 4.59 99.42 27.55 52.77
1488 58.50 70.09 155.29 38.91 96.94
1489 58.67 22.83 129.55 52.08 70.74
1490 58.55 67.86 182.84 49.25 96.51
1491 58.70 27.96 141.99 45.84 68.80
1492 58.60 31.43 163.80 54.54 75.20
1493 58.60 83.55 125.49 28.78 90.68
1494 58.79 25.33 140.69 49.56 71.32
1495 58.72 38.49 160.97 62.18 83.00
1496 58.68 85.46 116.72 30.24 79.63
1497 58.83 17.93 119.62 51.08 67.81
1498 58.89 50.12 157.53 79.54 82.05
1499 58.88 46.09 160.30 86.40 86.64
1500 58.94 54.93 171.19 66.99 90.24
1501 58.92 78.27 144.13 40.69 87.57
1502 58.79 86.65 117.93 32.27 64.47
1503 59.23 6.73 103.35 39.37 53.52
1504 59.11 40.40 165.47 62.14 81.52
1505 59.05 63.70 167.91 65.12 76.04
1506 59.21 87.84 122.23 39.65 74.74
1507 59.06 59.25 164.18 69.15 82.25
1508 59.28 9.12 110.60 36.80 57.97
1509 59.32 29.98 139.95 46.53 72.48
1510 59.16 65.89 150.91 67.89 76.80
1511 59.30 90.09 111.71 37.95 61.54
1512 59.28 73.44 165.05 48.86 80.20
1513 59.27 36.43 152.38 63.52 75.18
1514 59.24 56.99 163.06 73.77 79.12
1515 59.41 34.37 148.14 55.56 71.75
1516 59.39 47.86 156.61 82.74 84.21
1517 59.30 52.53 157.23 77.81 95.14
1518 59.33 81.16 128.41 38.50 83.93
1519 59.41 92.68 102.46 36.18 53.04
1520 59.51 11.96 113.40 51.41 62.54
1521 59.45 15.21 109.24 50.65 64.65
1522 59.51 21.40 121.84 53.84 68.49
1523 59.57 70.88 164.03 56.25 75.00
1524 59.47 42.84 144.00 70.77 80.06
1525 59.53 4.07 78.67 36.65 37.27
1526 59.52 68.33 156.59 64.28 77.87
1527 59.64 76.14 147.41 49.70 75.52
1528 59.69 32.27 143.27 63.07 74.69
1529 59.59 61.39 158.67 70.61 79.19
1530 59.72 26.53 123.71 63.48 62.33
1531 59.74 84.57 117.18 48.70 72.47
1532 60.13 18.44 110.00 42.69 62.66
1533 59.89 38.25 140.35 57.91 89.58
1534 59.86 45.26 140.64 82.20 83.21
1535 60.00 23.84 115.11 52.63 64.90
1536 59.90 49.82 153.12 88.63 81.69
1537 60.10 78.91 137.97 57.43 71.07
1538 60.00 54.70 140.40 67.88 81.64
1539 60.05 63.58 148.43 84.55 81.09
1540 60.24 28.65 120.83 54.66 69.79
1541 60.15 40.72 131.58 73.26 79.50
1542 60.22 59.82 148.17 72.46 75.18
1543 60.17 65.92 146.59 78.84 78.17
1544 60.15 57.43 143.41 82.75 78.80
1545 60.25 51.88 143.37 81.17 80.51
1546 60.29 72.86 152.51 67.21 73.40
1547 60.43 36.01 130.25 48.36 79.65
1548 60.38 82.28 120.94 61.16 72.18
1549 60.55 87.80 115.86 65.64 67.77
1550 60.62 5.18 79.77 39.37 39.34
1551 60.52 7.36 92.80 41.14 49.56
1552 60.53 9.69 97.88 49.11 58.83
1553 60.45 43.11 122.90 69.60 82.01
1554 60.47 47.44 127.46 79.35 92.08
1555 60.47 68.40 137.78 80.41 73.80
1556 60.67 90.23 106.61 63.60 61.23
1557 60.57 12.67 95.91 52.01 61.25
1558 60.58 15.18 101.88 43.67 63.36
1559 60.60 31.02 116.99 49.26 77.49
1560 60.64 33.57 129.20 47.40 81.21
1561 60.66 75.20 131.76 71.07 72.19
1562 60.63 92.74 95.13 47.48 45.15
1563 60.76 70.68 145.42 72.79 72.35
1564 60.79 21.36 100.09 45.58 69.30
1565 60.82 25.76 102.08 45.78 68.56
1566 60.76 62.16 142.41 79.52 88.26
1567 60.91 39.01 115.44 51.00 85.51
1568 60.89 49.46 116.28 70.42 87.92
1569 60.91 53.45 121.36 52.70 79.25
1570 60.98 45.31 119.45 73.06 79.87
1571 60.96 55.80 116.16 52.19 77.22
1572 61.04 77.64 135.24 67.14 71.30
1573 61.08 58.60 127.89 61.58 89.01
1574 61.17 64.33 135.38 80.87 89.98
1575 61.23 80.52 115.73 66.29 68.29
1576 61.26 23.50 88.38 50.58 72.54
1577 61.18 41.28 112.69 60.90 88.41
1578 61.27 51.34 117.52 54.12 91.75
1579 61.26 66.55 133.13 79.59 77.28
1580 61.34 83.30 107.31 65.10 64.16
1581 61.36 27.65 94.14 43.01 66.52
1582 61.36 18.19 86.37 35.16 68.60
1583 61.44 37.19 106.58 39.00 88.47
1584 61.52 34.98 92.97 34.09 109.12
1585 61.44 61.00 133.68 62.06 89.40
1586 61.43 73.12 131.15 78.12 71.08
1587 61.52 29.87 105.77 39.23 75.38
1588 61.44 47.39 109.49 58.20 83.16
1589 61.53 68.80 143.47 64.86 72.82
1590 61.57 15.11 79.44 31.04 84.42
1591 61.58 43.33 115.59 53.56 91.44
1592 61.59 32.31 103.65 36.82 96.88
1593 61.70 92.53 84.12 52.71 46.20
1594 61.67 8.46 82.43 30.28 65.10
1595 61.65 16.59 78.67 33.95 81.26
1596 61.79 12.97 83.01 33.05 80.79
1597 61.75 87.38 112.43 79.84 60.25
1598 61.85 75.60 122.90 62.81 81.04
1599 61.88 5.99 63.67 23.65 51.38
1600 61.81 56.84 110.88 46.25 79.09
1601 62.02 89.36 95.03 65.14 57.14
1602 62.12 20.63 77.46 32.62 69.70
1603 61.89 54.19 102.38 34.21 100.42
1604 61.98 71.04 130.00 62.93 78.29
1605 62.16 25.68 75.90 36.40 76.83
1606 61.95 38.89 96.20 45.84 100.65
1607 62.06 85.30 97.53 65.43 61.81
1608 61.99 49.33 95.20 40.10 95.93
1609 62.16 40.38 70.35 30.90 121.50
1610 62.07 63.37 121.54 52.11 89.57
1611 62.05 78.41 109.68 62.68 77.23
1612 62.10 44.98 95.96 51.69 84.76
1613 62.18 51.67 87.50 36.22 110.00
1614 62.13 59.54 103.39 48.70 86.18
1615 62.19 41.79 87.71 49.31 113.77
1616 62.26 46.73 76.86 44.59 104.16
1617 62.27 65.91 110.30 55.62 78.49
1618 62.66 33.34 60.66 28.73 106.41
1619 62.33 81.47 115.70 61.20 79.45
1620 62.34 8.05 57.83 16.48 72.57
1621 62.48 10.17 67.89 21.26 74.00
1622 62.53 16.83 63.60 22.60 77.96
1623 62.57 61.60 102.81 52.09 98.75
1624 62.68 28.58 70.10 27.58 79.51
1625 62.48 30.90 72.78 31.09 108.38
1626 62.60 37.10 68.23 35.45 115.92
1627 62.55 68.52 109.55 49.57 80.68
1628 62.39 34.79 66.50 29.67 107.67
1629 62.65 57.88 96.11 46.46 91.93
1630 62.59 73.48 109.07 56.30 78.84
1631 62.67 14.59 64.56 23.16 78.22
1632 62.41 36.02 52.33 22.00 111.00
1633 62.59 53.55 67.86 35.84 104.76
1634 62.74 90.87 86.03 54.19 61.36
1635 62.67 43.11 69.53 46.27 105.89
1636 63.01 76.97 97.47 46.66 95.42
1637 62.89 48.38 64.06 39.74 105.70
1638 62.92 50.89 64.00 43.93 105.00
1639 63.03 21.10 51.52 24.67 85.59
1640 62.92 35.33 67.85 31.00 100.59
1641 63.01 45.56 56.02 42.67 108.75
1642 63.15 79.23 105.46 45.79 95.77
1643 63.01 70.75 102.97 52.04 74.99
1644 63.20 84.09 98.81 57.85 79.56
1645 63.18 40.01 53.06 29.19 108.45
1646 63.11 64.07 92.44 39.07 90.70
1647 63.25 5.48 45.52 12.47 57.17
1648 63.20 88.66 84.46 55.35 65.96
1649 63.05 92.13 74.42 40.16 50.89
1650 63.25 86.58 93.70 61.76 66.69
1651 63.31 59.25 77.08 36.29 103.35
1652 63.20 80.73 70.22 36.00 112.14
1653 63.32 66.67 94.37 40.86 85.31
1654 63.33 24.17 43.78 26.85 78.78
1655 63.46 9.79 57.58 20.50 67.30
1656 63.59 75.05 90.08 40.63 91.18
1657 63.50 30.59 57.76 39.03 93.50
1658 63.43 43.36 48.43 36.74 121.09
1659 63.29 44.32 42.25 28.42 108.75
1660 63.52 62.23 87.85 41.18 105.73
1661 63.78 14.98 41.04 22.03 76.82
1662 63.62 72.46 88.82 41.22 82.63
1663 63.57 33.93 33.20 23.75 92.25
1664 63.73 68.71 88.03 35.57 84.88
1665 64.07 49.06 44.89 47.85 112.02
1666 63.51 48.25 44.27 29.18 100.00
1667 63.84 54.74 60.46 38.06 120.83
1668 63.69 35.07 42.31 39.38 92.27
1669 63.84 65.35 76.95 34.95 103.59
1670 63.85 42.01 48.45 44.38 112.75
1671 63.76 45.88 49.09 32.65 106.29
1672 63.93 39.31 43.43 43.58 113.71
1673 64.00 18.98 41.75 22.34 82.51
1674 63.84 28.43 55.15 32.80 84.33
1675 63.99 91.76 67.76 40.71 68.05
1676 64.07 7.85 49.96 21.23 67.50
1677 64.09 44.13 46.53 41.62 105.85
1678 64.17 82.33 71.56 40.68 87.08
1679 64.05 20.69 36.12 26.29 80.67
1680 64.39 11.20 38.89 20.86 69.14
1681 64.37 46.76 44.03 50.84 109.10
1682 64.50 56.42 46.80 43.04 130.06
1683 64.18 80.18 63.80 34.69 97.69
1684 64.33 86.86 69.09 44.63 94.21
1685 64.21 60.23 58.23 33.01 104.01
1686 64.39 63.92 60.15 30.70 113.51
1687 64.47 89.50 68.00 45.10 94.80
1688 64.23 31.23 36.39 32.61 90.17
1689 64.49 77.28 73.77 38.70 98.00
1690 64.64 27.16 35.20 33.60 83.04
1691 64.44 71.58 62.31 32.27 96.19
1692 64.63 32.95 37.86 52.58 103.20
1693 64.35 34.49 37.04 29.50 90.18
1694 64.49 74.17 71.53 39.03 96.50
1695 64.64 9.37 41.14 21.24 69.50
1696 64.66 29.57 35.74 42.55 89.58
1697 64.52 67.85 72.98 39.17 87.81
1698 64.32 38.74 43.00 34.71 118.71
1699 64.61 6.61 37.07 14.05 63.18
1700 64.66 41.26 35.09 53.18 118.47
1701 64.99 61.75 50.60 34.93 114.22
1702 64.82 24.98 37.32 32.01 86.96
1703 64.86 38.12 31.72 42.54 111.82
1704 64.76 66.23 54.52 29.20 98.42
1705 64.93 43.07 39.02 59.71 106.31
1706 64.90 55.21 40.96 38.37 128.15
1707 64.98 84.08 64.67 37.47 93.36
1708 64.89 12.37 34.58 23.75 68.29
1709 65.02 22.94 35.67 31.33 77.63
1710 65.00 14.05 29.00 27.00 76.35
1711 65.10 59.28 45.14 42.49 104.78
1712 64.91 75.25 59.06 26.50 104.81
1713 65.17 80.56 62.37 31.10 101.32
1714 65.06 91.81 53.38 31.38 70.88
1715 64.93 86.71 51.56 25.06 80.61
1716 65.17 19.57 26.84 35.08 80.10
1717 65.13 48.38 40.35 66.60 115.18
1718 65.23 39.99 33.81 46.86 118.14
1719 65.34 46.54 34.28 69.45 111.33
1720 65.39 72.06 58.36 34.02 84.35
1721 65.32 65.40 47.00 25.97 102.76
1722 65.44 35.11 27.75 51.03 112.96
1723 65.45 76.55 67.88 36.66 102.17
1724 65.49 5.90 28.00 13.72 48.02
1725 65.69 28.60 24.37 43.53 102.40
1726 65.42 54.60 37.35 56.56 123.29
1727 65.46 7.91 28.61 18.66 55.59
1728 65.40 38.80 34.18 52.91 118.18
1729 65.54 63.90 52.04 35.70 108.21
1730 65.66 37.35 26.50 54.27 125.48
1731 65.55 30.74 26.32 48.38 118.21
1732 65.74 87.39 55.05 33.73 86.59
1733 65.79 11.28 29.07 26.75 70.03
1734 65.56 18.40 24.06 33.71 76.00
1735 65.68 32.11 26.32 58.66 121.79
1736 65.70 90.71 56.47 30.34 77.18
1737 66.08 13.54 24.44 41.64 74.11
1738 65.80 49.64 34.71 62.65 143.44
1739 65.84 16.53 24.90 44.24 84.97
1740 65.84 26.49 29.27 52.16 102.21
1741 65.86 50.88 28.41 60.24 137.79
1742 65.96 19.90 25.12 36.29 78.73
1743 65.99 56.49 33.41 70.37 132.63
1744 66.00 23.86 25.27 37.56 88.95
1745 66.21 82.51 47.11 28.65 92.37
1746 66.04 60.92 29.12 35.42 100.08
1747 66.06 78.54 55.56 30.56 106.27
1748 66.30 33.36 22.91 56.75 151.36
1749 66.28 63.04 38.91 42.23 123.69
1750 65.96 44.09 35.77 72.38 128.69
1751 66.12 73.77 43.60 30.73 102.00
1752 66.27 39.73 25.20 59.57 141.89
1753 66.21 43.04 23.69 60.83 140.11
1754 66.30 85.42 50.08 28.16 95.78
1755 66.18 7.89 25.96 20.44 56.75
1756 66.26 65.71 37.36 40.15 110.36
1757 66.12 25.04 28.09 44.45 100.18
1758 66.35 45.67 25.46 60.46 139.65
1759 66.42 53.99 28.80 65.81 151.32
1760 66.38 67.78 38.83 36.22 101.41
1761 66.29 88.94 44.32 21.00 76.17
1762 66.43 5.94 20.56 19.69 44.20
1763 66.60 30.74 22.04 49.57 154.66
1764 66.64 10.06 22.67 29.96 70.04
1765 66.50 18.11 20.54 38.32 92.68
1766 66.51 35.57 22.64 61.46 161.24
1767 66.45 58.11 29.47 63.19 134.63
1768 66.52 69.75 40.26 37.21 112.89
1769 66.50 71.92 45.91 34.35 87.28
1770 66.55 76.89 54.94 32.82 94.02
1771 66.78 37.71 23.89 53.49 166.23
1772 66.91 26.23 21.13 53.08 135.09
1773 66.70 50.88 26.25 63.22 151.61
1774 66.67 61.65 36.41 56.91 105.50
1775 66.67 86.72 42.59 23.36 88.52
1776 66.57 64.57 36.33 38.22 128.56
1777 67.08 28.61 20.71 50.59 140.26
1778 66.82 19.49 21.76 42.86 98.90
1779 66.95 23.76 20.08 42.52 100.65
1780 66.90 48.97 21.57 56.39 158.11
1781 67.16 15.17 21.34 47.59 95.21
1782 67.07 7.26 16.95 22.00 58.46
1783 67.08 56.24 26.46 80.99 163.55
1784 67.16 43.53 23.53 63.32 166.29
1785 67.41 60.92 29.42 61.77 117.01
1786 67.07 66.75 34.20 36.17 107.40
1787 67.19 80.79 38.17 28.79 92.96
1788 67.50 41.60 22.45 59.97 190.25
1789 67.36 52.41 24.69 62.36 175.73
1790 67.16 58.56 28.21 67.11 132.05
1791 67.24 88.60 42.60 20.27 79.63
1792 67.45 20.69 19.65 41.54 120.19
1793 67.56 47.44 20.98 51.93 172.02
1794 67.31 63.23 33.86 67.14 133.28
1795 67.42 12.18 19.39 39.47 90.60
1796 67.22 45.14 22.59 51.24 180.18
1797 67.37 68.20 33.50 40.74 112.26
1798 67.35 74.61 34.47 33.83 93.16
1799 67.55 77.81 36.50 32.70 99.00
1800 67.25 16.44 21.96 52.70 98.17
1801 67.54 32.42 19.49 52.55 170.04
1802 67.35 34.27 19.74 51.69 182.64
1803 67.54 39.55 21.23 54.91 173.20
1804 67.71 85.00 37.87 24.81 88.85
1805 67.40 22.59 19.53 40.51 117.08
1806 67.67 54.52 24.21 64.15 188.12
1807 67.40 65.41 30.10 52.44 117.38
1808 67.39 71.60 35.91 50.05 105.93
1809 67.71 69.38 32.75 44.29 111.86
1810 67.82 50.48 23.23 52.73 176.29
1811 67.81 19.14 18.15 47.15 111.18
1812 67.70 35.52 20.89 68.93 192.70
1813 67.77 45.44 22.75 64.67 194.00
1814 67.97 9.18 17.76 26.70 96.28
1815 67.72 86.75 38.72 20.16 79.00
1816 67.68 7.55 19.32 26.56 70.60
1817 67.99 37.31 19.71 55.35 198.51
1818 68.08 14.34 18.28 39.97 125.32
1819 68.13 24.75 17.46 40.61 144.74
1820 68.08 30.58 18.16 45.18 160.85
1821 67.98 82.07 33.41 29.90 95.79
1822 68.01 17.65 19.02 50.34 122.68
1823 68.12 27.50 18.91 43.26 157.95
1824 68.11 75.29 31.08 45.28 93.14
1825 68.16 90.51 27.83 18.61 71.16
1826 68.14 56.69 24.35 69.67 192.15
1827 68.25 58.86 24.08 61.72 182.85
1828 68.20 63.51 25.97 61.56 148.55
1829 68.28 73.19 27.17 54.00 97.84
1830 68.08 88.48 31.29 18.68 76.42
1831 68.26 80.00 23.03 29.38 94.59
1832 68.47 67.89 27.05 58.55 129.92
1833 68.42 70.81 25.80 50.82 106.26
1834 68.47 21.95 16.79 41.06 134.90
1835 68.48 43.41 19.00 51.78 182.68
1836 68.47 52.69 22.36 49.73 209.61
1837 68.45 60.71 24.15 64.44 172.18
1838 68.47 33.82 18.59 51.36 181.23
1839 68.56 65.54 25.96 61.12 140.84
1840 68.63 40.82 21.51 55.00 188.33
1841 68.49 13.25 17.39 34.89 117.29
1842 68.69 49.27 19.51 47.68 196.85
1843 68.80 11.68 14.48 27.85 107.44
1844 68.74 45.74 19.67 55.27 196.20
1845 68.77 55.30 22.72 54.28 203.17
1846 68.86 36.15 18.10 48.35 182.18
1847 68.83 29.33 17.94 38.91 151.16
1848 69.05 47.63 19.91 52.00 185.92
1849 68.77 81.41 26.28 35.38 98.47
1850 68.96 18.37 16.52 34.17 146.90
1851 68.90 38.87 18.08 45.56 181.95
1852 68.83 88.43 31.51 24.24 74.57
1853 69.12 16.13 16.68 38.03 139.77
1854 69.09 19.85 15.83 38.30 143.02
1855 69.20 26.48 16.42 39.74 148.31
1856 69.17 51.33 20.61 48.97 185.92
1857 69.22 62.18 22.83 75.21 196.43
1858 69.12 80.40 31.30 43.00 98.00
1859 69.18 85.64 28.52 35.35 81.66
1860 69.28 31.80 19.07 40.40 140.46
1861 69.15 57.61 20.63 53.45 201.39
1862 69.37 23.44 16.72 34.18 121.27
1863 69.34 74.50 24.81 55.07 119.59
1864 69.38 77.44 24.52 49.96 115.98
1865 69.33 68.90 23.01 58.61 134.46
1866 69.07 82.34 17.69 23.62 89.23
1867 69.49 13.95 15.77 32.23 111.73
1868 69.34 71.84 22.17 61.18 124.18
1869 69.48 59.51 20.07 49.23 193.45
1870 69.48 64.65 21.97 70.03 169.92
1871 69.84 66.96 20.31 55.95 167.94
1872 69.58 53.89 20.68 45.95 206.16
1873 69.69 33.84 17.43 38.76 154.90
1874 69.26 87.78 26.50 22.00 76.25
1875 69.65 42.14 17.91 44.48 187.53
1876 69.69 44.20 19.06 47.11 162.75
1877 69.43 56.66 20.67 34.56 207.44
1878 69.65 21.34 15.52 31.74 119.45
1879 69.65 40.15 17.46 41.24 154.76
1880 69.96 83.27 24.50 43.54 89.20
1881 69.83 9.26 12.70 20.90 88.14
1882 69.67 15.34 15.22 31.70 123.35
1883 69.73 29.32 17.00 36.76 133.20
1884 69.98 38.32 16.24 41.95 146.88
1885 70.26 25.09 15.18 34.63 120.97
1886 70.19 36.10 16.24 38.04 154.15
1887 70.03 46.10 18.47 45.91 161.30
1888 69.90 88.43 24.05 31.15 72.40
1889 70.03 12.87 14.47 30.56 107.34
1890 70.11 56.13 20.85 43.68 196.42
1891 70.09 80.37 22.83 51.75 97.32
1892 70.12 49.61 18.89 44.01 150.29
1893 69.86 30.75 16.45 35.18 112.82
1894 70.30 69.61 21.03 57.79 159.13
1895 70.29 17.57 14.93 27.75 127.53
1896 70.16 51.68 18.77 41.25 164.78
1897 70.35 76.14 22.22 60.26 119.56
1898 70.29 60.63 19.16 46.24 189.81
1899 70.17 62.98 19.44 62.52 195.40
1900 70.43 11.45 13.54 22.92 107.43
1901 70.06 72.39 21.68 57.50 150.77
1902 70.50 71.04 20.02 47.95 159.20
1903 70.54 58.17 18.43 40.18 171.63
1904 70.50 27.38 14.79 36.50 121.77
1905 70.55 47.91 17.43 47.41 130.92
1906 70.78 73.98 20.80 68.09 151.24
1907 70.80 22.25 14.79 28.52 107.08
1908 70.64 86.40 19.60 38.19 81.75
1909 70.44 28.91 15.20 36.07 123.07
1910 70.81 43.35 16.79 37.49 147.62
1911 70.78 78.46 21.57 62.23 119.93
1912 70.50 89.26 17.32 29.87 64.23
1913 70.92 14.48 13.25 23.84 104.26
1914 70.69 64.73 19.49 52.96 193.53
1915 70.83 53.79 18.16 40.75 170.55
1916 70.93 30.30 17.18 42.54 115.05
1917 70.96 41.11 17.11 36.85 131.67
1918 70.74 32.36 15.69 38.54 109.00
1919 70.81 34.05 16.29 36.38 112.95
1920 71.02 62.12 18.54 43.03 189.68
1921 71.26 68.52 22.03 53.76 191.99
1922 71.07 9.60 12.16 17.82 89.58
1923 71.22 19.51 15.07 29.16 95.54
1924 71.08 45.38 16.34 46.81 110.68
1925 71.14 72.07 21.50 57.19 166.94
1926 71.29 55.91 17.16 39.18 167.71
1927 71.29 66.43 18.62 44.35 193.88
1928 71.25 49.65 18.66 57.00 119.87
1929 71.42 87.87 17.61 39.06 81.72
1930 71.42 39.04 15.34 45.45 114.70
1931 71.26 51.70 18.47 45.27 131.77
1932 71.15 54.99 17.00 33.29 172.93
1933 71.25 59.61 19.38 38.62 162.86
1934 71.53 79.87 20.45 55.86 146.46
1935 71.57 16.84 12.96 27.80 89.54
1936 71.37 47.62 15.16 51.18 110.18
1937 71.56 28.87 14.87 41.65 87.48
1938 71.57 77.02 17.58 38.91 145.71
1939 71.59 12.09 12.66 23.54 91.06
1940 71.59 83.37 21.92 47.02 109.48
1941 71.72 24.02 14.20 35.91 81.82
1942 71.82 36.14 14.68 49.10 90.44
1943 71.78 31.56 15.54 39.58 92.00
1944 71.89 64.19 17.44 40.31 184.86
1945 71.68 75.73 20.30 60.45 161.97
1946 71.94 33.80 14.80 45.50 102.43
1947 71.60 46.26 16.80 41.00 96.40
1948 72.00 70.73 18.76 48.45 179.39
1949 71.85 57.46 17.61 37.82 159.51
1950 72.00 42.38 15.83 41.19 104.78
1951 71.92 53.43 16.00 38.16 131.14
1952 71.94 44.24 16.42 54.16 102.16
1953 72.08 61.53 17.10 33.16 165.10
1954 72.36 21.32 13.25 28.18 73.41
1955 72.14 73.72 18.11 50.25 173.81
1956 72.34 59.49 17.99 35.49 151.09
1957 72.30 50.67 16.59 54.29 101.48
1958 72.36 39.92 15.91 51.72 94.53
1959 72.51 48.07 15.45 58.43 97.78
1960 72.43 66.94 17.42 43.77 170.34
1961 72.50 18.85 12.82 36.97 74.84
1962 72.62 84.38 16.26 46.80 131.78
1963 72.51 46.05 16.68 64.90 89.21
1964 72.60 78.68 16.90 51.57 161.52
1965 72.46 13.88 11.75 24.68 67.83
1966 72.56 69.00 17.72 45.75 173.17
1967 72.33 27.16 14.25 52.55 69.40
1968 72.57 25.37 13.77 46.18 73.41
1969 72.35 28.23 15.71 51.07 77.64
1970 72.57 55.42 17.38 39.41 118.53
1971 72.69 87.47 13.70 33.93 107.09
1972 72.61 10.74 10.86 20.19 62.33
1973 72.78 30.36 15.19 50.43 80.06
1974 72.71 81.48 16.48 48.68 151.85
1975 72.98 16.21 12.88 39.08 67.02
1976 73.02 76.46 16.40 42.61 183.79
1977 72.87 52.98 16.39 54.10 98.29
1978 72.90 35.85 14.74 61.68 82.34
1979 72.93 62.96 16.95 38.15 151.03
1980 72.98 65.09 16.18 37.55 160.47
1981 72.93 57.36 16.54 44.84 106.62
1982 73.09 23.77 14.07 40.47 71.25
1983 72.99 27.66 14.42 44.39 71.61
1984 72.87 29.55 14.25 40.50 81.50
1985 73.30 43.11 16.93 55.18 81.29
1986 73.05 72.31 15.92 36.81 176.65
1987 73.44 51.30 15.49 79.51 90.23
1988 73.13 40.15 14.88 64.88 83.00
1989 73.38 70.74 17.45 40.73 168.27
1990 73.24 20.40 13.12 37.10 60.83
1991 73.33 74.06 16.64 39.28 174.69
1992 73.38 60.68 17.31 45.27 133.76
1993 73.42 10.97 9.76 26.10 51.37
1994 73.54 37.57 14.18 65.10 78.37
1995 73.43 44.86 15.88 70.25 85.32
1996 73.48 47.47 15.51 70.97 82.79
1997 73.63 67.82 15.59 40.58 149.94
1998 73.63 54.43 15.37 64.70 91.96
1999 73.62 29.29 13.84 49.84 73.86
2000 73.76 18.31 12.14 43.55 57.79
2001 73.86 26.01 13.84 41.91 68.69
2002 73.85 82.01 14.96 42.75 143.22
2003 73.48 26.75 13.62 48.62 66.38
2004 73.76 27.98 12.56 38.06 68.47
2005 73.92 33.76 14.70 61.74 73.26
2006 73.95 79.02 15.05 40.63 156.79
2007 73.76 31.93 14.57 58.63 71.72
2008 73.79 41.76 15.12 68.55 83.52
2009 73.86 84.79 13.64 43.83 131.27
2010 73.80 40.01 14.89 54.89 82.66
2011 73.84 56.82 15.64 63.36 101.47
2012 73.82 35.11 15.02 58.45 76.88
2013 74.19 62.82 15.72 46.92 118.03
2014 73.97 65.20 16.03 40.23 131.01
2015 74.44 15.94 12.29 42.68 61.62
2016 74.20 46.18 16.78 77.40 92.02
2017 74.24 72.81 14.85 40.34 160.39
2018 74.52 11.29 9.53 30.54 40.45
2019 74.29 75.87 15.69 35.94 164.43
2020 74.34 50.08 15.81 88.70 81.05
2021 74.06 52.12 16.50 67.58 81.42
2022 74.41 43.44 14.94 55.86 91.44
2023 74.44 69.98 15.30 33.46 136.34
2024 74.40 87.22 11.44 27.89 110.71
2025 74.55 36.69 14.99 51.33 89.47
2026 74.42 60.78 15.25 55.25 98.25
2027 74.65 28.58 14.39 36.31 71.49
2028 74.45 48.19 15.42 64.73 88.58
2029 74.46 29.88 13.90 34.57 74.76
2030 74.55 32.15 14.56 39.74 87.59
2031 74.80 41.00 14.38 43.26 110.05
2032 74.68 56.16 16.65 90.52 84.62
2033 74.69 67.21 15.20 37.46 138.66
2034 74.65 22.89 13.32 35.68 65.74
2035 74.83 17.82 11.98 40.20 59.83
2036 74.73 25.83 12.93 44.36 69.50
2037 74.78 82.98 14.26 42.81 161.08
2038 74.95 51.78 15.82 79.58 91.04
2039 74.99 80.83 14.02 36.89 151.10
2040 75.18 64.72 15.50 50.49 114.07
2041 75.37 27.64 13.63 31.13 72.30
2042 75.21 57.85 15.85 87.66 87.37
2043 74.93 70.87 15.00 39.00 139.79
2044 75.11 30.97 14.42 40.07 96.00
2045 75.12 46.77 15.19 56.49 126.22
2046 75.30 74.68 14.05 36.79 127.96
2047 75.35 77.66 14.28 37.49 156.60
2048 75.34 59.91 14.89 70.39 91.86
2049 75.29 72.09 15.26 36.18 128.63
2050 75.30 38.94 14.12 42.38 110.88
2051 75.54 49.90 15.12 60.20 123.16
2052 75.22 84.14 11.79 34.71 156.50
2053 75.47 62.41 15.81 64.10 92.03
2054 75.45 43.73 14.56 40.60 115.57
2055 75.78 48.20 15.27 58.28 128.55
2056 75.52 68.55 15.95 41.05 108.86
2057 75.79 85.81 10.64 26.54 120.27
2058 75.60 16.21 11.07 38.56 57.85
2059 75.79 23.44 12.83 27.79 66.03
2060 75.75 25.84 13.03 27.74 66.29
2061 75.84 20.17 12.24 28.90 63.47
2062 75.58 35.40 13.55 33.90 101.13
2063 75.81 37.69 14.21 31.43 119.57
2064 75.64 41.93 13.98 35.88 130.29
2065 75.64 53.67 14.54 71.83 97.01
2066 75.80 55.81 15.39 80.55 103.12
2067 75.79 14.07 9.92 36.42 51.33
2068 75.96 31.83 13.74 24.66 119.28
2069 76.16 66.11 14.50 49.48 90.30
2070 76.08 12.84 10.19 29.72 50.93
2071 76.28 83.24 11.71 34.48 139.94
2072 76.14 40.05 14.33 31.13 132.86
2073 76.17 58.59 15.12 84.56 101.17
2074 76.20 70.94 14.26 52.63 98.39
2075 76.36 18.22 12.28 27.51 66.76
2076 76.58 33.76 13.92 19.75 135.42
2077 76.43 76.61 13.90 41.11 106.07
2078 76.23 51.46 15.44 64.00 100.30
2079 76.23 73.90 15.02 42.16 100.02
2080 76.15 42.97 14.21 39.74 126.53
2081 76.23 28.21 13.91 20.86 81.36
2082 76.36 60.95 14.59 81.14 89.56
2083 76.37 79.23 13.47 40.75 136.59
2084 76.36 63.58 13.76 62.35 82.27
2085 76.48 68.67 14.89 53.00 90.56
2086 76.84 44.77 14.94 30.42 146.26
2087 76.64 29.83 13.45 19.96 100.75
2088 76.93 35.66 13.58 20.10 130.75
2089 76.76 56.83 15.22 66.46 130.16
2090 76.70 54.38 14.92 60.60 115.40
2091 77.00 41.12 14.11 22.65 150.64
2092 76.77 49.58 14.09 40.25 127.75
2093 76.79 20.93 13.07 20.77 71.13
2094 77.16 25.64 13.82 15.91 86.94
2095 77.08 47.44 14.37 34.55 149.38
2096 77.00 52.31 14.40 43.28 119.90
2097 77.18 43.42 13.96 31.53 151.64
2098 77.01 75.04 13.80 49.61 106.28
2099 77.00 86.03 8.14 20.47 84.39
2100 76.93 58.72 14.81 76.29 110.76
2101 77.03 64.72 14.22 62.24 84.66
2102 77.18 31.49 14.18 16.07 131.39
2103 77.33 71.83 14.11 55.85 89.48
2104 77.47 39.42 14.23 19.03 141.35
2105 77.17 42.32 13.35 22.75 162.55
2106 77.33 82.01 11.12 42.32 112.42
2107 77.37 69.44 13.80 66.36 85.13
2108 77.11 14.63 10.29 21.94 71.47
2109 77.47 23.19 13.31 17.37 99.49
2110 77.17 60.43 13.73 47.77 120.35
2111 77.48 18.55 11.62 19.47 81.52
2112 77.59 79.46 11.58 38.99 96.35
2113 77.54 13.64 9.33 14.17 65.64
2114 77.46 84.77 9.95 26.28 77.44
2115 77.46 50.07 14.64 33.36 128.71
2116 77.52 58.79 14.03 67.08 120.31
2117 77.46 51.59 14.33 40.42 138.33
2118 77.95 53.45 13.52 30.25 142.91
2119 77.74 20.74 11.81 17.26 90.40
2120 77.87 55.31 13.92 40.56 139.38
2121 77.89 77.70 12.69 45.49 91.78
2122 77.76 60.89 13.96 62.10 122.53
2123 77.70 75.64 13.71 46.82 97.63
2124 77.85 34.21 12.93 16.42 146.74
2125 77.66 21.81 11.60 20.80 110.40
2126 78.08 16.46 10.33 12.47 78.94
2127 77.89 46.07 15.50 21.79 150.90
2128 77.78 27.57 13.50 11.62 88.62
2129 78.11 31.71 13.65 16.15 127.38
2130 78.04 64.47 14.29 52.23 100.73
2131 78.11 48.40 15.25 21.70 143.71
2132 78.09 73.77 13.19 56.15 89.56
2133 78.28 27.03 12.97 13.26 91.95
2134 78.20 29.03 13.46 14.02 101.30
2135 78.23 43.10 13.98 18.32 149.70
2136 78.23 36.37 14.30 19.67 136.95
2137 78.37 51.21 15.63 25.52 158.72
2138 78.09 24.57 13.62 14.33 94.90
2139 78.45 38.17 13.80 21.20 146.35
2140 78.39 41.10 14.33 18.95 150.78
2141 78.53 76.92 12.28 55.46 86.46
2142 78.51 59.05 13.56 42.83 126.42
2143 78.39 69.02 14.75 64.65 83.95
2144 78.25 33.38 13.75 15.38 133.75
2145 78.61 62.15 14.44 48.50 114.65
2146 78.48 21.11 12.39 12.43 93.76
2147 78.32 74.78 12.11 44.44 83.11
2148 78.93 19.09 11.32 11.65 95.88
2149 78.67 44.80 13.87 17.48 165.78
2150 78.56 71.74 13.70 71.02 69.20
2151 78.61 23.51 12.62 11.95 94.33
2152 78.63 65.25 13.69 60.28 113.14
2153 78.75 79.02 11.58 52.97 84.45
2154 78.78 34.66 14.00 21.11 153.38
2155 78.94 47.28 14.96 15.44 166.09
2156 78.86 55.88 13.41 29.18 138.19
2157 79.06 32.28 13.49 21.74 121.78
2158 78.91 49.36 13.63 16.44 146.15
2159 79.19 53.30 14.55 15.92 152.54
2160 78.87 70.64 14.90 49.70 86.80
2161 79.11 22.42 12.23 11.81 104.00
2162 79.20 29.25 13.28 16.84 102.31
2163 79.15 73.77 13.85 70.61 73.87
2164 79.16 25.25 12.82 14.78 106.40
2165 79.08 66.72 14.02 56.93 97.24
2166 79.37 39.22 14.28 24.76 139.14
2167 79.30 60.83 14.47 39.56 127.56
2168 79.17 68.90 14.00 66.71 102.19
2169 79.02 64.68 15.67 47.00 120.00
2170 79.35 76.44 12.32 58.21 77.61
2171 79.36 42.08 13.69 27.46 139.36
2172 79.29 79.60 10.70 53.15 79.20
2173 79.43 57.82 14.38 26.20 140.68
2174 79.51 63.57 14.07 37.57 141.14
2175 79.46 34.98 14.67 22.12 145.23
2176 79.59 36.90 13.82 29.73 138.60
2177 79.39 45.39 13.81 16.92 167.08
2178 79.49 70.25 13.27 63.76 96.31
2179 79.55 21.29 11.62 10.43 89.38
2180 79.59 51.24 13.31 16.29 143.26
2181 79.99 43.86 13.73 22.55 136.74
2182 79.85 46.81 13.83 19.64 164.87
2183 79.78 27.11 13.74 16.38 106.90
2184 79.90 49.32 13.78 17.77 145.65
2185 79.91 55.41 13.39 16.06 159.50
2186 80.29 65.85 13.32 36.23 128.95
2187 80.03 80.91 9.82 52.20 63.01
2188 80.05 33.35 13.57 35.22 132.59
2189 80.13 72.52 12.41 57.96 91.98
2190 80.28 59.43 13.62 19.07 159.37
2191 80.16 68.02 13.53 43.56 109.23
2192 80.38 74.22 11.72 56.43 102.63
2193 80.08 78.66 10.39 51.59 75.97
2194 80.02 19.33 11.54 11.71 88.63
2195 80.18 28.65 13.58 25.17 105.53
2196 80.33 75.74 11.31 40.97 80.26
2197 80.18 77.04 11.79 57.93 82.75
2198 80.47 53.48 14.15 14.20 165.05
2199 80.40 39.76 13.38 36.03 128.99
2200 80.54 42.04 13.54 35.41 124.44
2201 80.40 21.87 12.02 17.91 87.09
2202 80.48 61.31 14.36 24.49 148.16
2203 80.50 62.73 13.16 18.27 143.10
2204 80.71 17.50 10.47 13.52 67.65
2205 80.45 23.24 11.77 21.59 94.54
2206 80.64 57.03 14.05 19.37 162.96
2207 80.59 37.11 13.78 45.67 123.55
2208 80.75 51.48 14.06 19.56 158.82
2209 80.74 70.57 12.72 42.83 100.23
2210 80.35 45.44 14.92 34.69 151.85
2211 80.91 34.82 13.69 44.87 109.39
2212 80.97 25.41 12.44 24.60 91.81
2213 81.18 31.58 13.48 40.91 99.42
2214 80.86 45.24 13.73 30.09 134.75
2215 81.06 28.99 13.04 36.27 104.82
2216 81.01 47.46 14.13 31.97 138.48
2217 81.06 64.46 13.43 20.35 147.50
2218 81.19 79.72 9.63 38.49 77.17
2219 81.32 55.33 14.10 18.60 131.79
2220 81.14 68.58 12.45 36.55 101.70
2221 81.60 21.05 11.46 22.98 78.34
2222 81.26 67.18 13.76 36.29 115.93
2223 81.27 23.47 12.89 32.54 78.57
2224 81.33 38.02 14.33 50.55 121.43
2225 81.35 49.66 13.16 29.47 147.08
2226 81.37 73.08 11.12 39.47 108.48
2227 81.30 33.81 14.95 36.79 110.32
2228 81.61 60.66 14.00 14.85 160.74
2229 81.44 39.81 14.93 58.30 111.11
2230 81.43 43.41 13.22 44.59 94.78
2231 81.55 58.53 13.68 15.58 172.96
2232 81.60 27.66 12.85 41.38 92.88
2233 81.61 18.79 10.35 22.88 70.18
2234 81.74 45.70 13.99 49.36 113.92
2235 81.50 69.97 12.50 34.25 98.60
2236 81.79 63.14 13.32 14.68 160.90
2237 82.01 36.72 14.26 55.88 113.33
2238 81.81 52.79 13.45 25.75 141.00
2239 81.86 71.19 12.89 27.46 117.75
2240 82.07 77.77 10.06 27.65 98.77
2241 82.17 41.62 13.53 60.51 95.01
2242 82.43 75.37 11.01 26.35 105.62
2243 82.24 34.61 13.56 46.67 103.63
2244 82.19 66.23 12.65 19.65 133.75
2245 82.15 68.24 12.70 22.91 132.06
2246 82.05 79.96 8.62 24.48 91.14
2247 82.07 25.64 12.64 43.31 80.94
2248 82.28 48.55 13.11 54.35 122.65
2249 82.01 32.19 13.75 46.08 97.67
2250 82.36 54.63 13.11 33.52 128.04
2251 82.20 73.39 12.06 25.64 116.47
2252 82.54 39.72 13.39 51.99 101.48
2253 82.30 23.95 12.56 35.41 75.97
2254 82.43 29.26 13.22 55.19 91.25
2255 82.41 50.91 14.07 47.34 135.07
2256 82.45 56.84 13.16 23.14 146.44
2257 82.49 31.96 13.18 48.26 99.88
2258 82.69 59.06 13.33 20.86 151.06
2259 82.75 20.02 10.99 28.36 69.63
2260 82.88 61.23 13.27 15.85 147.70
2261 82.78 64.07 12.29 15.13 155.67
2262 82.79 27.02 12.78 49.75 84.27
2263 82.61 71.65 11.74 17.58 121.42
2264 82.70 76.96 10.00 21.84 107.53
2265 82.95 47.10 14.00 65.11 122.17
2266 83.26 37.94 13.42 69.17 108.70
2267 83.18 30.98 13.29 53.09 98.91
2268 83.26 53.24 14.04 40.57 112.67
2269 83.09 70.89 11.52 17.38 132.23
2270 83.12 35.87 14.10 66.51 102.90
2271 83.28 33.34 13.30 54.87 92.53
2272 83.36 68.47 11.73 15.67 146.60
2273 83.06 23.47 11.71 37.94 87.18
2274 83.48 73.70 10.82 15.47 115.27
2275 83.33 24.59 12.31 45.49 88.51
2276 83.10 25.77 12.25 48.50 89.88
2277 83.48 44.51 13.60 76.27 119.75
2278 83.47 55.41 13.29 40.24 124.93
2279 83.42 57.40 13.18 33.77 143.11
2280 83.37 66.38 12.04 13.40 139.09
2281 83.39 50.99 13.74 60.93 120.76
2282 83.80 28.15 12.46 52.25 93.57
2283 83.60 48.82 13.48 71.60 114.69
2284 83.60 21.66 10.72 37.17 74.47
2285 83.48 76.82 9.34 14.34 111.47
2286 83.59 79.22 8.72 13.11 82.15
2287 83.57 35.08 14.37 54.32 107.37
2288 83.69 41.47 13.34 71.52 108.36
2289 83.76 63.05 12.63 19.67 122.15
2290 84.00 59.29 13.10 30.47 149.69
2291 83.79 39.85 13.43 73.91 101.60
2292 83.78 23.03 10.83 32.60 84.33
2293 83.88 26.04 12.26 48.66 92.30
2294 84.23 29.75 13.03 51.51 110.75
2295 83.99 46.75 13.56 83.40 130.73
2296 83.99 70.72 10.72 13.64 149.00
2297 84.32 61.37 12.30 27.19 133.02
2298 84.02 75.99 9.20 12.74 115.89
2299 83.91 43.42 13.20 80.93 126.40
2300 84.37 31.99 13.53 61.92 103.76
2301 84.02 34.35 12.74 69.91 110.13
2302 84.30 36.19 14.29 61.11 115.71
2303 84.46 52.70 13.37 65.40 117.81
2304 84.41 38.04 14.24 82.37 123.02
2305 84.44 66.83 11.71 16.78 136.78
2306 84.38 72.10 11.23 14.33 136.37
2307 84.48 43.11 13.51 76.02 135.12
2308 84.53 54.77 13.19 56.95 119.58
2309 84.65 57.26 12.67 54.99 127.26
2310 84.44 50.42 13.55 69.76 116.10
2311 84.72 64.62 12.73 20.97 111.50
2312 84.71 69.00 11.21 13.90 154.92
2313 84.74 73.76 9.87 13.43 125.59
2314 84.50 26.41 11.88 50.84 90.32
2315 84.72 48.32 12.93 87.27 112.68
2316 84.59 34.09 13.17 60.21 120.90
2317 84.73 78.76 7.04 8.04 99.81
2318 84.90 41.58 14.27 80.05 131.31
2319 84.71 21.42 10.12 31.48 65.25
2320 85.18 39.67 13.33 56.54 131.24
2321 84.99 46.23 13.25 77.16 117.59
2322 85.28 60.27 12.79 43.00 128.48
2323 85.28 27.36 11.80 50.17 111.16
2324 85.22 35.69 13.13 46.77 127.53
2325 85.24 66.68 12.33 16.10 115.98
2326 85.47 71.62 10.45 11.98 130.19
2327 85.49 62.65 12.43 35.55 113.78
2328 85.49 49.95 13.64 79.94 125.56
2329 85.61 33.80 13.37 49.38 132.32
2330 85.43 75.39 8.95 8.10 122.51
2331 85.44 31.92 13.68 63.09 113.56
2332 85.54 22.86 10.23 35.62 78.68
2333 85.44 43.73 12.91 66.85 137.02
2334 85.60 29.50 13.07 52.85 109.54
2335 85.75 56.49 13.43 58.18 116.54
2336 85.45 45.55 12.76 56.24 133.82
2337 85.87 51.62 13.36 63.24 134.69
2338 85.74 53.90 12.90 54.56 123.60
2339 85.80 58.54 12.84 52.84 111.82
2340 85.73 77.57 7.67 6.49 91.28
2341 86.01 36.78 13.55 47.82 135.83
2342 85.90 25.27 11.27 35.20 108.35
2343 85.86 65.04 12.71 29.88 113.55
2344 85.93 48.05 13.80 76.04 133.07
2345 86.01 68.62 10.66 18.00 118.00
2346 86.28 41.20 13.35 58.30 131.75
2347 86.15 45.65 12.39 70.78 136.30
2348 86.39 73.42 9.06 10.16 105.39
2349 86.23 75.68 8.08 9.27 113.00
2350 86.06 63.89 13.60 29.60 112.30
2351 86.36 61.20 12.91 43.71 99.11
2352 86.51 27.55 11.80 37.84 108.47
2353 86.48 23.22 10.50 30.36 84.88
2354 86.75 66.70 11.25 35.00 118.60
2355 86.57 32.04 13.19 46.81 123.82
2356 86.68 30.31 12.63 37.51 121.22
2357 86.78 76.71 6.87 6.66 90.85
2358 86.70 55.14 12.89 52.82 141.33
2359 86.80 49.68 13.15 59.71 134.30
2360 86.94 59.20 12.47 51.80 117.56
2361 86.76 63.44 12.00 39.51 106.17
2362 86.84 34.72 12.58 39.38 129.26
2363 86.90 71.13 9.34 17.22 112.25
2364 86.78 43.43 12.57 50.67 134.87
2365 87.10 47.13 12.86 55.46 135.52
2366 87.28 57.22 12.63 43.68 125.68
2367 87.01 23.67 9.56 25.06 84.38
2368 87.02 28.68 11.00 31.45 104.64
2369 87.33 39.80 12.62 35.03 126.28
2370 87.55 50.96 13.24 46.20 146.30
2371 87.43 68.90 10.87 34.12 122.81
2372 87.12 65.23 10.60 36.20 114.40
2373 87.38 33.01 13.60 30.13 125.43
2374 87.43 44.78 13.17 47.13 144.39
2375 87.44 29.20 10.75 34.58 101.56
2376 87.81 27.38 11.00 24.55 104.62
2377 87.57 42.10 12.51 44.67 122.86
2378 87.63 60.76 12.46 54.19 104.96
2379 87.56 63.69 11.80 53.37 117.78
2380 87.53 73.49 9.02 14.91 92.11
2381 87.65 31.00 11.85 29.71 121.90
2382 87.50 61.82 10.82 49.59 103.36
2383 87.76 54.84 13.70 46.53 136.42
2384 87.52 65.87 11.43 48.09 122.87
2385 87.95 35.11 13.54 25.48 118.16
2386 87.88 71.90 9.61 23.66 91.53
2387 88.14 48.97 12.37 46.33 123.56
2388 88.19 52.90 12.50 41.94 138.62
2389 88.14 37.93 12.55 23.82 127.06
2390 88.06 59.23 11.74 45.06 115.21
2391 88.07 65.97 10.52 40.24 109.26
2392 88.18 70.56 9.04 30.69 90.90
2393 88.16 55.74 12.44 36.62 125.75
2394 88.62 62.20 12.41 46.98 111.88
2395 88.48 32.98 11.67 22.02 98.33
2396 88.20 25.68 10.10 23.90 93.80
2397 88.66 42.90 12.70 34.00 129.41
2398 88.53 45.23 12.33 33.76 128.63
2399 88.68 29.15 10.86 21.45 82.93
2400 88.59 40.86 12.17 28.19 112.97
2401 88.62 57.19 12.89 32.71 109.13
2402 88.70 68.28 9.97 39.48 102.16
2403 88.74 26.18 9.51 18.64 77.85
2404 88.90 50.44 12.72 33.81 127.97
2405 88.63 59.54 11.64 40.09 113.27
2406 89.02 36.64 12.65 22.40 115.48
2407 88.78 65.99 10.83 41.67 93.92
2408 89.12 72.61 7.75 25.33 82.20
2409 88.76 38.69 12.50 23.25 137.50
2410 89.11 54.92 12.33 34.59 120.65
2411 89.44 34.80 12.48 17.76 106.06
2412 89.27 60.77 11.55 42.38 109.47
2413 89.24 70.52 8.70 35.52 90.18
2414 89.18 47.18 11.91 30.11 109.29
2415 89.28 39.15 12.26 17.68 109.75
2416 89.35 27.87 9.93 19.57 67.00
2417 89.46 53.00 11.61 29.76 115.80
2418 89.35 66.46 10.02 38.68 95.98
2419 89.62 58.83 11.39 30.50 108.35
2420 89.74 32.51 11.71 14.04 93.85
2421 89.99 44.65 11.69 18.35 99.08
2422 89.73 56.80 11.64 28.92 100.10
2423 89.84 42.32 11.98 17.24 101.70
2424 89.81 64.13 10.09 43.82 119.13
2425 90.08 51.13 11.81 24.46 120.38
2426 89.77 48.91 12.32 18.82 105.04
2427 90.01 68.01 9.20 40.17 92.74
2428 90.00 37.45 11.72 13.65 84.84
2429 89.90 27.26 9.29 12.57 64.14
2430 90.34 62.97 9.69 41.64 102.13
2431 90.26 40.32 11.55 13.76 96.76
2432 90.24 48.19 10.56 17.40 108.52
2433 90.47 55.19 11.06 20.46 102.06
2434 90.55 31.49 10.67 9.87 62.58
2435 90.35 46.84 11.49 18.59 107.76
2436 90.54 60.62 10.62 28.87 92.35
2437 90.51 66.03 9.61 37.75 104.28
2438 90.65 53.28 10.39 17.11 98.57
2439 90.73 34.06 11.59 8.45 71.11
2440 90.62 36.11 11.53 13.37 70.35
2441 90.57 37.80 11.94 9.17 77.61
2442 90.85 49.62 11.08 15.49 95.88
2443 90.78 41.69 11.43 13.11 87.66
2444 91.10 59.39 10.07 21.41 92.43
2445 91.15 45.79 11.35 10.53 68.10
2446 90.79 44.43 12.43 12.14 76.29
2447 91.14 29.58 9.58 7.71 51.67
2448 91.33 39.59 11.47 8.89 74.78
2449 91.09 43.55 10.78 9.81 74.27
2450 91.10 71.52 6.64 25.77 79.74
2451 91.14 64.06 9.65 32.24 88.24
2452 91.48 67.98 7.93 28.55 92.77
2453 91.24 32.17 9.44 8.26 53.82
2454 91.30 35.05 11.00 6.50 61.20
2455 91.46 37.25 10.35 8.15 60.27
2456 91.46 48.00 11.51 10.91 73.94
2457 91.89 54.87 10.44 10.12 81.62
2458 91.71 65.13 8.62 29.05 93.95
2459 91.79 52.52 10.22 8.64 79.78
2460 91.77 60.97 9.42 16.97 89.66
2461 92.12 50.47 10.48 9.39 71.15
2462 92.01 57.04 10.32 13.13 81.44
2463 91.92 44.55 10.76 8.00 64.47
2464 91.95 62.64 8.63 21.70 104.91
2465 91.84 58.99 9.86 15.41 77.43
2466 92.26 31.68 9.34 5.71 49.63
2467 92.44 38.60 11.66 6.54 52.13
2468 92.08 48.55 11.55 7.98 75.21
2469 92.23 36.62 10.33 6.67 50.54
2470 92.37 40.46 11.19 7.24 53.04
2471 92.31 45.41 10.33 8.07 61.47
2472 92.83 62.93 8.06 16.69 88.21
2473 93.05 65.10 7.31 20.02 77.49
2474 92.91 35.82 10.23 5.38 44.54
2475 92.94 45.45 11.62 6.95 54.24
2476 92.70 48.81 9.12 6.62 68.12
2477 92.76 37.55 11.25 4.38 47.25
2478 93.00 47.80 10.09 7.00 55.23
2479 93.04 43.58 10.54 6.28 48.67
2480 93.04 58.78 8.53 9.12 65.27
2481 93.01 56.91 9.76 8.81 53.45
2482 93.16 51.82 10.03 6.36 53.25
2483 93.24 53.87 9.61 6.78 48.53
2484 93.23 49.89 9.96 6.02 58.37
2485 93.69 37.38 10.12 4.38 44.45
2486 93.52 56.02 9.86 6.56 50.07
2487 93.81 66.34 6.77 13.38 72.41
2488 93.61 42.60 9.68 5.27 47.27
2489 93.94 61.05 8.43 7.86 53.65
2490 93.64 35.94 9.88 4.54 45.08
2491 93.89 44.83 10.32 5.65 46.35
2492 93.93 48.74 9.95 5.30 46.92
2493 94.23 33.95 8.95 3.96 43.20
2494 94.11 58.70 8.75 6.48 52.52
2495 94.08 64.08 7.27 9.56 52.18
2496 94.20 40.97 10.28 5.54 50.76
2497 94.11 52.76 9.51 5.27 46.25
2498 94.12 55.42 9.51 5.70 46.52
2499 94.27 35.64 9.05 4.64 44.14
2500 94.07 53.92 8.91 4.91 45.45
2501 94.58 42.80 9.88 4.99 46.29
2502 94.71 50.48 10.06 4.95 47.38
2503 94.90 60.20 7.80 4.82 42.22
2504 94.77 57.37 8.23 4.77 36.92
2505 95.18 36.68 8.23 3.65 40.91
2506 94.88 48.20 9.29 4.29 44.14
2507 95.47 46.30 9.36 4.99 44.33
2508 95.13 52.16 9.26 4.92 45.92
2509 95.12 61.98 7.37 4.67 43.72
2510 95.37 38.49 8.76 3.94 41.82
2511 95.19 44.30 8.70 4.57 44.17
2512 95.17 59.11 8.12 4.25 39.19
2513 95.37 57.71 7.72 3.41 38.70
2514 95.37 49.00 9.10 5.07 44.55
2515 95.74 43.64 8.96 4.76 44.00
2516 95.61 53.20 8.26 3.87 40.26
2517 95.70 54.49 8.12 4.22 38.16
2518 96.04 41.39 8.55 3.11 40.63
2519 96.28 48.25 8.63 4.20 40.35
2520 96.15 42.82 8.79 3.74 41.95
2521 96.23 57.62 7.17 3.63 37.78
2522 96.14 52.87 8.61 3.78 41.17
2523 96.37 55.17 7.47 3.98 36.89
2524 96.45 46.66 7.86 3.90 38.72
2525 96.24 56.16 9.75 3.50 42.50
2526 96.71 39.15 8.03 3.51 41.78
2527 96.67 44.59 8.88 4.27 37.56
2528 96.75 53.33 7.55 3.64 39.10
2529 96.83 42.78 8.05 3.84 40.76
2530 96.75 56.72 6.12 2.75 40.44
2531 96.73 46.15 9.00 4.00 41.00
2532 97.08 51.36 7.48 3.27 38.44
2533 97.34 45.96 7.39 3.06 40.19
2534 97.44 40.14 7.23 3.09 41.30
2535 97.45 49.21 7.87 3.46 37.90
2536 97.53 44.45 8.00 2.76 39.73
2537 97.64 42.17 6.81 2.81 39.74
2538 97.49 52.65 7.30 3.05 41.15
2539 97.88 47.26 7.61 3.00 37.10
2540 98.09 43.06 7.12 3.41 38.06
2541 98.32 44.88 6.76 2.79 34.06
2542 98.75 46.94 6.56 2.31 34.62
2543 99.30 47.54 5.93 2.41 33.21
2544 99.38 46.40 6.00 2.00 33.33

