#<Embryo name> <Cleavage cycle> <Temporal class> <Genes>
mn10 14A 4 even-skipped Kruppel hunchback

#Quantitative data
#<Nucleus number> <A-P coordinate> <D-V coordinate> <Fluorescence intensity: channel 1 - eve, channel 2 - Kr, channel 3 - hb>
0 2.37 52.45 19.49 24.90 104.33
1 2.54 48.57 21.39 26.50 103.27
2 3.12 55.16 19.10 26.06 104.38
3 3.41 46.53 22.67 28.46 96.81
4 3.44 50.34 20.34 28.27 116.77
5 3.65 52.99 20.17 26.55 123.90
6 4.16 43.81 22.07 27.29 106.82
7 4.28 41.36 22.21 28.03 105.04
8 4.42 55.66 17.98 25.11 122.57
9 4.62 49.18 22.43 27.43 118.13
10 4.92 45.66 25.13 26.96 116.36
11 4.90 58.58 16.37 27.07 113.92
12 4.82 52.36 20.57 28.70 141.64
13 5.49 40.30 22.89 29.08 114.70
14 5.61 56.52 21.93 26.67 141.83
15 5.78 47.45 23.43 29.09 124.44
16 5.83 53.70 22.26 28.00 157.55
17 5.86 50.47 24.20 29.50 143.01
18 6.18 43.01 24.90 29.19 115.56
19 6.29 59.92 18.21 26.84 130.69
20 6.86 45.33 25.09 29.07 140.88
21 6.83 55.41 24.15 27.74 167.43
22 6.92 57.81 21.89 28.29 160.04
23 7.05 40.60 24.84 28.23 115.60
24 7.12 49.91 24.83 30.18 164.30
25 7.16 52.56 23.75 29.58 167.89
26 7.21 62.09 17.56 25.59 117.60
27 7.15 36.89 22.54 28.29 117.72
28 7.55 47.78 24.65 30.16 165.86
29 7.53 64.61 14.85 22.79 60.80
30 7.79 59.75 22.77 26.96 181.98
31 8.09 38.99 25.74 29.09 134.61
32 8.24 43.63 25.96 30.21 153.16
33 8.09 54.64 25.27 29.96 186.48
34 8.49 57.08 22.93 28.34 181.03
35 8.56 46.11 24.59 32.03 173.96
36 8.45 51.67 24.94 31.29 180.96
37 8.78 36.25 23.78 32.99 138.75
38 8.64 61.69 21.33 28.07 171.81
39 8.94 41.55 25.43 30.95 149.68
40 8.79 64.08 18.52 27.47 147.09
41 8.93 49.24 25.86 32.27 192.66
42 9.27 58.99 24.34 28.24 188.59
43 9.43 54.51 25.86 30.76 199.52
44 9.51 38.81 24.04 31.27 155.58
45 9.60 65.86 17.58 24.61 144.61
46 9.75 47.08 24.98 31.91 193.62
47 9.75 52.01 26.87 31.67 207.93
48 9.85 34.21 23.07 31.83 141.72
49 10.01 43.97 26.04 32.68 176.15
50 9.87 61.18 21.35 27.19 191.98
51 10.10 56.82 25.30 29.23 207.43
52 10.51 67.62 17.17 23.60 109.51
53 10.48 36.61 24.84 30.40 150.08
54 10.49 49.63 26.93 33.21 210.93
55 10.48 64.36 19.89 27.82 196.66
56 10.53 41.27 25.28 31.53 171.56
57 10.99 59.08 25.28 29.32 206.34
58 10.95 46.60 26.22 32.85 198.87
59 11.12 55.06 27.53 31.34 222.18
60 10.88 33.70 22.73 30.18 157.11
61 11.08 52.64 27.28 32.22 214.14
62 11.07 61.89 23.45 28.03 210.29
63 11.20 39.03 26.44 30.36 178.73
64 11.40 44.15 27.09 32.04 201.98
65 11.47 30.98 23.04 27.14 140.12
66 11.52 66.37 20.68 26.95 172.73
67 11.41 33.10 25.59 29.69 164.03
68 11.81 50.45 28.28 33.65 217.35
69 11.77 68.84 18.00 25.16 134.69
70 12.02 35.33 23.78 29.32 167.62
71 12.02 56.87 28.95 33.73 229.28
72 11.82 65.02 22.53 26.37 188.67
73 12.14 48.02 26.82 32.24 216.54
74 12.41 42.52 25.97 33.64 202.61
75 12.22 62.58 24.36 29.61 211.41
76 12.59 40.29 27.51 33.65 197.50
77 12.56 37.60 25.69 31.34 177.28
78 12.48 53.12 26.80 31.06 214.72
79 12.43 59.70 25.21 30.81 219.61
80 12.57 32.64 23.20 28.99 171.07
81 12.70 45.48 26.41 34.25 214.99
82 12.90 66.87 22.44 25.96 190.06
83 12.96 69.96 19.27 23.74 159.05
84 13.15 64.18 23.97 29.32 210.18
85 13.26 55.24 28.68 32.90 226.80
86 13.32 30.03 22.46 26.09 156.20
87 13.21 50.27 28.77 32.68 230.63
88 13.50 58.03 28.57 31.79 225.14
89 13.78 35.73 26.99 30.59 181.68
90 13.73 47.66 28.26 33.92 227.26
91 13.73 61.00 27.30 30.24 213.68
92 13.93 38.67 27.75 33.07 200.72
93 13.89 43.81 29.06 32.73 209.02
94 14.03 52.68 26.90 34.20 223.42
95 13.93 33.12 25.22 29.11 190.80
96 14.11 41.31 26.43 33.19 209.52
97 14.10 68.57 22.03 25.39 184.43
98 14.18 71.53 18.90 23.02 134.27
99 14.44 27.36 21.97 25.98 145.62
100 14.47 66.19 25.27 27.51 203.36
101 14.54 55.83 28.59 33.66 230.34
102 14.53 63.73 26.08 29.47 219.23
103 14.70 45.68 28.56 35.71 228.67
104 14.74 29.60 23.27 28.52 180.28
105 14.62 49.82 31.10 35.35 231.25
106 14.88 58.60 29.16 30.64 224.84
107 15.04 32.08 25.42 29.03 192.75
108 15.22 61.55 29.03 30.78 224.60
109 15.25 37.83 27.09 31.74 202.03
110 15.33 35.30 25.08 26.22 189.04
111 15.47 53.98 27.90 35.30 228.86
112 15.38 73.64 18.85 22.85 119.40
113 15.44 43.36 28.02 35.08 219.46
114 15.56 47.16 30.91 32.80 230.87
115 15.61 51.63 29.97 37.17 227.46
116 15.59 40.53 28.12 33.31 205.06
117 15.46 68.55 25.11 27.25 191.71
118 15.75 25.69 20.83 22.62 143.37
119 15.57 71.26 22.22 24.93 165.99
120 15.92 65.63 27.03 28.12 202.00
121 16.09 56.60 28.93 32.90 225.84
122 16.03 28.46 23.44 24.69 165.93
123 16.22 49.29 30.03 33.90 228.12
124 16.12 59.55 29.89 31.47 227.02
125 16.40 62.73 30.20 30.65 217.15
126 16.31 33.22 27.80 27.39 201.38
127 16.72 44.43 28.56 31.24 222.26
128 16.46 30.45 25.88 27.14 185.57
129 16.52 74.93 21.13 22.45 118.32
130 16.66 38.46 28.46 29.24 205.97
131 16.77 41.95 28.61 35.08 222.67
132 16.76 68.97 25.84 27.46 203.16
133 17.04 35.60 25.91 29.44 195.16
134 16.89 54.03 30.09 31.83 230.18
135 16.92 71.29 25.93 25.04 169.50
136 16.95 46.58 31.70 34.13 225.90
137 17.26 51.74 30.44 34.58 231.32
138 17.25 27.17 23.51 23.22 171.72
139 17.28 66.45 29.00 29.38 202.65
140 17.42 24.66 21.66 21.99 143.83
141 17.10 31.05 26.00 25.53 182.24
142 17.39 59.56 30.97 32.18 228.83
143 17.57 73.10 23.42 24.84 160.98
144 17.46 56.42 30.64 34.76 229.46
145 17.56 63.69 28.94 30.26 210.48
146 17.65 49.55 30.33 33.72 229.21
147 17.77 40.32 28.31 32.38 216.57
148 17.82 33.29 27.57 26.22 193.52
149 17.92 75.94 20.22 22.70 140.83
150 17.98 29.56 25.36 24.67 181.32
151 18.04 37.64 28.90 31.03 211.84
152 18.09 47.21 30.85 32.72 233.62
153 18.09 43.37 30.49 33.62 226.53
154 18.20 61.37 31.62 32.64 218.06
155 18.14 69.18 28.67 26.98 179.96
156 18.37 53.54 30.97 35.25 227.71
157 18.49 57.48 34.70 37.27 241.53
158 18.71 27.04 23.61 23.26 172.34
159 18.59 65.57 29.46 31.87 198.06
160 18.80 31.60 25.64 25.81 194.63
161 18.71 78.21 18.41 20.73 91.39
162 18.97 36.04 28.18 28.34 204.44
163 18.94 45.02 29.76 32.89 222.55
164 18.82 21.98 18.64 19.83 127.83
165 18.90 51.10 31.49 33.31 228.87
166 19.01 73.13 26.68 25.30 165.46
167 19.17 24.55 21.66 21.41 164.77
168 19.04 41.60 30.22 33.06 219.72
169 19.16 70.83 27.33 27.67 190.58
170 19.33 55.12 31.86 33.12 230.93
171 19.27 47.85 31.17 33.99 224.29
172 19.33 38.80 30.41 31.11 211.17
173 19.33 59.67 30.09 32.19 220.42
174 19.34 62.57 32.51 31.99 206.07
175 19.27 75.37 26.16 23.72 162.27
176 19.46 33.86 27.53 28.30 196.19
177 19.49 68.07 29.25 30.29 198.73
178 19.70 29.70 24.66 23.51 185.66
179 19.96 57.24 31.03 33.38 223.58
180 19.85 65.09 31.04 30.70 208.60
181 19.99 49.71 31.64 35.00 227.17
182 20.06 77.26 23.24 23.99 143.46
183 20.32 53.71 30.21 34.72 224.03
184 20.12 22.25 23.12 20.10 151.52
185 20.42 43.30 31.28 33.12 217.77
186 20.16 27.08 24.59 23.78 176.79
187 20.20 45.73 32.79 32.97 225.02
188 20.24 40.79 31.38 31.65 210.60
189 20.56 35.63 27.32 29.07 210.87
190 20.60 32.58 25.67 26.43 191.14
191 20.72 51.46 33.74 36.34 234.80
192 20.49 70.50 29.08 28.70 183.92
193 20.54 73.53 30.60 27.38 173.59
194 20.73 38.25 29.05 29.70 210.74
195 20.67 59.50 32.57 32.67 221.09
196 20.49 75.15 26.76 23.67 167.96
197 20.79 62.17 33.57 32.67 211.35
198 20.93 47.71 34.03 35.29 224.85
199 20.76 67.25 30.77 30.55 198.15
200 20.94 78.61 23.51 23.74 128.60
201 21.17 56.26 33.08 33.79 223.86
202 21.24 23.37 23.70 22.11 174.35
203 21.31 26.22 25.76 23.79 181.17
204 21.20 64.61 32.13 31.64 210.16
205 21.34 29.38 27.48 24.17 185.16
206 21.52 20.08 21.38 18.39 149.42
207 21.49 40.88 33.49 31.79 222.22
208 21.60 45.15 34.60 33.56 228.20
209 21.73 49.58 33.44 35.47 223.41
210 21.64 72.17 31.40 27.18 176.96
211 21.67 75.89 28.90 25.23 169.34
212 21.73 53.05 33.08 35.19 230.30
213 21.77 69.22 32.67 28.08 186.51
214 21.77 32.24 27.51 27.18 201.04
215 21.93 35.94 30.80 28.49 211.46
216 21.85 60.17 33.86 33.06 219.19
217 22.22 42.93 34.43 32.46 226.06
218 22.19 38.36 31.98 31.15 212.09
219 22.17 78.84 27.77 23.40 150.84
220 22.19 66.50 33.11 31.32 199.04
221 22.44 57.42 34.36 35.29 223.25
222 22.38 47.45 35.43 35.12 233.72
223 22.42 54.89 34.78 34.01 230.56
224 22.35 63.56 36.08 32.14 213.36
225 22.53 22.22 24.11 20.18 166.81
226 22.64 51.17 35.85 38.09 233.59
227 22.62 25.39 25.96 22.62 177.12
228 22.71 73.69 35.02 27.24 178.21
229 22.73 34.11 30.16 28.57 209.96
230 22.76 28.01 27.34 24.16 184.57
231 22.79 81.45 27.11 21.18 124.93
232 22.87 30.92 28.74 25.70 196.79
233 22.95 40.48 33.90 32.88 220.28
234 23.07 61.78 35.34 33.03 217.65
235 23.09 44.78 34.61 35.83 232.42
236 23.00 70.90 36.01 28.56 188.25
237 23.02 18.06 21.29 17.74 128.56
238 23.14 59.37 36.31 34.27 221.05
239 23.17 76.24 33.37 25.33 165.35
240 23.21 68.10 35.58 30.59 197.96
241 23.48 52.83 35.91 35.78 230.18
242 23.55 49.53 37.63 35.43 233.26
243 23.36 20.36 26.20 19.05 180.11
244 23.67 36.12 32.20 29.58 213.39
245 23.62 38.40 32.76 30.65 222.42
246 23.57 64.71 36.34 32.27 207.31
247 23.64 46.86 36.58 34.51 233.16
248 23.68 55.49 39.00 35.37 229.56
249 23.62 79.01 33.41 23.41 156.44
250 23.71 42.48 33.37 32.97 231.79
251 23.82 24.24 27.23 22.59 173.64
252 23.93 83.09 32.25 21.04 103.43
253 23.86 33.11 28.75 29.14 210.60
254 23.94 29.29 28.56 25.23 199.40
255 23.89 21.56 23.75 20.75 164.51
256 24.06 57.85 36.87 35.48 222.93
257 24.30 73.92 43.91 28.59 171.54
258 24.50 26.99 28.75 24.10 192.67
259 24.40 18.83 25.01 18.98 157.92
260 24.25 61.29 38.63 33.49 220.32
261 24.27 70.84 43.15 29.98 190.74
262 24.37 67.34 42.46 31.36 208.29
263 24.51 44.83 37.26 33.31 226.44
264 24.61 76.68 42.67 25.97 160.31
265 24.67 80.49 41.22 22.69 153.01
266 24.71 41.64 35.19 32.59 223.06
267 24.72 31.44 29.89 26.39 203.16
268 24.73 47.78 35.77 34.94 230.21
269 24.84 50.19 36.64 34.73 226.54
270 24.65 52.72 37.52 35.77 232.69
271 24.90 22.40 27.05 20.88 173.86
272 24.82 38.42 33.98 30.74 222.78
273 24.75 64.32 45.95 31.89 211.17
274 24.89 35.18 33.88 30.21 218.25
275 24.86 55.36 37.96 36.07 227.67
276 25.07 58.49 38.75 36.30 222.04
277 25.33 83.97 50.17 22.28 110.60
278 25.48 16.91 24.47 18.10 138.74
279 25.45 25.39 28.05 22.63 185.52
280 25.53 29.39 31.09 26.06 205.80
281 25.33 61.14 45.71 35.63 226.49
282 25.61 69.46 57.54 30.69 188.96
283 25.52 72.05 63.10 30.00 187.54
284 25.74 39.77 37.71 33.52 223.82
285 25.55 66.94 53.61 32.44 202.71
286 25.70 19.77 28.56 19.81 164.96
287 25.76 78.22 55.57 25.65 162.84
288 25.90 14.59 23.06 15.78 102.45
289 25.82 32.48 32.65 27.42 212.63
290 25.81 44.26 39.19 33.70 228.54
291 25.76 46.58 37.00 33.59 227.99
292 25.79 51.61 37.94 36.06 223.52
293 25.81 74.96 61.34 28.26 172.62
294 25.86 62.99 48.49 34.40 219.31
295 26.04 81.25 65.48 22.78 151.66
296 26.08 37.25 35.80 31.27 222.48
297 25.99 42.05 36.24 34.48 231.20
298 25.95 53.89 42.18 36.34 227.80
299 25.92 56.43 41.28 35.25 225.48
300 26.09 49.22 40.06 33.32 227.12
301 26.20 35.04 35.01 30.51 216.91
302 26.25 65.13 64.80 34.19 211.43
303 26.18 59.04 51.90 35.89 235.61
304 26.26 22.62 29.77 22.75 171.52
305 26.62 28.08 32.46 25.21 200.93
306 26.74 86.28 57.21 20.88 60.44
307 26.78 60.92 60.73 36.19 226.20
308 26.78 83.85 82.47 22.78 130.12
309 26.69 25.20 30.17 23.36 188.90
310 26.72 72.55 80.90 29.91 184.06
311 26.79 68.17 78.14 32.28 200.24
312 26.76 17.55 28.82 17.62 148.44
313 27.10 30.70 34.11 26.69 209.75
314 26.95 45.27 39.91 33.26 216.39
315 26.94 47.61 40.07 35.13 231.76
316 26.71 79.45 72.75 23.54 148.79
317 26.98 39.82 38.35 33.14 227.24
318 27.02 52.82 43.97 34.65 225.78
319 27.02 55.41 48.24 34.05 227.54
320 27.10 33.08 34.82 27.86 211.76
321 27.11 50.42 46.00 35.78 222.38
322 27.18 20.68 30.74 20.72 169.57
323 27.15 75.84 83.06 27.18 175.29
324 27.24 78.36 77.68 27.30 157.62
325 27.12 42.41 39.92 31.22 219.35
326 27.23 63.36 75.84 35.91 215.58
327 27.40 14.83 27.15 17.04 141.26
328 27.22 58.12 59.95 36.98 230.98
329 27.44 65.89 89.37 34.83 214.21
330 27.51 70.17 93.09 31.72 190.86
331 27.40 37.64 38.66 30.59 217.94
332 27.57 35.36 39.45 29.05 219.49
333 27.62 80.98 88.78 24.52 156.50
334 27.81 26.20 34.19 23.58 189.08
335 28.02 23.70 34.05 22.36 178.09
336 27.98 43.76 43.33 33.90 216.09
337 27.97 18.01 32.68 18.78 156.88
338 28.06 28.78 35.96 27.25 202.73
339 28.01 48.51 50.59 35.03 220.22
340 27.99 61.47 94.42 35.51 224.22
341 27.97 73.43 94.75 29.05 179.69
342 28.20 46.11 47.20 35.51 232.59
343 28.06 56.24 70.49 35.33 229.85
344 28.16 53.65 62.39 35.89 228.45
345 28.25 67.48 103.01 33.87 205.33
346 28.13 51.25 55.28 34.97 225.46
347 28.19 40.92 45.98 33.28 229.07
348 28.24 83.78 98.28 25.66 142.28
349 28.22 86.26 71.97 21.62 69.29
350 28.25 59.04 89.32 35.63 227.41
351 28.46 12.88 31.04 15.60 112.21
352 28.49 33.53 41.74 28.40 211.41
353 28.59 38.56 47.97 31.44 224.44
354 28.46 21.10 35.75 20.55 172.73
355 28.54 76.48 99.46 29.07 172.51
356 28.67 31.11 40.66 27.83 203.39
357 28.64 64.65 115.31 34.38 204.54
358 28.92 79.02 93.54 26.15 153.03
359 28.79 35.96 42.90 28.69 216.41
360 28.76 71.00 117.06 32.37 191.77
361 28.95 16.14 36.30 18.44 150.39
362 28.96 49.49 66.14 35.04 228.12
363 29.12 56.99 121.52 35.54 230.70
364 29.09 62.07 133.22 35.09 226.77
365 29.22 68.50 130.56 34.15 208.30
366 28.91 81.96 94.80 25.60 168.49
367 29.16 26.09 41.67 22.95 190.91
368 29.12 43.79 57.25 33.83 220.87
369 29.27 46.44 57.18 34.48 221.81
370 29.27 54.78 103.32 37.88 227.21
371 29.20 52.34 87.36 34.92 229.40
372 29.33 73.79 117.42 31.02 185.25
373 29.33 19.18 40.75 18.85 155.82
374 29.28 41.41 51.60 32.75 226.69
375 29.32 59.29 137.93 36.71 226.53
376 29.40 28.84 44.47 26.39 202.96
377 29.55 84.72 83.47 24.76 136.00
378 29.70 87.55 71.58 23.13 90.86
379 29.49 22.98 43.54 22.05 177.26
380 29.51 81.53 82.14 26.75 154.65
381 29.62 32.71 49.91 30.70 215.60
382 29.72 37.00 57.96 31.00 222.34
383 29.91 14.27 52.39 17.52 140.53
384 29.89 39.47 61.60 32.66 222.50
385 30.06 66.26 163.16 35.73 211.01
386 30.07 11.71 54.97 15.80 106.16
387 29.87 63.93 144.23 35.53 207.19
388 29.93 48.18 82.32 34.77 233.83
389 29.96 50.67 99.74 34.36 230.46
390 29.99 76.25 115.38 30.06 175.14
391 30.11 71.52 129.08 32.06 193.05
392 30.22 34.62 68.25 29.51 211.38
393 30.35 30.34 61.04 27.38 216.74
394 30.08 61.15 152.24 35.32 213.88
395 30.37 17.40 57.06 19.10 138.37
396 30.31 44.09 83.33 33.73 227.94
397 30.27 52.97 141.44 39.05 238.92
398 30.31 57.16 169.29 37.07 230.28
399 30.38 27.32 60.73 25.01 197.26
400 30.44 68.64 151.69 32.15 205.24
401 30.43 79.14 98.16 30.33 168.78
402 30.40 20.81 59.49 20.51 160.32
403 30.50 24.65 63.55 21.13 184.68
404 30.45 41.90 79.22 34.38 219.58
405 30.47 55.02 150.95 39.01 233.10
406 30.53 46.31 98.24 35.15 232.65
407 30.66 59.13 174.79 37.04 228.71
408 30.66 82.06 81.80 28.47 163.60
409 30.76 37.34 83.25 30.99 219.91
410 30.86 85.19 75.00 25.28 133.48
411 30.90 32.26 83.22 29.07 209.70
412 31.05 73.84 108.95 31.18 177.38
413 30.91 49.23 136.29 35.97 226.49
414 31.09 61.88 164.96 34.27 207.73
415 31.10 88.42 60.57 23.46 67.51
416 31.14 64.72 163.52 38.92 210.38
417 31.05 39.85 100.03 30.89 220.12
418 31.12 51.48 154.39 36.86 227.72
419 31.27 76.71 101.46 30.90 167.66
420 31.28 14.35 91.17 19.06 138.29
421 31.40 70.45 131.21 33.90 194.80
422 31.44 22.80 99.06 21.62 177.78
423 31.34 35.22 114.11 32.00 218.40
424 31.49 11.35 107.84 15.71 121.55
425 31.47 28.59 95.09 26.14 203.99
426 31.52 55.63 171.48 37.27 223.69
427 31.59 20.02 102.48 20.92 158.76
428 31.57 42.84 120.76 34.18 225.39
429 31.53 45.13 126.95 34.92 225.35
430 31.68 53.19 168.47 37.41 223.00
431 31.61 67.50 154.00 35.77 208.23
432 31.66 17.09 97.13 19.19 158.55
433 31.69 26.01 110.72 22.67 192.98
434 31.73 47.50 151.31 37.81 234.94
435 31.72 59.30 165.01 38.16 232.73
436 31.75 79.87 89.95 30.87 173.51
437 31.99 30.87 134.68 27.46 215.29
438 32.14 57.10 195.62 38.93 224.20
439 31.99 83.17 75.66 28.96 157.70
440 31.85 37.84 133.82 31.61 224.66
441 31.98 33.28 138.11 28.34 211.69
442 32.06 40.70 143.84 32.30 223.00
443 32.08 49.70 156.90 36.80 235.44
444 32.14 86.10 66.60 26.78 136.98
445 32.14 63.16 142.89 34.09 218.16
446 32.27 72.34 113.45 34.24 192.77
447 32.41 65.64 142.00 35.74 216.36
448 32.50 74.82 101.02 34.05 180.49
449 32.48 77.88 87.64 31.68 167.74
450 32.64 60.87 154.33 39.45 225.98
451 32.74 89.36 57.45 25.39 69.56
452 32.43 13.50 129.76 17.62 125.38
453 32.52 35.82 178.44 28.81 216.89
454 32.58 24.36 151.11 23.55 184.81
455 32.60 44.09 149.38 32.63 226.26
456 32.69 51.60 170.00 36.25 229.59
457 32.85 54.16 169.33 38.79 225.88
458 32.63 69.59 113.31 34.24 210.00
459 32.79 21.74 157.86 22.76 170.03
460 32.63 28.60 161.09 26.89 201.25
461 32.84 46.41 153.33 37.03 232.24
462 32.86 18.96 148.44 20.12 163.46
463 32.99 16.40 148.38 18.93 147.95
464 33.00 58.72 159.78 39.35 228.78
465 32.90 38.36 172.30 29.22 223.12
466 33.01 80.47 77.96 31.67 163.15
467 33.33 10.93 144.91 16.24 101.56
468 33.23 48.44 162.39 37.09 236.24
469 33.22 31.65 171.83 30.33 199.64
470 33.29 26.66 177.34 23.93 192.56
471 33.14 40.63 164.88 30.99 223.07
472 33.33 67.58 115.58 36.70 209.12
473 33.24 34.12 179.20 29.69 219.04
474 33.32 56.15 166.64 39.92 227.88
475 33.48 42.74 171.34 38.10 228.44
476 33.44 83.81 74.02 31.12 154.06
477 33.35 86.92 68.65 30.58 129.75
478 33.32 62.86 125.95 39.35 223.00
479 33.29 81.78 72.64 31.11 161.47
480 33.71 50.29 155.76 38.89 230.57
481 33.54 71.68 92.45 34.00 191.19
482 33.63 75.74 83.86 35.50 186.23
483 33.73 65.29 106.19 36.24 210.76
484 33.71 14.23 149.90 18.25 133.21
485 33.73 29.29 181.47 28.49 196.90
486 33.71 36.72 177.23 31.42 214.42
487 33.87 78.29 78.70 34.50 175.19
488 33.85 23.77 176.69 23.58 170.80
489 33.96 44.86 157.12 34.56 223.03
490 33.88 52.41 146.19 39.64 232.01
491 33.95 20.34 169.10 21.89 155.78
492 34.09 60.52 114.94 39.51 227.33
493 34.21 69.30 108.76 42.82 236.01
494 34.14 39.17 187.64 33.07 221.66
495 34.32 73.47 86.95 35.95 195.45
496 34.16 58.02 120.50 39.09 225.36
497 34.22 47.17 139.64 36.65 230.46
498 34.26 33.37 162.98 29.86 212.52
499 34.47 17.67 153.42 21.15 137.95
500 34.37 41.44 164.44 35.05 221.26
501 34.40 55.71 131.98 40.78 232.16
502 34.45 81.09 74.66 33.23 158.22
503 34.48 26.35 182.14 25.11 185.01
504 34.38 63.05 97.56 37.20 217.89
505 34.53 85.54 83.79 34.88 144.14
506 34.62 88.20 83.21 34.74 108.40
507 34.69 9.60 116.13 15.38 77.13
508 34.68 30.88 170.03 28.44 201.34
509 34.65 53.90 138.44 42.18 232.80
510 34.67 35.61 167.79 31.06 218.65
511 34.77 11.97 141.18 16.95 121.25
512 34.78 66.99 92.21 39.10 211.82
513 34.89 49.94 129.83 37.81 228.74
514 34.98 28.62 180.67 26.38 180.11
515 34.66 13.14 166.36 17.09 114.27
516 34.97 37.96 169.28 31.36 222.43
517 35.07 71.17 81.09 37.52 198.65
518 35.08 14.91 139.94 18.77 146.17
519 35.03 21.55 157.69 22.58 171.04
520 35.03 75.90 84.76 36.75 184.20
521 35.11 43.67 140.54 33.99 223.80
522 35.13 83.56 88.36 36.35 163.81
523 35.26 51.97 125.16 42.12 229.84
524 35.25 24.19 165.27 22.38 177.42
525 35.18 59.44 96.53 39.67 228.51
526 35.17 47.80 130.38 37.34 229.12
527 35.32 63.96 88.63 39.92 217.55
528 35.36 78.46 83.39 39.06 180.88
529 35.51 45.71 126.15 37.86 225.67
530 35.36 32.66 154.46 29.18 205.01
531 35.39 57.04 102.37 38.90 224.05
532 35.54 61.50 88.69 41.04 225.04
533 35.48 41.28 135.94 32.70 227.01
534 35.85 19.25 134.56 21.24 158.99
535 35.75 69.03 79.53 39.92 202.97
536 35.73 73.37 79.95 37.31 196.14
537 35.82 89.45 104.34 44.06 108.60
538 35.91 36.72 137.86 31.68 220.98
539 35.85 80.97 87.74 40.44 174.19
540 35.81 54.18 105.27 41.62 231.23
541 36.01 34.62 140.86 29.20 206.84
542 35.99 39.23 127.81 33.55 222.09
543 35.90 65.61 77.15 39.50 216.35
544 35.99 26.20 157.48 25.87 181.87
545 35.95 86.36 100.54 40.90 146.45
546 36.19 16.75 126.62 20.72 159.61
547 36.15 11.52 109.92 17.22 124.20
548 36.25 30.75 145.73 28.79 196.25
549 36.30 28.44 148.96 28.32 199.50
550 36.23 48.48 99.02 36.64 223.57
551 36.51 9.11 84.81 15.80 83.66
552 36.34 50.55 99.35 40.09 229.95
553 36.34 21.98 140.45 23.20 172.57
554 36.37 58.55 87.97 42.73 231.44
555 36.38 76.11 90.18 40.27 191.53
556 36.64 14.29 105.61 19.53 138.06
557 36.54 42.40 107.54 35.12 222.82
558 36.60 44.50 97.70 35.50 224.44
559 36.50 56.09 87.00 43.41 234.93
560 36.59 67.43 79.59 41.76 220.10
561 36.63 71.02 83.67 43.82 204.98
562 36.76 32.77 124.83 29.44 197.61
563 36.73 52.45 97.51 41.30 228.49
564 36.65 63.31 81.46 42.28 222.00
565 36.72 60.78 82.08 41.95 230.30
566 36.92 78.70 107.06 46.33 184.43
567 36.88 91.40 98.55 46.62 67.50
568 36.97 24.18 118.00 24.68 181.35
569 36.98 46.81 88.84 38.40 224.89
570 37.07 84.49 105.52 46.88 161.43
571 37.05 73.55 95.74 42.11 201.21
572 36.97 81.82 115.40 48.69 179.22
573 37.06 40.10 98.07 33.26 211.51
574 37.16 87.25 107.97 48.93 137.55
575 37.11 37.39 107.48 32.16 205.64
576 37.27 54.45 86.61 40.78 230.00
577 37.36 65.39 83.37 42.16 224.20
578 37.40 17.96 91.82 22.32 153.21
579 37.35 35.06 105.18 31.01 210.97
580 37.43 26.93 105.36 27.76 184.16
581 37.60 7.20 54.16 14.32 50.37
582 37.51 20.86 97.45 22.49 151.40
583 37.44 29.84 106.98 29.52 190.23
584 37.55 49.07 89.25 44.00 230.31
585 37.68 68.50 94.36 46.18 217.70
586 37.61 12.29 87.86 19.36 124.57
587 37.70 56.86 77.85 43.97 227.85
588 37.67 59.12 82.71 42.31 232.45
589 37.78 43.01 87.74 38.90 229.14
590 37.75 51.25 86.85 42.79 226.36
591 37.68 61.78 85.30 47.36 238.22
592 37.75 75.47 114.79 46.21 194.68
593 37.88 45.20 81.07 38.11 225.70
594 37.88 70.94 110.87 46.09 219.87
595 38.11 9.96 68.97 17.50 101.53
596 38.01 32.48 91.07 29.78 203.96
597 38.16 15.32 76.94 20.22 140.49
598 38.11 38.74 94.01 36.80 211.86
599 38.23 41.18 89.31 38.94 227.03
600 38.09 78.23 125.16 52.58 185.16
601 38.16 89.50 113.03 57.60 100.97
602 38.13 82.02 130.05 54.37 164.78
603 38.14 24.35 87.68 24.90 164.40
604 38.26 53.86 85.75 43.79 234.25
605 38.41 63.36 100.80 49.36 228.48
606 38.32 85.62 109.91 56.78 147.14
607 38.42 47.49 76.89 40.41 223.75
608 38.69 72.51 138.31 50.75 211.00
609 38.47 66.08 108.90 49.90 226.33
610 38.64 27.34 80.12 27.37 193.38
611 38.60 30.00 78.74 28.71 192.60
612 38.61 34.91 81.33 31.49 206.22
613 38.87 37.21 81.28 33.69 211.58
614 38.67 18.66 71.51 22.55 145.53
615 38.76 22.03 69.04 23.17 155.23
616 38.66 60.37 88.70 50.81 237.74
617 38.90 49.77 85.47 42.46 225.94
618 38.78 57.44 86.93 47.36 225.44
619 38.85 52.07 84.90 45.12 233.43
620 38.93 7.72 55.02 16.97 81.84
621 38.99 74.89 144.93 55.95 204.98
622 38.92 12.99 72.14 20.28 123.63
623 38.97 69.19 122.90 54.36 221.76
624 39.11 92.20 86.52 65.22 56.67
625 39.06 45.52 82.35 41.12 225.96
626 39.16 55.24 96.80 49.27 234.49
627 39.25 79.74 141.34 65.42 173.28
628 39.35 87.45 114.66 76.50 143.71
629 39.19 43.26 90.90 41.85 226.42
630 39.27 32.75 81.86 31.58 203.74
631 39.38 24.95 73.92 27.55 181.78
632 39.25 40.19 87.64 38.11 225.73
633 39.44 77.08 143.27 60.28 189.68
634 39.35 82.23 126.13 67.07 168.85
635 39.54 89.94 96.76 76.42 106.12
636 39.56 16.15 66.90 21.71 135.84
637 39.58 59.27 108.25 54.51 228.14
638 39.56 61.97 120.45 55.94 235.25
639 39.65 64.52 151.30 58.04 231.59
640 39.54 66.88 140.82 56.36 226.11
641 39.70 10.54 59.17 20.11 112.18
642 39.65 47.91 104.15 43.62 225.68
643 39.77 84.67 110.07 72.74 146.26
644 39.74 20.32 62.30 25.81 158.88
645 39.78 30.40 80.18 31.34 195.09
646 39.88 27.79 81.16 28.23 195.06
647 39.79 53.26 109.09 50.17 230.27
648 39.98 36.33 85.38 36.48 220.62
649 39.99 70.99 152.99 62.31 219.17
650 39.99 56.96 105.86 53.28 237.92
651 40.02 50.96 118.48 49.94 231.95
652 40.23 34.20 84.45 35.51 208.67
653 40.22 38.59 84.11 38.37 215.16
654 40.15 41.71 98.06 41.88 224.18
655 40.17 73.56 156.66 68.40 216.76
656 40.29 23.03 71.59 26.86 168.18
657 40.22 13.04 63.95 21.77 138.85
658 40.18 45.66 110.22 45.09 232.44
659 40.35 68.39 161.13 65.64 227.64
660 40.34 7.93 48.37 19.86 101.16
661 40.59 18.30 65.01 25.30 148.02
662 40.73 43.73 118.86 46.18 233.14
663 40.59 54.88 141.04 55.82 233.07
664 40.61 78.91 127.68 78.67 176.69
665 40.75 48.33 134.92 51.95 233.17
666 40.76 75.94 150.09 75.25 192.57
667 40.75 90.80 85.89 93.68 82.77
668 40.75 25.89 76.50 28.63 190.45
669 40.66 61.48 151.07 62.49 230.25
670 40.77 81.80 118.02 79.57 153.98
671 40.82 31.90 90.39 36.03 207.38
672 40.72 59.09 154.14 60.29 233.39
673 40.79 63.90 171.45 64.98 223.96
674 40.91 66.12 159.88 69.69 226.23
675 40.78 87.51 93.58 89.82 127.75
676 40.97 15.46 68.68 24.08 144.03
677 41.01 29.33 90.59 31.83 195.41
678 41.09 40.06 117.73 46.22 234.52
679 41.20 52.76 167.61 59.05 230.80
680 41.02 50.36 143.55 54.89 233.27
681 41.17 84.55 101.05 88.86 138.07
682 41.24 20.89 68.84 27.79 160.64
683 41.20 57.07 161.09 65.55 237.54
684 41.41 10.16 69.62 23.52 131.98
685 41.22 36.16 106.39 42.52 218.80
686 41.31 72.23 151.92 77.36 209.83
687 41.33 46.27 145.26 52.96 237.32
688 41.35 69.42 158.97 77.47 225.33
689 41.64 41.97 139.54 49.53 231.26
690 41.59 12.77 77.24 25.26 135.16
691 41.68 23.60 79.85 30.67 176.72
692 41.65 33.77 109.84 41.05 210.29
693 41.74 93.04 56.80 105.14 37.92
694 41.63 7.32 49.31 20.87 83.15
695 41.82 38.20 127.78 49.35 228.29
696 41.77 54.92 175.54 71.31 235.80
697 41.73 60.39 180.60 73.10 232.55
698 41.88 74.67 141.29 96.65 200.92
699 41.78 63.17 171.61 76.33 225.46
700 41.85 77.51 138.03 103.70 189.49
701 41.92 17.54 83.39 26.89 155.94
702 41.99 28.09 94.47 35.74 193.01
703 42.02 80.41 118.45 99.56 152.39
704 42.10 25.82 83.52 34.32 176.93
705 41.98 87.93 88.00 112.29 108.37
706 42.06 90.64 78.49 119.68 85.63
707 42.14 44.39 161.64 56.95 235.61
708 42.14 48.83 170.18 58.74 230.95
709 42.07 51.06 169.74 67.85 236.15
710 42.01 66.77 157.95 92.19 230.92
711 42.19 31.06 120.94 41.56 200.70
712 42.19 58.06 165.65 76.09 231.84
713 42.25 82.82 96.74 103.67 134.61
714 42.49 14.51 89.96 27.12 136.90
715 42.39 70.42 136.42 92.87 207.37
716 42.56 20.09 86.00 30.56 156.83
717 42.51 36.03 141.28 48.12 218.31
718 42.55 46.79 171.86 62.61 232.07
719 42.61 85.62 83.55 108.19 109.61
720 42.64 39.80 167.90 56.26 230.67
721 42.67 53.18 183.51 78.44 232.28
722 42.70 6.25 58.55 23.64 55.38
723 42.83 56.08 183.88 88.13 234.00
724 42.78 64.89 154.63 96.19 222.73
725 42.59 83.92 81.68 101.79 119.25
726 42.73 8.98 77.03 26.78 108.74
727 42.88 73.19 116.89 108.76 188.47
728 42.97 11.55 99.54 31.06 136.67
729 42.81 33.20 131.88 46.81 213.06
730 42.90 22.81 95.90 34.97 181.75
731 42.91 42.09 160.57 60.53 234.59
732 42.83 62.61 166.64 94.31 220.05
733 42.88 59.93 180.33 92.14 229.37
734 42.97 78.54 110.12 108.67 148.96
735 43.00 67.69 133.78 103.45 213.08
736 43.04 28.86 119.99 41.42 189.57
737 43.06 16.98 95.63 31.62 156.60
738 43.22 75.81 115.05 115.17 165.64
739 43.22 51.00 184.33 82.23 231.69
740 43.26 91.24 65.72 124.35 65.04
741 43.26 25.73 112.77 40.72 185.55
742 43.49 37.65 176.83 58.63 221.16
743 43.42 88.23 68.64 121.22 79.75
744 43.44 44.05 173.44 69.13 229.13
745 43.48 81.86 84.08 116.48 112.28
746 43.46 48.70 183.74 77.72 230.50
747 43.62 58.31 147.79 100.65 224.83
748 43.51 70.98 118.65 117.25 187.51
749 43.74 30.71 150.21 49.93 210.12
750 43.62 34.99 171.46 54.89 215.09
751 43.59 54.45 164.31 97.45 227.75
752 43.72 7.57 82.17 30.78 74.18
753 43.73 46.32 183.22 80.68 233.77
754 43.78 13.87 110.02 37.42 149.25
755 43.79 61.29 145.58 110.58 213.32
756 43.92 39.97 178.76 69.39 228.59
757 44.01 20.59 109.96 41.07 168.64
758 43.96 63.82 124.68 118.12 203.95
759 44.01 66.17 120.20 125.15 197.57
760 43.98 84.20 72.11 120.96 88.98
761 44.09 32.61 163.71 55.22 201.94
762 44.14 68.49 118.96 127.24 186.64
763 44.10 17.84 102.59 37.74 165.31
764 44.08 23.21 130.10 41.55 178.28
765 44.11 27.79 137.76 45.74 187.54
766 44.23 52.01 167.11 105.04 222.94
767 44.14 79.60 87.93 130.07 119.88
768 44.27 9.94 109.48 40.81 121.09
769 44.43 42.04 158.82 76.83 215.45
770 44.26 56.48 143.97 114.35 223.28
771 44.43 72.86 106.29 136.20 161.89
772 44.37 77.24 92.72 131.99 127.54
773 44.60 74.96 99.76 138.03 148.27
774 44.50 5.07 51.97 28.03 32.32
775 44.53 49.76 167.05 92.72 217.62
776 44.61 25.69 147.86 50.51 187.87
777 44.53 90.24 65.31 131.09 56.58
778 44.65 36.07 165.48 68.84 216.52
779 44.61 44.71 170.62 95.60 221.12
780 44.79 47.56 159.74 101.24 216.66
781 44.71 53.85 151.92 120.98 216.08
782 44.67 70.48 108.18 140.74 172.50
783 44.86 15.59 117.17 47.30 155.02
784 44.73 60.39 127.00 134.09 208.22
785 44.94 87.79 66.36 135.64 63.39
786 44.95 38.45 166.48 78.23 212.27
787 44.84 7.66 89.14 39.39 76.05
788 44.93 58.29 118.44 137.72 211.66
789 44.94 29.48 149.38 58.91 199.42
790 45.05 62.69 93.53 152.83 191.22
791 45.03 80.96 76.64 139.08 90.03
792 44.96 85.01 66.49 140.90 77.09
793 45.05 12.94 110.34 48.82 139.23
794 45.11 33.77 160.23 69.85 207.01
795 45.08 65.17 90.04 139.62 166.80
796 45.24 18.77 117.96 50.78 158.19
797 45.34 23.67 132.61 57.09 171.81
798 45.32 55.61 115.25 145.51 205.77
799 45.60 21.30 116.93 59.45 163.39
800 45.27 67.77 92.32 149.76 158.73
801 45.58 31.48 149.57 74.93 190.39
802 45.56 40.93 140.63 94.86 191.10
803 45.57 9.87 97.00 51.66 105.05
804 45.63 43.29 142.29 113.71 204.16
805 45.54 46.24 136.05 109.89 201.04
806 45.52 50.29 127.47 120.29 200.35
807 45.53 93.64 54.42 130.13 23.17
808 45.76 26.50 139.16 68.78 176.74
809 45.77 78.53 76.36 154.57 99.49
810 45.75 6.03 67.50 45.43 48.37
811 45.85 82.74 70.89 144.85 71.82
812 45.80 73.33 81.61 153.79 118.39
813 45.80 76.16 85.67 155.84 108.41
814 45.83 91.25 70.04 139.43 37.46
815 45.68 70.65 88.39 155.73 134.05
816 45.80 52.87 109.42 137.18 195.64
817 45.85 61.29 85.69 155.04 159.74
818 45.98 36.21 133.55 95.78 200.44
819 46.00 59.06 89.59 157.55 166.74
820 46.15 16.30 103.70 57.51 127.42
821 46.19 28.61 146.14 78.26 176.84
822 46.15 56.86 92.79 162.56 167.39
823 46.14 63.79 87.86 163.14 140.60
824 46.10 38.68 127.89 102.01 191.66
825 46.11 88.86 78.20 144.29 49.62
826 46.21 13.03 96.13 65.89 121.19
827 46.31 65.88 83.54 164.06 130.13
828 46.29 33.74 131.15 88.52 182.35
829 46.41 68.20 78.74 171.94 125.70
830 46.31 85.83 88.10 146.76 55.52
831 46.46 44.91 118.33 128.36 185.68
832 46.73 7.11 60.60 61.08 62.49
833 46.68 47.08 112.62 144.10 174.88
834 46.50 54.77 97.30 163.18 169.12
835 46.52 94.78 48.99 123.64 10.74
836 46.70 19.32 105.28 69.73 138.72
837 46.70 48.93 98.70 144.06 168.13
838 46.54 50.94 95.98 149.80 177.02
839 46.59 24.17 112.37 76.82 148.96
840 46.72 30.54 119.64 88.95 171.95
841 46.80 80.49 78.90 152.76 64.09
842 46.80 72.36 76.93 172.62 100.08
843 46.81 10.68 75.56 66.92 96.57
844 46.90 40.53 105.33 128.98 171.34
845 47.00 21.84 91.91 82.04 138.37
846 46.90 42.71 108.75 139.37 170.97
847 46.96 70.10 80.90 170.69 101.63
848 46.95 74.98 82.79 165.24 84.63
849 47.00 60.80 80.55 171.34 124.57
850 47.03 52.88 91.05 167.26 162.34
851 47.14 77.59 90.06 159.57 70.13
852 47.32 92.88 80.51 147.06 21.55
853 47.09 26.60 111.91 91.82 147.10
854 47.22 62.85 83.55 177.69 123.15
855 47.20 83.60 88.82 156.78 50.97
856 47.20 38.11 93.35 126.06 170.70
857 47.18 58.73 91.66 171.40 129.28
858 47.33 35.74 99.62 116.58 167.37
859 47.32 90.51 94.44 155.76 33.57
860 47.32 16.90 86.43 76.52 116.67
861 47.29 32.83 101.68 109.63 165.16
862 47.43 56.78 85.25 175.52 121.86
863 47.41 13.69 69.85 78.32 102.96
864 47.42 64.78 88.07 181.80 101.98
865 47.70 9.20 57.28 80.13 76.03
866 47.48 66.90 81.16 174.99 92.40
867 47.60 4.94 29.08 60.44 22.44
868 47.58 86.91 91.89 142.93 36.36
869 47.58 45.11 92.67 153.81 149.99
870 47.72 54.93 87.19 175.11 117.55
871 47.81 50.75 85.40 165.85 122.96
872 47.79 95.06 62.92 131.38 8.95
873 47.82 24.11 87.92 104.61 116.24
874 47.95 27.90 87.72 110.08 127.69
875 47.80 30.13 93.26 111.16 136.82
876 47.90 48.48 87.29 166.03 133.30
877 47.99 71.68 97.33 177.51 73.47
878 47.94 73.91 96.55 174.12 73.67
879 47.91 6.97 39.97 77.28 37.13
880 48.05 42.86 89.23 158.65 123.84
881 48.02 80.77 87.86 154.48 46.96
882 48.08 21.11 65.32 97.92 99.29
883 48.13 40.51 88.41 149.96 126.99
884 48.10 69.24 85.97 180.01 80.52
885 48.13 52.85 96.03 180.25 109.02
886 48.40 11.76 55.59 86.19 73.45
887 48.28 34.45 81.47 146.66 137.57
888 48.25 60.52 108.32 179.68 90.25
889 48.38 18.47 60.39 92.48 87.20
890 48.38 78.07 102.13 166.40 54.82
891 48.38 46.53 83.66 173.16 123.31
892 48.48 75.68 124.53 177.47 60.26
893 48.34 32.29 81.84 129.91 118.91
894 48.27 38.12 83.20 147.58 135.66
895 48.37 58.41 119.52 191.34 99.89
896 48.31 83.07 98.08 153.45 40.02
897 48.57 2.85 12.69 42.03 7.54
898 48.39 15.27 57.87 88.66 80.38
899 48.49 62.48 117.46 183.57 81.00
900 48.39 89.00 99.52 143.40 28.58
901 48.42 84.53 95.40 146.82 34.55
902 48.66 25.64 80.10 122.77 100.92
903 48.60 64.72 114.83 180.70 71.46
904 48.39 90.54 104.38 151.76 27.52
905 48.64 67.41 106.73 182.46 70.18
906 48.70 93.00 85.58 147.02 16.27
907 48.65 6.95 32.23 88.30 33.57
908 48.86 36.24 78.03 149.88 112.97
909 48.88 44.47 91.99 178.99 113.99
910 48.88 54.64 118.56 179.31 87.92
911 48.90 86.46 105.62 149.90 31.70
912 49.08 56.85 137.68 193.32 82.76
913 49.04 5.27 25.09 71.27 13.78
914 48.95 30.25 75.17 141.31 101.22
915 49.10 23.39 64.35 112.16 84.26
916 49.08 49.98 101.75 175.36 89.00
917 49.17 52.06 121.79 188.17 87.33
918 49.12 9.71 42.83 90.28 48.43
919 49.08 27.67 68.79 127.67 92.65
920 49.13 70.60 120.02 176.18 59.12
921 49.20 48.07 106.87 178.00 93.41
922 49.22 73.11 125.60 179.70 52.71
923 49.17 80.13 126.51 160.56 38.53
924 49.17 41.93 94.72 161.83 99.00
925 49.33 20.95 62.34 110.01 68.10
926 49.48 91.41 86.98 150.87 21.32
927 49.37 33.25 77.25 150.68 88.69
928 49.36 39.55 93.85 163.80 92.63
929 49.39 16.33 53.97 99.55 63.87
930 49.56 83.12 121.74 149.40 30.55
931 49.57 12.79 51.97 100.92 52.63
932 49.54 66.20 132.37 185.99 59.23
933 49.62 58.85 141.32 192.44 63.70
934 49.58 60.69 147.80 188.83 61.43
935 49.58 88.70 102.23 149.97 25.41
936 49.60 75.92 135.47 172.68 41.71
937 49.63 63.02 140.86 184.35 59.10
938 49.85 7.15 35.31 89.16 26.15
939 49.85 18.76 61.35 105.04 57.16
940 49.83 37.48 90.15 158.25 85.39
941 49.74 46.39 126.93 181.82 84.55
942 49.81 68.79 133.90 182.46 51.04
943 50.02 94.65 65.48 137.92 7.86
944 49.96 31.34 78.77 155.26 73.97
945 49.97 35.06 85.56 153.71 77.04
946 50.08 78.38 130.34 169.86 35.52
947 49.98 53.41 154.46 187.33 66.42
948 49.94 55.77 146.14 193.74 63.69
949 50.06 28.72 69.93 137.95 66.78
950 49.99 44.01 119.18 182.16 86.90
951 50.24 26.15 72.23 132.36 55.62
952 50.08 10.14 48.78 99.61 40.19
953 50.21 85.70 114.02 151.41 24.73
954 50.26 23.81 73.43 124.40 58.20
955 50.30 41.87 123.37 171.23 68.86
956 50.30 49.06 145.22 191.00 67.32
957 50.49 71.47 142.50 182.98 39.46
958 50.40 14.76 61.88 108.22 45.39
959 50.46 51.13 153.58 180.42 57.71
960 50.44 73.90 135.74 178.00 34.05
961 50.45 81.01 122.47 159.16 29.83
962 50.37 64.72 140.36 191.46 50.09
963 50.50 39.67 129.54 170.70 63.05
964 50.61 21.13 79.28 123.10 47.31
965 50.77 58.02 160.74 186.84 48.05
966 50.64 62.05 162.08 194.79 48.13
967 50.77 66.69 150.85 185.96 42.58
968 50.69 90.17 88.58 150.38 18.21
969 50.90 92.69 71.05 159.08 12.92
970 50.73 45.48 160.62 187.85 64.18
971 50.81 76.43 125.09 175.27 31.08
972 50.90 60.08 158.17 184.89 43.70
973 50.91 69.03 138.90 188.00 39.58
974 51.00 87.52 90.64 144.76 19.18
975 50.94 17.13 77.07 111.55 40.16
976 51.01 32.37 103.20 153.46 51.73
977 50.99 30.01 90.59 152.30 51.14
978 50.89 37.31 110.33 164.18 57.86
979 50.86 55.84 171.66 196.98 47.61
980 51.23 96.82 22.62 81.14 2.34
981 51.03 7.95 48.56 102.32 21.96
982 51.12 47.28 175.30 186.42 51.16
983 51.07 83.89 101.32 154.96 22.82
984 51.02 53.33 180.89 183.80 47.89
985 51.16 12.63 69.49 110.00 31.81
986 51.10 34.52 117.11 160.88 56.17
987 51.32 5.62 39.26 91.60 10.50
988 51.21 27.76 93.58 146.77 47.67
989 51.28 10.24 71.32 109.09 27.98
990 51.34 43.34 168.98 182.16 47.42
991 51.51 24.11 109.80 137.69 37.57
992 51.31 63.98 148.15 190.95 39.70
993 51.44 78.68 103.11 165.26 24.80
994 51.52 41.26 166.83 173.77 44.27
995 51.52 49.16 159.34 185.27 43.86
996 51.70 19.14 101.43 120.71 30.74
997 51.60 72.95 123.88 178.50 27.07
998 51.66 21.71 100.95 130.05 34.25
999 51.70 39.01 156.31 175.10 42.87
1000 51.74 81.76 88.64 160.61 20.52
1001 51.79 14.62 87.17 109.76 28.57
1002 51.76 51.50 161.48 184.90 39.49
1003 51.83 75.37 105.73 177.79 26.63
1004 51.87 26.30 119.26 145.67 40.41
1005 51.80 55.12 162.18 182.99 37.27
1006 51.78 69.99 124.15 186.99 31.54
1007 51.89 36.08 144.18 170.52 46.73
1008 51.95 45.26 172.66 182.77 40.75
1009 51.91 57.41 145.30 189.43 38.18
1010 51.92 61.69 130.35 188.54 32.59
1011 51.90 66.95 128.41 183.36 30.73
1012 51.95 90.28 66.08 154.41 13.82
1013 52.11 59.30 133.07 192.55 34.16
1014 52.13 92.95 51.77 146.55 10.21
1015 52.05 30.09 125.14 151.72 37.08
1016 52.27 16.87 101.46 125.00 27.20
1017 52.24 32.52 138.31 157.31 37.00
1018 52.14 87.23 66.02 155.36 17.26
1019 52.39 84.45 66.50 151.09 16.53
1020 52.36 8.65 83.56 113.65 16.16
1021 52.31 64.60 107.42 184.08 28.82
1022 52.41 47.14 154.94 191.97 37.44
1023 52.56 97.54 11.49 61.57 1.36
1024 52.60 11.24 85.57 107.22 18.53
1025 52.49 79.70 75.32 169.16 21.98
1026 52.58 53.51 138.00 186.61 32.30
1027 52.73 34.42 148.22 162.76 34.17
1028 52.59 71.54 103.56 184.56 24.07
1029 52.61 77.07 83.71 178.76 22.22
1030 52.78 6.53 71.71 96.24 8.64
1031 52.65 95.06 26.25 122.40 4.19
1032 52.66 4.17 43.08 75.87 3.60
1033 52.74 27.90 121.06 150.99 28.47
1034 52.64 37.78 144.30 169.77 35.16
1035 52.68 49.66 137.65 186.59 32.67
1036 52.78 43.38 153.81 176.70 33.18
1037 52.67 40.82 140.63 172.30 31.70
1038 52.77 21.90 108.68 132.18 23.93
1039 52.80 24.91 128.31 143.23 27.97
1040 52.83 68.46 100.68 188.45 24.64
1041 52.85 74.01 84.22 183.32 22.83
1042 52.84 13.51 90.41 115.69 20.78
1043 52.98 55.44 119.90 192.57 31.29
1044 53.04 51.71 117.97 188.41 28.80
1045 53.04 62.47 100.30 189.74 26.57
1046 53.13 19.18 100.38 124.46 20.16
1047 53.09 60.40 108.02 195.37 28.63
1048 53.16 81.74 69.23 157.76 16.61
1049 53.13 30.04 109.34 159.40 29.00
1050 53.10 57.38 102.22 189.55 26.83
1051 53.18 90.80 47.31 156.16 12.10
1052 53.25 87.70 57.21 152.89 12.54
1053 53.30 93.03 41.10 140.30 7.22
1054 53.41 45.54 111.09 186.55 30.13
1055 53.48 66.78 89.03 185.20 21.49
1056 53.44 36.29 123.85 158.03 27.90
1057 53.36 64.75 95.86 186.58 23.92
1058 53.44 15.93 92.33 118.80 16.68
1059 53.50 32.48 110.42 155.28 27.44
1060 53.48 48.02 103.40 187.45 28.08
1061 53.57 8.78 79.93 108.39 13.06
1062 53.55 39.24 111.34 175.01 28.68
1063 53.64 58.95 88.37 189.25 24.54
1064 53.61 70.06 83.05 184.88 20.67
1065 53.61 78.37 63.93 168.08 16.79
1066 53.74 75.66 66.23 168.85 16.34
1067 53.68 84.30 61.22 150.19 14.23
1068 53.78 26.47 105.46 156.22 23.24
1069 53.75 41.70 105.34 181.57 27.13
1070 53.79 72.56 71.58 186.03 19.21
1071 53.82 23.60 101.60 145.25 20.07
1072 53.90 53.61 99.03 187.10 24.34
1073 54.00 5.40 47.73 94.10 3.84
1074 54.05 21.25 88.07 129.48 16.08
1075 54.11 43.82 92.34 178.00 23.06
1076 54.02 50.99 100.97 180.66 23.85
1077 54.21 94.37 37.50 142.39 5.10
1078 54.26 10.46 63.43 109.40 11.18
1079 54.10 13.08 69.23 116.53 12.37
1080 54.13 34.51 99.16 160.80 24.83
1081 54.12 55.90 88.20 191.48 21.15
1082 54.32 28.54 84.50 152.40 18.95
1083 54.19 30.75 79.71 152.80 21.12
1084 54.21 61.19 81.01 182.94 21.18
1085 54.30 17.15 79.62 116.48 13.70
1086 54.23 81.17 63.33 155.77 14.23
1087 54.18 89.58 55.42 140.76 10.47
1088 54.28 63.55 77.84 182.96 20.42
1089 54.40 37.42 90.62 164.20 22.44
1090 54.43 68.36 73.77 184.49 19.53
1091 54.42 49.02 90.53 183.09 21.98
1092 54.53 46.67 88.90 182.38 20.95
1093 54.45 86.60 60.99 148.38 11.88
1094 54.57 7.44 51.91 104.49 7.33
1095 54.67 19.47 69.87 125.27 14.61
1096 54.50 92.05 52.10 139.00 7.18
1097 54.54 58.05 77.69 176.84 20.20
1098 54.76 39.68 82.05 169.86 20.81
1099 54.57 65.94 82.37 183.34 19.28
1100 54.74 73.80 74.28 175.49 16.61
1101 54.79 24.51 72.90 147.39 15.28
1102 54.78 71.14 72.02 182.75 16.36
1103 54.76 78.81 65.83 160.25 13.71
1104 54.82 41.98 79.01 168.84 20.61
1105 54.91 33.02 71.57 158.91 18.46
1106 54.93 76.19 74.67 173.31 15.99
1107 55.07 26.74 65.94 147.79 14.81
1108 54.94 52.38 82.52 182.76 20.64
1109 55.03 83.45 73.09 146.16 11.29
1110 55.03 54.78 78.00 178.61 18.70
1111 55.12 14.79 59.55 115.14 11.18
1112 55.18 35.53 78.87 165.63 20.21
1113 55.14 44.70 82.59 177.17 19.66
1114 55.30 22.34 58.41 134.38 12.75
1115 55.29 59.68 91.27 177.20 18.09
1116 55.24 62.10 86.64 184.88 17.64
1117 55.28 89.58 64.47 137.23 8.62
1118 55.31 12.18 49.91 112.66 9.25
1119 55.30 30.93 67.20 153.86 15.01
1120 55.20 92.19 51.37 134.21 7.28
1121 55.35 49.62 98.32 178.86 18.03
1122 55.43 8.71 45.39 102.57 6.63
1123 55.48 57.12 89.60 179.13 17.48
1124 55.51 17.31 53.88 122.01 10.81
1125 55.45 64.51 94.87 178.71 15.37
1126 55.54 69.16 90.72 176.40 15.99
1127 55.45 94.81 50.74 119.47 3.65
1128 55.60 5.78 27.85 87.94 2.82
1129 55.52 37.69 76.00 160.75 16.42
1130 55.56 66.70 94.74 179.09 16.87
1131 55.67 28.97 65.67 151.72 13.12
1132 55.61 80.71 92.51 156.24 12.84
1133 55.66 86.25 86.25 137.87 9.83
1134 55.70 47.07 101.54 171.56 16.72
1135 55.81 41.16 78.54 158.11 15.90
1136 55.84 71.82 93.45 171.48 14.10
1137 55.99 43.41 87.28 169.52 16.94
1138 55.89 74.61 99.95 187.04 15.78
1139 55.92 77.82 93.61 162.44 12.72
1140 55.90 20.00 51.66 120.23 9.85
1141 55.96 25.32 61.42 142.02 12.27
1142 55.98 34.10 72.79 160.73 14.30
1143 56.03 51.38 100.66 175.05 16.90
1144 56.04 53.37 109.25 176.73 16.30
1145 56.32 39.06 77.00 156.32 15.10
1146 56.14 55.21 116.04 169.37 16.02
1147 56.35 93.00 84.82 128.50 4.77
1148 56.35 32.00 76.03 154.58 12.97
1149 56.27 62.89 125.48 177.16 15.34
1150 56.24 83.65 114.50 135.00 9.93
1151 56.32 60.77 134.28 172.04 14.56
1152 56.34 88.21 101.24 138.53 8.69
1153 56.42 10.53 43.00 106.84 7.69
1154 56.34 13.23 49.72 105.02 8.43
1155 56.51 90.78 99.31 135.03 7.70
1156 56.44 23.01 60.16 129.66 9.42
1157 56.40 49.23 128.37 164.81 15.18
1158 56.44 58.76 124.81 163.40 16.35
1159 56.63 7.84 36.57 101.72 4.69
1160 56.53 15.71 55.97 114.83 8.07
1161 56.53 27.54 70.81 147.12 11.27
1162 56.55 36.26 79.62 164.26 13.74
1163 56.55 45.39 123.20 166.49 14.93
1164 56.55 67.60 148.71 173.33 14.17
1165 56.66 56.78 130.79 174.91 15.19
1166 56.66 64.85 146.80 171.23 14.30
1167 56.63 95.22 52.00 100.91 2.86
1168 56.71 69.82 142.87 172.15 14.05
1169 56.87 29.81 79.46 147.29 10.79
1170 56.68 80.99 128.97 140.10 9.74
1171 56.85 72.32 130.48 165.59 12.65
1172 56.95 18.46 60.10 114.98 8.19
1173 56.90 42.17 113.35 157.62 14.40
1174 57.02 76.76 122.30 155.71 11.54
1175 57.02 5.51 23.67 82.58 1.90
1176 57.06 47.45 157.96 159.42 14.08
1177 57.01 74.62 127.04 158.76 12.01
1178 57.05 20.89 63.23 118.96 8.33
1179 57.03 52.42 161.98 168.11 15.28
1180 57.14 34.36 98.17 154.56 12.15
1181 57.20 79.01 137.53 148.17 10.63
1182 57.28 25.57 77.46 136.40 9.58
1183 57.28 40.35 108.10 156.14 12.74
1184 57.30 55.00 177.87 155.15 11.82
1185 57.36 86.22 138.37 121.94 7.99
1186 57.35 37.66 99.18 149.75 13.04
1187 57.39 50.10 173.99 160.10 13.37
1188 57.31 62.54 173.79 162.21 13.35
1189 57.39 83.60 146.87 135.03 8.68
1190 57.47 44.02 142.15 160.94 13.88
1191 57.36 59.84 163.89 160.66 13.82
1192 57.44 66.49 163.87 157.31 12.41
1193 57.43 88.74 128.99 129.58 7.76
1194 57.51 13.20 65.65 105.45 6.76
1195 57.48 31.79 103.78 144.77 10.30
1196 57.58 23.42 79.21 127.44 8.53
1197 57.48 93.90 83.87 104.40 3.34
1198 57.58 10.32 51.25 94.44 5.34
1199 57.74 27.65 95.51 138.00 8.88
1200 57.76 68.97 160.21 150.48 10.63
1201 57.73 91.51 119.11 112.48 5.96
1202 57.66 16.30 80.57 102.09 6.99
1203 57.68 57.40 158.66 158.69 12.81
1204 58.00 7.68 42.48 98.12 4.08
1205 58.00 45.94 161.32 153.29 12.58
1206 57.92 71.17 152.71 160.53 11.43
1207 58.00 64.62 161.32 148.58 11.70
1208 57.90 73.39 141.76 150.54 11.69
1209 58.08 53.65 177.22 152.39 12.07
1210 58.05 81.08 138.64 128.34 9.13
1211 58.11 29.82 120.45 139.15 9.25
1212 58.29 35.57 133.75 133.30 9.36
1213 58.10 21.11 92.12 115.39 7.34
1214 58.16 48.13 178.05 154.27 12.22
1215 58.20 51.31 177.33 157.15 13.00
1216 58.19 33.58 124.06 141.03 10.26
1217 58.14 39.61 129.02 138.71 10.88
1218 58.30 42.11 138.57 148.20 12.34
1219 58.38 75.69 136.64 140.29 10.04
1220 58.28 60.34 147.65 155.15 11.33
1221 58.32 5.34 31.03 72.27 1.43
1222 58.34 18.35 84.26 108.03 6.80
1223 58.37 78.33 133.25 135.66 9.09
1224 58.36 62.54 160.50 149.32 11.13
1225 58.33 89.36 140.25 108.23 6.03
1226 58.43 24.83 107.86 130.05 7.32
1227 58.42 37.61 125.92 134.73 9.64
1228 58.57 56.05 161.31 144.87 11.44
1229 58.70 58.34 139.49 145.40 11.17
1230 58.50 67.33 143.56 149.08 10.46
1231 58.60 44.10 158.59 146.66 11.12
1232 58.64 14.73 94.53 97.00 5.50
1233 58.75 84.18 126.48 115.35 7.52
1234 58.61 87.15 136.20 104.64 6.67
1235 58.71 11.59 93.92 96.40 4.46
1236 58.72 93.25 90.81 103.65 3.89
1237 58.84 31.82 133.10 120.26 8.71
1238 58.94 26.62 126.86 120.64 8.28
1239 58.98 22.22 106.10 103.81 6.54
1240 59.14 9.28 69.90 83.45 3.52
1241 58.99 70.35 146.71 133.43 9.91
1242 58.97 73.04 132.07 136.47 9.70
1243 59.06 28.82 125.05 116.56 7.71
1244 59.05 48.79 155.51 142.96 10.75
1245 59.11 40.57 129.66 136.31 9.43
1246 59.15 51.77 148.18 137.31 10.46
1247 59.22 54.24 148.91 135.89 10.20
1248 59.24 46.13 153.25 139.55 10.67
1249 59.17 65.57 135.49 142.76 10.84
1250 59.38 19.26 97.95 93.05 5.93
1251 59.29 60.69 133.30 142.77 11.62
1252 59.41 63.57 140.65 137.09 10.77
1253 59.31 80.58 102.19 116.22 7.30
1254 59.37 33.97 127.73 125.64 9.01
1255 59.44 38.48 135.01 115.72 8.24
1256 59.58 91.11 97.67 97.72 4.74
1257 59.50 36.25 126.03 117.74 8.47
1258 59.36 16.79 88.83 66.86 4.43
1259 59.54 77.50 109.32 125.98 8.52
1260 59.57 24.20 118.42 102.75 6.55
1261 59.91 6.35 42.62 66.32 1.81
1262 59.62 68.20 112.59 135.21 10.36
1263 59.61 43.72 136.80 129.06 9.82
1264 59.76 12.89 94.25 92.38 4.99
1265 59.68 56.41 122.38 132.32 10.67
1266 59.84 75.33 102.85 120.90 8.90
1267 59.86 88.31 99.67 103.11 5.92
1268 59.82 30.60 121.00 100.23 6.95
1269 59.81 50.02 138.74 123.55 10.04
1270 59.81 85.53 107.12 104.53 6.74
1271 60.00 41.53 104.15 121.59 8.90
1272 59.95 15.50 94.18 87.48 5.00
1273 59.91 58.62 106.91 126.09 11.28
1274 59.94 93.51 75.63 86.50 3.25
1275 60.22 26.83 109.65 100.12 6.52
1276 60.10 47.51 119.57 117.53 8.91
1277 60.11 53.09 121.50 134.73 10.94
1278 60.13 72.87 103.00 124.69 8.77
1279 60.17 21.48 89.88 89.48 4.77
1280 60.24 62.12 114.12 124.49 9.51
1281 60.21 66.27 100.99 128.19 9.49
1282 60.21 10.35 68.09 75.60 3.44
1283 60.24 82.26 93.65 104.25 6.97
1284 60.29 70.33 94.34 122.29 8.70
1285 60.29 32.92 98.25 104.43 6.70
1286 60.56 28.91 98.55 92.79 5.82
1287 60.56 17.56 81.24 73.45 4.18
1288 60.54 39.63 97.97 102.43 7.62
1289 60.57 35.22 95.62 98.11 6.92
1290 60.66 37.32 88.32 96.69 7.81
1291 60.53 45.32 102.73 112.67 8.50
1292 60.58 60.15 96.32 120.29 10.12
1293 60.53 79.22 83.76 104.09 7.03
1294 60.73 51.62 102.15 113.70 9.21
1295 60.62 64.46 89.72 119.75 8.69
1296 60.83 8.01 50.40 64.40 1.99
1297 60.56 19.26 75.15 60.44 4.50
1298 60.69 24.42 86.93 86.06 5.10
1299 60.77 54.81 103.15 109.46 9.04
1300 60.69 56.84 98.57 112.53 9.25
1301 60.85 43.27 94.88 107.66 8.94
1302 60.95 13.05 72.20 67.26 4.12
1303 60.85 68.22 89.35 119.29 8.47
1304 60.85 89.84 80.95 93.22 4.67
1305 60.95 49.50 94.39 104.16 8.90
1306 60.95 84.65 84.04 91.45 6.38
1307 61.05 31.22 85.14 89.34 5.62
1308 60.99 94.65 42.87 70.00 2.38
1309 60.99 75.00 88.62 109.01 7.92
1310 61.14 92.15 61.61 81.46 3.57
1311 61.21 14.92 68.92 62.40 3.32
1312 61.30 77.30 78.22 96.42 7.57
1313 61.06 87.19 84.50 85.09 5.18
1314 61.22 58.46 87.25 102.98 9.22
1315 61.20 47.41 92.72 99.83 8.45
1316 61.30 72.39 82.27 104.64 7.37
1317 61.13 10.35 67.42 66.75 3.54
1318 61.37 41.34 84.18 90.75 7.51
1319 61.31 21.20 64.20 69.52 4.56
1320 61.48 33.51 72.47 82.99 6.24
1321 61.38 62.42 87.81 103.36 8.47
1322 61.50 6.04 30.33 55.72 1.00
1323 61.44 66.28 86.47 108.00 7.77
1324 61.43 81.82 70.18 92.25 6.58
1325 61.57 25.92 70.06 72.84 4.94
1326 61.62 15.70 58.62 57.21 3.67
1327 61.55 53.27 98.83 101.65 8.40
1328 61.64 18.71 63.18 63.71 4.13
1329 61.54 38.89 75.66 89.17 7.98
1330 61.61 45.00 82.24 84.74 8.10
1331 61.61 69.86 80.59 102.46 7.88
1332 61.75 28.20 68.59 76.14 4.99
1333 61.71 35.95 75.66 77.21 6.90
1334 61.82 23.45 59.33 63.90 4.44
1335 61.81 60.73 80.97 100.53 9.83
1336 61.75 64.03 82.97 97.95 8.12
1337 61.78 56.58 92.97 92.59 8.62
1338 61.80 51.14 94.53 88.49 7.98
1339 61.99 79.45 76.00 87.19 6.76
1340 62.07 30.38 75.79 74.53 5.59
1341 62.04 88.96 70.42 82.13 4.38
1342 62.05 43.01 79.14 76.86 7.35
1343 62.14 49.01 91.23 77.78 7.48
1344 62.18 85.26 71.21 75.31 5.26
1345 62.14 12.56 52.78 54.69 3.02
1346 62.11 46.65 85.45 76.64 7.71
1347 62.18 75.08 72.97 82.66 6.98
1348 62.24 54.95 97.63 76.97 8.27
1349 62.34 7.47 30.92 48.08 1.12
1350 62.23 67.83 84.26 88.94 7.09
1351 62.32 37.86 77.06 69.68 5.74
1352 62.30 59.08 90.51 86.60 8.62
1353 62.32 91.28 56.30 70.14 3.84
1354 62.37 40.37 71.30 68.12 6.32
1355 62.59 16.77 53.28 48.28 3.23
1356 62.46 32.32 67.14 66.32 4.92
1357 62.40 72.82 74.90 83.18 6.73
1358 62.25 83.27 79.00 65.65 4.90
1359 62.46 9.86 49.93 50.50 2.44
1360 62.64 77.13 77.41 78.19 6.45
1361 62.39 14.11 56.08 46.85 3.77
1362 62.62 34.51 72.00 65.74 6.30
1363 62.58 65.32 84.48 81.18 6.97
1364 62.64 70.81 83.10 86.69 7.17
1365 62.56 81.66 66.61 75.55 5.84
1366 62.83 19.24 49.27 44.52 3.47
1367 62.69 26.04 62.44 61.15 4.70
1368 62.72 52.91 96.01 65.29 6.89
1369 62.81 45.16 95.97 62.76 6.76
1370 62.75 50.87 99.72 66.53 7.74
1371 62.75 57.37 96.17 76.75 6.94
1372 62.76 21.62 49.08 50.17 4.21
1373 62.79 61.40 85.93 85.55 8.00
1374 62.91 28.26 67.87 59.20 4.47
1375 62.94 36.25 80.17 53.78 5.88
1376 62.85 63.20 85.52 81.44 7.82
1377 62.87 42.25 82.33 59.79 5.90
1378 63.05 13.78 50.68 44.72 3.04
1379 62.95 47.82 99.14 63.43 6.80
1380 62.82 82.84 62.25 78.42 5.29
1381 63.13 88.12 65.25 59.77 4.47
1382 63.13 79.49 70.13 73.30 6.01
1383 63.35 38.56 93.40 50.74 5.54
1384 63.24 30.40 73.77 52.00 4.58
1385 63.13 68.84 82.30 71.28 6.45
1386 63.29 54.65 110.81 63.71 7.48
1387 63.33 59.84 109.36 68.19 7.31
1388 63.21 85.78 72.54 61.65 4.06
1389 63.38 66.86 101.91 68.00 6.76
1390 63.45 90.49 56.69 60.11 3.06
1391 63.37 74.36 85.48 66.95 6.43
1392 63.61 93.59 33.69 47.90 2.09
1393 63.53 11.53 47.36 43.97 2.53
1394 63.50 40.74 91.27 52.61 5.81
1395 63.48 33.44 76.22 46.87 4.61
1396 63.58 6.95 22.85 35.38 0.84
1397 63.61 9.24 37.37 39.99 1.77
1398 63.63 49.47 124.56 54.65 6.63
1399 63.78 42.89 94.88 48.92 5.99
1400 63.75 15.60 52.91 35.27 2.89
1401 63.68 56.58 118.18 52.65 6.97
1402 63.62 71.77 92.65 67.32 6.36
1403 63.62 82.81 79.67 64.49 5.21
1404 63.69 64.13 108.15 58.32 6.37
1405 63.89 51.40 127.24 48.49 6.29
1406 63.77 76.99 84.79 63.99 5.60
1407 63.78 26.33 72.43 41.04 4.13
1408 63.82 45.09 102.80 53.99 5.94
1409 64.01 47.44 120.53 50.73 6.16
1410 64.00 17.80 51.14 35.18 3.18
1411 63.95 61.73 126.25 58.78 6.50
1412 64.05 58.73 123.42 54.16 6.50
1413 64.00 36.44 102.09 44.56 5.37
1414 64.16 28.50 87.14 41.28 3.72
1415 64.01 53.36 132.24 55.11 7.39
1416 64.28 23.98 72.53 34.19 3.34
1417 64.12 31.59 81.41 42.97 4.34
1418 64.14 69.46 98.87 54.47 6.46
1419 64.14 79.59 78.05 57.45 5.66
1420 64.40 88.54 73.61 51.94 3.01
1421 64.28 66.14 110.94 58.69 6.39
1422 64.29 86.07 78.02 44.24 3.74
1423 64.46 34.21 102.21 39.67 5.01
1424 64.56 38.97 118.35 41.75 5.21
1425 64.54 75.10 105.74 55.76 5.38
1426 64.48 13.47 57.02 32.27 2.71
1427 64.52 72.47 115.09 50.35 5.57
1428 64.68 56.18 138.60 46.03 6.38
1429 64.69 90.84 63.76 46.34 2.79
1430 64.66 7.79 35.22 28.91 1.20
1431 64.72 10.99 50.78 30.37 2.13
1432 64.75 21.25 72.18 30.33 3.21
1433 64.74 41.11 118.96 42.97 5.55
1434 64.53 9.11 39.06 29.12 1.65
1435 64.77 49.95 145.96 44.96 6.57
1436 64.70 63.34 133.42 51.92 6.30
1437 64.72 83.03 92.68 51.73 4.33
1438 64.89 29.77 90.91 34.62 4.41
1439 64.53 84.27 93.12 41.00 3.88
1440 64.84 92.98 42.68 41.04 2.38
1441 64.84 43.92 123.51 41.82 5.42
1442 65.02 54.28 151.66 46.48 6.43
1443 64.87 26.46 90.72 33.81 3.59
1444 64.98 46.05 142.27 40.62 6.04
1445 64.85 60.27 132.02 50.26 6.59
1446 65.03 67.93 117.10 49.83 6.32
1447 65.04 77.49 96.87 49.73 4.69
1448 64.95 52.24 150.29 44.77 6.73
1449 65.08 36.73 122.46 39.08 5.08
1450 65.05 18.31 65.49 27.86 2.73
1451 65.22 31.96 98.81 34.78 4.39
1452 65.22 70.27 132.35 47.69 5.70
1453 65.19 79.95 98.46 51.95 4.76
1454 65.52 47.95 142.39 41.49 5.70
1455 65.31 65.47 137.35 47.73 6.48
1456 65.56 13.24 69.92 23.87 2.22
1457 65.50 15.52 75.78 22.94 2.30
1458 65.57 34.27 116.94 34.40 3.76
1459 65.52 61.66 133.62 44.91 6.15
1460 65.51 73.41 133.52 48.46 4.78
1461 65.71 25.08 92.41 28.43 3.43
1462 65.77 22.73 85.12 26.00 3.05
1463 65.73 58.67 133.90 41.88 6.37
1464 65.87 27.63 103.35 29.51 3.92
1465 65.64 42.32 116.48 37.20 5.16
1466 65.65 85.90 100.18 41.28 3.31
1467 65.75 88.89 87.85 41.28 2.96
1468 66.00 38.40 123.60 33.94 4.85
1469 66.00 40.43 120.84 34.99 5.09
1470 65.84 49.94 154.09 38.92 5.72
1471 65.96 20.20 76.19 24.79 3.01
1472 65.98 56.51 136.46 39.38 5.94
1473 65.88 52.02 146.53 40.53 6.06
1474 65.95 63.64 138.85 43.43 6.28
1475 65.94 75.55 130.23 44.11 5.29
1476 65.62 90.58 79.33 35.44 2.11
1477 65.98 29.85 103.62 29.32 3.95
1478 65.90 81.58 102.00 37.50 3.57
1479 66.01 83.38 112.25 41.37 3.75
1480 66.04 91.59 62.53 35.06 2.15
1481 66.06 44.47 124.02 36.88 5.30
1482 66.18 93.51 42.87 29.82 1.47
1483 66.05 66.91 135.15 39.82 5.75
1484 66.21 36.17 119.75 34.41 4.24
1485 66.23 54.67 156.75 37.51 5.95
1486 66.12 79.10 119.44 41.22 5.22
1487 66.31 17.71 77.69 22.02 2.22
1488 66.18 71.30 149.42 43.03 5.20
1489 66.39 46.23 130.55 35.66 5.44
1490 66.37 32.68 109.81 29.78 4.51
1491 66.21 10.92 59.98 18.16 1.60
1492 66.28 8.98 40.41 19.66 1.22
1493 66.53 69.19 147.61 41.05 5.92
1494 66.46 60.68 129.07 40.00 6.29
1495 66.78 87.72 105.98 36.81 3.20
1496 66.71 42.75 108.43 35.44 5.32
1497 66.75 77.52 138.00 38.01 4.52
1498 66.76 13.29 65.53 20.44 2.03
1499 66.76 73.46 140.70 38.60 5.08
1500 66.88 25.43 82.59 24.38 3.25
1501 66.80 52.82 150.63 36.13 5.88
1502 66.73 49.57 131.26 36.51 5.05
1503 66.78 58.15 138.17 38.00 6.25
1504 66.84 64.92 130.83 39.47 5.95
1505 66.91 85.19 112.34 35.23 3.00
1506 67.03 30.52 94.64 27.28 3.08
1507 66.99 81.25 116.10 35.06 4.68
1508 66.99 22.33 82.51 22.66 2.45
1509 66.93 62.49 126.65 37.63 5.37
1510 67.16 67.33 135.39 35.62 5.58
1511 67.00 10.44 61.14 20.66 1.53
1512 67.12 27.74 90.90 24.11 3.42
1513 67.14 34.96 105.71 27.67 4.41
1514 67.07 47.42 115.47 33.90 6.09
1515 67.10 90.35 75.95 26.17 2.39
1516 67.13 37.62 108.57 30.88 4.35
1517 67.29 40.11 105.13 34.03 4.95
1518 67.38 16.16 70.39 18.30 2.09
1519 67.32 56.36 136.11 34.88 5.89
1520 67.11 76.10 148.37 33.00 4.77
1521 67.62 83.20 122.59 30.59 3.52
1522 67.43 19.26 76.99 21.00 2.18
1523 67.38 44.50 105.71 31.91 4.92
1524 67.56 92.68 58.87 25.85 1.51
1525 67.49 71.75 127.59 35.43 4.61
1526 67.49 59.27 126.22 35.10 5.12
1527 67.53 32.60 98.89 25.41 3.93
1528 67.69 50.42 124.41 34.82 6.06
1529 67.49 75.11 152.46 36.84 4.92
1530 67.65 54.67 136.60 35.16 5.64
1531 67.63 69.69 127.70 35.77 5.85
1532 67.72 79.60 120.93 32.09 4.42
1533 67.66 42.03 101.90 31.39 4.63
1534 67.84 52.43 147.71 38.46 5.37
1535 67.97 13.61 69.42 16.94 2.04
1536 67.83 24.00 78.30 21.54 3.36
1537 67.88 63.60 119.74 36.09 5.43
1538 67.94 29.60 81.47 23.73 3.32
1539 67.87 61.15 114.42 33.07 5.22
1540 67.94 65.89 117.53 33.82 4.88
1541 68.01 48.38 113.21 31.22 5.40
1542 68.09 10.75 55.23 15.29 1.53
1543 68.08 88.31 97.02 29.56 2.82
1544 68.11 21.09 70.99 19.81 2.29
1545 68.13 38.28 102.91 27.74 4.85
1546 68.13 77.41 133.84 29.64 4.43
1547 68.15 46.07 102.76 29.87 5.36
1548 68.36 25.87 76.77 21.20 3.10
1549 68.25 36.15 94.92 27.16 4.16
1550 68.27 57.84 118.07 33.38 5.38
1551 68.38 73.86 122.09 31.60 4.68
1552 68.29 33.99 86.32 25.44 3.95
1553 68.35 27.94 81.13 20.07 2.96
1554 68.46 43.67 103.32 30.29 5.86
1555 68.26 84.15 119.46 30.38 3.46
1556 68.57 90.70 74.60 23.71 1.68
1557 68.45 17.30 68.68 16.79 2.42
1558 68.44 68.57 110.36 31.70 4.81
1559 68.73 86.02 104.72 25.54 3.29
1560 68.50 81.30 126.29 28.81 3.95
1561 68.60 31.80 85.51 24.41 3.51
1562 68.55 41.46 98.75 30.12 4.82
1563 68.73 55.76 125.47 33.96 5.77
1564 68.59 53.55 126.50 34.68 6.00
1565 68.77 71.15 110.43 32.69 4.65
1566 68.84 39.50 109.70 27.80 4.45
1567 68.80 59.86 120.14 35.05 5.96
1568 68.90 62.11 111.08 33.04 5.72
1569 68.91 47.56 118.33 29.40 5.79
1570 68.96 66.52 107.62 33.03 4.94
1571 68.92 23.10 69.67 19.52 2.63
1572 69.00 64.32 116.40 33.12 4.95
1573 68.89 75.80 118.98 30.17 4.38
1574 69.09 14.20 68.07 16.19 1.72
1575 69.19 29.73 92.68 21.93 3.21
1576 69.24 11.76 54.84 14.02 1.47
1577 69.01 19.12 68.78 16.98 2.37
1578 69.26 51.46 119.42 31.63 5.37
1579 69.15 79.06 116.92 27.81 3.91
1580 69.25 45.09 108.31 27.36 4.71
1581 68.97 82.20 107.47 31.37 3.26
1582 69.29 34.26 89.58 23.62 3.66
1583 69.40 89.15 101.20 24.42 1.96
1584 69.41 83.87 106.44 24.23 3.03
1585 69.32 37.07 95.70 27.07 4.62
1586 69.17 87.84 111.24 23.86 2.14
1587 69.38 20.42 73.84 16.65 2.37
1588 69.38 58.00 119.14 31.53 5.76
1589 69.16 68.42 102.57 28.29 5.43
1590 69.59 42.77 107.02 26.93 5.33
1591 69.55 25.26 78.10 19.77 3.07
1592 69.61 32.02 92.46 22.31 3.35
1593 69.64 69.02 100.44 28.90 4.89
1594 69.49 76.53 105.00 26.53 4.45
1595 69.87 40.67 108.72 25.62 4.27
1596 69.73 54.57 129.42 31.57 5.07
1597 69.73 73.74 97.96 28.32 4.65
1598 69.74 49.05 120.95 28.97 5.61
1599 69.78 60.17 127.72 32.92 5.66
1600 69.70 71.84 96.80 29.22 4.50
1601 69.88 27.78 94.57 19.90 3.01
1602 69.76 81.97 101.56 27.78 3.52
1603 70.04 16.76 66.64 15.80 2.15
1604 69.95 38.57 104.69 27.18 3.98
1605 69.95 46.49 128.37 30.06 5.14
1606 69.98 62.53 120.80 29.39 5.56
1607 69.99 66.90 106.95 30.95 5.22
1608 70.00 64.41 113.05 32.28 5.12
1609 69.98 80.83 101.15 26.64 4.06
1610 69.95 56.62 132.75 31.56 6.13
1611 70.07 35.57 92.72 23.90 4.15
1612 70.36 87.03 95.44 22.92 2.36
1613 70.13 23.15 81.65 17.94 2.75
1614 70.26 14.26 65.86 12.93 1.61
1615 70.33 18.93 78.76 16.45 2.15
1616 70.16 30.44 94.60 19.88 3.19
1617 70.37 51.49 133.49 31.37 6.19
1618 70.26 11.33 53.80 12.28 1.17
1619 70.43 78.46 101.64 25.44 3.80
1620 70.07 79.83 105.33 23.83 5.17
1621 70.51 75.38 97.89 26.85 4.40
1622 70.59 44.12 128.44 27.85 4.52
1623 70.62 32.85 98.81 21.85 4.06
1624 70.60 70.53 103.29 30.39 4.75
1625 70.63 84.54 98.66 23.05 3.05
1626 70.68 90.17 57.05 18.28 1.82
1627 70.74 53.37 142.83 28.78 5.65
1628 70.81 59.22 134.14 29.16 5.65
1629 70.84 26.37 87.55 18.99 3.18
1630 70.92 57.33 143.92 31.39 5.69
1631 70.95 47.94 135.24 28.28 5.31
1632 70.80 49.84 137.28 28.66 5.70
1633 71.06 41.95 137.33 26.07 4.94
1634 70.70 61.64 122.76 27.82 5.57
1635 70.93 65.46 117.04 28.50 5.01
1636 70.79 73.26 96.41 25.92 4.28
1637 71.11 55.25 150.49 29.09 6.10
1638 71.17 21.51 79.82 16.14 2.52
1639 71.04 28.91 99.22 18.79 3.32
1640 70.78 37.94 102.68 23.71 4.53
1641 70.99 35.72 103.97 24.12 3.85
1642 71.08 67.88 120.47 28.88 4.91
1643 71.02 81.81 98.54 22.93 3.17
1644 71.22 39.87 126.23 25.92 4.79
1645 71.17 45.85 133.39 27.51 4.80
1646 71.14 24.20 86.58 15.62 2.79
1647 71.39 88.55 67.82 17.88 1.70
1648 71.35 16.55 72.44 14.27 2.03
1649 71.50 14.19 64.50 12.99 1.33
1650 71.41 63.54 131.02 31.23 5.42
1651 71.55 33.56 102.41 22.19 4.22
1652 71.59 61.30 135.05 31.43 4.69
1653 71.38 79.49 97.12 22.21 3.82
1654 71.62 71.73 110.57 26.41 4.92
1655 71.58 51.66 147.21 29.82 6.15
1656 71.70 76.15 103.76 24.23 4.33
1657 71.81 31.15 89.92 20.65 3.38
1658 71.81 43.53 124.84 26.89 5.55
1659 71.72 78.01 94.21 22.26 4.05
1660 72.18 11.89 55.30 10.93 1.22
1661 71.96 85.01 89.47 20.32 2.33
1662 72.20 18.54 75.87 14.65 1.96
1663 71.97 49.52 143.64 27.28 5.89
1664 71.58 53.47 148.00 25.75 7.75
1665 71.90 69.58 116.77 27.00 4.73
1666 71.92 73.86 115.38 24.81 3.96
1667 71.97 36.54 98.49 22.15 4.89
1668 71.93 59.12 142.67 28.98 5.58
1669 71.85 17.10 74.26 13.42 1.58
1670 72.12 25.97 79.03 17.43 2.71
1671 72.03 56.88 138.41 28.26 5.76
1672 72.25 66.94 131.93 29.19 5.28
1673 72.26 28.87 81.75 20.05 2.89
1674 72.09 54.29 140.96 29.60 5.87
1675 72.11 46.68 122.15 26.63 5.43
1676 72.30 64.77 131.96 29.23 5.18
1677 72.23 82.16 93.43 21.95 2.97
1678 72.13 79.73 92.43 21.04 3.02
1679 72.36 40.61 117.70 25.27 5.14
1680 72.34 87.65 69.19 17.40 2.21
1681 72.55 34.17 94.71 19.93 4.68
1682 72.64 38.42 97.51 22.88 5.05
1683 72.56 62.66 129.37 26.57 5.31
1684 72.58 51.46 138.79 27.92 6.24
1685 72.60 14.06 59.25 12.04 1.51
1686 72.78 44.76 104.75 25.75 5.73
1687 72.86 60.50 138.46 27.66 6.00
1688 72.90 77.90 104.05 22.69 3.65
1689 72.92 16.55 66.91 12.97 1.99
1690 73.03 21.33 66.30 15.25 2.93
1691 72.90 48.29 112.70 28.92 6.55
1692 72.95 31.71 74.92 20.88 4.64
1693 73.06 53.69 121.71 27.64 5.95
1694 72.93 69.06 120.32 25.52 4.59
1695 72.79 71.74 115.62 26.33 4.12
1696 73.03 42.19 93.05 24.96 5.50
1697 73.01 75.18 118.60 24.33 3.84
1698 72.96 58.20 140.42 28.52 6.06
1699 73.07 36.04 81.00 21.65 5.67
1700 73.09 56.04 125.20 29.64 6.54
1701 72.72 86.88 72.50 17.88 2.38
1702 73.44 46.29 95.22 27.95 7.18
1703 73.06 23.76 66.34 16.02 2.68
1704 73.30 83.68 90.09 20.35 2.65
1705 73.41 80.89 102.12 20.94 3.12
1706 73.34 26.57 66.24 16.94 3.31
1707 73.31 65.64 131.12 27.76 4.72
1708 73.39 88.95 47.71 15.60 1.60
1709 73.40 28.96 70.21 18.60 4.28
1710 73.37 86.49 71.35 17.10 2.46
1711 73.61 39.69 77.20 24.24 6.96
1712 73.56 49.68 99.98 28.18 7.39
1713 73.79 13.44 48.68 10.41 1.15
1714 73.87 51.53 111.68 27.45 7.80
1715 73.61 62.81 126.41 28.23 6.36
1716 73.76 72.78 126.44 23.94 4.28
1717 73.66 24.51 57.24 14.71 3.29
1718 73.68 33.55 71.25 21.53 5.39
1719 73.82 67.97 117.12 26.41 5.15
1720 73.68 43.52 80.22 24.96 6.94
1721 73.89 18.30 55.98 11.74 2.57
1722 73.90 36.71 64.07 21.34 7.16
1723 73.61 15.42 48.30 12.50 2.15
1724 73.98 30.55 61.22 19.31 4.92
1725 74.02 70.38 116.03 25.22 4.65
1726 74.15 59.72 117.19 29.10 6.49
1727 74.49 57.75 102.39 27.30 6.92
1728 74.14 55.49 105.84 28.69 7.85
1729 74.25 20.65 53.40 13.53 3.01
1730 74.08 77.91 112.32 21.56 3.97
1731 74.42 48.13 82.93 27.93 9.78
1732 74.40 41.61 68.12 23.25 8.37
1733 74.10 53.85 99.25 28.75 7.47
1734 74.38 64.61 117.45 25.98 5.43
1735 74.21 22.66 52.25 14.00 3.76
1736 74.27 75.67 114.40 21.41 4.26
1737 74.26 16.80 45.20 12.27 2.22
1738 74.31 44.37 71.00 24.59 9.26
1739 74.46 61.53 105.51 27.18 6.43
1740 74.24 34.06 63.59 22.65 5.88
1741 74.64 25.52 47.82 15.73 3.91
1742 74.54 28.12 52.01 17.31 5.06
1743 74.58 83.49 89.32 17.42 2.28
1744 74.35 46.56 72.81 28.56 9.31
1745 74.64 32.21 55.55 20.56 6.17
1746 74.87 39.35 61.28 21.12 8.32
1747 74.73 66.83 106.84 24.42 6.00
1748 74.55 86.18 79.72 16.38 2.25
1749 74.68 35.09 55.18 21.20 7.10
1750 74.71 88.29 58.45 14.97 1.24
1751 74.79 80.84 105.12 20.52 3.04
1752 74.84 23.51 44.23 14.54 3.71
1753 74.88 37.48 57.83 21.63 7.94
1754 75.04 53.45 83.84 28.34 10.30
1755 74.70 74.06 126.77 21.58 4.32
1756 75.06 43.61 69.33 24.40 10.57
1757 75.16 45.83 72.72 25.95 10.25
1758 75.33 68.89 90.33 24.78 5.87
1759 75.23 71.64 104.04 22.67 4.64
1760 75.10 18.78 42.48 12.01 3.25
1761 75.37 51.22 76.49 27.08 13.79
1762 75.28 63.07 84.46 26.00 6.78
1763 75.12 16.42 42.35 11.47 2.45
1764 75.32 55.70 87.73 27.15 9.77
1765 75.12 85.72 73.07 16.73 1.98
1766 74.98 36.40 59.78 21.78 9.89
1767 75.07 34.20 57.56 20.33 7.00
1768 75.38 79.13 106.82 19.21 3.58
1769 75.55 30.94 55.11 19.54 8.00
1770 75.69 61.54 74.57 24.23 9.59
1771 75.38 74.03 112.50 22.49 4.51
1772 75.62 76.55 109.42 20.52 3.88
1773 75.51 65.39 88.49 25.72 5.72
1774 75.58 59.59 73.65 26.69 10.10
1775 75.76 26.21 45.75 16.90 5.99
1776 75.91 42.33 71.39 24.57 14.59
1777 75.75 15.35 35.28 9.76 2.46
1778 75.90 36.26 63.01 20.03 11.91
1779 75.69 37.94 60.13 21.65 11.48
1780 75.77 83.16 90.30 15.14 2.48
1781 75.93 23.42 41.10 13.74 4.77
1782 75.94 57.70 75.89 25.50 9.77
1783 76.14 85.47 80.84 15.84 1.89
1784 75.94 19.44 40.21 12.79 4.25
1785 75.94 47.83 72.74 25.65 16.07
1786 76.00 52.92 75.81 28.28 15.02
1787 76.07 66.83 75.02 23.36 6.68
1788 76.42 49.47 81.59 26.63 18.92
1789 76.06 38.86 65.47 24.27 10.93
1790 76.27 70.80 79.39 22.77 6.00
1791 76.49 81.04 101.74 18.11 3.01
1792 76.21 40.15 68.81 21.84 14.65
1793 76.50 44.26 85.19 24.70 20.84
1794 76.27 64.46 68.98 22.27 7.89
1795 76.52 33.40 64.64 19.33 11.67
1796 76.14 74.61 93.78 18.11 4.00
1797 76.32 54.95 76.08 29.10 17.98
1798 76.63 17.45 36.72 11.09 3.86
1799 76.67 60.18 65.63 25.63 13.84
1800 76.74 68.87 67.85 23.58 6.10
1801 76.45 82.90 86.96 16.80 2.60
1802 76.56 72.11 81.68 22.32 4.62
1803 76.56 28.90 57.63 16.87 7.35
1804 76.97 37.80 82.94 20.92 16.87
1805 76.71 62.36 62.14 25.05 11.64
1806 76.76 41.82 81.26 24.26 17.06
1807 76.78 77.57 91.70 19.13 3.63
1808 76.91 56.42 79.72 27.53 16.46
1809 76.55 73.58 85.21 22.30 3.85
1810 76.96 23.39 46.23 14.67 6.71
1811 76.93 52.07 82.57 26.82 25.79
1812 76.89 25.28 48.90 15.04 7.33
1813 77.06 75.59 81.49 19.92 4.08
1814 76.89 79.09 93.72 17.40 3.52
1815 76.98 30.38 59.63 17.53 13.35
1816 77.06 35.41 79.44 20.38 16.67
1817 76.83 66.78 67.02 24.45 6.74
1818 76.96 27.69 56.32 16.35 9.81
1819 77.16 39.76 90.37 22.70 18.73
1820 77.20 47.32 92.05 26.02 26.41
1821 76.98 64.39 61.80 25.40 10.44
1822 77.35 53.95 87.22 26.38 22.16
1823 77.38 86.22 68.38 13.06 1.73
1824 77.20 15.53 32.14 8.41 3.05
1825 77.53 70.91 63.86 22.00 7.22
1826 77.46 32.01 71.60 17.72 12.81
1827 77.39 58.67 75.31 25.57 20.93
1828 77.61 83.59 80.43 15.27 1.73
1829 77.37 18.48 44.16 10.73 4.62
1830 77.52 20.09 48.12 11.76 6.07
1831 77.64 44.92 103.15 24.76 25.67
1832 77.54 42.76 103.91 24.06 27.13
1833 77.70 50.74 99.84 24.14 27.51
1834 77.53 73.44 69.43 21.26 5.28
1835 77.69 48.92 111.04 25.97 32.34
1836 77.51 66.42 63.03 21.18 9.32
1837 77.59 28.38 68.70 15.68 11.95
1838 77.50 40.58 103.00 22.71 16.86
1839 77.84 80.79 84.02 16.92 2.56
1840 77.85 63.74 63.71 24.34 15.45
1841 78.00 26.10 61.83 14.74 11.47
1842 77.86 69.31 56.74 22.28 8.26
1843 77.81 78.52 73.65 17.02 3.47
1844 77.65 55.82 87.38 28.38 19.38
1845 78.26 34.09 98.14 18.87 18.65
1846 78.02 29.33 73.62 15.58 15.44
1847 78.29 57.14 92.44 25.76 26.53
1848 78.17 36.38 98.70 20.97 26.12
1849 78.17 15.52 37.74 9.70 4.01
1850 77.79 59.48 74.75 22.50 17.75
1851 78.06 77.05 69.38 18.88 3.44
1852 77.92 74.38 62.40 21.50 4.60
1853 78.04 23.37 50.84 13.32 8.78
1854 78.10 41.03 108.68 22.00 26.24
1855 77.95 75.37 59.45 20.18 4.00
1856 78.33 38.35 104.35 21.43 28.78
1857 78.28 46.54 122.00 23.72 34.13
1858 78.30 52.76 108.09 26.94 33.91
1859 78.01 56.17 86.56 24.33 21.33
1860 78.35 20.67 57.44 11.67 6.88
1861 78.36 54.75 93.78 24.93 29.27
1862 78.43 30.80 83.05 17.47 18.85
1863 78.36 68.05 58.09 24.36 12.00
1864 78.56 59.00 87.65 25.46 23.47
1865 78.76 75.45 55.41 18.88 4.53
1866 78.78 17.82 47.63 11.21 7.22
1867 78.66 43.77 125.81 24.75 33.78
1868 78.64 26.68 71.75 13.22 13.56
1869 78.72 73.14 55.47 18.13 6.92
1870 78.73 48.79 126.14 25.07 36.66
1871 78.63 62.54 74.54 23.71 19.00
1872 78.66 65.82 60.53 23.31 17.66
1873 78.51 78.14 63.31 17.00 3.38
1874 78.94 51.44 125.26 24.26 42.90
1875 78.95 28.19 83.27 15.06 16.53
1876 78.94 83.03 61.93 13.98 1.67
1877 79.11 21.91 68.96 12.44 11.86
1878 79.17 23.74 69.96 13.35 13.24
1879 79.09 39.58 120.22 21.62 35.09
1880 78.98 80.22 65.69 16.80 2.76
1881 78.79 24.94 66.65 15.12 9.41
1882 79.27 32.73 105.29 18.09 21.64
1883 78.90 19.52 54.47 10.40 7.93
1884 79.26 60.84 93.05 23.37 30.39
1885 79.41 77.37 56.39 17.43 4.31
1886 79.09 78.37 59.54 17.77 2.31
1887 79.08 20.65 66.21 11.43 10.00
1888 79.32 36.50 120.32 19.28 32.05
1889 79.36 54.52 123.14 24.76 37.93
1890 79.27 62.86 71.89 25.89 27.31
1891 79.41 41.85 129.64 23.16 35.46
1892 79.52 49.80 134.74 25.92 46.39
1893 79.51 56.92 105.67 22.54 37.67
1894 79.56 45.24 149.90 24.07 39.00
1895 79.70 30.23 101.68 16.84 22.68
1896 79.60 47.41 149.81 26.38 45.81
1897 79.55 65.05 70.97 21.71 20.59
1898 79.74 69.16 61.92 20.56 12.82
1899 79.79 25.83 84.53 14.27 17.88
1900 79.89 52.91 130.23 23.81 39.48
1901 79.80 58.94 102.43 23.85 35.00
1902 79.75 16.81 50.06 8.69 5.22
1903 79.77 20.42 68.58 11.08 9.25
1904 80.03 43.31 150.05 24.03 43.39
1905 79.83 75.89 52.26 18.15 5.21
1906 80.14 81.89 47.31 13.93 2.15
1907 80.16 37.98 130.62 20.55 36.75
1908 79.92 62.49 80.73 24.03 25.00
1909 80.04 67.17 65.67 21.39 21.43
1910 80.10 79.76 49.63 15.93 3.37
1911 80.15 15.68 41.63 7.89 4.66
1912 80.20 40.28 141.50 20.59 37.43
1913 80.46 19.61 63.03 11.23 12.55
1914 80.34 22.15 80.88 11.69 14.83
1915 80.38 71.21 62.15 19.35 14.00
1916 80.33 51.31 141.08 24.45 46.26
1917 80.62 55.06 145.47 25.13 45.97
1918 80.40 48.75 153.36 23.21 50.00
1919 80.31 61.06 92.67 23.88 36.71
1920 80.49 31.92 114.40 16.69 22.61
1921 80.62 35.90 139.30 19.68 37.76
1922 80.58 64.51 87.40 24.15 27.69
1923 80.75 57.18 132.89 23.99 39.06
1924 80.65 77.61 53.13 16.24 4.73
1925 80.83 46.80 161.86 22.56 52.47
1926 80.94 26.38 99.68 13.46 23.61
1927 80.72 44.87 153.16 23.23 49.01
1928 80.54 62.18 89.78 24.74 33.48
1929 81.03 23.85 89.25 13.21 16.84
1930 80.93 42.08 148.87 21.97 40.48
1931 80.70 60.46 98.38 23.62 29.00
1932 80.83 67.38 76.90 20.10 25.44
1933 81.10 29.16 112.78 15.56 25.30
1934 81.24 33.70 129.09 17.64 34.64
1935 81.15 53.20 149.86 23.65 53.05
1936 81.27 39.78 146.34 20.82 45.51
1937 81.17 59.37 115.67 23.02 45.05
1938 81.24 74.64 58.07 17.60 8.17
1939 81.37 49.12 156.90 22.69 56.90
1940 80.95 79.69 45.40 15.80 3.60
1941 81.55 37.77 136.18 19.79 40.67
1942 81.33 50.97 157.98 25.94 53.52
1943 81.47 80.84 40.96 14.27 2.77
1944 81.34 62.49 100.74 22.16 37.31
1945 81.66 31.36 121.55 15.64 30.20
1946 81.33 68.47 72.06 22.62 21.94
1947 81.58 72.92 72.62 17.41 11.61
1948 81.58 82.90 32.20 10.20 1.02
1949 81.86 19.01 71.19 9.52 14.05
1950 81.72 21.45 84.58 11.51 17.81
1951 81.59 66.84 91.57 21.47 29.22
1952 81.73 43.82 153.81 21.22 53.82
1953 81.41 61.08 118.89 23.44 33.89
1954 81.66 70.63 76.08 21.33 19.65
1955 81.79 56.32 140.93 24.91 54.24
1956 81.62 64.11 101.57 23.97 31.47
1957 81.90 35.72 142.18 19.19 46.49
1958 82.04 41.31 147.11 20.58 52.96
1959 82.13 45.71 157.78 22.56 61.38
1960 82.06 47.72 157.14 22.86 61.20
1961 82.00 58.76 129.42 25.06 50.32
1962 82.14 54.29 137.91 22.42 49.71
1963 82.03 60.98 114.73 21.82 42.93
1964 82.27 26.57 97.90 13.88 27.84
1965 82.21 68.74 93.00 19.85 25.70
1966 82.13 76.65 54.90 14.91 6.16
1967 82.28 51.91 151.96 22.89 58.94
1968 82.27 23.70 89.48 12.01 21.45
1969 82.36 78.82 43.26 13.72 3.98
1970 82.26 64.66 104.78 22.02 40.20
1971 82.57 28.99 109.74 14.38 27.95
1972 82.55 39.03 131.09 19.52 49.13
1973 82.66 71.81 79.51 18.33 16.05
1974 82.44 66.79 101.58 21.44 37.59
1975 82.57 81.99 26.71 11.38 1.89
1976 82.73 31.89 121.92 17.18 37.30
1977 82.79 34.15 132.45 17.89 42.64
1978 82.66 62.57 120.29 21.33 43.34
1979 82.70 49.74 146.12 22.16 54.43
1980 82.83 42.72 135.07 21.48 53.83
1981 82.77 57.47 142.14 24.36 55.19
1982 82.74 69.61 93.14 19.24 23.90
1983 82.79 74.87 62.33 15.83 10.74
1984 83.16 36.28 123.81 18.66 45.42
1985 83.06 20.23 75.16 9.64 15.29
1986 83.20 60.04 121.96 22.58 50.72
1987 82.97 24.94 89.83 13.04 21.52
1988 83.15 47.04 142.26 23.06 62.14
1989 83.26 53.07 136.42 22.69 59.36
1990 83.23 44.72 131.82 21.59 57.86
1991 83.31 64.76 109.12 19.83 42.46
1992 83.18 67.96 113.63 20.98 34.71
1993 83.34 22.36 80.58 10.28 17.60
1994 83.43 40.54 116.34 19.46 54.59
1995 83.35 55.35 134.94 23.08 54.82
1996 83.61 77.50 54.60 14.62 7.46
1997 83.30 30.08 106.85 14.27 28.85
1998 83.66 27.10 97.83 13.74 27.31
1999 83.47 75.96 59.43 15.14 7.27
2000 83.84 73.40 87.03 17.06 14.44
2001 83.58 24.06 85.42 13.00 25.31
2002 83.70 38.35 115.07 18.78 49.99
2003 83.46 25.53 95.47 11.67 24.40
2004 83.73 48.61 137.82 22.25 62.29
2005 83.76 51.02 140.44 20.90 55.17
2006 83.84 62.15 114.77 20.46 46.94
2007 83.53 32.70 114.48 16.10 39.14
2008 83.96 70.96 103.96 17.34 22.53
2009 83.90 66.52 119.24 19.46 42.58
2010 83.89 57.81 126.82 22.42 53.91
2011 83.99 30.22 95.09 13.62 36.09
2012 84.00 42.82 109.31 19.91 56.64
2013 84.15 33.32 92.27 14.93 36.02
2014 84.02 45.74 116.14 21.54 55.41
2015 84.01 79.45 41.67 13.83 5.05
2016 83.99 21.52 76.00 10.74 18.79
2017 84.34 53.84 137.32 20.76 59.97
2018 84.38 64.46 109.92 20.32 42.11
2019 84.49 35.56 89.90 17.01 41.85
2020 84.40 60.21 116.04 21.65 51.28
2021 84.56 40.59 91.99 19.27 49.31
2022 84.50 68.83 115.70 18.52 31.29
2023 84.71 75.31 78.33 14.28 11.34
2024 84.66 55.92 126.75 20.88 60.12
2025 84.70 24.64 78.05 11.99 26.40
2026 84.78 48.96 112.35 19.36 57.62
2027 84.74 37.57 91.66 19.43 47.41
2028 84.97 22.07 72.31 9.83 19.54
2029 85.07 51.50 117.41 21.12 57.68
2030 85.10 43.73 79.69 18.81 52.00
2031 84.90 46.07 89.71 20.00 60.03
2032 85.16 62.19 111.20 20.04 46.32
2033 85.08 77.49 62.29 13.44 7.74
2034 84.99 27.54 69.63 13.41 30.08
2035 85.05 30.79 72.42 14.38 43.28
2036 85.04 58.11 114.99 19.75 50.96
2037 85.14 33.74 77.08 14.78 43.82
2038 85.42 66.15 112.29 20.89 41.19
2039 85.30 72.79 95.13 15.79 20.28
2040 85.72 39.25 64.07 17.73 41.12
2041 85.18 68.04 119.20 19.00 29.60
2042 85.66 25.38 66.56 11.26 27.33
2043 85.44 41.39 68.26 19.24 45.10
2044 85.72 70.63 103.72 16.30 24.51
2045 85.73 54.55 110.86 22.75 60.81
2046 85.83 47.58 78.16 20.01 55.74
2047 85.80 59.83 104.79 21.43 54.38
2048 85.60 34.91 68.91 15.63 39.02
2049 85.87 64.16 116.58 20.16 47.49
2050 85.98 57.00 101.52 20.13 53.60
2051 85.99 27.33 63.69 12.54 35.58
2052 85.97 68.23 118.35 18.00 37.14
2053 86.19 75.65 79.23 13.62 12.31
2054 86.09 45.50 63.90 18.85 53.44
2055 86.30 36.92 55.22 17.19 42.06
2056 86.22 52.72 90.72 20.45 58.14
2057 86.27 32.60 58.12 14.62 38.99
2058 86.17 42.96 56.13 19.54 54.76
2059 86.47 29.95 48.89 13.57 30.64
2060 86.36 49.66 71.06 19.48 54.36
2061 86.37 77.77 55.37 10.90 5.13
2062 86.29 34.96 55.62 15.85 36.68
2063 86.51 61.92 98.91 19.70 46.48
2064 86.59 72.98 101.41 14.89 20.46
2065 86.74 55.81 78.00 19.92 51.05
2066 87.02 58.86 81.74 19.54 49.72
2067 86.84 23.69 53.68 9.68 22.00
2068 86.99 65.39 103.93 18.12 41.35
2069 87.15 24.78 49.58 10.54 24.69
2070 86.92 41.38 47.76 17.39 44.67
2071 87.08 46.63 51.49 18.22 48.33
2072 87.02 67.29 103.92 18.04 37.61
2073 87.02 39.00 45.17 16.91 41.15
2074 87.30 26.99 44.19 11.10 27.12
2075 87.34 44.13 43.32 17.99 48.30
2076 87.33 51.29 52.26 18.20 51.51
2077 87.37 69.21 106.95 16.51 30.18
2078 87.41 34.47 42.77 14.31 37.51
2079 87.36 53.81 57.86 19.67 55.26
2080 87.55 62.99 90.43 19.36 46.72
2081 87.57 74.93 81.08 12.12 13.08
2082 87.51 32.63 39.82 14.42 41.66
2083 87.36 56.18 66.70 18.72 50.05
2084 87.67 36.63 38.11 15.37 41.59
2085 87.60 48.85 42.23 17.86 54.53
2086 87.76 30.44 37.24 13.37 36.87
2087 88.02 28.55 34.68 12.52 32.68
2088 87.60 39.68 41.43 18.86 29.48
2089 87.89 60.51 64.39 18.28 45.85
2090 88.12 41.85 39.24 16.25 38.88
2091 88.43 46.57 36.97 17.40 45.98
2092 88.11 58.24 58.61 18.71 51.74
2093 88.44 68.01 86.40 15.81 30.88
2094 88.40 73.02 80.22 12.53 17.12
2095 88.25 65.63 85.70 15.61 33.58
2096 88.52 53.30 46.42 18.54 49.44
2097 88.39 55.65 47.75 18.90 51.42
2098 88.34 39.56 36.43 15.90 31.23
2099 88.64 51.09 44.52 17.85 46.38
2100 88.62 70.78 84.56 13.14 22.93
2101 88.52 44.33 36.04 16.57 41.70
2102 88.82 32.10 35.05 13.25 31.13
2103 88.89 48.66 38.15 16.43 41.91
2104 88.67 62.70 62.21 16.77 36.27
2105 88.86 36.81 33.47 14.82 32.41
2106 88.98 34.43 33.27 14.28 32.28
2107 89.17 29.15 29.46 11.56 28.32
2108 89.23 57.76 41.01 17.55 50.33
2109 89.38 59.98 47.25 17.87 42.14
2110 89.37 41.55 32.68 14.54 32.53
2111 89.57 66.60 68.81 16.23 34.91
2112 89.70 55.76 38.33 17.11 43.22
2113 89.79 64.32 52.47 15.34 33.62
2114 89.66 69.21 68.97 14.60 25.81
2115 89.74 43.98 33.42 16.02 34.16
2116 89.71 53.30 35.06 17.01 48.77
2117 89.48 30.38 30.23 14.69 17.62
2118 89.95 46.31 36.12 16.94 37.14
2119 89.83 50.65 35.89 17.71 41.71
2120 89.75 27.34 26.59 10.07 21.89
2121 89.87 71.41 61.23 13.54 16.33
2122 89.98 61.75 43.73 17.80 40.07
2123 89.92 36.31 27.08 13.67 28.92
2124 90.09 31.48 26.06 12.12 29.32
2125 90.23 48.70 33.37 16.19 33.55
2126 90.37 33.52 29.30 13.40 23.63
2127 90.17 59.08 38.76 16.49 36.00
2128 90.59 39.90 30.84 13.63 22.57
2129 90.79 42.56 30.64 15.55 29.34
2130 90.72 52.10 31.33 15.14 35.36
2131 90.46 54.91 38.32 16.44 30.88
2132 90.49 37.86 29.00 13.33 13.57
2133 90.66 57.43 35.71 14.84 22.49
2134 90.68 67.22 50.21 13.64 23.72
2135 90.53 71.16 52.65 10.22 19.78
2136 90.76 36.32 31.85 13.44 17.63
2137 90.74 65.03 36.93 13.50 20.10
2138 90.90 63.04 33.13 13.62 27.73
2139 91.35 61.05 31.73 15.68 31.98
2140 90.96 50.12 34.95 18.95 23.33
2141 91.14 47.56 31.25 15.34 31.72
2142 91.07 54.66 32.83 14.78 33.22
2143 91.61 38.03 31.06 12.80 23.15
2144 91.34 69.27 50.41 13.28 18.93
2145 91.38 44.40 29.13 14.11 29.55
2146 91.55 35.74 30.09 12.85 18.89
2147 91.39 56.78 29.57 17.43 34.21
2148 91.32 48.94 36.12 14.71 15.94
2149 91.26 38.70 35.20 13.20 15.20
2150 91.54 65.02 32.26 13.68 26.69
2151 91.27 40.22 32.67 14.50 19.50
2152 91.53 41.71 31.80 13.63 11.20
2153 91.94 32.37 25.12 11.41 21.79
2154 91.58 50.89 37.07 14.87 20.80
2155 91.52 53.36 31.53 14.68 15.58
2156 92.04 30.45 22.82 10.90 19.02
2157 91.77 58.74 28.55 15.08 28.62
2158 91.89 45.88 34.90 15.70 14.18
2159 91.94 40.42 32.25 12.73 15.59
2160 92.05 67.24 31.92 12.63 23.95
2161 92.00 49.64 35.00 15.86 11.22
2162 91.96 47.22 36.23 15.71 12.29
2163 92.12 52.64 33.09 16.13 24.65
2164 92.25 55.78 29.95 14.37 21.89
2165 92.08 63.05 27.22 13.64 24.56
2166 92.39 35.76 29.37 12.12 13.37
2167 92.62 44.48 30.58 14.16 14.84
2168 92.78 64.97 24.46 12.78 19.43
2169 92.47 38.83 30.62 12.92 11.85
2170 92.59 42.49 30.72 14.48 13.98
2171 92.65 49.08 34.84 16.20 19.69
2172 92.41 50.88 33.67 17.00 22.56
2173 92.68 61.57 27.23 12.54 18.36
2174 92.77 59.35 28.37 13.96 23.59
2175 92.92 37.39 28.18 10.92 15.81
2176 93.54 45.71 32.21 14.06 13.82
2177 92.79 39.97 27.80 13.13 15.96
2178 92.91 57.23 26.93 12.83 10.33
2179 93.51 33.92 22.59 10.49 15.73
2180 93.01 33.13 23.35 10.59 9.00
2181 93.35 53.26 29.80 14.44 20.01
2182 93.22 55.15 30.94 13.77 10.66
2183 93.40 50.41 31.50 13.78 8.43
2184 93.47 60.48 26.40 14.18 12.04
2185 93.66 38.77 28.94 12.15 7.55
2186 93.66 56.59 24.96 13.20 22.29
2187 93.74 47.75 28.42 14.00 14.12
2188 93.84 64.03 18.87 12.10 17.03
2189 94.18 43.60 29.17 12.96 6.96
2190 93.85 49.18 32.86 13.19 20.10
2191 93.72 57.92 29.33 8.33 8.67
2192 93.87 54.78 28.40 11.30 6.00
2193 94.35 58.29 23.92 13.61 18.39
2194 94.07 37.41 26.87 11.06 14.26
2195 94.53 34.76 23.28 10.98 14.59
2196 94.25 50.22 26.89 12.17 11.60
2197 94.72 40.45 26.24 10.59 10.30
2198 94.59 55.18 24.95 13.97 14.32
2199 94.61 52.01 28.52 14.71 16.28
2200 94.46 47.88 28.50 13.60 10.40
2201 95.02 38.50 25.51 10.80 6.22
2202 94.65 49.00 28.89 13.30 10.96
2203 94.53 53.56 27.43 12.57 10.43
2204 94.77 59.51 23.62 12.50 8.00
2205 95.32 47.67 24.33 11.58 14.93
2206 95.15 43.87 26.25 11.31 10.08
2207 95.21 60.30 21.56 10.21 13.14
2208 95.40 58.58 20.90 11.00 7.90
2209 95.52 37.18 22.23 8.69 8.74
2210 95.80 56.19 20.23 12.21 11.27
2211 95.64 45.56 23.75 11.06 7.60
2212 95.74 42.22 24.88 11.62 8.13
2213 95.64 35.62 22.00 9.37 7.71
2214 95.76 54.33 21.71 13.06 6.65
2215 95.97 49.39 21.53 12.12 15.13
2216 96.09 39.17 21.99 9.21 10.18
2217 96.17 59.09 18.48 10.18 7.79
2218 96.51 40.73 19.16 9.49 4.25
2219 96.52 44.10 21.78 10.30 11.44
2220 96.62 47.20 19.97 10.62 6.16
2221 96.87 50.84 20.69 10.90 10.54
2222 96.69 54.80 18.83 10.54 9.02
2223 96.68 57.95 17.96 9.43 6.52
2224 97.27 43.71 17.40 7.91 3.54
2225 97.39 48.27 19.30 10.18 8.34
2226 98.19 46.26 17.42 8.07 4.45

