#<Embryo name> <Cleavage cycle> <Temporal class> <Genes>
ms16 14A 4 even-skipped Kruppel bicoid

#Quantitative data
#<Nucleus number> <A-P coordinate> <D-V coordinate> <Fluorescence intensity: channel 1 - eve, channel 2 - Kr, channel 3 - bcd>
0 2.37 50.33 10.37 6.12 143.63
1 2.38 47.35 10.32 6.54 155.82
2 2.93 52.78 10.64 6.54 187.64
3 3.13 42.66 10.02 7.80 152.65
4 3.27 45.45 12.41 7.69 168.04
5 3.57 48.90 11.28 7.25 149.97
6 3.94 54.48 11.36 6.24 149.73
7 4.14 51.48 11.98 7.15 151.03
8 4.26 57.12 10.14 5.22 141.57
9 4.50 41.03 11.95 9.01 162.75
10 4.47 43.80 13.28 7.97 167.18
11 4.50 46.53 11.98 8.05 160.08
12 4.62 38.54 11.18 10.34 160.10
13 4.96 49.02 12.52 9.01 155.28
14 5.24 53.06 11.92 8.15 144.70
15 5.03 55.84 11.67 6.91 150.61
16 5.39 36.28 10.97 11.99 158.18
17 5.73 42.59 13.61 10.12 160.71
18 5.73 45.51 13.67 9.71 157.78
19 5.70 60.63 10.47 5.00 122.98
20 5.92 50.75 16.05 10.13 155.51
21 6.00 58.25 11.35 6.52 139.97
22 6.00 39.20 12.98 13.77 152.85
23 5.67 55.33 14.42 7.54 145.46
24 6.02 47.78 15.02 10.41 153.88
25 6.69 53.24 14.75 9.30 144.89
26 6.64 56.15 12.24 7.04 141.09
27 6.66 62.64 11.16 5.28 124.12
28 6.56 48.42 12.70 10.76 153.37
29 6.70 36.59 13.73 13.49 164.74
30 6.76 41.62 14.88 12.71 153.98
31 7.11 60.26 13.68 7.35 133.50
32 6.94 45.52 15.78 10.46 152.52
33 7.33 34.77 13.24 13.36 146.97
34 7.31 50.54 14.06 10.46 143.71
35 7.48 38.98 15.84 15.64 160.86
36 7.61 64.40 10.06 5.04 112.90
37 7.83 57.93 13.53 7.31 125.42
38 7.80 48.08 15.85 12.26 150.03
39 7.87 55.40 14.14 7.73 135.84
40 7.97 41.91 16.02 12.79 145.14
41 8.09 44.56 15.52 11.02 148.94
42 8.15 52.80 15.15 9.43 138.88
43 8.08 62.35 13.29 7.47 130.37
44 8.25 36.85 17.72 15.91 153.92
45 8.19 33.14 12.49 12.27 149.84
46 8.72 60.38 14.93 7.50 118.01
47 8.66 30.85 12.02 12.03 148.04
48 8.84 50.40 16.78 10.54 135.38
49 8.85 39.57 16.05 12.22 150.63
50 8.93 46.90 15.93 15.26 152.39
51 8.74 34.99 15.60 12.72 147.54
52 8.95 64.63 13.39 6.39 117.89
53 9.01 55.22 17.12 8.28 140.38
54 9.41 42.04 16.50 12.71 151.36
55 9.40 58.39 14.08 7.72 126.61
56 9.58 44.58 18.16 11.80 146.07
57 9.42 56.15 15.57 8.65 131.25
58 9.56 53.26 14.97 9.38 132.63
59 9.56 33.12 16.01 12.76 147.90
60 9.41 35.64 15.20 12.10 145.54
61 9.75 62.33 15.07 7.05 115.68
62 9.83 37.78 16.54 12.84 142.93
63 9.58 49.03 18.84 11.08 143.44
64 9.84 30.33 11.52 11.72 130.31
65 9.83 67.13 13.39 5.62 99.61
66 10.37 28.26 11.80 11.32 124.40
67 10.32 46.96 18.48 13.59 177.60
68 10.44 40.38 18.16 12.31 138.06
69 10.54 51.49 16.91 10.90 135.26
70 10.43 65.05 13.75 6.83 114.01
71 10.31 49.32 17.42 12.20 140.14
72 10.67 35.59 17.39 13.77 139.84
73 10.66 55.10 15.06 9.85 127.40
74 10.72 57.78 19.01 8.89 124.29
75 10.39 60.39 14.78 8.05 107.66
76 10.90 42.97 18.50 11.44 144.40
77 10.96 32.93 16.03 12.96 149.24
78 11.16 62.71 15.58 7.65 112.04
79 11.25 45.29 18.16 10.96 143.71
80 11.15 67.47 13.33 6.36 99.58
81 11.26 30.79 14.85 12.97 131.75
82 11.18 38.65 18.38 12.31 137.06
83 11.01 60.15 16.12 8.35 105.05
84 11.25 27.49 10.13 9.62 124.49
85 11.49 48.25 18.39 10.13 137.58
86 11.68 53.15 19.51 9.79 132.22
87 11.97 50.60 16.89 10.85 137.98
88 12.07 41.15 18.77 12.53 137.89
89 11.96 69.66 11.78 4.94 92.67
90 12.00 34.38 16.29 12.08 135.82
91 11.66 38.14 19.18 12.93 153.82
92 11.99 59.36 17.54 8.99 113.55
93 12.00 64.91 15.53 7.97 104.05
94 11.98 56.01 18.01 9.32 118.01
95 12.19 29.49 15.76 12.25 130.36
96 11.89 27.14 12.70 10.11 116.38
97 12.26 36.83 18.91 12.80 132.80
98 12.44 43.59 19.23 13.73 142.88
99 12.41 62.29 18.18 8.26 105.93
100 12.60 46.11 18.33 11.77 138.96
101 12.58 32.07 18.16 11.98 131.43
102 12.56 66.89 14.52 7.69 99.30
103 12.93 39.35 19.52 11.92 144.29
104 12.91 48.69 18.07 10.75 136.43
105 12.92 53.87 19.46 10.54 130.65
106 13.02 57.73 17.18 9.38 119.20
107 13.08 71.77 11.86 5.09 80.25
108 13.09 27.79 14.70 11.01 125.89
109 13.37 51.53 18.37 9.99 125.66
110 13.33 60.24 16.77 8.70 106.38
111 13.34 68.91 15.33 6.32 87.39
112 13.54 34.83 20.00 10.89 125.31
113 13.77 63.41 18.03 7.99 95.74
114 13.47 30.26 17.39 10.34 123.87
115 13.79 55.67 17.21 10.28 120.83
116 13.68 37.33 19.70 11.19 133.77
117 13.96 40.80 18.66 11.75 128.34
118 13.73 43.45 20.61 12.96 132.58
119 13.91 46.47 22.02 11.03 136.29
120 13.94 26.19 15.36 8.76 115.17
121 13.75 61.34 19.98 8.91 102.59
122 13.89 66.47 15.21 7.49 88.65
123 14.18 49.05 18.43 10.52 132.07
124 14.32 32.72 20.43 10.86 129.17
125 14.28 73.15 13.11 5.03 77.60
126 14.35 57.80 18.02 9.86 111.92
127 14.13 30.58 18.51 11.94 124.23
128 14.48 53.82 17.90 10.50 124.99
129 14.42 69.80 17.14 6.86 91.14
130 14.64 28.62 18.31 10.38 116.86
131 14.76 35.36 18.83 11.02 124.18
132 14.83 51.68 18.07 10.47 124.49
133 14.92 44.87 18.36 12.19 136.89
134 14.86 60.17 19.87 9.66 109.31
135 14.89 37.92 18.13 10.54 131.80
136 15.01 24.04 14.32 7.90 105.56
137 15.11 42.35 19.03 12.13 138.36
138 15.06 67.74 19.14 7.55 89.01
139 15.25 62.59 19.91 8.72 97.96
140 15.30 31.04 18.46 10.88 130.95
141 15.35 40.05 21.49 12.53 132.88
142 15.33 26.36 17.18 9.23 113.33
143 15.49 46.94 20.58 11.27 124.30
144 15.31 65.22 18.12 7.81 92.65
145 15.41 49.37 19.11 9.94 120.76
146 15.63 54.77 19.10 10.13 112.13
147 15.63 73.37 15.44 6.23 78.34
148 15.42 70.18 17.35 7.25 85.47
149 15.61 57.50 19.36 10.67 114.77
150 15.84 33.38 18.26 10.98 122.68
151 15.68 71.37 17.05 7.68 78.39
152 16.07 28.61 18.27 9.85 112.67
153 16.11 44.04 20.38 10.74 128.43
154 16.21 51.29 18.91 10.06 119.58
155 16.19 35.83 19.17 10.81 119.77
156 16.14 59.94 21.57 9.12 98.73
157 16.26 21.62 12.61 7.03 88.61
158 16.25 38.36 18.68 11.07 117.01
159 16.49 66.62 20.14 8.46 90.05
160 16.32 24.38 15.72 8.97 100.97
161 16.56 69.19 19.21 7.94 80.80
162 16.16 61.97 21.47 9.47 103.82
163 16.58 41.67 20.18 11.35 121.44
164 16.74 64.21 22.02 8.43 91.60
165 16.62 75.23 17.40 5.06 72.09
166 16.64 48.43 20.61 10.49 116.72
167 16.73 53.50 20.09 10.11 111.27
168 16.75 31.00 20.54 10.11 106.31
169 16.45 71.97 19.39 7.21 78.37
170 16.77 56.40 19.37 9.37 101.34
171 16.71 62.03 20.95 9.75 96.87
172 16.92 45.64 20.70 10.53 123.69
173 16.88 26.97 19.01 8.77 104.31
174 16.70 59.18 20.08 9.92 87.22
175 17.18 34.18 19.67 10.41 113.14
176 17.38 22.71 16.28 8.31 88.60
177 17.34 39.79 20.94 10.95 119.29
178 17.13 72.07 18.91 7.24 69.94
179 17.43 37.29 19.93 11.23 113.60
180 17.52 50.31 23.45 11.66 117.02
181 17.65 43.64 20.41 10.74 116.00
182 17.65 58.56 19.45 10.06 96.06
183 17.70 77.02 15.13 5.66 66.77
184 17.75 25.09 17.37 9.34 102.25
185 17.78 47.42 20.82 11.10 119.37
186 17.89 52.47 22.30 10.44 106.18
187 17.77 69.84 20.29 8.04 82.47
188 17.85 55.03 21.03 10.53 104.90
189 17.86 61.26 21.02 9.36 86.61
190 17.97 28.91 20.77 8.83 98.97
191 17.91 64.92 20.85 9.20 85.20
192 18.00 74.30 18.14 7.04 73.46
193 18.02 31.58 20.40 10.53 101.68
194 18.14 41.43 20.99 10.96 116.08
195 18.13 67.33 22.83 8.53 82.77
196 18.21 20.70 17.34 7.94 83.14
197 18.40 34.08 22.19 11.82 107.46
198 18.54 45.42 20.71 10.85 116.91
199 18.56 36.70 22.24 11.12 110.20
200 18.51 71.92 22.85 8.08 76.24
201 18.64 56.70 21.98 11.43 99.29
202 18.70 39.32 22.24 11.26 110.30
203 18.67 49.30 21.50 11.29 106.76
204 18.77 62.92 22.92 9.86 88.26
205 18.87 79.05 13.55 4.66 55.39
206 19.00 27.08 18.68 9.89 87.00
207 18.77 23.75 21.16 8.66 87.79
208 18.95 59.57 23.01 10.18 87.27
209 19.08 43.16 19.43 11.30 104.31
210 19.14 51.50 21.23 10.53 103.26
211 19.09 53.98 23.31 12.09 101.14
212 19.03 76.52 18.23 6.40 66.26
213 19.17 47.46 21.47 11.30 110.18
214 19.13 69.88 24.49 8.78 75.81
215 19.15 30.37 19.68 9.39 93.28
216 19.07 68.41 19.68 9.41 68.00
217 19.20 18.50 16.07 6.20 73.98
218 19.41 66.29 20.95 8.63 74.76
219 19.47 33.06 23.16 10.31 102.09
220 19.48 73.94 22.94 8.26 71.24
221 19.53 21.29 18.04 7.65 80.99
222 19.72 35.95 21.92 10.63 100.16
223 19.84 41.20 22.06 10.75 105.84
224 19.81 57.60 22.44 10.67 95.06
225 19.83 19.19 16.70 7.23 74.45
226 19.78 24.74 19.33 9.64 88.15
227 19.88 38.60 20.94 10.66 102.24
228 19.86 45.69 21.35 11.51 108.45
229 19.92 64.15 22.32 9.59 85.50
230 20.08 55.24 20.93 11.54 90.76
231 19.98 61.60 22.62 9.27 82.20
232 20.20 50.22 22.10 10.72 101.46
233 20.26 29.03 20.89 9.94 84.47
234 20.25 71.55 26.02 8.81 72.62
235 20.37 78.69 20.29 6.14 58.43
236 20.37 52.61 23.75 11.41 98.21
237 20.42 43.45 22.23 10.76 103.39
238 20.31 68.08 22.82 9.73 76.05
239 20.40 48.12 23.38 11.83 105.69
240 20.40 76.52 22.92 7.90 65.72
241 20.39 31.82 23.44 10.94 96.46
242 20.29 26.65 24.39 9.03 84.94
243 20.32 69.73 24.51 9.06 76.11
244 20.59 59.38 22.80 11.06 93.37
245 20.82 34.74 21.01 10.45 88.32
246 20.88 74.12 25.75 8.41 68.11
247 21.02 18.40 18.52 7.13 69.20
248 20.88 23.26 20.26 10.32 84.82
249 21.09 20.80 20.33 8.53 78.23
250 20.79 66.14 25.00 9.61 76.57
251 21.01 40.31 22.79 11.13 96.16
252 20.90 25.97 20.32 10.15 83.24
253 21.09 37.61 21.75 10.50 90.27
254 21.05 56.43 23.96 10.36 93.53
255 21.06 45.58 25.71 11.71 98.88
256 21.17 63.99 27.09 10.15 76.31
257 21.30 81.10 20.93 5.43 52.10
258 21.41 28.39 21.76 9.15 80.38
259 21.42 53.69 22.44 11.36 90.87
260 21.50 61.46 24.41 9.97 73.47
261 21.39 69.20 26.86 9.62 72.98
262 21.49 31.90 21.56 9.97 80.42
263 21.49 50.63 22.45 11.94 94.94
264 21.61 42.76 21.65 11.01 91.87
265 21.41 66.73 25.12 9.88 71.21
266 21.62 71.88 26.90 9.03 70.02
267 21.58 48.07 24.54 11.94 100.29
268 21.66 75.94 24.42 7.65 61.97
269 21.72 58.24 22.35 10.34 75.85
270 21.97 25.84 23.65 10.27 76.88
271 22.05 78.77 24.92 6.82 57.33
272 21.99 34.76 21.72 10.16 82.80
273 21.97 59.41 22.15 9.89 74.52
274 22.39 22.63 23.60 9.88 74.92
275 22.19 45.14 25.76 11.81 92.92
276 22.20 55.43 25.92 10.40 87.02
277 22.07 17.93 17.00 7.35 68.71
278 22.32 29.93 25.97 10.71 82.53
279 22.26 40.66 22.97 10.81 91.44
280 22.20 37.69 20.81 10.68 84.81
281 22.36 73.79 30.43 9.50 70.09
282 22.38 65.36 27.72 9.09 74.84
283 22.46 68.22 30.27 9.72 70.17
284 22.42 16.64 14.26 6.83 63.35
285 22.54 20.43 21.76 8.78 68.72
286 22.44 52.30 25.45 11.69 85.55
287 22.37 63.46 26.25 11.75 73.75
288 22.70 47.41 26.99 11.98 91.70
289 22.58 81.28 27.57 5.79 51.84
290 22.72 49.79 25.33 11.50 88.64
291 22.82 32.18 20.79 9.68 78.25
292 22.81 62.61 29.43 10.52 71.05
293 22.92 27.73 24.76 10.44 73.57
294 22.81 60.16 27.12 10.88 77.58
295 22.82 76.58 29.76 8.45 60.34
296 22.85 43.10 25.84 11.77 91.84
297 22.89 57.30 27.22 10.91 76.92
298 22.83 71.04 31.62 9.42 64.47
299 23.27 24.98 23.64 10.50 70.86
300 23.25 34.36 23.26 10.21 80.66
301 23.19 36.77 23.72 10.29 84.07
302 23.22 39.45 26.47 11.48 89.92
303 23.36 18.19 19.88 7.62 65.16
304 23.28 54.76 29.53 11.13 81.46
305 23.45 82.89 31.00 5.57 47.82
306 23.43 45.53 25.77 11.31 89.35
307 23.45 67.09 31.21 10.88 65.68
308 23.55 79.23 33.41 7.69 54.03
309 23.47 73.85 33.80 9.16 61.64
310 23.57 52.31 27.94 11.13 81.87
311 23.59 69.69 31.94 9.35 62.54
312 23.89 16.00 21.22 7.21 56.11
313 23.79 41.68 26.57 11.39 84.73
314 23.89 22.76 24.98 10.01 70.89
315 23.76 30.34 25.09 10.32 75.91
316 23.85 64.64 33.69 9.93 66.66
317 23.90 20.45 25.44 9.24 70.07
318 23.90 50.03 28.80 12.78 84.81
319 23.86 58.76 28.25 10.46 72.22
320 23.89 61.89 30.51 10.75 72.04
321 23.89 47.93 29.05 11.82 85.94
322 23.87 76.95 39.00 8.38 63.09
323 24.23 43.90 26.74 10.84 85.51
324 24.16 27.95 26.08 10.31 74.73
325 24.34 56.46 30.65 11.59 70.74
326 24.28 32.87 26.81 10.94 76.33
327 24.20 38.12 25.23 11.52 77.57
328 24.42 54.09 29.03 11.73 79.13
329 24.45 35.55 26.79 10.39 72.29
330 24.55 25.71 25.46 9.68 69.51
331 24.40 76.29 41.58 9.08 62.92
332 24.49 67.49 35.26 10.02 64.23
333 24.80 40.34 27.50 11.66 78.88
334 24.65 46.34 29.16 13.07 82.96
335 24.68 80.49 46.23 7.50 54.40
336 24.72 74.47 45.63 9.44 59.22
337 24.74 82.79 46.89 6.67 51.15
338 24.80 51.17 31.25 12.00 80.60
339 24.83 60.26 35.02 11.61 69.01
340 24.65 72.32 40.72 10.69 64.78
341 25.01 18.36 27.71 8.38 62.56
342 25.11 78.15 52.77 8.14 53.70
343 25.17 48.63 32.36 11.98 75.75
344 24.90 63.21 38.62 10.10 62.07
345 25.06 31.13 25.58 11.48 64.73
346 25.10 16.01 27.23 7.38 57.00
347 25.28 42.58 30.28 12.66 82.88
348 25.14 21.16 29.18 10.35 65.72
349 25.20 23.82 28.72 9.12 62.44
350 25.25 65.45 40.12 10.55 61.76
351 25.20 70.59 49.49 10.60 58.32
352 25.27 27.92 25.70 10.27 66.86
353 25.30 37.77 29.54 10.32 74.31
354 25.34 57.97 38.37 10.62 69.78
355 25.48 44.82 30.25 12.55 84.01
356 25.51 34.31 30.71 10.89 69.49
357 25.37 52.97 36.89 12.50 75.25
358 25.57 85.01 52.74 5.47 39.70
359 25.68 55.43 41.55 11.58 71.53
360 25.36 62.42 36.37 9.50 63.50
361 25.53 68.25 52.08 10.48 62.79
362 25.82 75.75 56.17 8.97 52.56
363 25.91 73.05 54.30 10.02 55.98
364 26.00 46.72 37.27 12.10 80.91
365 26.03 26.13 31.81 10.80 66.35
366 25.98 30.15 28.15 12.10 64.11
367 25.93 50.53 36.08 12.05 74.97
368 25.92 80.43 64.02 9.20 50.62
369 26.12 39.92 31.87 12.13 70.55
370 26.00 60.47 48.04 11.03 65.78
371 26.31 83.09 71.02 6.88 44.33
372 26.27 17.18 37.29 8.47 55.19
373 26.23 36.84 29.82 10.49 65.35
374 26.33 14.70 34.60 7.04 50.39
375 26.19 19.95 34.30 10.70 59.01
376 26.18 63.21 56.59 10.38 59.61
377 26.41 23.37 35.87 10.23 57.04
378 26.46 32.96 34.66 10.71 64.26
379 26.43 42.20 35.80 12.35 71.75
380 26.39 66.49 65.83 10.75 59.25
381 26.39 69.92 65.80 9.79 55.58
382 26.54 48.55 41.57 12.71 77.92
383 26.41 53.07 43.99 11.75 70.83
384 26.42 57.73 52.79 11.45 64.99
385 26.57 44.54 39.99 12.47 75.82
386 26.66 77.73 75.12 9.57 51.49
387 26.83 28.54 33.98 10.46 58.63
388 26.99 55.42 54.84 11.66 64.88
389 27.07 35.55 36.53 11.59 65.41
390 27.12 50.60 54.78 13.11 71.20
391 27.07 72.25 76.02 10.80 55.40
392 27.03 80.72 83.21 7.84 45.47
393 27.22 85.37 82.35 6.34 36.97
394 26.98 30.63 35.97 10.65 62.88
395 27.22 74.63 82.13 11.13 53.23
396 27.18 38.97 39.07 12.25 62.16
397 27.30 20.91 50.41 9.83 59.17
398 27.23 25.96 42.35 11.22 61.14
399 27.24 61.30 83.75 10.51 57.84
400 27.19 64.19 91.49 11.63 54.53
401 27.24 46.81 45.85 13.36 71.56
402 27.32 58.81 80.34 10.45 62.75
403 27.35 41.55 42.19 12.00 67.00
404 27.30 31.76 37.30 9.63 59.79
405 27.52 18.50 50.86 9.65 52.48
406 27.42 52.81 59.35 12.11 68.59
407 27.49 67.04 96.62 10.47 56.16
408 27.54 69.67 91.00 10.35 49.02
409 27.66 23.55 51.73 11.84 56.31
410 27.65 16.00 52.12 7.75 48.97
411 27.67 44.69 52.67 13.33 71.53
412 27.58 13.92 68.74 6.97 39.55
413 27.89 48.67 73.62 13.51 71.39
414 27.74 77.16 88.14 10.38 46.95
415 27.86 83.10 92.75 8.45 41.45
416 28.04 87.87 71.58 5.46 33.35
417 28.11 32.87 48.19 10.46 55.91
418 27.80 27.38 41.70 11.20 56.00
419 28.09 38.13 57.72 11.62 62.33
420 28.01 56.69 97.77 11.59 60.35
421 28.11 30.23 49.36 10.79 59.54
422 28.08 35.26 55.37 10.42 63.49
423 28.15 80.30 97.45 9.14 43.85
424 28.16 28.17 45.17 10.74 55.00
425 28.28 71.76 98.98 10.39 49.38
426 28.27 40.94 58.27 13.14 62.36
427 28.16 54.00 81.17 11.93 61.78
428 28.26 62.47 127.49 11.59 51.40
429 28.14 13.54 80.00 6.95 44.68
430 28.29 51.24 85.42 12.93 63.99
431 28.35 65.27 119.81 11.09 51.30
432 28.46 26.04 60.93 11.67 58.42
433 28.48 46.46 73.78 12.38 66.47
434 28.64 74.03 110.98 11.04 48.76
435 28.49 59.58 127.95 10.88 54.79
436 28.47 21.77 66.27 11.46 55.95
437 28.62 43.66 71.55 13.21 67.41
438 28.66 68.09 116.88 10.92 50.35
439 28.72 17.45 88.76 10.22 51.23
440 28.75 85.80 89.99 6.77 37.25
441 28.75 19.68 90.31 11.72 52.66
442 28.83 78.46 105.40 10.06 45.61
443 29.05 12.33 119.00 7.06 37.45
444 29.13 15.40 123.06 9.21 45.31
445 29.06 23.60 82.83 11.13 53.27
446 28.92 49.06 109.56 12.96 67.93
447 29.07 37.01 64.89 11.14 58.12
448 29.03 56.96 148.54 12.03 57.84
449 29.10 83.13 103.63 9.17 41.87
450 29.17 34.41 78.08 10.72 54.58
451 29.08 54.23 127.62 13.19 59.21
452 29.23 39.43 78.97 11.70 58.62
453 29.29 70.28 131.10 12.07 48.36
454 29.09 76.25 103.88 10.51 45.40
455 29.17 29.11 76.63 11.60 54.90
456 29.45 88.69 75.80 6.46 31.69
457 29.34 31.80 75.06 10.54 51.59
458 29.34 41.67 83.17 12.19 61.67
459 29.33 51.29 147.39 13.52 66.54
460 29.35 63.37 156.79 11.26 51.44
461 29.40 65.85 152.78 10.78 52.11
462 29.56 45.72 108.20 13.58 62.88
463 29.57 60.84 172.66 11.47 49.94
464 29.59 80.66 109.16 10.65 44.28
465 29.62 25.61 101.62 11.69 54.24
466 29.86 47.76 145.79 13.10 60.94
467 29.90 72.48 128.96 11.88 46.15
468 29.76 43.73 108.24 13.87 63.00
469 29.92 21.28 132.10 10.89 46.39
470 30.01 27.56 111.14 11.78 51.59
471 29.88 58.35 176.32 12.49 56.15
472 29.99 18.66 146.22 10.02 44.53
473 30.15 13.92 183.77 8.72 44.90
474 30.06 68.08 132.59 11.49 46.06
475 30.11 85.27 94.39 8.90 38.23
476 30.11 52.97 167.19 13.35 55.42
477 30.08 55.58 166.33 12.44 55.14
478 30.12 77.90 99.65 10.81 42.45
479 30.26 75.16 108.97 11.97 44.45
480 30.17 37.63 113.15 12.38 54.19
481 30.30 49.83 171.27 13.04 59.61
482 30.48 11.54 169.30 7.69 39.02
483 30.38 29.94 125.79 11.79 48.99
484 30.30 34.75 116.11 11.44 52.11
485 30.26 23.90 138.13 10.48 49.55
486 30.34 40.35 140.18 12.95 58.80
487 30.56 16.02 188.60 9.77 43.69
488 30.44 65.09 153.89 11.11 46.34
489 30.54 82.73 93.98 10.36 38.50
490 30.57 32.33 145.99 13.26 56.15
491 30.61 42.78 151.38 12.44 60.60
492 30.57 62.19 169.53 12.56 47.57
493 30.75 87.53 79.88 7.60 32.27
494 30.71 45.60 167.24 14.59 58.18
495 30.93 69.91 117.17 10.88 42.96
496 30.93 90.04 64.35 5.81 27.01
497 30.92 58.27 185.09 11.68 50.22
498 30.96 80.08 95.93 10.94 41.99
499 31.00 51.74 189.98 13.47 54.48
500 31.22 17.85 202.73 9.90 44.76
501 31.27 20.25 201.18 11.10 44.91
502 31.22 22.54 184.65 11.08 47.89
503 31.17 25.73 158.07 10.93 44.71
504 31.12 47.90 189.75 14.09 61.21
505 31.13 72.68 109.76 11.94 45.05
506 31.15 54.86 180.34 12.53 51.80
507 31.25 37.04 151.83 12.16 49.47
508 31.27 77.43 93.39 11.55 42.06
509 31.40 28.58 179.57 11.45 46.36
510 31.27 66.94 134.29 12.60 45.42
511 31.47 60.55 152.41 13.20 46.13
512 31.31 12.94 195.29 7.78 40.90
513 31.45 34.52 162.39 12.42 50.90
514 31.36 40.85 183.56 13.13 55.16
515 31.56 63.60 153.96 12.32 44.80
516 31.63 85.26 84.97 9.17 36.57
517 31.60 31.64 174.24 11.54 45.64
518 31.59 43.56 200.87 14.44 53.90
519 31.61 75.04 99.13 11.59 43.68
520 31.66 49.87 197.63 13.22 54.78
521 31.65 13.95 201.54 9.15 39.31
522 31.77 56.74 179.08 13.67 48.88
523 31.95 10.80 169.42 7.63 35.40
524 31.93 39.03 184.58 12.96 52.46
525 31.80 82.21 84.60 10.51 38.49
526 31.83 46.25 198.97 14.73 57.74
527 31.94 52.89 192.35 14.09 48.29
528 31.99 88.33 72.63 8.17 32.32
529 32.14 23.90 195.74 12.06 45.47
530 32.16 71.28 99.99 12.32 40.37
531 32.37 15.63 197.32 9.68 39.21
532 32.20 68.63 119.09 11.96 42.88
533 32.24 80.16 89.33 11.36 42.50
534 32.22 26.44 192.36 12.91 41.67
535 32.34 65.40 138.97 12.28 44.27
536 32.39 58.69 145.12 13.34 47.92
537 32.38 18.49 203.69 11.89 42.65
538 32.45 48.23 198.38 14.82 57.51
539 32.50 37.04 179.41 13.18 49.56
540 32.41 41.48 207.25 15.15 53.18
541 32.67 21.46 200.44 11.48 41.56
542 32.46 44.63 213.44 15.31 57.69
543 32.54 55.35 157.94 14.21 50.72
544 32.52 61.56 134.38 13.32 44.26
545 32.56 29.20 197.30 11.05 45.60
546 32.67 73.68 95.79 13.02 39.55
547 32.66 77.01 86.23 12.47 39.96
548 32.57 34.42 183.40 11.86 44.89
549 32.69 31.77 188.84 12.29 46.32
550 32.74 84.08 85.54 12.04 37.99
551 32.70 12.97 193.13 10.16 35.97
552 32.65 50.73 185.67 14.21 49.93
553 32.68 27.25 192.85 12.30 39.21
554 32.92 8.41 133.02 6.24 26.19
555 33.06 46.19 184.86 14.14 51.17
556 33.11 87.52 73.94 10.51 33.02
557 33.11 53.20 153.43 14.90 47.26
558 32.94 86.20 74.61 10.09 35.88
559 33.10 24.77 194.63 11.62 40.78
560 33.10 89.51 68.57 9.76 31.12
561 33.26 43.49 182.86 14.87 51.23
562 33.24 81.67 86.91 12.98 38.34
563 33.33 38.84 178.58 13.40 49.51
564 33.35 67.53 107.59 13.16 40.52
565 33.32 70.22 103.29 13.50 40.23
566 33.50 17.13 189.83 11.45 37.15
567 33.40 62.40 107.16 12.90 40.67
568 33.55 10.81 151.34 8.38 34.17
569 33.45 41.20 192.67 13.99 48.59
570 33.44 58.55 121.18 13.84 43.48
571 33.45 65.02 107.81 13.03 41.41
572 33.52 79.15 82.85 14.17 38.71
573 33.55 19.72 192.36 12.66 39.26
574 33.56 48.83 160.76 15.29 51.88
575 33.54 55.58 131.43 14.22 47.39
576 33.63 75.34 92.58 13.87 37.03
577 33.65 30.37 181.69 12.49 44.32
578 33.66 36.11 161.19 13.29 41.50
579 33.77 33.34 157.15 13.17 42.55
580 33.67 51.23 158.11 16.49 49.58
581 33.85 13.83 149.19 9.77 34.53
582 33.83 27.43 168.19 12.55 39.25
583 33.65 90.17 61.89 8.96 27.16
584 33.96 85.53 88.18 12.69 36.70
585 33.94 72.29 93.66 14.58 37.62
586 34.11 21.85 160.62 12.50 37.64
587 34.04 46.74 160.02 14.75 51.05
588 34.06 24.61 173.41 12.56 41.22
589 34.22 60.59 107.03 14.70 42.73
590 34.36 83.14 97.32 15.35 36.45
591 34.25 8.35 115.48 6.66 27.96
592 34.26 44.47 147.67 16.43 48.53
593 34.23 87.90 77.04 11.59 31.29
594 34.41 53.70 119.52 15.42 47.54
595 34.49 39.91 153.55 14.91 46.14
596 34.42 42.38 162.22 16.57 52.51
597 34.45 56.70 114.44 14.80 46.48
598 34.64 16.10 137.14 10.99 36.92
599 34.45 63.64 96.23 13.90 40.89
600 34.46 69.02 95.63 15.10 38.32
601 34.63 80.36 89.58 15.49 37.58
602 34.55 50.75 128.16 15.59 49.94
603 34.70 66.37 91.83 14.33 39.71
604 34.85 90.71 78.83 11.29 27.61
605 34.68 18.70 156.98 11.83 36.00
606 34.79 37.69 129.52 14.27 43.69
607 34.72 29.65 143.74 13.91 40.85
608 34.83 10.76 118.45 9.05 32.52
609 34.76 32.25 137.83 14.19 40.29
610 34.74 48.30 137.95 16.22 49.67
611 34.64 77.85 89.89 14.27 35.81
612 34.82 35.07 132.84 13.74 40.85
613 34.77 74.29 93.97 15.25 38.24
614 35.02 58.67 91.14 14.81 42.86
615 35.02 23.32 123.76 12.78 37.09
616 35.01 45.67 143.18 15.76 49.64
617 35.22 13.61 117.73 11.01 35.69
618 35.15 25.67 134.39 13.36 38.94
619 35.19 71.10 96.97 16.19 36.80
620 35.34 85.31 106.77 15.02 32.52
621 35.35 27.94 120.39 12.99 39.14
622 35.41 88.24 102.54 15.51 32.21
623 35.31 61.76 88.91 15.28 40.30
624 35.49 8.08 90.04 7.62 27.95
625 35.61 19.72 115.06 12.73 36.54
626 35.40 53.14 103.11 16.79 44.19
627 35.38 41.76 129.14 15.80 46.82
628 35.47 55.86 91.58 14.93 40.98
629 35.60 76.51 102.53 17.14 36.26
630 35.53 50.95 105.45 16.01 45.42
631 35.72 64.36 95.28 17.22 39.82
632 35.86 21.70 106.15 12.58 36.47
633 35.64 68.08 96.31 18.18 39.72
634 35.51 83.28 97.06 13.71 31.41
635 35.88 15.54 106.99 12.77 34.46
636 35.84 44.18 122.91 16.94 48.45
637 35.69 48.65 110.33 17.15 48.24
638 35.68 81.67 104.35 18.40 34.59
639 35.79 31.05 97.89 14.38 40.58
640 35.84 39.19 110.32 15.64 42.24
641 35.70 79.61 109.88 17.40 32.56
642 35.87 33.57 102.73 14.58 38.31
643 35.90 46.59 116.11 17.37 49.26
644 35.87 36.63 103.59 14.64 42.84
645 35.91 73.73 104.52 18.57 35.54
646 35.96 11.57 100.29 10.56 32.04
647 36.04 59.51 86.09 17.14 39.26
648 36.28 17.70 96.81 11.79 35.36
649 36.15 78.63 123.55 19.05 35.11
650 36.24 90.69 99.21 14.79 28.90
651 36.21 23.98 96.36 13.16 37.44
652 36.48 9.17 84.42 9.56 28.11
653 36.40 26.56 99.23 13.20 37.21
654 36.36 54.23 89.15 18.49 43.21
655 36.42 57.24 89.26 17.54 43.43
656 36.43 71.19 130.10 19.88 35.24
657 36.48 84.20 125.56 20.46 33.85
658 36.49 28.97 94.71 14.77 37.81
659 36.35 41.78 112.12 16.91 45.40
660 36.49 49.94 100.74 19.36 48.23
661 36.52 61.74 102.31 17.67 38.09
662 36.53 66.09 114.73 19.94 37.55
663 36.57 87.27 112.80 19.82 32.21
664 36.81 13.78 92.30 12.19 33.05
665 36.72 51.85 90.55 19.18 45.14
666 36.77 81.59 126.94 20.80 35.74
667 36.73 35.04 90.42 15.30 39.87
668 36.83 76.56 128.93 21.41 34.89
669 36.89 47.86 100.73 20.03 46.33
670 36.98 68.63 135.86 24.26 37.76
671 36.87 19.94 88.89 13.76 35.30
672 36.94 45.82 101.78 18.18 47.34
673 36.91 39.31 93.39 16.60 43.76
674 37.01 30.87 90.32 14.26 37.18
675 37.02 43.75 99.23 18.36 44.91
676 37.26 93.06 99.62 16.00 22.13
677 37.04 11.27 80.55 11.15 31.02
678 37.22 79.25 140.91 25.04 34.19
679 37.17 37.00 95.03 16.73 38.75
680 37.20 32.98 82.03 14.97 38.69
681 37.29 22.16 83.87 14.23 33.24
682 37.25 63.36 126.66 22.08 37.63
683 37.26 74.08 156.75 23.98 35.17
684 37.31 16.45 79.32 13.65 33.16
685 37.31 24.77 79.44 14.58 35.94
686 37.24 55.85 109.75 20.44 40.86
687 37.25 58.88 101.69 21.54 40.24
688 37.37 89.98 113.98 20.63 28.22
689 37.35 41.68 93.26 17.85 42.20
690 37.32 53.46 104.89 22.09 43.88
691 37.53 27.54 80.19 14.56 34.95
692 37.37 86.84 109.47 22.47 28.06
693 37.60 49.59 95.95 21.00 42.23
694 37.73 85.55 119.27 24.87 30.98
695 37.61 9.10 72.40 11.40 25.93
696 37.67 65.73 150.17 23.69 36.20
697 37.70 71.00 159.09 26.19 37.40
698 37.73 83.69 121.23 27.78 33.71
699 37.88 61.06 129.10 23.20 36.36
700 38.09 12.19 81.85 12.58 29.35
701 38.03 19.73 74.66 14.56 32.85
702 38.03 38.33 94.20 17.80 38.84
703 37.95 44.73 105.41 21.24 45.00
704 38.05 51.45 105.32 22.38 40.18
705 38.01 30.34 93.89 17.89 36.43
706 38.02 47.22 112.55 23.01 43.51
707 38.15 14.68 81.07 15.92 32.86
708 38.20 35.48 99.33 18.00 37.63
709 38.13 40.78 102.42 20.75 41.16
710 38.17 77.05 138.15 28.74 32.81
711 38.38 88.45 115.22 28.59 29.87
712 38.26 56.42 132.74 27.17 40.36
713 38.36 80.65 130.22 29.93 32.79
714 38.19 6.66 58.62 8.98 23.00
715 38.44 33.19 101.78 17.90 35.28
716 38.23 53.93 117.72 23.65 40.13
717 38.30 68.07 156.13 29.27 34.57
718 38.35 23.01 75.67 16.06 32.69
719 38.41 58.60 139.13 26.85 37.33
720 38.44 25.63 79.85 15.80 32.70
721 38.63 94.18 87.69 19.39 19.77
722 38.40 17.47 78.33 14.20 31.87
723 38.54 73.58 156.28 29.45 33.03
724 38.74 91.75 114.88 27.93 25.80
725 38.66 43.08 107.72 21.80 39.18
726 38.72 62.86 149.58 27.83 33.75
727 38.66 27.83 88.67 17.59 33.85
728 38.74 49.14 130.51 24.14 43.54
729 38.90 9.23 83.47 13.98 27.16
730 38.80 65.24 166.01 31.72 33.99
731 38.81 45.98 132.73 26.66 44.76
732 38.92 71.13 152.67 32.51 31.96
733 38.98 85.44 123.00 34.01 31.20
734 38.80 7.02 66.84 11.65 23.30
735 39.05 82.96 130.81 38.38 32.54
736 39.04 37.10 111.92 20.40 36.86
737 39.11 21.16 77.95 16.13 32.14
738 39.01 30.03 104.85 18.72 35.15
739 39.07 39.82 108.15 22.11 38.03
740 39.08 52.13 146.90 29.59 41.58
741 39.19 60.01 160.82 31.24 34.09
742 39.20 54.66 164.64 31.80 40.27
743 39.26 75.96 150.71 37.89 32.69
744 39.36 78.65 133.69 37.16 32.29
745 39.36 11.61 94.41 16.47 28.46
746 39.40 14.09 91.71 16.82 29.19
747 39.45 16.47 95.01 18.79 32.65
748 39.44 19.02 86.60 17.32 31.11
749 39.35 24.04 86.42 16.91 32.14
750 39.68 69.25 170.86 38.53 32.92
751 39.56 89.91 115.82 37.56 28.31
752 39.49 57.08 172.97 33.33 35.29
753 39.68 41.85 118.25 24.83 38.62
754 39.65 44.72 148.59 26.86 39.80
755 39.60 66.69 176.54 37.18 34.36
756 39.69 87.43 130.96 42.19 30.44
757 39.71 26.33 104.39 17.94 32.60
758 39.70 31.50 120.68 21.05 34.22
759 39.66 47.21 163.00 29.80 41.81
760 39.83 34.09 125.67 21.73 31.61
761 39.75 49.67 175.98 32.10 40.24
762 40.01 61.45 162.44 40.59 33.91
763 40.05 81.26 116.58 46.10 30.42
764 40.10 74.16 135.56 44.33 30.78
765 40.18 63.87 173.77 44.38 33.83
766 40.15 28.50 121.10 22.35 31.76
767 40.03 36.65 122.82 23.45 34.23
768 40.26 94.39 83.23 34.10 21.18
769 40.18 22.34 102.48 19.66 30.19
770 40.20 39.42 136.42 25.75 34.93
771 40.09 51.82 196.04 36.58 38.15
772 40.17 8.86 96.46 16.72 24.37
773 40.28 71.65 151.69 44.78 31.38
774 40.41 84.17 114.15 51.78 31.49
775 40.52 92.07 98.39 42.27 24.07
776 40.30 54.20 194.48 37.62 37.61
777 40.37 58.91 172.10 44.07 33.74
778 40.50 18.08 115.34 21.57 27.44
779 40.47 43.32 160.42 32.20 38.47
780 40.57 11.89 109.94 21.09 26.21
781 40.62 77.07 133.74 53.98 32.03
782 40.73 20.37 125.26 20.87 28.43
783 40.72 24.87 129.40 22.46 29.42
784 40.63 56.47 184.61 43.09 35.62
785 40.71 14.57 121.11 21.00 27.99
786 40.82 79.35 117.00 51.24 30.80
787 40.64 48.15 183.45 38.59 39.44
788 40.68 66.42 164.84 54.85 33.07
789 40.77 30.52 152.25 26.98 34.15
790 40.91 45.67 181.92 36.21 36.99
791 40.93 89.51 104.24 45.74 27.97
792 41.03 32.62 157.31 25.21 32.23
793 41.02 6.38 94.46 15.37 19.32
794 40.92 87.01 105.86 56.77 30.07
795 41.01 36.01 153.49 28.52 32.21
796 41.12 41.06 165.04 33.99 34.38
797 41.05 50.40 202.05 46.46 38.25
798 41.03 7.72 104.06 18.00 22.04
799 41.13 68.91 146.80 56.21 30.37
800 41.24 27.09 144.92 28.00 31.01
801 41.17 38.48 157.71 32.52 37.10
802 41.25 60.45 162.28 56.17 32.80
803 41.27 52.56 190.58 46.55 38.76
804 41.33 74.72 117.46 56.36 29.53
805 41.49 83.07 104.54 65.01 29.81
806 41.47 23.01 143.19 26.64 29.30
807 41.41 63.11 158.13 63.89 32.03
808 41.33 9.62 117.77 24.22 23.74
809 41.49 43.36 198.58 39.88 36.70
810 41.59 54.80 183.02 55.28 36.84
811 41.57 71.64 130.23 61.27 29.51
812 41.55 81.35 94.94 62.60 27.57
813 41.53 16.07 140.69 27.23 27.64
814 41.63 57.35 167.50 54.44 33.71
815 41.74 18.67 143.71 27.16 27.77
816 41.63 47.12 202.88 46.08 37.55
817 41.70 34.37 183.45 32.46 33.49
818 41.75 29.42 160.69 30.12 29.43
819 41.90 85.34 95.81 65.87 29.81
820 41.82 93.91 66.96 47.15 20.54
821 41.88 11.87 143.09 28.57 25.38
822 41.79 65.96 143.66 64.85 31.13
823 41.69 5.23 82.56 17.96 15.92
824 41.89 80.14 98.58 66.62 32.87
825 42.02 91.32 81.50 55.78 25.38
826 41.98 49.07 196.74 55.02 38.11
827 42.02 21.03 161.59 31.01 29.39
828 42.35 14.13 154.98 33.86 26.09
829 42.15 77.82 92.20 70.93 29.43
830 41.93 9.85 112.16 24.89 22.63
831 42.25 25.56 154.02 34.25 28.65
832 42.11 88.38 85.51 59.83 28.58
833 41.99 16.82 145.39 29.30 27.26
834 42.20 37.01 178.51 42.78 33.33
835 42.23 7.35 111.69 26.51 19.96
836 42.22 39.67 181.45 43.00 32.06
837 42.32 32.01 176.74 37.11 31.56
838 42.42 58.81 141.53 70.99 32.74
839 42.37 44.59 199.35 52.80 35.21
840 42.30 51.22 180.47 70.73 40.48
841 42.39 69.24 118.41 80.69 29.95
842 42.43 41.98 183.21 51.01 35.00
843 42.54 61.09 136.41 77.04 33.05
844 42.51 53.45 165.10 76.17 37.76
845 42.45 74.76 96.42 74.93 30.32
846 42.67 27.93 165.84 39.38 28.42
847 42.62 63.88 135.98 82.82 31.45
848 42.64 46.97 200.95 60.05 38.01
849 42.74 72.04 102.51 78.53 28.09
850 42.86 23.37 158.53 38.29 27.25
851 42.73 34.71 171.29 46.43 31.30
852 42.83 56.04 142.31 74.11 34.73
853 42.91 95.30 47.43 48.28 17.50
854 42.88 66.71 118.59 87.59 29.96
855 42.92 16.78 158.00 38.90 27.73
856 42.94 80.88 78.28 81.25 28.47
857 42.94 83.61 82.94 78.10 28.16
858 43.03 30.31 171.12 46.65 28.66
859 43.09 86.62 75.39 80.22 28.25
860 43.19 9.24 113.88 37.87 20.81
861 43.32 18.94 147.38 47.77 26.72
862 43.27 5.57 105.33 32.63 18.92
863 43.15 11.72 131.23 41.77 24.25
864 43.17 21.00 163.99 47.00 29.80
865 43.12 49.18 173.14 75.01 36.46
866 43.16 38.30 178.72 53.38 32.51
867 43.28 89.56 70.27 79.78 27.57
868 43.38 92.13 60.91 66.48 23.56
869 43.26 76.70 73.01 85.28 30.78
870 43.41 51.34 157.00 86.07 36.69
871 43.43 45.08 171.17 71.81 35.78
872 43.54 42.90 167.15 69.62 35.13
873 43.51 62.28 119.36 105.04 32.16
874 43.60 14.53 140.00 49.81 25.21
875 43.55 26.25 143.75 51.26 26.82
876 43.61 40.53 168.38 66.98 30.97
877 43.64 32.67 190.44 71.58 37.87
878 43.62 53.36 137.01 97.50 35.77
879 43.71 70.26 80.94 93.27 29.20
880 43.72 57.80 108.22 94.57 32.47
881 43.74 73.55 71.29 90.94 28.07
882 43.74 47.22 170.80 84.28 37.42
883 43.89 78.67 57.40 88.84 28.46
884 43.73 35.16 150.41 62.01 28.50
885 43.85 60.01 106.65 113.36 33.72
886 43.88 64.70 96.01 102.72 28.98
887 43.89 67.52 89.59 101.93 27.75
888 43.96 29.47 155.32 64.52 28.54
889 43.91 55.47 122.65 103.51 37.00
890 44.12 94.20 50.31 66.80 19.09
891 44.18 84.98 69.36 91.11 28.31
892 44.23 7.51 107.74 51.98 20.53
893 44.16 81.39 61.94 89.91 29.35
894 44.03 16.41 127.86 56.81 27.78
895 44.23 24.12 130.05 60.40 26.21
896 44.15 37.49 142.45 72.84 30.75
897 44.13 79.89 62.41 85.54 28.35
898 44.08 82.81 67.69 89.43 26.76
899 44.29 12.17 121.34 58.63 24.69
900 44.24 21.85 143.02 63.30 26.46
901 44.23 49.49 137.09 103.03 34.20
902 44.36 87.60 68.21 92.40 27.15
903 44.29 17.59 118.71 58.89 25.82
904 44.26 76.06 61.56 91.93 29.73
905 44.49 9.75 111.15 58.49 21.88
906 44.62 90.08 58.55 86.18 25.83
907 44.48 44.70 133.56 92.04 34.05
908 44.58 51.56 116.89 111.87 35.94
909 44.55 42.13 130.93 95.08 31.99
910 44.67 32.11 124.06 76.77 27.26
911 44.74 61.94 89.93 118.36 29.78
912 44.82 19.62 111.84 73.00 25.12
913 44.74 39.70 127.88 93.99 30.38
914 44.68 53.80 105.13 126.38 35.74
915 44.76 26.18 116.38 72.34 27.44
916 44.75 47.62 132.49 113.07 34.23
917 44.81 71.34 64.30 104.18 27.62
918 44.96 92.41 55.71 78.36 23.68
919 44.93 28.41 124.73 82.95 27.34
920 44.87 14.74 105.44 81.41 25.47
921 44.85 34.91 113.27 85.01 29.19
922 44.86 56.65 92.21 133.12 33.54
923 44.94 59.08 88.62 129.19 34.17
924 44.92 68.03 70.26 113.48 28.41
925 44.97 64.83 77.59 118.81 29.15
926 45.09 74.22 60.90 103.69 27.73
927 45.16 83.35 68.57 101.36 27.86
928 45.26 77.61 60.05 98.25 26.68
929 45.21 37.37 105.67 100.58 28.74
930 45.29 45.82 126.04 117.98 34.65
931 45.24 16.98 87.20 84.94 26.33
932 45.26 22.07 109.70 89.62 27.39
933 45.44 30.73 102.94 99.59 27.68
934 45.33 49.62 104.82 134.11 34.31
935 45.46 80.55 62.53 101.45 25.37
936 45.47 94.89 51.33 76.61 20.47
937 45.38 12.47 93.07 86.20 23.83
938 45.61 86.00 76.33 106.29 27.71
939 45.65 7.59 79.61 80.16 20.94
940 45.56 43.59 96.90 125.72 32.68
941 45.57 41.39 100.71 119.42 30.22
942 45.68 24.31 83.73 93.11 25.86
943 45.59 54.65 78.96 136.86 34.96
944 45.68 10.16 79.11 89.75 21.44
945 45.69 51.91 88.12 137.65 33.52
946 45.83 88.52 69.45 102.08 26.07
947 45.80 33.51 88.42 113.33 27.75
948 45.83 69.38 70.16 121.21 26.76
949 45.82 60.55 71.71 132.15 28.26
950 45.91 39.12 96.34 139.58 34.41
951 46.04 90.76 61.06 91.47 24.45
952 45.90 47.44 98.89 142.47 34.43
953 45.88 57.44 82.70 143.56 32.17
954 45.92 26.89 84.61 109.20 24.87
955 45.94 63.51 80.13 131.80 28.86
956 46.01 18.99 76.40 103.16 25.83
957 46.02 36.13 92.31 135.29 29.07
958 46.03 71.65 71.88 112.66 28.53
959 46.06 5.31 65.70 71.73 18.14
960 46.14 66.45 77.25 126.57 26.98
961 46.22 14.08 72.45 102.81 24.67
962 46.24 29.00 73.36 116.71 25.71
963 46.29 16.27 69.38 113.58 25.15
964 46.26 21.42 83.25 117.82 24.91
965 46.19 72.95 77.40 116.90 28.57
966 46.26 75.15 73.80 104.75 26.33
967 46.23 83.12 68.80 104.63 26.44
968 46.39 45.22 91.31 151.11 34.03
969 46.43 78.26 76.21 110.84 26.19
970 46.43 49.19 85.59 155.93 33.23
971 46.50 31.57 71.52 118.40 27.45
972 46.58 53.27 93.87 168.45 33.32
973 46.70 11.99 67.35 109.91 21.72
974 46.55 55.42 96.00 151.77 33.49
975 46.76 92.62 70.63 100.86 23.36
976 46.68 95.00 69.00 84.75 19.67
977 46.71 40.99 84.93 143.86 29.09
978 46.80 43.29 80.26 148.60 31.57
979 46.72 25.29 76.97 121.04 26.03
980 46.70 58.74 95.95 154.86 30.32
981 46.81 9.16 60.94 102.98 20.11
982 46.79 51.11 97.42 171.29 33.22
983 46.86 37.91 73.88 138.12 27.84
984 46.86 87.05 80.29 103.05 26.01
985 46.85 34.75 82.67 161.22 31.48
986 46.85 61.31 92.46 140.86 28.98
987 46.91 80.99 79.33 116.23 26.49
988 46.90 69.35 81.65 124.08 26.90
989 47.12 22.84 71.10 120.35 23.47
990 47.01 46.86 83.43 169.60 33.72
991 47.17 6.46 51.25 91.33 18.08
992 47.05 64.18 92.71 133.27 27.46
993 47.21 84.63 86.62 110.65 28.05
994 47.28 17.81 64.79 121.08 22.71
995 47.37 27.14 72.25 131.37 23.54
996 47.36 89.34 100.22 105.57 24.15
997 47.34 20.25 64.38 126.75 24.24
998 47.30 72.55 83.65 118.98 24.86
999 47.41 56.84 113.89 152.39 30.32
1000 47.35 75.50 92.19 117.43 25.97
1001 47.45 15.26 68.20 123.35 22.76
1002 47.38 29.73 71.60 134.03 24.63
1003 47.53 67.08 95.64 136.83 25.28
1004 47.47 48.47 100.27 178.86 34.08
1005 47.58 32.33 76.46 134.10 23.67
1006 47.64 39.88 82.05 150.58 26.97
1007 47.63 78.64 88.08 117.63 26.21
1008 47.64 54.41 118.97 169.47 32.55
1009 47.79 45.38 87.25 172.25 31.33
1010 47.77 37.01 81.43 150.30 26.69
1011 47.78 52.50 118.69 179.64 32.42
1012 47.81 50.41 117.08 186.55 32.22
1013 47.79 59.38 116.46 158.62 29.61
1014 47.96 91.66 102.06 102.56 23.64
1015 47.71 11.52 69.83 118.80 21.60
1016 47.91 94.41 85.27 90.45 19.23
1017 47.93 24.56 84.93 137.37 24.35
1018 47.84 42.77 96.49 167.26 30.06
1019 48.00 8.65 77.14 121.74 19.80
1020 47.94 34.49 80.43 147.11 23.16
1021 47.97 61.94 128.88 147.93 28.39
1022 47.99 70.23 108.29 127.69 25.82
1023 48.14 87.06 101.59 108.10 25.74
1024 48.35 13.67 89.06 131.53 20.91
1025 48.26 64.47 137.17 132.14 25.95
1026 48.24 81.53 110.04 119.66 25.57
1027 48.34 22.08 96.23 130.79 21.47
1028 48.46 6.25 66.91 113.31 17.48
1029 48.44 28.36 91.22 149.48 24.56
1030 48.43 84.48 110.87 112.44 25.29
1031 48.37 19.16 77.54 140.48 23.20
1032 48.40 75.70 98.93 121.69 25.42
1033 48.56 30.70 101.94 149.32 23.75
1034 48.44 55.67 146.81 175.70 30.85
1035 48.45 48.37 121.47 188.99 32.18
1036 48.63 16.41 82.59 137.18 20.76
1037 48.78 72.81 108.37 122.43 24.47
1038 48.68 38.50 120.09 172.65 25.42
1039 48.64 41.35 123.41 171.94 29.36
1040 48.80 89.77 108.67 105.37 25.14
1041 48.63 10.30 101.57 133.70 21.89
1042 48.74 66.84 127.39 142.66 26.61
1043 48.74 57.77 146.04 166.85 30.32
1044 48.90 26.26 105.72 150.17 24.78
1045 48.77 36.05 121.22 165.71 24.24
1046 48.73 44.03 133.18 186.26 31.00
1047 48.74 51.12 156.96 194.87 33.25
1048 48.83 33.04 123.82 159.37 25.09
1049 48.89 46.56 141.14 187.60 31.45
1050 48.96 79.03 116.02 121.59 25.67
1051 48.92 11.40 101.44 132.15 20.54
1052 48.95 53.54 151.72 184.16 30.33
1053 48.93 60.13 162.89 158.83 28.04
1054 49.16 94.74 96.09 83.83 18.02
1055 49.04 69.52 134.34 134.65 25.29
1056 49.26 20.69 124.97 155.10 23.46
1057 49.20 23.86 118.96 146.51 22.21
1058 49.20 62.92 161.46 156.46 26.11
1059 49.31 8.06 101.66 123.60 18.25
1060 49.40 92.34 110.04 99.60 21.62
1061 49.17 96.67 79.38 57.47 13.32
1062 49.47 18.35 125.79 146.08 21.36
1063 49.46 82.03 111.66 115.47 24.26
1064 49.45 85.97 109.92 120.43 25.36
1065 49.49 49.35 176.34 191.32 31.42
1066 49.62 3.84 81.43 105.72 14.26
1067 49.50 39.91 141.85 175.74 24.73
1068 49.53 76.51 114.84 123.20 23.73
1069 49.48 29.24 124.42 149.72 23.31
1070 49.69 14.61 117.62 149.82 21.65
1071 49.57 56.07 178.01 174.74 29.03
1072 49.70 88.38 83.11 107.16 25.34
1073 49.69 42.44 157.57 178.68 28.04
1074 49.66 45.45 171.88 184.20 29.31
1075 49.83 5.94 97.63 121.06 17.28
1076 49.74 12.33 126.33 142.29 21.15
1077 49.70 34.52 161.08 162.62 24.08
1078 49.71 51.73 178.04 190.99 31.15
1079 49.77 65.17 140.96 148.77 25.08
1080 49.84 37.44 149.18 165.40 24.76
1081 50.05 9.98 134.25 135.73 20.59
1082 49.86 32.11 154.88 166.42 24.31
1083 49.94 70.97 129.46 144.81 25.86
1084 50.02 67.80 132.12 144.51 23.74
1085 50.06 73.97 123.34 124.38 24.22
1086 50.09 47.85 194.73 197.24 32.31
1087 50.01 58.34 180.72 169.29 28.75
1088 50.00 61.02 180.67 154.26 27.04
1089 50.07 22.40 137.09 152.08 22.59
1090 49.98 25.89 135.09 155.81 22.41
1091 50.16 54.15 177.31 187.54 29.04
1092 50.19 16.93 141.39 149.68 20.18
1093 50.28 79.94 119.58 120.63 24.17
1094 50.37 44.13 174.11 199.94 29.37
1095 50.54 30.42 140.98 157.74 21.59
1096 50.41 84.55 101.05 117.72 24.14
1097 50.61 19.40 135.78 149.86 22.76
1098 50.58 28.30 143.61 165.49 23.67
1099 50.54 90.32 94.40 131.88 26.51
1100 50.55 93.30 90.33 97.42 19.41
1101 50.63 7.95 119.82 127.03 18.65
1102 50.49 40.20 154.91 184.96 26.36
1103 50.55 78.23 119.91 133.26 26.02
1104 50.61 35.47 166.05 168.70 22.70
1105 50.63 63.22 162.70 158.15 25.12
1106 50.64 50.13 181.57 192.74 29.77
1107 50.68 76.62 108.76 122.61 22.94
1108 50.78 46.38 188.57 185.81 28.79
1109 50.77 52.35 192.08 194.13 30.13
1110 50.78 56.47 168.10 179.65 27.14
1111 50.85 82.19 100.86 120.92 25.38
1112 50.91 12.16 126.66 142.96 18.68
1113 50.82 3.68 83.00 102.49 13.87
1114 51.00 23.71 134.93 158.73 22.01
1115 50.88 87.70 77.40 117.44 24.89
1116 50.93 42.22 163.18 191.31 25.74
1117 50.82 85.57 94.36 113.42 25.64
1118 50.97 14.99 138.25 150.73 22.46
1119 50.70 16.68 155.12 159.75 20.75
1120 50.97 38.09 160.15 178.66 23.00
1121 50.99 71.58 104.69 139.86 24.20
1122 50.92 59.72 168.05 173.98 27.46
1123 51.14 66.21 128.99 156.31 24.16
1124 51.09 25.86 140.96 168.10 22.52
1125 51.02 32.83 150.39 153.28 21.60
1126 51.12 68.98 104.28 141.63 23.04
1127 51.26 5.85 93.32 125.21 16.52
1128 51.18 21.35 142.26 157.49 21.34
1129 51.37 73.83 100.85 142.16 23.70
1130 51.29 48.59 166.03 201.15 29.14
1131 51.19 9.99 117.90 147.41 18.69
1132 51.28 54.37 170.36 199.13 29.90
1133 51.49 17.42 140.95 157.11 21.06
1134 51.44 44.61 155.95 185.95 26.56
1135 51.50 36.02 148.46 179.20 23.93
1136 51.67 76.19 84.99 132.28 23.51
1137 51.57 40.40 153.22 196.53 24.60
1138 51.61 63.85 137.25 165.01 25.72
1139 51.67 91.86 62.58 103.77 20.14
1140 51.64 94.52 57.17 86.51 16.82
1141 51.74 61.29 145.79 161.96 26.44
1142 51.72 79.25 84.45 122.87 23.97
1143 51.70 27.77 115.10 160.04 21.64
1144 51.82 30.53 125.10 160.26 22.06
1145 51.72 50.73 164.22 199.44 28.55
1146 51.84 83.91 74.40 130.06 24.05
1147 51.89 86.37 62.73 121.02 24.60
1148 51.78 58.33 139.02 183.08 27.32
1149 51.94 8.10 103.59 144.65 18.72
1150 51.85 13.63 117.71 154.29 20.10
1151 51.91 52.65 162.49 199.55 30.88
1152 52.01 89.10 61.27 117.23 23.07
1153 51.80 10.08 111.73 143.19 18.97
1154 51.96 47.06 133.24 204.36 27.49
1155 51.92 56.14 151.27 184.47 29.05
1156 52.15 19.76 115.80 163.14 21.33
1157 52.06 42.68 140.56 187.95 25.59
1158 52.02 33.04 133.84 197.38 27.06
1159 52.10 38.12 126.51 182.34 22.98
1160 52.22 71.37 89.02 137.89 23.93
1161 52.18 24.31 107.71 174.45 21.81
1162 52.17 68.26 91.99 144.88 22.50
1163 52.33 4.45 72.06 109.04 13.64
1164 52.53 11.36 88.75 151.33 19.30
1165 52.46 81.44 61.87 120.54 22.55
1166 52.38 22.06 97.98 157.29 19.42
1167 52.43 35.14 95.59 170.24 21.94
1168 52.53 15.48 98.96 158.23 20.34
1169 52.47 49.03 122.83 200.76 26.92
1170 52.44 45.24 111.29 196.13 27.51
1171 52.53 64.88 98.67 162.88 24.02
1172 52.63 40.86 116.58 193.99 24.40
1173 52.58 54.27 117.60 188.84 26.97
1174 52.75 6.61 74.80 130.52 16.81
1175 52.66 17.55 99.74 174.14 20.83
1176 52.65 26.44 88.21 158.75 21.17
1177 52.70 74.16 68.90 136.40 23.07
1178 52.72 28.78 79.53 167.41 21.31
1179 52.72 59.53 96.58 174.73 26.39
1180 52.73 76.97 69.36 130.28 22.80
1181 52.87 93.87 39.53 94.27 18.45
1182 52.79 51.12 118.09 195.59 27.79
1183 52.90 62.26 81.17 158.06 23.29
1184 52.93 91.51 47.17 111.40 21.44
1185 52.88 56.79 96.39 181.05 27.19
1186 52.99 13.38 81.38 156.11 20.33
1187 53.08 31.00 83.78 201.63 24.67
1188 53.07 67.03 73.29 157.60 24.64
1189 53.16 86.83 46.82 123.79 23.38
1190 53.04 43.45 87.18 194.60 24.68
1191 53.27 79.11 60.11 133.16 22.34
1192 53.14 83.48 49.00 122.59 23.56
1193 53.14 9.14 66.30 142.66 18.39
1194 53.17 36.83 78.77 188.43 22.96
1195 53.16 39.09 88.21 186.16 23.50
1196 53.13 33.18 79.73 177.53 21.88
1197 53.22 47.62 85.18 205.58 28.88
1198 53.12 84.97 49.56 121.80 23.89
1199 53.20 70.05 80.07 145.46 21.74
1200 53.40 89.25 42.70 115.08 23.08
1201 53.34 19.75 66.32 156.94 19.07
1202 53.45 24.58 61.29 172.83 20.37
1203 53.53 52.24 76.84 192.96 26.68
1204 53.45 22.35 65.83 170.18 19.11
1205 53.48 45.69 80.03 220.97 30.63
1206 53.59 4.64 47.27 126.80 14.30
1207 53.59 54.57 70.31 190.18 26.94
1208 53.73 41.34 76.06 195.49 24.49
1209 53.69 49.92 79.29 197.44 26.93
1210 53.86 73.21 47.12 134.84 21.83
1211 53.79 64.74 59.98 149.70 22.81
1212 53.82 16.71 63.50 159.88 18.73
1213 53.82 26.88 53.00 164.14 19.57
1214 53.80 35.00 61.23 175.55 21.60
1215 53.76 57.27 65.29 179.80 27.42
1216 53.85 76.13 48.11 134.60 21.90
1217 53.95 14.40 63.41 160.18 19.28
1218 53.84 59.80 61.98 173.84 22.97
1219 53.90 81.49 44.08 131.46 24.12
1220 53.91 11.75 55.68 154.96 19.38
1221 54.12 6.96 39.67 134.56 16.15
1222 53.97 29.57 55.77 167.14 21.60
1223 54.03 43.54 64.00 183.38 23.81
1224 54.11 62.11 57.91 159.37 23.24
1225 54.14 94.07 30.60 97.84 17.14
1226 54.14 37.65 70.42 186.32 22.95
1227 54.12 67.71 60.50 147.47 23.43
1228 54.20 32.57 56.84 168.11 20.45
1229 54.32 91.31 38.33 107.76 20.28
1230 54.33 9.25 41.81 138.52 16.94
1231 54.27 70.61 49.57 137.52 21.87
1232 54.30 48.27 59.42 190.38 27.23
1233 54.34 84.24 39.57 118.26 22.76
1234 54.35 87.56 42.36 120.10 21.26
1235 54.47 18.75 52.61 158.05 17.63
1236 54.46 21.43 52.68 172.58 19.54
1237 54.55 39.82 72.99 193.78 23.85
1238 54.47 53.25 57.94 192.26 26.58
1239 54.57 55.91 59.59 177.19 25.82
1240 54.47 45.97 63.18 194.79 24.71
1241 54.55 78.65 41.75 126.08 21.73
1242 54.64 23.83 53.10 168.22 18.32
1243 54.70 51.12 56.22 190.91 24.86
1244 54.74 58.32 53.70 171.81 24.51
1245 54.90 28.14 49.82 160.60 20.11
1246 54.95 4.93 37.15 122.54 13.82
1247 54.91 35.44 61.26 168.74 19.70
1248 54.96 41.76 84.36 188.51 23.32
1249 55.03 30.65 58.18 162.84 19.66
1250 54.97 63.89 58.16 163.96 24.36
1251 54.95 75.84 38.62 125.61 21.22
1252 55.14 11.08 53.04 145.76 17.52
1253 54.99 13.59 54.81 145.82 18.46
1254 55.19 25.87 54.04 159.05 18.16
1255 55.00 43.92 69.69 197.02 25.20
1256 55.08 66.40 53.56 157.48 23.68
1257 55.06 81.29 38.10 119.07 21.82
1258 55.09 16.32 61.18 155.01 18.39
1259 55.18 72.28 40.55 127.02 21.76
1260 55.20 49.27 67.22 194.31 25.58
1261 55.17 61.15 51.49 160.31 23.21
1262 55.15 89.87 43.38 108.08 21.25
1263 55.19 37.85 71.23 174.52 22.03
1264 55.24 69.26 49.94 148.60 20.42
1265 55.24 33.19 66.60 168.72 20.54
1266 55.31 54.52 64.00 193.06 26.05
1267 55.36 85.73 48.19 122.77 23.70
1268 55.37 93.55 37.25 99.20 17.94
1269 55.49 7.57 44.44 129.25 15.59
1270 55.39 47.31 74.70 192.86 26.11
1271 55.50 19.46 71.28 151.32 18.07
1272 55.72 87.97 53.68 117.83 22.18
1273 55.60 21.89 71.31 162.76 17.88
1274 55.68 52.60 74.03 195.96 24.39
1275 55.67 45.33 83.23 190.54 24.24
1276 55.85 83.63 44.00 116.69 23.38
1277 55.80 78.64 45.04 123.84 21.56
1278 55.72 91.74 48.00 110.27 19.00
1279 55.87 74.43 47.23 139.19 22.10
1280 55.89 39.94 100.51 172.19 22.00
1281 55.81 56.38 66.58 176.77 23.71
1282 55.81 58.67 64.07 169.01 24.18
1283 55.92 50.59 94.39 188.97 25.05
1284 56.09 95.28 43.00 80.92 14.78
1285 56.21 9.59 73.70 135.68 15.96
1286 55.95 42.44 116.03 192.58 23.01
1287 56.08 23.92 80.45 154.22 18.07
1288 56.03 28.97 72.77 143.82 18.69
1289 56.07 14.61 73.24 144.26 17.57
1290 56.11 31.92 82.66 153.15 19.07
1291 56.16 34.79 89.13 171.00 20.62
1292 56.19 63.38 67.07 150.06 22.05
1293 56.17 65.81 64.69 149.58 22.79
1294 56.18 4.89 45.12 114.16 12.37
1295 56.12 17.22 85.35 146.26 18.18
1296 56.15 37.23 120.06 174.74 20.13
1297 56.19 68.33 61.43 141.06 23.22
1298 56.31 12.19 83.29 136.61 16.98
1299 56.27 61.04 67.99 158.03 23.61
1300 56.35 81.10 53.95 120.20 22.62
1301 56.37 48.79 102.83 186.86 26.20
1302 56.37 71.47 67.71 129.33 20.07
1303 56.38 26.40 85.66 151.92 18.67
1304 56.55 76.71 72.16 153.74 23.06
1305 56.36 91.32 50.58 108.62 19.00
1306 56.54 20.33 102.38 151.87 18.19
1307 56.56 46.56 124.91 177.34 25.48
1308 56.56 54.36 110.44 173.66 25.42
1309 56.59 44.03 130.80 184.80 23.54
1310 56.79 85.87 53.89 104.65 21.89
1311 56.89 7.36 75.91 123.32 14.89
1312 56.75 51.86 122.19 175.32 23.92
1313 56.81 89.38 69.29 101.48 20.88
1314 56.84 56.88 90.19 160.08 23.22
1315 57.04 92.97 63.36 90.08 16.30
1316 56.98 41.21 141.51 175.09 22.00
1317 57.01 30.69 110.94 149.69 19.93
1318 57.04 38.91 136.96 164.55 20.84
1319 56.93 59.37 95.01 169.70 23.31
1320 57.10 74.07 85.53 121.29 20.61
1321 57.21 27.86 120.42 134.70 18.06
1322 57.26 15.59 105.31 136.05 17.14
1323 57.17 18.04 111.16 141.02 16.77
1324 57.28 22.34 114.30 135.34 17.03
1325 57.16 33.37 104.69 156.60 19.87
1326 57.14 82.95 64.24 119.83 21.70
1327 57.21 24.75 108.86 131.68 17.03
1328 57.14 36.27 125.38 156.07 20.42
1329 57.24 65.58 100.24 142.95 21.20
1330 57.21 69.08 91.35 136.99 20.58
1331 57.34 79.17 81.38 114.14 21.94
1332 57.38 49.78 128.27 172.76 23.39
1333 57.35 62.81 103.41 154.52 21.66
1334 57.37 5.02 72.99 107.11 12.91
1335 57.43 10.82 104.65 120.99 15.81
1336 57.37 13.42 115.84 140.13 18.24
1337 57.53 95.50 67.26 80.42 13.19
1338 57.47 47.65 139.79 167.78 24.06
1339 57.53 45.54 155.61 170.00 23.39
1340 57.61 53.74 141.37 169.85 24.84
1341 57.54 43.25 148.57 173.49 23.04
1342 57.72 71.64 108.55 126.56 20.51
1343 57.70 87.79 83.29 100.55 22.15
1344 57.68 55.69 143.21 161.98 24.89
1345 57.74 76.24 95.66 117.32 20.17
1346 57.88 19.76 122.51 133.46 17.17
1347 57.76 51.66 154.11 173.11 23.16
1348 57.91 60.36 132.01 148.93 21.30
1349 58.02 8.58 107.67 115.22 15.69
1350 58.01 57.82 127.33 149.08 21.89
1351 57.94 90.63 87.50 101.16 19.16
1352 57.95 29.80 111.99 130.48 18.19
1353 58.10 34.83 124.83 146.85 20.20
1354 58.03 37.60 119.82 144.10 20.01
1355 58.14 39.94 133.98 149.23 21.09
1356 58.14 67.91 121.76 124.63 19.54
1357 58.34 85.73 96.32 103.14 22.10
1358 58.31 3.56 68.46 81.11 9.75
1359 58.30 26.07 96.15 120.85 17.30
1360 58.21 83.27 97.21 109.08 21.19
1361 58.35 32.29 101.84 129.64 18.95
1362 58.36 42.10 139.17 148.97 20.22
1363 58.42 6.33 98.22 100.84 12.82
1364 58.41 17.23 116.83 122.78 17.05
1365 58.40 48.56 148.61 187.50 25.99
1366 58.46 65.20 141.42 123.52 20.52
1367 58.53 80.70 94.49 103.43 21.46
1368 58.45 93.31 82.34 86.54 15.68
1369 58.55 12.41 100.89 107.98 16.21
1370 58.51 23.90 108.88 121.60 16.83
1371 58.53 21.51 109.10 120.21 16.29
1372 58.49 62.67 140.93 133.80 21.47
1373 58.58 14.91 110.97 105.39 16.48
1374 58.52 44.41 152.57 152.96 22.35
1375 58.57 73.85 110.39 109.98 19.37
1376 58.56 27.96 93.26 124.22 18.22
1377 58.64 77.72 103.64 104.20 19.49
1378 58.63 46.60 150.33 151.75 24.04
1379 58.65 50.66 132.79 152.99 23.78
1380 58.71 53.20 141.53 136.96 22.43
1381 58.91 10.25 92.05 103.63 15.22
1382 58.82 55.70 133.94 130.07 23.48
1383 58.97 70.31 118.69 108.70 19.23
1384 58.93 88.51 109.08 93.31 20.45
1385 59.07 30.03 77.98 115.80 18.30
1386 59.03 37.21 110.42 134.81 20.74
1387 59.10 60.41 126.92 133.31 21.31
1388 59.20 90.89 104.26 89.16 17.18
1389 59.22 40.57 112.60 130.10 20.36
1390 59.12 58.10 130.95 139.75 22.33
1391 59.25 19.18 86.43 108.76 16.94
1392 59.18 34.77 86.77 119.69 18.53
1393 59.22 67.57 150.59 122.45 20.99
1394 59.46 5.24 72.18 74.42 11.48
1395 59.39 7.95 83.12 90.40 13.26
1396 59.37 83.11 98.73 93.96 20.42
1397 59.42 49.41 119.52 137.77 22.51
1398 59.54 42.82 116.56 117.59 20.48
1399 59.46 45.02 126.91 139.32 22.51
1400 59.57 52.10 115.67 138.00 23.28
1401 59.56 27.41 65.55 101.86 17.42
1402 59.67 72.74 102.14 104.70 19.76
1403 59.67 75.70 104.15 97.86 20.14
1404 59.60 24.61 75.13 103.50 16.88
1405 59.54 32.33 72.75 106.87 18.59
1406 59.57 62.83 130.42 127.00 20.54
1407 59.59 13.80 71.44 91.64 16.53
1408 59.66 21.94 82.42 105.78 15.82
1409 59.74 38.86 90.60 106.88 19.57
1410 59.71 47.18 123.52 135.53 22.39
1411 59.76 78.90 105.66 97.29 20.20
1412 59.84 15.95 69.83 93.44 16.07
1413 59.78 54.66 117.93 131.67 21.83
1414 59.87 65.43 123.91 116.47 18.90
1415 59.96 93.88 97.23 75.32 14.10
1416 60.04 11.87 65.15 89.84 14.66
1417 60.08 36.48 75.18 93.98 18.63
1418 60.03 57.17 107.51 123.62 20.28
1419 59.95 86.36 113.55 84.81 20.45
1420 60.27 88.56 116.51 86.21 19.37
1421 60.22 59.69 105.27 109.38 20.45
1422 60.28 18.33 60.83 85.21 16.01
1423 60.30 30.52 60.91 86.41 17.12
1424 60.30 68.34 126.90 102.32 19.05
1425 60.34 9.65 63.78 76.67 14.93
1426 60.35 41.30 85.46 106.36 20.32
1427 60.40 50.88 100.27 120.49 22.33
1428 60.40 33.92 66.64 90.18 17.74
1429 60.40 48.86 100.26 122.05 21.40
1430 60.46 70.92 117.53 104.30 18.89
1431 60.48 6.93 65.82 74.48 13.19
1432 60.50 25.73 56.20 82.89 15.42
1433 60.41 44.77 96.69 115.08 22.35
1434 60.57 20.66 61.81 88.94 15.33
1435 60.34 84.05 108.58 91.32 21.32
1436 60.55 62.70 110.33 114.36 20.78
1437 60.43 81.38 102.23 91.91 19.76
1438 60.57 90.95 103.52 81.54 17.18
1439 60.65 53.22 90.64 117.08 20.76
1440 60.70 28.06 56.56 84.60 16.64
1441 60.85 23.29 55.16 81.19 15.45
1442 60.76 77.40 82.93 89.27 19.35
1443 60.85 47.06 88.22 108.26 20.99
1444 60.77 38.88 76.25 94.26 18.76
1445 60.87 55.49 87.87 107.12 19.93
1446 60.86 74.06 90.11 90.06 18.35
1447 61.05 14.37 54.35 72.59 15.34
1448 60.82 83.07 102.77 77.92 20.13
1449 61.14 42.83 79.57 89.31 20.40
1450 61.00 65.57 103.71 98.72 18.15
1451 61.16 16.85 52.67 71.55 15.21
1452 60.86 84.63 98.59 73.94 21.12
1453 61.14 36.03 77.84 87.85 20.86
1454 61.10 57.99 83.47 97.24 20.42
1455 61.17 11.78 51.77 69.03 14.82
1456 61.18 92.76 83.91 71.61 15.36
1457 61.38 8.44 51.32 60.21 12.94
1458 61.14 79.75 76.82 79.11 20.58
1459 61.27 60.84 90.30 100.95 18.95
1460 61.29 32.72 63.52 66.17 17.67
1461 61.42 45.17 86.50 92.20 21.54
1462 61.42 51.83 92.45 106.12 21.22
1463 61.45 29.98 62.52 65.53 16.71
1464 61.46 49.35 84.83 89.95 20.85
1465 61.45 68.32 91.46 93.30 18.53
1466 61.61 90.19 76.77 56.54 16.94
1467 61.56 19.35 50.26 66.17 14.94
1468 61.57 40.71 68.95 72.15 18.85
1469 61.67 88.82 79.51 59.51 17.45
1470 61.54 71.16 90.92 88.32 18.57
1471 61.57 81.16 75.62 73.06 20.39
1472 61.38 85.91 93.76 67.55 19.52
1473 61.59 25.51 52.46 68.01 17.17
1474 61.74 21.90 47.47 64.08 15.41
1475 61.76 76.69 72.53 78.79 19.01
1476 61.77 63.39 85.03 86.85 18.91
1477 61.68 83.44 83.40 71.30 19.64
1478 61.89 27.58 56.68 61.93 16.26
1479 61.85 38.59 71.62 68.78 17.49
1480 61.88 53.92 74.21 88.73 21.08
1481 61.92 5.97 40.44 45.22 10.70
1482 61.89 56.22 74.89 94.10 19.09
1483 61.91 47.19 84.84 82.46 20.30
1484 62.11 34.31 63.36 55.47 16.51
1485 62.15 74.47 69.08 71.30 18.90
1486 62.19 9.96 49.69 49.72 13.47
1487 62.15 59.08 75.33 77.39 19.59
1488 62.12 15.61 44.96 51.51 13.75
1489 62.11 66.00 87.42 83.25 19.36
1490 62.13 78.96 67.98 74.86 18.53
1491 62.20 12.54 50.26 54.74 14.05
1492 62.29 44.16 77.77 68.03 20.18
1493 62.22 31.75 59.06 51.69 16.52
1494 62.27 36.60 77.01 61.06 18.31
1495 62.26 86.45 95.37 72.27 22.13
1496 62.18 93.09 67.21 57.74 14.39
1497 62.38 23.95 46.00 51.66 15.08
1498 62.30 50.94 82.22 79.99 19.88
1499 62.36 42.18 75.90 65.19 19.09
1500 62.41 61.43 79.44 81.70 19.12
1501 62.56 69.47 71.64 73.77 18.85
1502 62.78 17.93 49.98 45.84 15.59
1503 62.59 72.36 66.93 72.38 18.74
1504 62.87 7.90 44.02 40.03 11.37
1505 62.59 48.85 80.62 73.22 19.39
1506 62.65 20.20 51.34 50.14 15.04
1507 62.75 29.17 67.83 48.80 15.26
1508 62.58 79.90 66.62 59.38 18.90
1509 62.80 91.21 69.05 56.45 16.32
1510 62.76 46.20 80.91 68.82 19.51
1511 62.83 57.45 69.40 71.01 18.96
1512 62.71 84.02 86.63 83.13 23.13
1513 62.97 81.73 66.86 61.14 19.75
1514 62.90 26.61 55.98 46.60 15.16
1515 62.73 89.11 67.51 54.07 17.37
1516 62.88 52.86 69.64 67.26 19.82
1517 62.93 55.22 68.21 73.71 20.01
1518 62.96 40.34 77.04 54.87 18.61
1519 63.01 77.30 60.86 64.57 18.47
1520 63.15 13.77 53.64 39.99 14.93
1521 63.02 38.19 77.13 49.39 17.90
1522 63.18 64.06 70.23 65.44 18.53
1523 63.04 11.39 53.51 40.67 13.53
1524 63.24 22.16 55.74 39.36 14.38
1525 63.12 66.78 73.61 67.96 17.98
1526 63.24 31.13 71.65 42.02 15.85
1527 63.28 33.36 74.05 39.24 15.65
1528 63.25 35.55 83.83 40.98 17.29
1529 63.20 88.18 68.38 49.51 17.85
1530 63.35 15.95 56.35 38.74 14.50
1531 63.31 42.77 84.11 55.30 18.32
1532 63.43 51.00 74.32 58.21 18.96
1533 63.46 10.51 55.06 35.15 12.17
1534 63.55 59.47 79.77 65.99 20.40
1535 63.54 61.91 79.78 60.82 18.65
1536 63.72 85.96 58.78 46.52 18.36
1537 63.48 24.50 67.07 35.55 15.44
1538 63.54 44.72 88.02 55.58 19.52
1539 63.57 48.85 86.21 55.53 19.79
1540 63.64 75.15 56.74 56.49 18.39
1541 63.68 72.25 56.78 59.32 18.74
1542 63.77 79.27 56.39 51.57 17.99
1543 63.78 69.24 65.14 56.71 17.63
1544 63.90 93.09 54.01 43.04 12.85
1545 63.74 46.74 80.95 51.19 18.25
1546 63.92 19.92 64.13 35.88 14.44
1547 63.79 53.80 76.46 60.45 19.00
1548 63.93 83.40 65.88 50.54 18.91
1549 63.77 7.23 45.91 31.64 11.70
1550 63.95 28.63 82.05 35.09 15.16
1551 64.02 37.37 92.75 34.48 16.26
1552 63.94 56.63 73.70 56.72 19.27
1553 64.05 90.43 63.63 44.85 15.68
1554 64.04 41.37 95.29 39.10 18.04
1555 64.07 17.75 60.48 33.50 14.58
1556 64.15 39.32 95.89 36.12 17.15
1557 64.21 9.41 50.16 29.31 11.72
1558 64.20 12.21 56.88 29.54 13.67
1559 64.17 66.39 71.47 53.87 17.86
1560 64.28 14.42 59.38 31.08 12.56
1561 64.44 26.36 87.85 28.77 15.08
1562 64.22 87.96 58.31 43.47 18.07
1563 64.24 31.12 97.24 32.31 15.42
1564 64.32 34.08 93.19 31.74 14.79
1565 64.33 6.56 51.47 29.06 10.28
1566 64.58 43.43 118.23 35.08 18.11
1567 64.44 52.05 77.89 48.32 18.43
1568 64.54 49.80 92.38 48.69 19.40
1569 64.61 63.99 72.97 45.45 18.33
1570 64.67 47.70 102.24 37.91 18.13
1571 64.68 55.10 80.32 49.66 17.40
1572 64.59 58.73 81.44 46.53 17.93
1573 64.46 16.22 66.19 22.62 13.95
1574 64.44 23.96 83.48 27.16 14.16
1575 64.64 61.40 78.32 44.95 18.33
1576 64.63 45.51 103.15 40.11 19.15
1577 64.69 77.53 57.80 45.47 18.12
1578 64.73 80.81 56.79 41.89 17.65
1579 64.74 71.36 54.96 46.40 17.56
1580 64.46 15.32 64.78 32.22 13.11
1581 64.89 74.09 56.29 44.56 17.70
1582 64.89 36.44 107.01 27.64 15.74
1583 65.01 83.66 57.70 38.32 18.62
1584 65.15 21.45 87.23 25.48 14.62
1585 65.20 16.97 84.60 24.66 13.66
1586 65.26 41.45 121.14 27.87 17.99
1587 65.13 91.84 53.80 34.15 12.76
1588 65.30 29.14 107.71 22.83 15.25
1589 65.17 31.49 112.38 26.66 14.97
1590 65.17 69.17 58.75 40.66 17.14
1591 65.26 19.33 76.39 24.18 12.93
1592 65.31 86.88 63.59 38.94 17.96
1593 65.46 7.89 67.60 19.87 10.36
1594 65.34 89.36 62.66 36.36 16.88
1595 65.38 10.24 66.57 23.88 11.86
1596 65.42 12.74 77.84 23.27 12.30
1597 65.32 38.93 109.47 27.61 16.51
1598 65.38 53.46 96.11 38.45 18.08
1599 65.33 66.39 70.45 36.03 17.47
1600 65.33 24.20 92.37 21.50 14.40
1601 65.40 50.76 107.37 35.33 19.49
1602 65.40 57.64 95.15 37.06 18.44
1603 65.34 14.69 87.30 22.66 13.40
1604 65.43 33.98 118.38 26.23 15.46
1605 65.39 84.97 56.16 32.21 16.76
1606 65.66 26.66 105.59 21.10 14.67
1607 65.65 46.22 112.29 30.79 19.05
1608 65.64 60.47 82.15 36.42 16.89
1609 65.74 48.52 113.75 28.70 18.04
1610 65.83 63.40 88.80 33.59 16.61
1611 65.81 77.10 64.47 37.33 17.12
1612 65.75 43.74 113.57 25.94 19.03
1613 65.84 55.84 94.24 38.39 18.12
1614 65.73 71.97 62.65 35.41 18.06
1615 65.93 79.32 60.37 33.94 17.12
1616 65.93 36.23 119.26 23.20 15.88
1617 65.91 82.10 61.34 34.74 17.71
1618 65.69 15.62 84.07 21.20 12.67
1619 65.99 67.99 73.39 33.43 16.78
1620 66.28 22.36 91.53 18.85 13.52
1621 66.23 52.26 117.03 31.80 17.89
1622 66.10 70.95 63.76 32.35 16.35
1623 66.21 31.54 122.12 21.54 14.09
1624 66.44 73.92 75.13 30.26 17.35
1625 66.32 91.03 54.73 24.74 14.06
1626 66.33 40.51 104.36 23.35 16.49
1627 66.33 69.08 65.46 29.10 16.77
1628 66.31 6.37 65.70 14.37 9.68
1629 66.41 10.99 76.01 19.42 12.29
1630 66.46 17.31 78.91 18.48 13.19
1631 66.51 19.59 87.06 18.19 13.17
1632 66.50 38.30 102.19 20.95 16.73
1633 66.43 58.95 102.40 29.96 17.47
1634 66.48 84.84 57.50 28.98 18.21
1635 66.53 66.14 91.53 29.56 16.42
1636 66.49 87.62 58.99 30.24 16.83
1637 66.61 33.60 107.13 19.78 15.15
1638 66.54 50.09 116.81 27.58 18.52
1639 66.69 25.18 92.49 17.95 13.22
1640 66.60 54.58 108.88 29.85 17.83
1641 66.70 42.38 114.53 22.62 16.62
1642 66.65 45.13 102.32 22.09 17.28
1643 66.68 27.95 100.06 17.97 14.73
1644 66.81 61.67 97.94 27.27 16.59
1645 66.67 8.86 68.93 17.45 9.53
1646 66.80 47.48 108.38 25.27 17.95
1647 66.65 12.04 74.47 17.37 12.05
1648 66.93 56.96 107.57 29.71 17.19
1649 66.93 76.44 76.03 28.04 17.36
1650 66.88 81.61 66.79 27.98 19.17
1651 67.06 30.27 101.11 17.78 14.41
1652 67.01 36.02 102.63 18.56 15.55
1653 67.09 71.39 77.30 27.28 16.77
1654 67.22 79.53 72.90 30.56 17.89
1655 67.09 6.45 57.60 12.20 8.40
1656 67.33 13.25 75.87 15.93 12.86
1657 67.19 64.21 99.68 26.36 17.32
1658 67.24 52.80 120.12 26.77 18.64
1659 67.32 8.12 72.00 13.33 10.46
1660 67.36 90.75 61.60 22.06 13.96
1661 67.42 23.49 78.00 16.21 14.00
1662 67.48 39.63 89.71 20.12 15.33
1663 67.27 68.07 83.60 25.42 17.62
1664 67.45 20.83 76.30 15.93 12.67
1665 67.50 43.55 109.56 19.90 16.03
1666 67.60 15.76 61.27 15.00 12.86
1667 67.56 49.96 99.92 22.37 17.57
1668 67.48 59.50 102.96 25.88 17.35
1669 67.71 10.90 79.42 14.40 11.13
1670 67.58 85.65 60.21 23.57 17.26
1671 67.78 17.77 74.38 16.83 13.01
1672 67.64 55.42 117.06 25.24 17.45
1673 67.68 33.97 89.47 17.31 15.23
1674 67.78 83.62 67.82 23.21 17.55
1675 67.66 88.05 67.37 23.08 16.65
1676 67.62 18.87 75.17 15.04 11.50
1677 67.89 45.44 105.60 22.10 16.60
1678 67.68 69.10 80.61 21.61 17.31
1679 67.66 73.46 74.91 24.21 16.79
1680 67.83 25.88 81.09 15.49 13.51
1681 67.83 28.43 94.09 16.13 13.88
1682 67.93 37.31 95.59 16.66 16.05
1683 68.01 47.31 105.44 22.07 17.25
1684 67.95 74.66 75.26 21.59 16.25
1685 68.05 31.88 92.24 15.88 14.57
1686 68.08 41.59 97.29 17.29 16.74
1687 68.04 66.16 98.34 21.03 16.61
1688 67.98 77.69 78.66 23.98 17.51
1689 68.05 62.86 104.31 22.15 16.74
1690 68.11 52.39 110.70 23.56 16.47
1691 68.07 89.16 62.76 18.88 14.05
1692 68.29 57.76 119.28 26.40 18.70
1693 68.21 71.48 85.80 21.71 16.41
1694 68.42 8.49 60.67 10.35 10.23
1695 68.35 22.15 70.10 14.72 13.02
1696 68.14 9.57 63.80 12.60 9.40
1697 68.39 91.93 64.22 17.57 11.38
1698 68.46 48.98 97.77 22.20 17.39
1699 68.52 13.59 68.75 13.20 12.05
1700 68.46 60.57 119.16 22.26 16.55
1701 68.66 81.12 75.89 20.55 17.33
1702 68.71 29.72 84.27 15.16 14.60
1703 68.61 35.47 86.80 16.35 15.08
1704 68.57 54.97 105.82 23.78 16.13
1705 68.67 39.36 96.55 16.55 15.60
1706 68.78 43.54 102.32 19.04 16.93
1707 68.77 86.97 73.66 19.19 15.73
1708 68.75 19.99 69.78 14.13 13.66
1709 68.75 68.41 83.68 20.47 15.44
1710 68.84 15.63 66.44 13.23 12.74
1711 68.83 24.42 77.39 14.98 12.73
1712 68.85 75.81 79.27 20.40 16.40
1713 68.67 11.25 64.92 11.42 10.62
1714 68.98 17.73 66.69 12.93 12.53
1715 68.89 26.94 79.59 14.30 12.71
1716 68.85 50.89 101.62 19.96 17.96
1717 69.06 33.34 80.41 14.53 15.22
1718 69.10 84.50 77.43 18.85 16.80
1719 69.08 64.98 101.38 17.82 16.07
1720 68.96 79.10 82.25 22.21 17.13
1721 69.13 45.58 97.84 17.93 17.85
1722 69.23 89.27 83.69 16.21 14.67
1723 69.17 53.28 100.51 21.05 17.82
1724 69.29 41.54 91.10 17.43 16.13
1725 69.28 62.32 127.27 21.34 18.33
1726 69.42 73.85 74.87 19.30 16.88
1727 69.29 37.39 90.06 15.58 15.14
1728 69.33 71.40 85.13 18.73 15.95
1729 69.15 77.78 79.58 18.12 16.29
1730 69.35 48.09 105.77 19.86 17.11
1731 69.36 59.38 105.99 19.03 16.40
1732 69.37 56.55 95.05 19.64 16.57
1733 69.32 11.47 68.09 11.38 11.11
1734 69.56 22.66 66.08 14.72 12.26
1735 69.56 30.94 84.88 14.28 13.91
1736 69.67 9.34 57.94 8.60 9.25
1737 69.55 91.60 71.62 15.19 10.11
1738 69.64 13.96 65.82 12.14 11.52
1739 69.82 50.77 97.96 16.83 17.84
1740 69.95 82.75 74.30 16.03 17.14
1741 69.95 19.71 67.73 12.20 12.16
1742 69.90 35.33 85.96 15.35 15.05
1743 69.98 39.41 82.24 16.27 14.28
1744 69.89 28.44 81.04 11.93 12.44
1745 69.99 66.87 89.34 17.65 15.30
1746 69.86 25.57 80.20 13.61 13.18
1747 70.04 69.43 78.88 16.87 16.71
1748 69.90 77.04 78.24 18.87 17.16
1749 70.04 80.41 82.08 18.08 17.23
1750 70.12 44.00 85.56 16.62 15.24
1751 70.06 54.98 89.88 20.33 17.15
1752 70.11 86.50 75.67 15.04 14.74
1753 70.06 16.39 68.68 11.50 11.61
1754 70.14 46.50 97.24 18.55 17.03
1755 70.22 32.86 88.06 13.60 14.58
1756 70.16 64.06 98.18 16.87 15.89
1757 70.08 84.06 73.53 16.03 16.50
1758 70.30 52.96 91.48 16.99 17.12
1759 70.29 58.22 85.22 17.05 15.83
1760 70.41 49.04 103.65 17.10 16.03
1761 70.37 41.73 85.00 15.00 15.49
1762 70.15 78.18 68.14 15.50 15.59
1763 70.42 61.01 97.81 19.04 16.14
1764 70.55 22.15 71.54 11.99 13.01
1765 70.58 37.29 91.76 14.29 13.87
1766 70.62 71.60 76.07 17.69 14.92
1767 70.58 89.40 73.66 13.08 12.49
1768 70.62 74.47 73.02 18.18 16.11
1769 70.75 30.66 90.24 12.95 12.96
1770 70.82 17.61 78.44 11.79 11.59
1771 70.88 26.36 95.37 12.63 13.34
1772 70.78 11.90 62.30 9.37 11.46
1773 70.69 73.03 73.14 16.69 16.07
1774 70.98 9.45 54.09 8.03 8.70
1775 70.80 75.82 74.45 14.18 16.25
1776 70.77 14.50 71.22 9.98 10.51
1777 70.90 24.26 81.80 11.80 12.00
1778 70.99 51.19 97.08 16.96 16.50
1779 71.03 55.76 89.38 17.22 16.79
1780 71.03 35.10 89.02 14.78 13.88
1781 71.11 45.37 101.25 15.83 16.90
1782 71.06 68.52 80.16 17.11 16.21
1783 71.07 78.06 67.88 16.95 16.33
1784 71.18 63.16 90.32 16.38 15.43
1785 71.18 81.31 65.37 15.88 16.75
1786 71.20 84.46 70.52 15.57 16.56
1787 71.22 20.05 79.34 11.27 12.11
1788 71.17 47.96 109.08 15.23 15.88
1789 71.29 40.50 93.84 14.38 14.64
1790 71.32 65.95 86.79 15.23 15.84
1791 71.32 43.09 97.72 14.13 16.18
1792 71.31 86.56 62.08 13.08 14.21
1793 71.27 13.65 72.94 9.96 10.92
1794 71.36 57.98 90.96 17.06 15.75
1795 71.46 60.29 90.82 15.48 15.09
1796 71.38 87.79 58.49 11.49 12.61
1797 71.54 38.07 92.93 13.16 14.25
1798 71.48 53.08 87.37 15.62 15.85
1799 71.53 7.86 46.73 5.91 7.14
1800 71.72 15.92 91.00 10.24 11.70
1801 71.57 33.06 95.72 12.72 13.01
1802 71.57 23.94 92.92 11.83 12.42
1803 71.86 11.29 70.27 8.19 9.70
1804 71.94 22.24 92.73 11.09 12.10
1805 71.85 72.62 65.43 14.42 15.82
1806 71.80 49.83 103.23 15.79 16.11
1807 71.79 75.56 63.70 14.60 15.66
1808 71.96 90.45 59.68 9.81 10.57
1809 71.97 30.68 103.71 12.16 13.52
1810 71.94 69.69 71.37 15.49 15.66
1811 72.00 46.71 114.41 15.71 16.01
1812 72.06 54.61 94.55 15.55 15.49
1813 71.92 18.25 87.70 9.70 11.46
1814 72.11 35.42 98.81 13.52 13.39
1815 72.11 78.46 58.50 14.15 17.19
1816 72.29 26.23 110.82 11.48 12.40
1817 72.23 56.96 91.31 14.64 15.46
1818 72.27 62.26 85.68 14.96 14.81
1819 72.25 82.63 62.72 13.23 17.14
1820 72.29 41.77 109.12 14.88 14.36
1821 72.36 44.22 114.10 14.56 14.56
1822 72.48 13.85 88.77 9.41 10.64
1823 72.42 64.78 89.09 15.53 14.43
1824 72.39 39.54 105.42 13.26 13.94
1825 72.57 87.94 54.42 10.62 13.50
1826 72.43 28.59 120.15 12.10 12.91
1827 72.51 85.44 62.28 12.52 15.45
1828 72.54 20.51 95.71 10.90 11.98
1829 72.67 9.10 62.36 5.68 8.01
1830 72.57 51.37 95.05 16.11 16.32
1831 72.58 59.66 92.73 15.26 14.93
1832 72.70 67.27 74.73 13.53 14.73
1833 72.54 18.33 99.53 10.80 11.22
1834 72.73 24.05 109.16 11.30 12.20
1835 72.44 80.57 57.21 14.79 16.32
1836 72.74 48.66 124.41 15.73 15.87
1837 72.77 32.70 110.22 12.60 13.29
1838 72.77 37.08 110.19 12.61 13.09
1839 72.81 74.72 63.75 13.80 15.31
1840 73.00 69.36 69.08 14.60 16.02
1841 73.06 16.71 100.46 9.69 11.54
1842 72.99 46.08 124.69 15.24 14.27
1843 73.07 53.16 100.99 15.48 15.10
1844 72.94 70.73 69.41 14.20 15.84
1845 72.99 55.37 100.13 15.24 15.27
1846 73.21 77.40 62.83 14.50 15.84
1847 73.05 81.11 59.53 12.73 16.65
1848 73.18 11.50 86.53 7.83 9.89
1849 73.33 30.37 113.18 11.85 12.80
1850 73.40 34.50 112.19 12.19 13.29
1851 73.29 42.67 113.79 13.69 14.20
1852 73.38 57.69 105.54 14.58 16.07
1853 73.40 71.86 63.88 14.50 16.00
1854 73.47 27.67 111.06 11.54 11.81
1855 73.35 62.78 101.61 14.18 14.48
1856 73.57 22.16 96.06 11.27 11.31
1857 73.47 39.19 115.25 12.99 13.98
1858 73.51 83.48 55.62 12.32 15.51
1859 73.62 19.18 95.92 10.38 10.74
1860 73.58 49.99 119.71 15.38 16.30
1861 73.79 25.04 99.02 10.83 12.44
1862 73.69 65.75 84.49 13.34 13.77
1863 73.76 14.69 87.58 8.92 11.02
1864 73.90 44.80 109.50 14.99 14.88
1865 73.83 59.90 116.76 14.49 15.46
1866 73.86 47.22 113.48 15.31 14.92
1867 73.98 86.54 57.49 10.43 13.53
1868 73.88 36.64 113.50 13.36 12.82
1869 73.95 51.98 126.10 15.35 14.72
1870 74.10 80.24 59.33 12.77 16.97
1871 74.18 89.06 47.65 7.63 10.74
1872 74.16 9.86 76.70 5.82 8.06
1873 73.98 55.03 105.81 14.30 14.65
1874 74.03 69.04 69.05 14.40 14.77
1875 74.05 41.15 123.53 13.53 14.11
1876 74.10 32.15 101.28 11.98 13.02
1877 74.27 74.93 65.67 13.68 15.08
1878 74.30 12.35 85.25 7.51 9.66
1879 74.34 77.51 64.68 13.29 15.94
1880 74.53 16.67 85.61 10.07 10.86
1881 74.39 62.04 119.58 14.13 14.89
1882 74.42 29.27 92.29 10.20 11.87
1883 74.64 20.39 84.82 10.03 10.65
1884 74.47 48.95 126.17 14.46 14.74
1885 74.56 57.26 108.14 13.98 14.34
1886 74.59 72.30 68.99 14.72 15.93
1887 74.58 38.19 102.14 12.08 12.61
1888 74.77 64.50 100.91 14.74 14.62
1889 74.61 34.78 96.56 11.64 11.91
1890 74.67 43.02 102.45 12.67 14.65
1891 74.74 82.55 58.50 12.17 15.30
1892 74.75 22.53 77.05 10.45 12.13
1893 74.85 67.03 81.13 13.78 14.78
1894 74.78 53.43 121.36 13.52 14.33
1895 74.74 26.92 89.05 11.03 11.27
1896 75.04 24.80 79.40 10.25 12.54
1897 74.93 59.61 120.89 14.24 15.53
1898 75.02 46.75 104.99 13.86 14.23
1899 75.15 51.29 109.48 14.09 14.59
1900 75.07 40.63 99.61 11.85 13.59
1901 75.20 70.04 77.54 14.46 15.91
1902 75.29 18.57 71.04 9.65 11.40
1903 75.18 30.81 81.64 11.68 11.44
1904 75.34 44.61 98.23 13.29 14.29
1905 75.29 55.49 117.20 14.07 15.61
1906 75.25 32.80 87.85 10.95 11.60
1907 75.07 80.19 68.68 12.76 15.04
1908 75.35 84.58 55.01 11.27 14.81
1909 75.19 10.77 62.64 6.51 7.30
1910 75.46 88.23 55.15 6.92 9.83
1911 75.19 75.85 64.41 12.35 16.03
1912 75.33 78.83 67.68 13.62 16.16
1913 75.46 49.01 107.20 13.38 14.65
1914 75.34 77.48 63.42 12.71 15.00
1915 75.52 62.07 115.04 13.31 15.89
1916 75.71 74.31 65.56 13.46 17.38
1917 75.61 35.13 81.64 11.61 12.01
1918 75.62 37.87 82.63 11.95 12.54
1919 75.99 13.24 53.14 6.69 9.22
1920 75.76 27.16 63.98 11.55 11.44
1921 75.71 72.55 63.66 14.40 14.98
1922 75.64 79.90 71.10 12.34 16.00
1923 75.77 11.30 55.08 5.88 8.29
1924 75.85 15.81 55.71 8.00 10.95
1925 75.89 57.46 123.01 14.84 15.53
1926 75.82 22.85 62.18 12.21 11.61
1927 75.93 53.80 106.56 14.60 15.48
1928 75.68 76.46 63.96 12.72 16.88
1929 75.73 86.32 60.03 8.61 11.42
1930 75.93 82.17 69.44 11.57 15.04
1931 76.04 29.54 64.24 11.28 11.80
1932 76.00 59.77 125.76 13.44 13.67
1933 76.01 68.65 85.82 13.12 14.79
1934 75.87 65.59 94.22 14.05 15.03
1935 76.10 42.69 79.84 11.47 13.61
1936 76.20 20.57 51.43 8.41 11.78
1937 76.21 45.98 74.57 13.10 14.42
1938 76.09 40.49 81.60 12.60 12.99
1939 76.26 24.92 57.40 11.16 11.48
1940 76.35 63.67 103.58 12.47 14.50
1941 76.27 66.81 98.85 13.57 15.09
1942 76.21 18.28 54.86 9.34 10.66
1943 76.23 32.27 63.37 10.90 12.23
1944 76.38 47.81 80.98 13.60 13.71
1945 76.40 49.96 81.80 14.00 13.68
1946 76.37 52.11 97.66 14.25 14.43
1947 76.56 70.63 76.57 12.06 15.28
1948 76.42 84.61 67.45 9.86 14.16
1949 76.42 86.49 62.66 7.64 12.79
1950 76.50 36.03 64.58 12.18 12.75
1951 76.61 75.33 68.89 13.16 15.72
1952 76.64 79.61 84.82 11.41 16.20
1953 76.69 55.76 97.52 14.50 14.79
1954 76.81 28.00 48.19 11.47 11.00
1955 76.73 38.38 58.15 13.12 13.38
1956 76.78 76.91 73.61 12.04 15.53
1957 76.61 44.28 62.94 14.06 14.71
1958 76.95 14.70 41.19 7.77 9.30
1959 77.05 33.51 54.67 11.20 12.45
1960 76.85 73.22 76.69 13.76 15.43
1961 76.90 22.46 46.13 10.57 12.63
1962 76.99 58.47 100.89 13.43 13.87
1963 76.97 61.22 105.23 14.40 13.73
1964 76.98 29.93 45.85 10.95 11.30
1965 77.14 40.86 57.85 12.20 13.27
1966 77.24 81.50 79.86 10.64 14.82
1967 77.15 84.39 64.50 9.86 12.63
1968 77.27 65.26 98.61 13.82 13.61
1969 77.24 30.99 47.73 9.75 11.19
1970 77.28 68.53 86.31 12.07 14.60
1971 77.25 87.71 59.68 6.50 9.16
1972 77.40 53.31 70.43 13.81 13.69
1973 77.30 18.96 41.74 8.82 11.18
1974 77.08 44.25 60.95 13.19 12.76
1975 77.32 51.08 68.99 13.17 13.44
1976 77.22 12.67 33.34 5.77 7.03
1977 77.26 25.73 48.72 11.42 11.45
1978 77.42 48.15 53.67 12.09 14.52
1979 77.49 35.65 48.50 11.81 12.88
1980 77.55 43.09 50.06 12.16 12.76
1981 77.69 16.42 35.78 8.03 9.85
1982 77.58 45.98 49.86 13.11 14.06
1983 77.70 78.07 80.76 11.24 15.35
1984 77.74 55.53 76.68 13.94 14.33
1985 77.76 62.95 91.39 13.61 15.33
1986 77.62 66.74 92.89 12.78 15.36
1987 77.57 24.71 50.18 10.65 10.29
1988 77.91 20.98 39.97 9.88 11.13
1989 77.85 27.76 47.13 11.09 12.45
1990 77.92 75.45 79.31 12.69 15.57
1991 77.93 37.83 39.63 11.51 12.49
1992 78.00 23.68 41.60 10.13 11.51
1993 78.01 60.18 75.55 12.76 14.29
1994 78.18 70.43 82.77 12.58 14.90
1995 78.11 57.74 71.38 13.56 14.40
1996 77.85 32.21 45.24 9.94 11.88
1997 78.12 50.01 46.64 12.73 13.08
1998 78.26 72.46 79.22 11.86 14.71
1999 77.96 73.52 76.90 12.77 16.16
2000 78.06 84.74 70.15 8.07 11.58
2001 78.18 39.93 40.92 13.06 11.98
2002 78.25 29.64 41.43 11.21 11.17
2003 78.36 31.67 46.05 10.95 11.68
2004 78.43 34.04 47.15 12.17 12.58
2005 78.42 42.10 40.80 12.67 13.34
2006 78.35 18.49 35.23 9.42 11.33
2007 78.56 44.38 49.43 14.26 15.27
2008 78.49 54.38 51.52 12.46 14.42
2009 78.63 82.25 79.37 9.52 13.26
2010 78.53 13.97 27.82 6.14 8.61
2011 78.64 52.10 47.87 13.44 13.56
2012 78.46 64.88 83.35 13.62 14.83
2013 78.63 36.22 43.22 11.95 11.58
2014 78.57 48.31 39.93 13.30 14.50
2015 78.72 79.38 79.86 10.86 15.46
2016 78.75 46.29 44.75 13.15 13.97
2017 78.82 67.78 78.62 12.81 15.20
2018 78.62 85.74 64.03 7.81 10.11
2019 78.72 15.97 31.30 6.57 9.66
2020 78.87 62.52 69.22 12.54 14.50
2021 78.70 66.04 76.15 12.77 14.69
2022 78.90 19.96 40.72 8.26 11.11
2023 79.06 56.72 45.42 14.19 14.27
2024 79.21 27.29 50.28 10.44 11.67
2025 78.96 17.57 34.00 6.94 10.39
2026 79.09 22.35 42.41 9.79 11.44
2027 79.06 59.62 53.02 13.13 14.50
2028 79.14 38.59 37.91 11.51 13.77
2029 79.26 29.85 48.38 11.68 12.45
2030 79.31 50.09 38.43 13.72 15.20
2031 79.20 72.90 65.89 11.89 15.46
2032 79.22 74.57 74.27 12.31 14.71
2033 79.45 40.87 42.05 12.78 12.15
2034 79.32 76.71 71.36 11.52 15.52
2035 79.45 32.50 52.17 10.35 11.67
2036 79.35 24.62 54.21 10.50 11.90
2037 79.50 43.07 43.97 12.98 12.85
2038 79.26 53.48 44.64 15.09 14.82
2039 79.32 84.12 71.62 7.73 10.91
2040 79.60 54.38 41.75 12.91 13.89
2041 79.56 70.12 60.19 12.48 14.84
2042 79.34 34.77 51.94 12.11 12.39
2043 79.51 47.98 36.16 13.79 14.00
2044 79.64 65.47 56.81 12.56 14.49
2045 79.57 19.78 44.92 9.03 11.28
2046 79.79 80.63 69.63 9.25 14.23
2047 79.82 36.69 52.71 12.22 12.23
2048 79.82 45.40 43.29 13.16 13.30
2049 79.99 17.93 43.11 7.55 9.37
2050 79.87 34.34 57.11 11.54 12.24
2051 79.90 52.01 36.93 12.63 13.57
2052 79.86 62.21 50.69 13.20 14.85
2053 79.93 85.03 69.81 6.65 9.81
2054 80.08 58.87 42.12 13.62 15.52
2055 79.95 15.19 32.57 6.58 8.02
2056 79.98 56.58 37.92 14.56 14.22
2057 80.28 30.04 70.90 11.96 11.71
2058 80.09 26.25 70.13 10.45 11.74
2059 80.14 39.19 53.20 13.21 13.08
2060 80.39 47.30 41.87 12.93 13.29
2061 80.40 74.20 59.14 11.98 14.48
2062 80.59 83.20 67.22 7.69 11.17
2063 80.46 49.64 41.76 13.05 13.04
2064 80.53 72.74 53.67 12.66 15.31
2065 80.41 23.83 60.77 9.89 11.07
2066 80.38 55.70 37.15 12.47 13.65
2067 80.74 68.36 48.01 13.22 14.77
2068 80.38 75.46 64.08 11.38 15.40
2069 80.56 43.35 67.60 15.35 13.95
2070 80.51 71.08 54.24 11.80 15.11
2071 80.52 77.46 67.58 10.78 15.07
2072 80.82 31.85 81.08 11.58 11.55
2073 80.74 53.95 38.99 14.35 13.86
2074 80.50 64.87 44.00 13.30 15.22
2075 80.88 41.48 64.88 12.79 12.32
2076 80.80 60.98 40.64 12.67 13.94
2077 80.75 33.53 84.69 10.96 12.33
2078 80.85 66.20 48.59 12.24 15.19
2079 80.65 25.85 77.09 9.97 12.64
2080 80.90 37.46 65.24 11.58 12.59
2081 81.05 45.35 59.71 13.03 12.81
2082 80.97 18.95 64.26 8.16 10.76
2083 80.88 63.37 42.84 13.13 14.61
2084 81.11 15.70 45.53 6.87 8.11
2085 80.98 22.25 76.53 9.51 9.69
2086 81.17 58.15 37.01 14.09 14.41
2087 81.10 79.65 62.46 8.95 14.34
2088 81.15 17.05 54.93 6.95 8.37
2089 81.10 39.65 67.00 12.05 12.81
2090 81.15 34.40 85.49 10.57 12.11
2091 81.41 26.99 85.99 10.39 11.50
2092 81.49 47.95 59.13 12.71 13.14
2093 81.47 55.72 40.29 13.35 14.06
2094 81.23 29.04 85.86 10.86 11.76
2095 81.37 82.18 57.89 7.61 11.54
2096 81.50 69.98 42.06 11.52 13.69
2097 81.62 36.15 86.22 11.82 11.97
2098 81.66 29.80 89.57 11.18 12.51
2099 81.55 50.39 54.14 14.35 13.28
2100 81.50 73.60 46.05 10.99 14.55
2101 81.56 63.03 41.00 12.42 14.92
2102 81.77 81.19 58.35 8.37 11.23
2103 81.56 23.02 81.06 9.00 11.48
2104 81.65 21.29 80.69 9.47 10.72
2105 82.02 77.17 48.43 9.69 15.16
2106 81.78 18.22 66.05 6.92 9.87
2107 81.94 53.14 52.03 13.40 13.57
2108 82.04 65.60 38.10 13.04 14.36
2109 81.97 60.74 37.43 13.31 15.30
2110 81.81 71.73 40.47 11.24 15.24
2111 82.02 31.82 96.01 11.69 12.26
2112 82.22 45.63 82.28 12.60 13.12
2113 81.98 70.61 42.34 12.34 15.71
2114 82.09 34.24 95.71 11.51 12.29
2115 82.24 38.07 90.81 11.69 12.75
2116 82.40 67.91 38.10 13.25 15.09
2117 82.22 40.51 90.37 12.07 11.81
2118 82.20 57.22 44.69 12.82 13.78
2119 82.03 20.39 83.20 9.67 10.87
2120 82.64 27.99 100.39 10.97 11.66
2121 82.56 17.24 65.66 6.90 7.95
2122 82.57 22.93 91.42 9.99 11.31
2123 82.55 47.44 78.57 14.48 12.21
2124 82.56 49.68 71.32 13.09 13.04
2125 82.66 79.16 45.80 8.44 12.51
2126 82.58 20.86 85.58 8.88 10.23
2127 82.67 62.97 36.17 13.32 14.21
2128 82.58 19.07 71.83 7.46 9.31
2129 82.86 54.97 61.17 13.53 13.85
2130 82.87 73.37 39.85 11.66 15.50
2131 82.81 42.04 110.39 11.83 11.66
2132 82.90 70.13 36.81 12.48 14.46
2133 82.96 60.19 38.16 13.19 14.42
2134 82.83 30.94 102.96 10.80 11.00
2135 83.01 35.67 105.86 12.28 11.58
2136 83.08 52.76 74.45 15.27 12.35
2137 83.15 75.49 35.60 9.62 13.69
2138 83.06 81.76 41.33 6.66 9.48
2139 82.78 58.94 39.80 12.20 13.70
2140 83.18 33.19 109.14 11.06 11.83
2141 83.22 43.96 106.61 12.76 11.52
2142 83.13 71.78 33.32 11.32 14.03
2143 83.49 24.33 86.62 10.07 11.51
2144 83.31 37.88 111.52 11.01 11.33
2145 83.38 57.47 51.38 14.14 14.16
2146 83.36 64.93 36.18 12.71 14.05
2147 83.48 50.74 86.41 13.80 12.89
2148 83.59 39.94 122.74 12.17 11.88
2149 83.27 41.31 115.38 11.46 11.62
2150 83.47 18.80 72.56 7.46 10.27
2151 83.64 46.04 94.45 12.99 12.74
2152 83.65 48.25 84.83 12.99 11.86
2153 83.75 21.20 87.30 8.01 9.61
2154 83.43 76.99 34.83 9.89 12.71
2155 83.73 26.50 96.14 11.72 11.72
2156 83.47 73.12 33.16 10.16 13.89
2157 83.73 61.97 41.81 12.44 14.59
2158 83.67 66.78 33.83 13.23 13.56
2159 83.61 63.15 39.18 13.41 15.73
2160 83.85 17.49 68.11 5.83 7.94
2161 83.99 28.94 113.69 11.34 11.86
2162 83.88 31.37 128.06 11.01 12.55
2163 84.09 80.09 33.05 7.42 10.25
2164 83.95 77.70 32.72 8.74 11.44
2165 84.06 59.85 55.78 13.78 14.82
2166 84.34 55.77 74.55 12.96 13.16
2167 84.11 42.01 113.46 12.90 11.78
2168 84.28 53.67 82.52 14.21 13.55
2169 84.15 35.63 118.52 11.69 11.75
2170 84.36 72.67 33.03 11.16 13.59
2171 84.56 23.00 86.99 9.55 10.42
2172 84.57 44.27 101.81 12.78 11.30
2173 84.54 33.26 108.12 11.66 11.72
2174 84.48 38.12 117.50 12.12 11.69
2175 84.54 62.74 45.18 13.15 14.69
2176 84.47 51.39 99.51 12.70 13.86
2177 84.77 19.52 74.47 7.60 8.43
2178 84.66 49.01 97.20 12.97 12.60
2179 84.77 57.94 74.21 12.42 13.53
2180 84.83 67.34 45.01 12.60 14.87
2181 84.99 26.67 105.73 10.58 10.50
2182 84.73 46.46 97.10 12.32 12.10
2183 84.75 75.16 31.72 9.68 14.18
2184 84.70 24.95 86.76 10.45 11.26
2185 84.89 40.16 110.06 12.37 11.53
2186 85.00 30.89 103.67 10.95 11.53
2187 85.08 77.98 27.05 7.51 11.08
2188 85.23 36.59 102.17 11.91 10.89
2189 85.26 42.34 105.76 13.31 11.91
2190 85.36 28.77 106.80 11.42 11.75
2191 85.08 69.11 39.09 11.54 14.09
2192 85.34 70.67 38.85 10.89 13.00
2193 85.57 34.65 90.74 11.50 11.18
2194 85.23 62.64 50.08 12.71 14.39
2195 85.64 21.43 88.11 8.02 9.52
2196 85.42 72.37 34.20 9.92 13.78
2197 85.69 59.85 70.53 13.27 13.24
2198 85.66 47.94 92.86 12.06 11.65
2199 85.73 54.82 86.14 13.06 12.97
2200 85.68 50.32 103.04 13.26 12.01
2201 85.70 64.68 49.99 12.22 14.28
2202 85.78 23.72 87.72 9.34 10.53
2203 85.82 45.73 97.56 12.43 12.37
2204 85.80 32.30 90.33 11.05 11.40
2205 86.02 75.58 31.33 8.53 12.46
2206 86.03 19.66 73.44 6.66 7.25
2207 86.05 57.28 93.07 12.82 13.14
2208 86.10 37.72 86.75 11.30 11.40
2209 85.90 39.94 95.80 11.69 11.41
2210 85.94 73.26 32.26 10.52 13.43
2211 86.08 67.62 52.14 12.50 14.08
2212 86.16 43.54 98.98 12.16 11.78
2213 86.12 62.05 66.93 12.78 13.79
2214 86.33 29.82 85.78 10.96 10.72
2215 86.35 78.39 25.36 6.48 8.85
2216 86.50 25.59 77.87 10.02 10.88
2217 86.28 70.23 47.26 10.65 14.85
2218 86.17 74.40 32.63 8.16 11.95
2219 86.59 27.39 78.46 10.82 10.23
2220 86.22 63.33 62.05 13.50 14.14
2221 86.54 33.70 74.54 10.21 11.86
2222 86.55 52.19 88.31 12.08 12.59
2223 86.37 76.75 29.11 7.32 10.47
2224 86.62 41.55 83.47 12.42 11.71
2225 86.70 49.47 78.79 12.59 11.72
2226 86.66 71.50 40.60 9.90 13.81
2227 86.82 35.96 70.52 10.79 11.15
2228 86.91 47.28 82.47 11.63 12.28
2229 86.79 22.70 75.80 7.86 9.64
2230 86.92 45.10 78.67 12.29 11.56
2231 87.10 55.77 94.79 12.36 12.36
2232 87.03 39.30 72.95 12.81 11.85
2233 86.79 60.43 91.13 12.78 13.22
2234 87.22 63.65 60.88 12.32 14.48
2235 87.16 66.26 56.06 11.10 14.09
2236 87.20 58.35 93.02 12.19 13.42
2237 87.25 31.69 70.05 11.48 11.28
2238 86.97 68.05 61.06 12.12 13.29
2239 87.54 73.88 40.18 7.69 10.29
2240 87.35 61.09 81.33 12.91 12.58
2241 87.43 53.82 90.77 12.44 11.66
2242 87.42 68.90 58.34 11.16 13.31
2243 87.45 76.38 32.57 7.64 9.89
2244 87.45 29.50 67.48 10.92 11.22
2245 87.73 21.55 56.29 6.81 8.27
2246 87.58 43.47 64.71 12.33 12.29
2247 87.69 51.50 75.32 12.25 12.08
2248 87.74 24.14 61.49 7.95 9.63
2249 87.63 33.82 58.50 10.58 11.24
2250 87.69 37.74 62.34 10.98 10.71
2251 87.70 41.21 59.99 11.72 11.92
2252 87.84 71.04 51.85 10.06 12.54
2253 87.72 49.16 67.82 12.43 10.72
2254 87.82 27.14 62.12 9.89 10.41
2255 88.08 35.72 49.57 11.17 11.61
2256 87.98 46.06 65.30 11.82 11.04
2257 88.19 64.89 64.32 12.36 13.51
2258 88.47 60.07 72.65 11.81 13.61
2259 88.33 67.75 64.50 10.79 13.37
2260 88.54 57.62 75.74 12.06 12.87
2261 88.48 31.59 45.13 10.17 10.70
2262 88.57 55.41 76.18 12.70 12.28
2263 88.65 62.43 73.62 10.94 13.04
2264 88.56 39.77 45.97 11.32 10.48
2265 88.57 25.51 53.62 9.13 10.80
2266 88.56 75.14 39.60 6.79 9.05
2267 88.61 29.27 59.78 10.89 11.52
2268 88.67 47.91 56.39 11.36 11.64
2269 88.71 52.99 64.02 12.09 12.69
2270 88.67 42.19 47.25 11.29 11.48
2271 88.70 44.38 49.83 12.32 11.32
2272 88.72 33.70 42.95 11.12 11.73
2273 88.65 65.93 69.65 11.81 13.85
2274 88.80 50.33 54.99 12.10 11.19
2275 88.86 37.57 38.11 11.48 10.77
2276 89.17 23.44 39.50 8.29 7.70
2277 89.09 70.00 58.85 9.53 11.59
2278 89.29 27.24 43.81 8.65 10.06
2279 89.16 72.25 57.58 8.35 10.21
2280 89.38 35.25 33.94 10.64 11.70
2281 89.43 46.22 44.88 11.51 11.14
2282 89.60 64.16 64.03 10.41 13.30
2283 89.70 30.13 33.74 9.27 10.80
2284 89.73 40.98 31.95 10.94 11.23
2285 89.73 43.57 34.47 11.84 10.83
2286 89.72 56.86 58.59 11.33 12.01
2287 89.73 59.81 70.82 13.22 14.03
2288 89.58 25.08 33.33 8.59 9.19
2289 89.82 49.36 36.18 11.43 11.88
2290 89.77 66.97 59.59 10.90 12.38
2291 89.86 38.92 30.99 12.12 11.01
2292 89.90 51.77 39.27 10.94 10.81
2293 89.92 53.89 49.34 10.94 11.64
2294 89.88 32.95 34.07 10.24 10.27
2295 89.99 37.01 28.41 10.30 10.95
2296 89.95 72.99 59.05 7.27 8.82
2297 90.09 61.84 52.58 9.37 11.14
2298 90.13 25.11 30.39 6.90 8.32
2299 90.31 27.54 30.59 9.05 9.45
2300 90.44 47.17 30.92 11.30 10.98
2301 90.35 69.96 62.08 8.12 9.85
2302 90.66 58.24 47.14 12.32 12.73
2303 90.53 35.00 24.70 10.26 10.73
2304 90.64 44.79 26.64 10.61 11.20
2305 90.64 70.97 62.39 7.68 9.77
2306 90.62 31.35 30.18 9.01 10.12
2307 90.81 42.30 22.94 12.57 11.78
2308 90.71 62.99 55.53 11.76 12.14
2309 90.79 65.11 51.90 10.12 11.93
2310 90.80 55.90 39.44 11.47 11.45
2311 91.04 40.10 22.23 10.73 10.49
2312 90.89 67.54 60.84 9.55 11.47
2313 90.54 61.92 61.00 11.40 12.20
2314 91.03 29.17 23.01 8.00 9.32
2315 91.23 37.88 22.60 10.12 11.49
2316 91.01 49.24 26.29 11.39 11.21
2317 91.07 51.23 25.72 10.78 10.40
2318 90.75 59.52 48.11 10.33 12.61
2319 90.80 26.44 22.15 5.55 7.70
2320 90.94 60.68 45.15 11.36 11.85
2321 91.08 53.59 33.78 10.95 11.35
2322 91.00 36.11 20.18 8.82 11.18
2323 91.34 32.63 22.00 10.05 11.17
2324 91.36 34.45 22.38 10.09 9.89
2325 91.74 69.34 55.55 7.85 8.61
2326 91.47 43.72 23.23 11.17 11.09
2327 91.56 61.21 37.77 9.38 11.39
2328 91.82 58.95 32.74 10.24 12.06
2329 91.84 64.07 39.89 10.24 10.86
2330 91.76 45.21 21.33 11.40 11.26
2331 91.81 41.37 18.75 11.16 12.41
2332 92.10 56.91 27.50 10.43 11.24
2333 91.97 66.21 42.28 8.23 10.56
2334 92.10 29.72 16.62 8.10 8.86
2335 91.94 52.07 23.77 10.75 9.77
2336 91.88 42.82 27.00 10.89 12.33
2337 92.15 54.55 28.36 11.57 13.23
2338 92.44 67.40 39.98 7.65 9.45
2339 92.24 38.54 18.19 9.58 11.48
2340 92.25 43.78 19.39 10.51 11.71
2341 92.46 50.28 19.09 10.94 10.45
2342 92.51 39.79 18.92 10.20 9.70
2343 92.60 32.11 16.88 8.23 9.31
2344 92.74 41.55 19.32 9.50 10.50
2345 92.72 46.12 18.83 10.19 11.09
2346 92.79 34.04 16.95 9.05 9.58
2347 92.72 52.44 20.53 9.03 10.80
2348 93.13 59.43 27.37 10.14 10.93
2349 93.24 65.17 28.63 7.59 9.42
2350 93.19 56.21 22.44 10.44 11.02
2351 93.32 53.63 19.45 10.02 11.80
2352 93.26 39.01 18.06 9.09 10.81
2353 93.49 43.43 19.19 10.27 11.08
2354 93.62 36.34 18.13 8.69 9.86
2355 93.63 32.51 14.80 6.50 8.71
2356 93.60 62.20 24.46 9.30 10.58
2357 93.76 48.60 19.93 9.05 11.21
2358 93.49 50.41 19.52 9.68 11.13
2359 93.71 51.84 18.22 10.07 11.17
2360 93.93 45.77 17.67 10.28 11.11
2361 93.80 40.64 17.75 10.35 11.00
2362 94.09 58.29 22.51 9.48 10.71
2363 93.97 42.44 18.50 10.94 12.00
2364 94.36 55.79 20.32 9.97 11.21
2365 94.42 34.14 14.94 7.12 9.40
2366 94.20 50.44 17.34 10.06 10.47
2367 94.45 60.70 21.32 8.00 9.83
2368 94.89 37.66 16.52 8.28 10.25
2369 94.65 53.42 17.41 8.98 10.04
2370 94.53 41.82 19.80 10.00 11.10
2371 94.74 49.36 17.26 8.47 10.61
2372 94.78 40.72 17.07 10.21 11.38
2373 95.14 47.68 18.45 9.11 10.78
2374 94.98 51.43 18.96 9.94 10.62
2375 94.93 46.13 18.67 9.00 11.56
2376 94.90 39.42 17.29 8.45 10.00
2377 95.40 44.77 16.43 9.40 11.18
2378 95.02 43.03 16.09 9.53 11.26
2379 95.13 58.79 18.80 9.46 9.32
2380 95.51 56.43 17.44 8.86 10.09
2381 95.58 49.77 16.58 9.84 9.94
2382 95.80 40.08 16.09 8.49 10.44
2383 95.82 54.08 16.62 8.80 10.66
2384 95.88 41.90 16.11 8.72 10.11
2385 96.14 52.22 16.36 8.89 9.29
2386 96.08 47.33 16.23 10.26 9.71
2387 96.37 58.09 12.62 6.35 9.13
2388 96.45 38.30 15.09 8.06 9.51
2389 96.58 44.12 16.52 8.53 10.13
2390 96.44 55.77 14.17 8.42 9.69
2391 96.43 50.49 16.89 8.94 9.78
2392 96.40 42.59 15.00 8.43 10.00
2393 96.71 47.82 15.84 7.73 9.46
2394 96.64 40.20 15.54 7.12 10.88
2395 96.91 46.27 15.51 7.64 10.84
2396 96.92 54.18 15.44 7.71 9.84
2397 97.01 49.94 13.79 7.99 10.32
2398 97.30 52.41 17.32 7.75 9.33
2399 97.36 41.26 14.10 7.30 8.14
2400 97.51 45.79 14.70 7.46 8.52
2401 97.37 43.67 15.33 7.98 9.26
2402 98.17 48.54 13.97 7.21 9.14
2403 98.11 46.30 12.47 6.21 9.53

