#<Embryo name> <Cleavage cycle> <Temporal class> <Genes>
mu14 14A 4 Kruppel even-skipped fushi-tarazu

#Quantitative data
#<Nucleus number> <A-P coordinate> <D-V coordinate> <Fluorescence intensity: channel 1 - Kr, channel 2 - eve, channel 3 - ftz>
0 1.84 45.64 4.39 3.55 26.11
1 1.95 42.40 4.79 3.67 21.62
2 2.64 43.43 4.10 4.31 25.51
3 2.69 45.33 4.26 4.48 26.10
4 2.56 39.99 4.24 4.06 24.29
5 3.37 40.80 5.15 4.25 29.22
6 3.66 49.65 6.07 4.84 24.52
7 3.99 39.67 5.78 4.98 26.69
8 3.94 44.77 5.30 4.40 27.02
9 3.72 48.12 5.29 5.50 25.71
10 4.56 47.47 5.84 4.70 28.46
11 4.34 42.03 9.25 5.75 37.00
12 4.63 41.22 6.50 6.08 31.83
13 5.17 42.65 6.62 4.79 28.17
14 4.99 38.87 7.10 4.61 28.24
15 4.92 52.69 5.79 4.57 27.40
16 4.75 37.56 5.25 5.42 27.83
17 5.62 36.65 7.71 4.97 29.71
18 5.38 40.48 7.97 4.90 28.07
19 5.46 45.04 6.81 5.01 30.63
20 5.35 35.10 10.50 5.17 34.67
21 5.49 50.56 6.25 4.67 26.36
22 5.78 34.37 7.02 5.65 29.29
23 6.08 40.35 7.65 5.16 27.74
24 6.18 41.99 6.42 5.82 27.67
25 6.23 55.32 6.50 5.64 25.31
26 6.24 43.66 6.91 5.95 29.14
27 6.48 38.80 8.77 5.39 29.18
28 6.50 46.41 6.90 5.43 30.28
29 6.64 50.05 5.92 4.86 29.99
30 6.76 33.56 7.77 4.88 28.67
31 6.73 47.99 5.67 4.56 30.94
32 6.77 36.18 6.92 4.63 26.45
33 6.94 54.78 6.38 4.81 27.41
34 7.05 42.93 7.31 5.55 30.53
35 6.86 53.54 5.45 5.35 27.55
36 7.05 40.82 8.05 4.74 27.79
37 7.21 39.37 7.50 5.64 29.98
38 7.60 32.44 7.40 5.14 28.46
39 7.31 56.11 6.30 5.57 28.86
40 7.39 34.74 6.66 5.52 28.90
41 7.33 47.71 5.58 4.94 26.55
42 7.40 52.73 6.24 6.07 31.55
43 7.51 50.76 7.14 5.86 29.00
44 7.62 36.09 7.56 5.18 31.36
45 7.60 44.12 9.08 6.06 25.89
46 7.94 41.73 7.92 4.90 28.18
47 7.72 49.01 6.28 5.81 27.06
48 8.15 53.04 6.88 5.01 27.73
49 7.79 46.71 6.08 6.08 31.52
50 7.94 55.82 6.21 6.05 25.84
51 8.45 35.49 6.40 6.34 28.72
52 8.32 43.35 8.97 5.77 25.94
53 8.42 48.02 7.44 4.94 32.00
54 8.60 33.40 7.56 5.02 27.59
55 8.60 54.33 6.59 6.84 28.86
56 8.31 46.94 8.07 6.73 27.27
57 8.37 55.61 6.20 4.80 21.00
58 8.56 57.44 6.72 5.94 23.92
59 8.70 40.62 8.75 6.05 30.25
60 9.02 49.39 7.61 6.28 30.39
61 8.77 34.63 7.25 5.62 32.62
62 8.81 38.46 7.41 5.35 27.82
63 8.90 44.63 8.86 6.35 26.51
64 8.70 51.74 8.86 7.29 31.57
65 9.06 59.40 5.79 5.21 26.69
66 9.39 42.34 7.87 5.11 31.51
67 9.19 36.86 7.70 6.14 26.97
68 9.20 51.23 6.02 6.29 27.69
69 9.66 29.96 5.46 5.38 28.71
70 9.26 57.76 7.67 5.04 29.71
71 9.22 39.34 7.90 5.70 27.90
72 9.73 45.06 6.73 6.31 28.65
73 9.37 61.75 5.82 4.94 27.39
74 9.58 53.41 5.84 6.47 27.06
75 9.70 34.94 7.14 6.66 29.60
76 9.53 38.02 7.20 6.60 23.60
77 9.76 38.99 9.05 5.91 29.32
78 9.80 55.21 7.14 5.22 28.92
79 10.05 60.89 5.99 5.61 27.36
80 9.86 40.42 7.96 6.00 30.26
81 9.92 57.37 7.92 4.78 32.00
82 10.14 50.11 6.38 5.38 31.50
83 10.32 37.36 6.64 5.80 30.16
84 10.15 31.37 7.29 6.71 28.41
85 10.42 33.05 7.14 5.57 27.55
86 10.24 56.11 6.79 5.07 27.57
87 10.46 59.32 6.68 6.85 28.09
88 10.58 41.33 7.71 6.08 30.84
89 10.50 35.30 8.39 5.22 29.72
90 11.14 58.34 5.84 5.78 28.63
91 11.01 31.96 6.20 5.65 31.75
92 10.89 39.59 7.36 5.52 27.36
93 11.02 45.90 8.23 6.82 31.05
94 11.34 28.36 5.16 4.75 32.49
95 10.91 36.85 8.85 6.31 29.23
96 11.60 49.38 6.92 5.80 30.04
97 11.14 56.09 6.92 5.49 30.08
98 11.27 34.65 6.41 5.61 29.10
99 11.33 42.61 7.79 5.10 33.05
100 11.13 62.65 5.00 5.75 27.25
101 11.45 38.66 7.32 6.70 32.82
102 11.56 40.87 6.74 5.84 29.40
103 11.53 54.43 6.11 6.67 28.25
104 11.80 61.35 5.43 6.07 28.02
105 11.63 35.64 6.78 6.44 31.56
106 11.82 43.94 6.10 6.94 26.97
107 11.91 45.63 6.91 6.33 28.87
108 11.93 30.83 6.42 5.97 31.52
109 12.11 36.52 5.76 6.97 29.00
110 12.09 47.32 6.63 6.13 28.37
111 12.46 38.21 6.55 5.98 33.17
112 12.62 41.44 6.45 6.72 29.96
113 12.55 58.57 5.01 6.14 30.61
114 12.13 39.23 7.22 5.44 30.22
115 12.43 48.93 6.08 6.68 31.12
116 12.32 65.42 4.86 7.86 29.43
117 12.65 26.48 5.56 4.94 30.82
118 12.56 45.06 8.92 8.08 26.31
119 12.86 28.63 5.06 5.74 31.12
120 12.66 63.13 5.26 6.18 28.47
121 12.89 43.50 5.98 5.76 28.00
122 12.92 47.22 5.65 6.03 27.95
123 13.01 50.53 5.70 7.14 28.73
124 13.16 66.19 4.31 5.97 24.84
125 13.24 33.45 5.34 6.04 30.55
126 13.52 60.46 5.31 6.85 30.28
127 13.38 49.06 5.57 5.77 29.43
128 13.61 41.66 5.71 5.13 30.03
129 13.28 46.11 0.00 0.00 0.00
130 13.51 29.80 6.48 6.59 33.07
131 13.59 52.05 5.45 6.14 30.64
132 13.61 25.16 4.86 6.00 28.14
133 13.97 55.58 5.48 6.52 32.85
134 13.80 31.18 5.70 5.47 31.94
135 13.71 39.84 6.00 6.76 29.27
136 13.88 45.71 4.91 5.96 29.47
137 14.11 67.39 4.52 6.45 28.93
138 13.74 68.62 3.31 4.69 24.54
139 13.97 43.50 5.66 5.97 28.59
140 14.14 48.44 5.29 6.26 27.74
141 13.87 29.08 6.00 7.75 40.00
142 14.08 35.23 6.31 6.29 32.31
143 14.36 62.86 5.08 6.92 30.05
144 14.29 32.93 5.46 6.24 29.37
145 14.14 24.23 5.24 4.68 30.61
146 14.24 27.75 4.89 5.69 32.68
147 14.16 59.48 6.28 7.11 35.17
148 14.31 40.28 6.35 7.13 27.61
149 14.54 30.19 6.09 6.50 31.68
150 14.42 36.67 6.20 6.47 33.40
151 14.66 57.35 4.68 6.22 26.95
152 14.89 65.51 5.00 6.89 27.79
153 14.74 41.50 4.38 7.04 31.57
154 14.72 60.64 5.66 6.34 34.89
155 14.66 58.75 4.94 7.61 31.00
156 14.78 23.97 4.73 5.84 31.22
157 14.75 31.46 5.88 6.94 28.25
158 15.04 67.86 4.49 6.32 26.10
159 15.07 26.63 4.87 6.51 29.46
160 15.19 55.30 5.29 7.37 30.63
161 15.27 32.73 5.65 6.04 28.77
162 15.11 49.70 5.41 5.88 29.00
163 15.28 51.86 5.88 7.22 27.80
164 15.22 58.41 5.50 7.78 29.83
165 15.45 44.86 5.56 6.03 31.15
166 15.31 46.16 6.23 4.92 33.92
167 15.44 43.07 4.41 7.00 30.57
168 15.66 30.53 5.88 5.69 32.31
169 15.46 49.09 5.50 6.38 35.25
170 16.13 47.09 5.07 6.34 30.58
171 15.96 26.29 4.80 5.66 26.95
172 16.04 28.40 4.93 5.91 28.86
173 15.97 57.18 5.25 6.68 28.57
174 15.94 67.06 5.78 6.20 29.00
175 16.22 49.65 4.77 6.92 28.75
176 16.11 34.40 6.40 6.27 29.50
177 16.11 37.58 5.50 6.70 28.43
178 16.06 52.49 5.22 7.28 29.39
179 16.25 43.58 4.70 5.92 29.44
180 16.40 31.47 5.50 6.67 31.25
181 16.33 41.06 5.42 6.15 27.46
182 16.56 51.45 5.28 6.45 30.83
183 16.50 53.71 4.86 6.79 32.12
184 16.78 55.49 5.48 7.27 32.09
185 16.61 60.63 5.10 6.64 30.75
186 16.96 72.14 4.24 7.00 27.34
187 16.68 47.87 4.95 7.30 27.20
188 17.08 23.99 4.68 6.46 30.47
189 16.69 37.56 5.00 4.90 32.60
190 16.80 67.33 6.11 5.42 29.29
191 16.99 28.54 5.30 6.75 29.77
192 16.98 44.08 5.08 5.82 29.90
193 16.89 32.62 5.58 5.87 31.16
194 16.84 35.73 5.38 6.62 29.50
195 16.97 40.18 5.66 6.73 31.59
196 17.26 57.43 4.71 6.35 31.29
197 17.22 45.79 4.92 8.77 31.65
198 17.42 73.88 3.90 8.64 24.19
199 17.35 37.46 5.11 6.45 31.36
200 17.35 50.31 4.75 7.38 30.50
201 17.50 52.86 6.14 6.97 31.98
202 17.45 62.93 5.42 7.72 30.11
203 17.44 35.30 5.98 6.60 31.57
204 17.39 39.48 6.50 8.67 32.08
205 17.46 67.75 5.33 6.50 31.57
206 17.52 69.44 4.50 8.59 27.68
207 17.66 32.51 5.35 5.26 30.96
208 17.82 41.45 5.24 6.79 30.88
209 17.82 29.06 5.46 7.41 33.73
210 17.81 54.21 4.90 6.93 29.80
211 17.85 39.00 5.52 6.95 33.10
212 17.85 61.49 5.97 7.45 30.94
213 18.12 23.58 4.86 5.77 29.08
214 17.96 56.02 5.48 8.12 28.30
215 18.38 34.85 5.00 6.90 32.48
216 17.95 35.79 10.00 6.50 35.50
217 18.24 26.55 4.61 4.76 31.90
218 18.23 47.16 5.33 6.81 28.40
219 18.24 65.79 5.09 8.57 31.17
220 18.14 67.70 5.81 9.22 26.94
221 18.50 38.00 5.23 6.94 30.21
222 18.43 63.58 5.68 7.60 32.88
223 18.36 21.19 4.74 4.97 27.74
224 18.26 33.28 6.53 5.24 34.29
225 18.48 49.37 5.11 7.31 32.22
226 18.55 30.29 5.21 7.08 31.73
227 18.42 56.29 6.25 8.00 30.88
228 18.87 45.32 5.44 7.96 29.00
229 19.01 53.88 5.73 8.07 32.07
230 19.08 32.73 5.05 6.05 31.67
231 18.99 56.33 5.87 7.47 28.47
232 18.92 71.70 5.32 9.83 28.55
233 18.95 19.68 4.52 5.94 27.48
234 19.07 40.70 5.56 6.72 32.27
235 19.02 68.68 4.83 9.17 28.63
236 19.06 26.45 5.00 6.41 31.44
237 19.21 50.48 5.27 8.88 30.84
238 19.09 74.62 4.30 10.23 29.95
239 19.04 70.13 5.89 7.67 29.22
240 19.19 18.56 4.14 6.43 24.71
241 19.34 30.82 6.02 6.78 31.85
242 19.70 64.63 5.49 8.72 31.71
243 19.33 37.53 6.20 7.80 31.33
244 19.68 23.94 4.81 6.20 29.44
245 19.69 42.76 5.60 6.15 31.90
246 20.01 45.08 4.92 6.13 31.01
247 19.86 18.30 3.79 6.04 25.34
248 19.79 27.87 4.67 6.65 28.88
249 19.71 29.58 5.68 6.65 35.76
250 20.00 48.03 5.02 7.13 33.01
251 20.00 20.83 4.48 5.47 29.69
252 19.84 75.98 4.26 12.70 25.37
253 19.73 72.11 5.44 11.06 25.89
254 19.86 54.31 4.88 7.59 31.54
255 20.10 56.95 5.40 9.17 27.18
256 20.07 32.57 4.44 7.12 32.54
257 20.38 52.11 5.53 7.88 30.20
258 20.04 70.82 4.30 9.70 28.65
259 20.29 77.64 4.05 15.24 23.86
260 20.47 31.22 4.88 7.47 34.56
261 20.71 59.09 5.27 9.19 30.59
262 20.50 41.24 4.88 6.23 31.65
263 20.70 69.35 4.34 11.66 26.98
264 20.59 71.21 5.10 19.48 23.16
265 20.90 23.94 4.42 7.27 32.31
266 20.70 27.40 5.17 6.89 33.11
267 20.90 30.27 5.39 7.76 31.43
268 21.03 26.07 4.80 7.02 32.06
269 21.00 39.66 5.39 6.87 34.87
270 20.83 67.05 5.13 9.59 29.28
271 20.74 21.20 4.14 6.86 35.86
272 20.93 42.59 5.15 7.00 30.68
273 21.10 35.52 5.99 8.12 31.72
274 21.06 45.50 6.17 5.97 29.73
275 21.48 28.93 5.36 7.31 29.44
276 21.10 47.50 4.91 8.09 31.34
277 21.23 21.89 4.42 7.56 29.92
278 21.28 74.85 5.21 27.42 28.22
279 21.19 54.21 6.00 7.11 32.22
280 21.44 44.03 5.49 6.82 30.78
281 21.43 51.98 5.54 6.84 32.36
282 21.40 16.61 2.83 6.17 25.10
283 21.45 37.89 4.78 8.91 29.16
284 21.54 55.74 6.13 7.96 33.58
285 21.42 57.92 4.47 8.97 30.97
286 21.47 71.29 4.80 14.90 31.40
287 21.50 27.80 5.09 7.00 35.18
288 21.73 33.07 5.18 7.65 35.16
289 21.64 23.79 4.75 6.72 33.03
290 21.63 60.62 5.62 11.24 31.19
291 21.77 45.96 6.12 8.09 29.55
292 22.13 53.61 5.79 10.18 30.03
293 21.91 69.75 6.44 16.40 30.16
294 21.91 72.69 5.16 33.87 23.19
295 22.04 78.87 3.94 48.09 20.80
296 22.19 76.28 5.03 59.20 22.63
297 22.32 66.30 5.20 17.52 30.84
298 22.00 57.20 5.07 9.33 32.33
299 22.21 48.66 5.61 8.76 30.85
300 22.10 25.36 4.32 7.56 29.15
301 22.44 22.05 4.34 6.37 30.41
302 22.33 35.48 5.89 8.19 33.69
303 22.40 51.17 5.43 9.05 34.59
304 22.61 41.05 5.68 10.15 32.05
305 22.26 59.05 5.67 8.73 32.02
306 22.51 17.73 4.29 7.26 28.57
307 22.25 23.52 4.73 6.82 33.00
308 22.29 61.10 5.60 10.13 30.30
309 22.29 26.96 4.00 6.35 30.90
310 22.24 19.42 3.67 9.56 30.11
311 22.75 29.28 5.47 7.52 34.48
312 22.56 55.27 5.02 9.16 32.38
313 22.95 80.57 4.43 78.62 20.39
314 22.54 62.02 4.29 12.29 42.71
315 22.95 71.10 5.03 45.10 25.42
316 23.01 73.88 4.92 68.58 25.05
317 22.72 20.08 4.68 8.04 30.20
318 22.89 27.15 5.78 7.90 30.30
319 23.01 46.69 5.78 9.21 30.97
320 23.12 52.77 6.42 10.51 29.38
321 22.90 62.66 6.73 21.20 28.07
322 23.06 18.61 4.07 6.00 30.26
323 23.14 58.25 6.40 10.53 34.42
324 23.29 61.48 5.29 12.65 33.33
325 23.05 21.19 5.07 8.40 34.87
326 23.43 76.93 5.13 103.81 24.68
327 23.67 55.99 5.55 11.48 30.34
328 23.30 32.00 5.86 9.09 33.09
329 23.53 63.89 5.92 17.24 32.19
330 23.26 24.84 4.25 5.75 34.50
331 23.67 44.77 5.21 8.16 32.20
332 23.55 36.22 5.32 6.80 31.02
333 23.61 50.50 5.36 11.02 30.74
334 23.76 68.81 6.14 52.16 23.89
335 23.64 16.71 3.53 5.71 29.33
336 23.55 20.61 4.07 8.18 29.46
337 23.64 39.94 4.74 9.23 31.26
338 23.82 19.04 4.25 6.44 30.75
339 23.71 34.60 4.97 9.24 31.18
340 23.71 25.90 4.79 7.35 35.21
341 24.14 82.77 4.02 104.56 18.31
342 23.85 29.05 5.23 8.55 29.74
343 23.85 59.18 5.98 15.56 28.86
344 23.94 65.48 6.87 31.45 24.71
345 23.90 31.97 5.55 9.87 34.00
346 24.09 21.75 3.98 8.21 29.02
347 24.22 14.60 3.39 6.64 24.78
348 24.20 71.83 5.53 104.42 23.24
349 24.26 79.76 4.40 137.97 22.88
350 24.44 74.61 5.72 143.03 26.91
351 24.31 48.44 5.09 9.72 35.22
352 24.38 37.40 6.38 10.44 32.62
353 24.29 17.10 3.77 7.77 31.46
354 24.56 30.26 5.11 9.32 31.28
355 24.47 50.71 5.92 10.95 34.20
356 24.64 26.05 4.93 9.64 31.13
357 24.38 44.61 6.27 13.00 31.07
358 24.37 58.41 7.80 10.20 34.80
359 24.80 66.87 5.92 71.12 26.76
360 24.88 77.36 5.65 163.74 23.59
361 24.64 23.17 5.42 9.12 29.23
362 24.78 55.47 6.53 14.79 33.23
363 24.93 57.73 5.55 21.45 29.65
364 24.77 45.94 5.74 12.05 29.61
365 24.85 33.04 5.02 10.29 33.08
366 25.08 69.74 5.94 114.92 25.38
367 24.95 61.60 6.13 33.41 27.02
368 24.87 49.21 6.15 10.23 31.54
369 25.19 22.02 4.91 9.82 28.71
370 25.10 24.47 3.80 8.36 30.25
371 25.11 41.11 5.50 10.50 34.35
372 25.17 19.70 3.94 9.25 29.66
373 25.31 38.04 5.34 10.40 33.26
374 25.45 44.19 5.64 11.97 36.31
375 24.98 48.13 5.44 11.00 32.00
376 25.43 81.72 4.56 122.88 26.60
377 25.33 27.92 4.64 8.20 32.44
378 25.24 59.49 5.82 24.50 34.18
379 25.57 72.54 5.93 168.82 27.03
380 25.31 30.26 5.30 9.67 33.53
381 25.28 31.94 5.42 13.08 28.58
382 25.50 47.64 5.41 15.22 29.89
383 25.77 49.61 6.82 17.33 33.78
384 25.47 56.94 4.33 13.89 34.33
385 25.43 36.77 5.25 11.00 38.75
386 25.64 52.89 7.28 20.06 30.53
387 25.71 55.68 5.40 25.40 31.86
388 25.96 65.50 5.90 122.78 26.99
389 25.93 75.50 6.07 163.55 26.47
390 26.13 78.70 5.17 140.96 27.17
391 25.96 60.15 5.93 50.10 25.43
392 25.97 62.58 6.16 84.18 28.39
393 25.94 23.81 5.07 12.40 28.12
394 26.21 32.08 5.30 14.73 33.67
395 26.05 18.86 4.44 12.56 29.03
396 26.08 34.19 4.78 12.08 33.35
397 26.19 68.18 5.93 163.01 26.92
398 26.16 15.55 4.09 10.43 27.99
399 26.23 21.91 4.63 11.13 33.17
400 26.19 39.62 5.74 14.91 34.43
401 26.16 46.58 5.61 15.92 32.58
402 26.22 28.20 5.54 12.54 35.24
403 26.28 57.46 6.46 42.30 29.33
404 26.53 25.51 4.84 15.45 31.96
405 26.65 50.32 6.50 29.76 28.76
406 26.69 70.68 5.61 180.17 30.69
407 26.31 20.62 4.45 10.91 32.64
408 26.58 81.23 6.02 101.06 46.29
409 26.67 53.42 6.87 40.40 27.73
410 27.01 73.45 6.46 163.65 28.57
411 26.70 29.80 4.96 12.79 34.08
412 26.68 31.05 5.22 12.57 29.17
413 26.75 14.25 3.40 18.36 27.52
414 27.01 41.47 5.87 20.27 34.77
415 27.12 55.36 5.92 67.51 29.06
416 27.14 64.19 6.38 164.49 29.72
417 27.04 20.30 4.78 19.44 31.31
418 27.01 22.76 5.00 24.51 26.31
419 27.33 83.74 4.58 60.04 67.24
420 27.17 76.35 6.76 147.75 41.79
421 27.27 58.86 6.05 103.04 29.29
422 27.22 61.53 6.21 129.28 26.72
423 27.01 16.02 3.28 19.61 34.72
424 27.23 26.85 4.21 16.65 34.49
425 27.02 28.57 5.89 25.16 30.79
426 27.11 56.67 6.82 72.82 25.88
427 27.41 67.24 6.32 189.54 29.77
428 27.54 31.37 5.50 25.53 30.38
429 27.49 44.70 7.18 42.92 25.54
430 27.57 51.91 6.53 62.91 28.12
431 27.51 80.23 5.42 94.78 65.70
432 27.67 87.08 2.95 27.84 75.01
433 27.52 17.27 4.29 31.04 22.54
434 27.30 29.64 4.55 19.18 35.64
435 27.44 36.91 6.29 30.89 27.36
436 27.47 39.60 6.36 23.82 31.29
437 27.60 49.28 5.97 58.42 29.39
438 27.54 15.11 4.88 15.85 31.48
439 28.05 69.56 6.67 180.61 31.28
440 28.21 12.16 3.60 40.43 21.13
441 27.70 35.85 5.88 25.12 42.62
442 27.73 33.09 5.71 17.79 40.36
443 28.03 20.21 4.70 39.70 26.93
444 28.12 24.60 5.13 40.21 26.15
445 28.09 42.32 6.90 47.13 28.10
446 28.24 53.78 6.85 114.39 24.88
447 28.33 71.99 6.88 150.54 40.49
448 28.08 27.60 5.81 38.39 27.05
449 28.38 46.86 6.34 76.64 28.89
450 28.16 77.59 6.21 108.46 77.57
451 28.06 34.63 6.22 41.35 28.93
452 28.26 56.79 6.55 131.66 28.28
453 28.30 65.00 6.57 205.32 32.51
454 28.29 39.90 6.24 45.52 30.81
455 28.45 14.91 4.06 52.30 23.85
456 28.19 82.90 4.50 37.62 92.92
457 28.68 37.76 5.79 70.02 27.88
458 28.55 62.39 6.47 175.01 32.25
459 28.59 74.67 6.62 112.48 77.64
460 28.55 32.60 6.27 58.09 27.03
461 28.59 59.81 6.54 166.75 29.60
462 28.62 80.51 5.98 55.89 118.74
463 28.66 17.47 4.32 59.79 22.95
464 28.73 22.35 4.91 61.61 27.23
465 28.78 30.37 6.38 74.28 29.32
466 28.85 44.26 6.40 86.97 29.85
467 28.84 50.54 6.78 127.02 27.99
468 28.91 67.41 7.15 177.46 38.59
469 28.84 83.54 5.21 47.69 105.56
470 29.09 34.99 6.23 88.81 27.63
471 29.15 28.16 5.75 90.26 24.87
472 29.31 25.89 5.92 91.49 26.95
473 29.24 41.42 7.01 95.20 30.88
474 29.32 19.93 5.36 99.62 26.24
475 29.37 55.13 7.49 181.98 31.58
476 29.48 77.62 7.03 69.25 106.55
477 29.57 48.24 6.63 154.21 26.90
478 29.50 57.60 7.05 193.68 32.03
479 29.53 69.86 7.04 136.85 66.93
480 29.38 85.82 5.10 39.11 97.52
481 29.57 52.50 6.89 183.83 29.85
482 29.74 11.99 3.71 112.18 23.18
483 29.54 64.80 7.73 169.56 51.14
484 29.79 39.14 6.87 143.70 29.87
485 29.80 14.98 4.28 129.31 22.54
486 29.78 32.61 6.54 136.68 29.24
487 29.73 72.72 7.38 107.51 106.19
488 29.92 45.82 6.63 161.86 29.32
489 29.68 81.40 5.67 44.90 121.25
490 29.90 23.52 4.91 141.66 27.87
491 29.94 62.43 7.53 155.86 38.82
492 30.00 59.94 6.81 187.33 39.06
493 30.03 17.68 4.59 144.88 24.78
494 30.07 36.78 6.56 170.66 28.27
495 29.95 89.42 3.70 27.85 56.18
496 30.18 9.08 3.20 98.94 16.69
497 30.32 30.33 6.72 182.20 28.41
498 29.88 84.76 5.58 41.08 100.23
499 30.24 43.13 7.37 161.70 31.19
500 30.35 66.56 7.23 129.50 97.32
501 30.39 49.72 6.79 184.06 32.40
502 30.34 80.35 7.25 52.98 114.87
503 30.48 28.00 6.15 178.82 26.73
504 30.59 21.00 5.32 162.42 26.37
505 30.51 74.58 7.68 72.18 116.50
506 30.19 77.22 6.33 40.83 131.50
507 30.29 85.88 4.80 25.20 102.15
508 30.68 34.66 6.07 199.21 28.90
509 30.71 54.74 7.70 187.20 36.38
510 30.80 25.89 5.49 193.47 29.61
511 30.92 71.44 7.92 76.58 112.30
512 30.90 68.98 7.64 95.96 124.95
513 30.88 40.58 7.25 175.56 31.08
514 30.88 51.97 7.04 192.58 33.56
515 30.80 57.46 7.11 158.36 41.92
516 30.60 77.87 7.93 60.19 125.15
517 30.99 63.96 8.09 110.78 88.03
518 31.07 13.53 4.46 174.16 22.50
519 30.79 86.35 5.80 37.37 93.83
520 30.96 88.00 5.75 42.58 81.47
521 31.23 10.55 3.05 141.71 20.88
522 31.24 16.35 4.65 184.90 28.97
523 31.08 45.54 7.16 164.05 33.43
524 31.14 60.38 7.24 131.86 68.57
525 31.04 79.01 6.95 31.12 118.34
526 31.36 19.02 5.37 200.88 27.55
527 31.34 23.62 6.02 191.40 27.73
528 31.37 32.24 6.76 210.34 29.81
529 31.36 37.77 7.12 179.83 29.94
530 31.41 48.19 7.53 160.95 40.41
531 31.19 82.94 6.83 41.61 103.44
532 31.50 73.78 7.74 48.44 115.66
533 31.66 42.93 7.07 146.18 36.56
534 31.73 66.32 7.53 68.86 127.62
535 31.71 29.15 5.89 206.59 32.26
536 31.71 80.68 7.74 42.48 118.48
537 31.49 87.18 8.46 67.92 61.83
538 31.92 62.10 7.80 91.57 106.54
539 31.90 35.02 6.71 179.90 32.40
540 31.90 53.75 7.26 141.54 75.89
541 32.01 50.84 7.97 137.14 67.75
542 31.92 56.88 8.63 107.40 99.49
543 32.08 21.51 6.31 194.04 30.02
544 32.04 78.23 7.49 40.75 105.52
545 32.15 26.06 5.86 200.31 32.06
546 32.21 40.20 7.43 161.79 47.37
547 31.95 75.65 9.50 51.36 110.96
548 32.44 64.62 8.61 52.59 124.11
549 32.18 46.08 7.72 120.59 52.41
550 32.73 71.88 8.81 43.18 122.86
551 32.19 85.14 8.76 67.39 81.74
552 32.20 59.60 7.60 77.72 114.76
553 32.31 82.77 10.06 56.25 95.63
554 32.49 12.18 4.64 144.57 31.19
555 32.43 14.83 4.22 170.38 29.72
556 32.25 69.54 8.74 58.95 124.77
557 32.54 89.34 7.16 86.78 39.12
558 32.53 31.52 6.92 194.38 42.71
559 32.62 9.39 3.64 117.00 44.15
560 32.59 17.83 4.89 179.53 31.93
561 32.64 37.23 7.19 144.53 42.35
562 32.75 43.89 8.41 118.25 67.41
563 32.80 49.00 8.14 110.79 92.17
564 32.93 75.17 7.96 39.16 106.48
565 33.01 23.51 5.68 166.75 40.82
566 32.99 28.52 6.14 181.41 46.62
567 32.71 68.14 8.29 38.25 115.46
568 32.69 81.35 9.67 54.17 88.17
569 32.80 55.32 7.24 75.00 111.64
570 33.11 77.99 9.20 51.41 87.58
571 33.09 86.71 10.01 105.68 38.48
572 33.10 52.30 8.34 75.52 106.31
573 33.06 34.06 6.61 150.22 50.49
574 33.22 58.07 8.54 57.50 118.36
575 33.19 20.59 5.89 169.56 46.66
576 33.29 41.71 7.76 105.50 92.95
577 33.23 45.91 9.63 91.56 103.71
578 33.33 61.29 9.19 55.15 121.35
579 33.30 67.22 8.98 47.34 124.72
580 33.23 54.57 8.88 75.90 107.24
581 33.46 83.80 11.76 100.75 53.78
582 33.46 26.26 6.26 146.08 56.04
583 33.48 39.05 7.88 109.05 99.08
584 33.61 80.52 11.60 77.09 75.31
585 33.74 69.00 9.88 44.37 111.37
586 33.63 8.00 2.87 65.06 48.68
587 33.73 15.27 4.72 114.28 52.09
588 33.68 31.02 7.50 136.22 76.74
589 33.71 11.50 4.15 98.69 47.72
590 34.01 50.85 8.12 48.52 114.28
591 33.79 35.96 7.53 116.24 82.31
592 34.26 90.71 9.04 104.07 17.86
593 33.98 18.34 5.36 133.91 58.56
594 33.95 65.21 9.65 40.74 119.70
595 33.91 43.79 8.58 67.03 109.45
596 33.94 49.02 8.29 49.43 121.83
597 34.03 70.23 7.92 33.22 100.38
598 33.88 73.30 9.16 41.91 95.38
599 34.14 56.27 8.48 45.37 124.68
600 33.80 46.48 6.60 52.20 125.80
601 33.85 61.71 7.11 29.33 122.78
602 34.14 75.76 12.18 68.95 82.02
603 34.19 47.55 8.26 57.40 127.15
604 34.23 23.91 6.79 103.70 92.94
605 34.22 33.66 8.11 97.66 118.99
606 33.98 53.94 8.27 42.18 131.27
607 34.32 21.18 6.06 122.60 84.89
608 34.08 45.16 7.67 56.27 119.33
609 34.22 72.02 11.96 51.00 89.06
610 34.46 53.53 8.88 39.99 117.50
611 34.47 77.77 12.94 85.42 58.55
612 34.06 84.40 12.25 108.62 43.75
613 34.45 28.92 7.89 97.27 95.86
614 34.48 59.09 9.93 46.44 132.30
615 34.26 81.89 13.83 120.04 37.45
616 34.48 86.71 14.68 138.73 25.20
617 34.54 38.38 7.09 70.79 111.79
618 34.33 41.18 8.33 59.94 104.88
619 34.64 61.38 8.63 34.49 126.69
620 34.50 63.42 9.62 41.24 131.71
621 34.77 9.09 3.84 54.48 85.85
622 34.62 26.38 6.92 94.49 95.76
623 34.72 12.25 5.05 73.89 90.32
624 34.48 32.31 6.75 50.75 118.62
625 34.68 16.32 6.50 84.79 89.79
626 34.99 43.67 8.37 43.92 119.49
627 35.02 46.25 8.90 48.38 122.41
628 34.94 67.87 11.09 57.95 84.86
629 35.03 70.26 12.94 70.49 74.05
630 35.14 79.77 14.50 131.48 39.65
631 34.87 82.33 15.24 133.56 33.79
632 35.19 84.29 17.44 144.10 32.28
633 35.43 14.42 5.75 60.18 95.90
634 35.34 35.73 8.43 58.69 108.66
635 35.01 19.04 6.17 65.00 97.38
636 35.20 72.72 14.69 96.08 55.40
637 35.37 49.17 10.11 47.41 121.99
638 35.36 52.08 9.79 42.57 116.48
639 35.30 65.47 12.07 52.92 95.06
640 35.35 89.04 16.93 146.86 21.52
641 35.48 56.82 9.71 42.14 115.34
642 35.14 62.75 10.71 41.46 124.89
643 35.41 75.41 14.71 119.45 41.61
644 35.36 22.21 6.43 64.63 114.29
645 35.21 16.60 5.77 88.36 101.32
646 35.63 33.29 7.80 55.89 104.45
647 35.33 28.25 6.62 54.29 106.76
648 35.28 37.98 7.50 41.00 126.70
649 35.82 91.38 14.78 96.82 20.02
650 35.58 18.54 6.14 59.50 94.62
651 35.80 24.49 6.84 56.43 110.10
652 35.82 27.55 7.19 60.41 103.68
653 35.84 60.08 11.44 56.28 90.14
654 35.97 86.47 24.11 156.73 25.32
655 36.02 81.62 20.48 161.05 31.37
656 35.78 38.44 8.98 58.57 104.82
657 36.07 77.83 17.16 147.79 36.48
658 36.04 11.99 4.76 38.86 85.55
659 36.05 62.82 12.42 62.18 94.38
660 36.10 16.64 7.51 52.39 114.04
661 36.05 30.22 8.61 55.71 108.68
662 36.08 54.22 11.05 48.43 102.90
663 36.20 44.65 10.99 40.85 114.38
664 36.20 70.32 14.53 123.21 51.81
665 36.21 42.18 9.40 43.92 110.43
666 36.32 67.67 14.71 118.56 57.27
667 36.16 73.28 15.65 145.28 36.83
668 36.22 6.96 3.53 18.96 63.87
669 36.39 20.48 7.08 47.06 98.90
670 36.33 47.95 11.67 45.49 114.36
671 36.40 65.21 15.84 96.87 72.13
672 36.33 45.87 10.31 37.50 115.19
673 36.60 51.00 12.56 51.39 94.06
674 36.55 9.56 4.55 28.29 88.12
675 36.71 83.93 27.13 144.18 36.93
676 36.80 35.24 9.44 42.58 96.73
677 36.58 18.62 7.47 42.83 101.33
678 36.74 39.51 10.39 48.93 99.10
679 36.78 88.69 30.09 123.48 34.79
680 36.67 15.35 5.11 27.31 87.98
681 36.79 33.07 7.82 33.62 110.96
682 37.01 31.41 8.43 40.11 103.07
683 36.84 61.07 14.66 113.40 64.60
684 36.94 75.88 21.58 171.58 32.19
685 36.70 25.05 8.95 40.62 98.29
686 36.78 28.34 8.46 47.98 95.57
687 36.94 23.06 8.56 47.35 85.48
688 36.72 73.32 18.31 154.19 38.25
689 36.79 37.11 10.81 50.38 88.62
690 37.32 25.53 8.14 37.59 89.14
691 37.00 47.80 9.28 38.86 102.79
692 37.28 59.00 14.77 122.97 59.17
693 37.30 42.02 11.40 49.16 86.23
694 37.28 44.10 11.67 54.51 86.94
695 37.37 71.48 20.25 176.68 34.95
696 37.29 81.18 29.76 158.84 34.81
697 37.01 13.95 3.92 34.23 79.85
698 37.20 53.99 15.66 85.05 72.48
699 37.41 78.65 29.93 157.49 37.80
700 37.43 63.51 16.28 146.98 46.41
701 37.50 86.07 38.60 123.88 50.28
702 37.33 18.45 7.02 36.72 90.49
703 37.60 91.12 28.20 79.47 49.78
704 37.17 27.26 9.11 42.78 89.11
705 37.58 68.87 21.57 177.96 36.16
706 37.39 21.33 6.92 34.95 79.54
707 37.35 12.90 5.78 32.28 76.56
708 37.60 46.90 13.31 70.00 76.59
709 37.63 66.23 19.68 153.32 39.92
710 37.67 49.33 14.06 84.63 80.50
711 37.67 56.35 15.56 122.68 62.68
712 37.55 8.62 3.87 28.65 53.26
713 37.50 15.15 7.54 36.00 74.69
714 37.46 45.31 10.50 44.06 84.81
715 37.76 73.73 26.75 171.48 34.13
716 37.72 30.01 10.30 44.60 79.72
717 37.75 51.98 15.57 93.61 60.25
718 37.74 28.35 9.17 34.00 75.83
719 37.79 13.34 5.98 32.88 62.93
720 38.00 33.33 10.45 46.38 69.97
721 37.96 39.92 12.45 75.58 84.63
722 38.16 61.40 18.93 188.19 41.96
723 38.14 83.49 43.11 125.99 45.36
724 38.19 88.35 51.47 106.97 66.57
725 38.08 26.57 10.27 53.55 73.51
726 38.02 77.04 32.15 152.58 39.23
727 38.18 35.88 12.35 63.46 66.72
728 38.20 16.13 7.15 42.30 71.81
729 38.44 75.93 36.14 147.78 37.85
730 38.19 93.65 20.25 30.78 50.40
731 38.52 18.67 8.93 51.38 58.70
732 38.48 42.48 13.07 98.24 60.92
733 38.50 53.84 23.71 170.08 51.26
734 38.52 58.70 20.69 191.69 39.84
735 38.24 30.07 8.00 40.00 69.00
736 38.47 45.44 14.10 102.36 50.71
737 38.55 80.54 45.07 124.62 44.84
738 38.49 23.15 9.06 58.65 58.26
739 38.24 38.69 10.83 67.17 93.83
740 38.61 64.33 22.06 190.06 35.48
741 38.67 8.74 5.69 46.97 26.34
742 38.75 50.64 17.68 144.28 46.45
743 38.72 70.68 32.70 173.75 38.35
744 38.78 67.49 29.48 181.54 35.98
745 38.90 31.61 12.99 72.86 55.23
746 38.84 37.62 13.99 106.25 55.84
747 38.92 56.15 20.27 200.55 36.83
748 38.87 14.44 8.58 62.04 51.21
749 38.88 29.13 12.84 72.91 52.78
750 39.08 85.61 56.15 73.43 78.50
751 39.03 47.92 17.69 144.93 47.11
752 39.00 73.67 39.43 154.80 40.70
753 39.15 20.73 11.02 74.76 53.71
754 39.27 78.00 53.93 124.25 72.13
755 39.16 25.12 12.46 83.80 47.57
756 39.14 34.26 13.24 78.47 51.00
757 39.29 93.65 23.26 22.79 57.61
758 39.26 39.87 16.41 142.29 47.64
759 39.33 16.89 10.52 74.13 42.76
760 39.40 60.69 28.21 206.60 36.71
761 39.32 83.24 67.18 92.52 84.66
762 39.63 87.98 63.59 55.33 95.59
763 39.63 10.82 9.29 77.28 31.38
764 39.62 62.96 33.67 190.18 41.55
765 39.61 27.41 14.50 97.92 40.56
766 39.56 44.97 19.71 158.18 39.61
767 39.64 52.40 25.21 181.16 39.74
768 39.70 42.16 17.67 145.85 38.73
769 39.68 65.62 39.85 174.90 41.20
770 39.80 22.73 14.14 102.71 41.37
771 39.73 69.18 42.88 155.09 46.80
772 39.50 90.03 60.00 64.74 94.07
773 39.87 36.34 17.97 131.99 44.17
774 39.83 58.14 27.83 198.14 40.04
775 39.89 75.28 57.70 118.31 72.62
776 39.78 80.75 66.34 93.19 90.75
777 39.99 8.52 7.61 63.58 20.81
778 39.98 13.81 11.22 89.08 38.71
779 40.04 54.85 30.28 181.57 41.89
780 39.97 71.83 50.59 136.49 53.88
781 40.09 49.74 24.94 173.93 38.13
782 40.09 32.68 16.58 119.63 41.50
783 40.19 30.00 16.05 130.48 38.84
784 39.94 91.34 46.57 43.76 85.87
785 40.15 18.77 13.00 97.45 32.33
786 40.34 47.10 25.15 182.26 39.70
787 40.36 84.96 70.22 44.28 105.19
788 40.05 92.74 34.83 27.67 67.75
789 40.49 38.48 23.53 166.13 40.97
790 40.46 24.92 16.45 133.70 33.62
791 40.16 86.41 81.12 61.62 88.88
792 40.70 67.69 55.24 145.63 80.58
793 40.57 94.21 35.12 22.54 43.93
794 40.68 16.18 13.36 106.90 31.09
795 40.65 78.20 80.79 69.94 101.85
796 40.67 43.66 23.77 169.86 39.29
797 40.77 59.86 43.71 168.07 65.24
798 40.90 81.87 100.49 57.54 100.04
799 40.75 20.60 15.71 111.88 34.02
800 40.81 34.60 22.27 151.23 38.89
801 40.79 62.56 48.93 156.09 77.01
802 40.79 65.25 49.58 148.87 78.74
803 40.46 89.52 42.55 20.09 104.91
804 40.85 57.01 41.42 174.73 48.81
805 40.85 27.78 19.28 154.70 38.22
806 40.89 40.86 27.63 168.75 41.96
807 40.84 52.39 34.72 180.69 44.44
808 40.86 10.74 12.14 90.60 25.76
809 40.84 73.52 68.12 89.95 106.82
810 41.09 88.39 97.49 45.40 96.05
811 41.02 92.10 56.35 28.64 77.63
812 41.07 70.11 70.18 102.61 96.37
813 40.98 90.29 69.16 39.91 86.88
814 41.22 13.31 15.45 109.80 31.07
815 41.23 7.20 9.66 69.92 23.68
816 41.30 31.51 24.57 163.73 43.73
817 41.32 49.97 35.86 173.81 61.10
818 41.42 54.70 46.51 171.51 67.38
819 41.42 22.84 20.97 136.78 35.40
820 41.45 45.33 38.18 160.68 51.37
821 41.56 85.68 112.07 41.31 96.06
822 41.55 36.66 28.36 157.34 41.43
823 41.69 47.73 40.41 160.63 65.62
824 41.73 25.40 25.20 136.73 41.71
825 41.82 78.18 109.88 55.62 121.04
826 41.81 18.19 20.73 126.81 42.80
827 41.89 74.17 92.07 70.80 116.47
828 41.80 61.53 68.32 131.20 97.16
829 42.00 15.46 21.29 107.19 53.99
830 41.87 39.56 37.65 152.86 58.42
831 41.87 42.70 36.74 162.71 64.04
832 41.82 64.55 76.92 106.19 112.62
833 41.91 33.65 32.05 157.88 50.97
834 41.97 59.12 68.61 123.38 96.83
835 41.76 66.96 81.53 89.34 121.66
836 41.96 27.93 31.54 153.48 35.18
837 42.13 8.90 17.18 95.32 35.38
838 42.08 51.96 52.56 126.31 89.29
839 42.14 56.78 64.80 136.02 109.22
840 42.24 83.13 125.39 41.48 91.41
841 42.28 11.76 20.89 102.74 44.65
842 42.13 80.54 125.52 44.08 99.93
843 42.26 93.63 62.88 38.12 34.87
844 42.22 69.34 102.99 72.30 112.80
845 42.23 20.69 28.22 123.43 54.22
846 42.35 30.12 37.49 153.38 62.15
847 42.35 90.66 86.24 40.90 55.90
848 42.32 71.74 102.62 66.66 110.80
849 42.39 87.89 115.36 43.64 76.26
850 42.46 67.11 76.20 58.91 120.94
851 42.54 75.98 116.07 53.33 119.86
852 42.57 46.03 56.04 128.92 98.08
853 42.68 49.48 60.93 108.76 104.80
854 42.68 53.99 71.26 105.39 99.90
855 42.75 35.32 46.62 138.76 65.61
856 42.74 37.99 50.08 132.63 80.91
857 42.86 22.91 33.61 110.52 57.20
858 42.92 32.38 43.24 134.38 68.01
859 42.85 40.95 56.84 126.86 84.68
860 42.99 43.73 62.51 112.01 91.59
861 43.04 13.81 34.50 83.30 75.20
862 42.95 25.52 41.56 113.57 58.00
863 43.09 65.14 113.66 59.03 132.69
864 43.09 63.08 103.56 69.22 127.19
865 42.91 95.40 38.54 31.97 13.19
866 42.97 60.25 91.61 72.98 116.54
867 43.18 85.30 136.99 44.61 70.79
868 43.15 7.63 20.94 72.67 59.66
869 43.06 16.68 37.41 89.50 71.66
870 43.21 78.37 141.47 43.70 99.01
871 43.18 28.03 49.82 108.92 72.49
872 43.31 19.69 42.04 82.96 91.15
873 43.33 73.42 131.06 49.99 108.85
874 43.34 81.20 143.37 48.47 67.41
875 43.35 56.63 87.01 76.06 123.57
876 43.32 10.30 31.79 80.09 84.07
877 43.36 51.94 82.44 82.56 112.47
878 43.42 68.70 145.66 54.60 124.84
879 43.41 71.08 140.56 54.30 114.57
880 43.54 47.55 79.88 78.42 124.98
881 43.52 92.08 87.53 58.05 38.08
882 43.53 88.49 118.46 53.16 51.52
883 43.73 66.60 141.77 52.29 120.09
884 43.80 30.19 59.13 99.20 91.32
885 43.69 75.78 152.34 51.12 89.19
886 43.76 36.21 69.99 108.06 103.93
887 43.73 39.18 71.90 92.20 118.94
888 43.86 42.08 78.06 76.25 117.64
889 43.89 4.77 16.81 30.24 55.28
890 43.91 33.51 63.80 94.80 104.57
891 44.11 49.87 96.49 57.41 134.15
892 44.08 83.44 148.85 72.38 52.60
893 44.23 45.04 86.27 72.78 119.00
894 44.14 54.24 110.71 57.41 120.39
895 44.13 16.90 51.32 61.74 104.32
896 44.44 8.71 39.64 37.83 85.01
897 44.17 14.23 50.61 56.81 91.77
898 44.01 23.24 51.14 62.00 101.04
899 44.09 60.24 131.20 54.32 104.04
900 44.10 7.31 22.76 31.62 73.24
901 44.44 57.04 120.35 51.97 115.44
902 44.38 62.56 143.30 49.42 107.38
903 44.27 79.18 154.04 72.30 61.10
904 44.41 70.00 153.93 62.89 99.20
905 44.51 86.25 132.36 84.20 45.17
906 44.64 94.99 48.33 74.92 15.97
907 44.70 37.71 93.60 66.52 120.62
908 44.58 64.79 152.41 58.18 100.54
909 44.41 11.63 48.83 49.21 82.40
910 44.51 73.61 154.10 68.93 73.11
911 44.61 89.36 132.55 87.39 44.52
912 44.54 19.98 68.89 57.33 110.70
913 44.71 52.27 128.35 56.30 119.42
914 44.46 5.44 22.36 27.27 63.12
915 44.49 21.93 54.64 55.67 102.81
916 44.73 27.57 63.94 57.48 108.49
917 44.50 32.01 69.68 63.64 99.41
918 44.54 34.54 72.52 52.58 116.52
919 44.79 76.40 159.83 85.24 64.66
920 44.80 92.28 82.34 92.49 24.85
921 44.83 40.47 107.86 61.50 113.03
922 44.78 47.49 116.16 56.62 120.46
923 44.88 67.22 162.46 69.21 73.78
924 44.96 81.33 161.28 103.96 51.49
925 44.94 42.96 116.18 61.03 114.38
926 45.05 30.78 91.29 68.40 99.91
927 45.18 71.71 168.60 89.65 73.99
928 45.35 17.18 73.69 41.28 114.10
929 45.13 59.12 144.79 49.28 93.68
930 45.45 25.17 82.79 41.39 104.61
931 45.10 35.11 94.45 61.94 112.89
932 45.30 28.97 99.85 59.92 105.33
933 45.29 55.44 149.33 55.43 101.01
934 45.41 83.83 157.94 116.23 42.94
935 45.63 5.52 29.87 14.32 69.05
936 45.22 13.39 68.80 32.12 94.52
937 45.46 50.16 143.60 55.44 95.85
938 45.37 22.07 79.86 42.86 103.39
939 45.55 78.69 166.18 131.17 48.43
940 45.60 32.87 107.95 49.38 96.16
941 45.53 61.63 160.74 61.38 77.63
942 45.51 69.33 180.89 111.29 62.61
943 45.37 8.79 66.58 32.47 97.47
944 45.70 44.96 140.62 54.41 92.30
945 45.57 14.89 68.53 36.56 98.77
946 45.69 64.37 167.40 88.87 56.73
947 45.66 87.93 137.70 118.61 34.15
948 45.83 52.91 158.86 72.78 93.17
949 45.51 26.92 80.91 33.64 109.54
950 45.77 38.73 124.00 50.70 118.05
951 45.93 90.55 112.93 119.49 28.33
952 45.88 73.61 175.43 128.07 56.26
953 45.82 47.36 138.13 59.26 90.68
954 45.96 35.73 121.11 44.33 87.69
955 45.96 76.18 172.33 145.79 46.64
956 46.00 42.07 139.62 51.09 87.29
957 46.19 85.52 149.64 132.70 37.04
958 45.83 6.89 46.47 20.26 80.05
959 46.08 58.02 165.63 82.64 70.70
960 46.07 67.04 170.41 113.46 52.68
961 45.99 8.21 44.69 18.81 83.28
962 46.23 27.12 107.56 38.41 107.94
963 46.20 80.89 168.78 140.30 42.80
964 46.17 19.95 98.96 39.60 101.01
965 46.30 55.56 167.48 87.22 74.10
966 46.49 29.32 126.40 44.70 82.90
967 46.34 70.69 183.82 137.62 51.55
968 46.57 60.32 173.93 112.45 52.44
969 46.58 12.94 107.29 36.35 85.15
970 46.54 15.26 103.47 38.11 97.81
971 46.53 49.09 159.48 86.84 68.23
972 46.75 9.51 83.14 29.07 79.63
973 46.65 17.63 111.11 37.16 92.09
974 46.57 31.86 132.57 48.55 81.14
975 46.61 24.54 117.31 39.54 87.92
976 46.63 39.85 157.27 63.06 70.95
977 46.64 62.88 182.34 134.73 49.49
978 46.74 92.62 82.50 116.64 25.29
979 46.74 22.11 113.69 42.68 92.87
980 46.77 83.08 172.96 153.24 40.18
981 46.88 51.34 171.26 119.80 62.81
982 46.79 7.02 62.19 22.84 56.77
983 46.89 44.32 159.50 86.61 65.51
984 46.95 87.47 158.94 144.19 37.90
985 46.86 36.53 148.57 61.79 61.47
986 46.99 78.55 161.96 154.52 39.51
987 46.96 46.67 169.56 115.64 58.85
988 46.97 65.25 185.28 138.36 48.94
989 47.10 68.17 180.40 169.99 47.76
990 47.10 53.67 182.39 112.74 59.09
991 47.04 73.22 185.10 149.24 41.15
992 47.22 33.94 153.10 59.22 66.23
993 47.08 75.94 179.76 171.38 43.89
994 47.19 41.86 166.20 82.30 60.81
995 47.38 89.99 129.64 126.99 36.24
996 47.33 58.53 184.08 177.93 53.10
997 47.15 5.39 38.67 19.33 59.03
998 47.34 56.08 182.28 145.64 50.67
999 47.29 3.62 32.49 16.73 22.49
1000 47.48 97.87 21.05 29.12 6.70
1001 47.45 70.64 188.93 169.40 47.93
1002 47.62 95.07 54.23 69.10 18.46
1003 47.46 19.95 121.45 50.85 74.55
1004 47.49 26.06 132.27 56.51 69.04
1005 47.54 38.43 162.96 95.63 56.17
1006 47.57 81.16 175.94 135.29 44.39
1007 47.56 30.96 145.51 64.21 65.29
1008 47.65 49.13 174.79 153.57 49.86
1009 47.76 11.53 109.20 40.70 55.39
1010 47.72 14.31 120.18 53.44 64.33
1011 47.62 61.56 181.17 173.23 47.44
1012 47.78 84.94 152.71 116.65 43.45
1013 47.77 28.45 144.26 69.94 63.21
1014 47.77 23.23 129.79 59.60 64.21
1015 47.76 17.02 118.54 55.59 63.68
1016 47.88 8.45 93.22 47.37 52.91
1017 47.96 36.09 174.91 97.86 53.98
1018 48.04 64.08 189.50 165.53 51.29
1019 48.19 66.33 189.61 164.23 52.34
1020 48.13 92.12 109.39 80.70 39.07
1021 48.08 5.69 68.15 47.00 38.17
1022 48.06 43.59 176.05 142.39 56.45
1023 48.06 52.11 182.04 153.58 47.34
1024 48.13 46.56 172.29 161.97 52.80
1025 48.19 74.61 184.54 139.67 51.16
1026 48.18 40.69 172.30 136.00 49.97
1027 48.26 72.12 189.79 143.68 56.04
1028 48.31 77.01 194.16 130.56 57.88
1029 48.35 87.80 148.71 107.32 60.26
1030 48.33 32.98 162.47 100.44 49.50
1031 48.31 56.84 186.02 190.35 48.27
1032 48.36 68.56 199.60 162.17 55.74
1033 48.39 79.40 180.59 106.84 58.25
1034 48.55 54.12 195.00 173.90 49.05
1035 48.50 59.82 189.10 192.70 52.11
1036 48.55 20.99 147.51 84.41 56.97
1037 48.57 82.65 177.26 102.55 54.37
1038 48.63 18.52 142.90 84.49 52.34
1039 48.66 26.08 143.89 104.62 47.34
1040 48.67 30.59 159.95 93.62 47.83
1041 48.73 49.83 187.58 160.76 54.69
1042 48.80 37.89 173.14 146.61 52.44
1043 48.82 62.26 189.54 174.62 49.56
1044 48.90 10.33 109.86 66.78 41.86
1045 48.92 13.20 128.68 82.23 42.70
1046 48.89 23.46 146.19 101.43 40.88
1047 48.96 35.06 169.20 128.39 48.05
1048 49.01 90.18 117.35 68.77 59.30
1049 49.01 16.13 135.61 77.19 47.33
1050 48.99 70.41 198.98 136.15 67.11
1051 49.03 93.77 69.35 37.79 47.20
1052 49.00 44.97 184.64 169.40 51.31
1053 49.10 7.01 91.84 67.41 32.80
1054 49.18 28.35 154.15 90.36 45.60
1055 49.17 85.23 161.72 76.15 72.98
1056 49.31 42.66 180.76 161.85 53.63
1057 49.22 40.31 186.23 155.86 51.05
1058 49.35 47.50 187.98 147.02 52.72
1059 49.37 58.31 193.70 160.68 58.95
1060 49.41 65.22 192.02 126.10 79.68
1061 49.66 3.22 35.41 38.56 13.62
1062 49.44 52.06 193.86 158.36 54.00
1063 49.46 72.66 195.79 90.56 74.14
1064 49.39 75.12 187.20 90.41 82.99
1065 49.46 55.66 192.74 156.08 61.16
1066 49.47 67.70 197.54 114.58 77.65
1067 49.52 80.45 179.39 73.43 77.85
1068 49.53 77.80 184.18 73.53 87.81
1069 49.71 87.65 158.46 69.83 69.48
1070 49.71 33.24 175.96 132.57 52.72
1071 49.79 19.29 147.22 92.06 44.41
1072 49.81 83.04 176.04 61.35 82.52
1073 49.86 21.54 152.06 95.09 44.16
1074 49.80 30.87 171.93 119.11 51.97
1075 49.81 62.95 201.13 128.06 76.35
1076 49.92 26.42 154.38 90.72 41.94
1077 49.90 9.04 115.15 75.08 39.67
1078 49.91 60.57 196.44 121.01 69.39
1079 49.95 36.02 178.00 139.10 51.86
1080 49.99 49.81 196.75 131.14 65.88
1081 50.01 23.87 157.32 94.21 48.62
1082 50.00 38.67 188.62 151.43 55.26
1083 50.08 70.01 194.80 83.99 83.13
1084 50.15 92.45 101.37 31.92 56.89
1085 50.07 14.37 143.84 87.06 38.98
1086 50.18 11.71 124.81 74.50 39.37
1087 50.08 44.90 192.74 129.55 72.48
1088 50.30 16.92 147.26 84.33 49.33
1089 50.23 53.80 203.73 114.69 81.20
1090 50.24 6.32 84.86 56.21 26.16
1091 50.36 89.90 141.14 46.56 67.40
1092 50.36 41.59 189.36 110.49 66.43
1093 50.50 28.93 158.65 76.53 57.28
1094 50.42 57.14 200.47 94.58 86.13
1095 50.53 47.18 190.55 89.57 76.39
1096 50.49 75.55 198.49 55.26 88.64
1097 50.61 84.93 162.26 43.37 88.00
1098 50.60 67.77 206.07 66.10 98.43
1099 50.58 72.88 193.22 53.78 91.93
1100 50.69 65.35 195.29 60.51 105.40
1101 50.68 81.04 180.78 41.18 91.56
1102 50.65 78.23 182.80 42.64 90.22
1103 50.84 32.00 171.15 84.99 61.38
1104 50.74 62.95 202.32 68.14 106.46
1105 50.95 34.27 176.59 81.54 64.08
1106 50.93 51.76 198.70 72.64 83.32
1107 50.91 59.49 206.14 76.45 107.74
1108 51.05 3.66 44.27 23.66 18.56
1109 50.96 25.30 164.45 70.61 51.15
1110 51.06 36.86 175.89 77.20 80.97
1111 50.95 9.27 110.74 59.58 40.05
1112 51.01 39.26 193.27 90.18 76.92
1113 51.09 19.56 146.09 58.45 52.46
1114 51.03 43.94 187.40 68.68 86.00
1115 51.08 87.27 155.07 34.72 77.17
1116 51.07 22.41 156.02 68.41 55.08
1117 51.15 49.18 197.00 66.54 85.89
1118 51.21 55.13 195.68 57.43 100.08
1119 51.28 93.69 75.37 20.51 49.54
1120 51.22 14.02 138.37 53.55 48.67
1121 51.19 70.09 193.51 42.97 105.68
1122 51.31 6.43 98.80 38.43 33.75
1123 51.41 61.64 201.32 47.13 120.34
1124 51.54 11.35 125.38 49.02 41.90
1125 51.50 27.40 170.06 54.72 61.76
1126 51.50 83.08 171.36 35.07 89.87
1127 51.51 1.70 24.04 9.18 7.71
1128 51.50 16.87 147.23 48.63 55.18
1129 51.52 41.19 189.22 65.06 88.65
1130 51.50 90.74 119.20 27.88 62.57
1131 51.61 30.19 161.40 50.18 70.88
1132 51.58 46.27 197.60 59.52 93.97
1133 51.73 57.51 187.72 47.25 110.39
1134 51.63 67.28 195.82 38.27 99.37
1135 51.58 75.27 179.22 34.32 96.81
1136 51.70 72.37 190.42 34.07 89.25
1137 51.80 78.02 182.05 30.55 82.90
1138 51.75 80.37 168.04 30.87 86.66
1139 51.94 53.07 196.16 37.68 94.23
1140 51.96 65.05 189.36 34.04 82.51
1141 52.07 32.78 176.23 44.18 79.37
1142 52.08 85.29 160.14 32.35 75.31
1143 52.04 35.26 178.97 45.69 77.25
1144 52.18 88.20 133.18 32.66 59.63
1145 52.14 8.88 118.47 31.78 40.16
1146 52.08 24.43 156.50 43.07 63.65
1147 52.12 38.16 178.82 40.18 78.98
1148 52.08 44.04 184.44 42.19 100.61
1149 52.13 50.40 200.84 41.78 87.22
1150 52.14 59.77 193.02 37.38 115.68
1151 52.18 21.66 152.96 39.73 62.24
1152 52.24 69.33 186.63 39.24 91.15
1153 52.25 47.97 190.02 36.63 96.19
1154 52.31 3.18 39.82 10.21 16.22
1155 52.36 62.85 196.34 36.14 95.59
1156 52.33 19.05 152.81 36.03 67.84
1157 52.37 13.53 132.22 32.80 62.30
1158 52.44 55.38 197.89 38.97 96.23
1159 52.42 5.98 88.76 21.43 43.64
1160 52.47 28.28 167.22 35.13 66.02
1161 52.53 92.62 99.59 34.29 43.49
1162 52.63 95.20 45.85 20.41 22.74
1163 52.61 41.66 183.58 37.04 88.83
1164 52.61 73.86 182.99 36.17 82.66
1165 52.64 82.14 168.52 37.74 67.00
1166 52.66 16.12 141.73 30.89 68.31
1167 52.78 71.41 181.71 44.77 82.36
1168 52.73 76.43 179.00 40.21 84.86
1169 52.81 30.65 158.83 31.42 78.54
1170 52.74 67.24 185.80 40.86 70.30
1171 52.96 25.89 154.74 29.93 69.53
1172 52.93 90.09 114.61 37.70 49.50
1173 52.64 1.39 21.89 3.56 11.89
1174 52.99 39.42 185.56 33.45 80.66
1175 52.97 79.57 163.74 36.76 54.32
1176 53.05 10.68 119.73 22.40 44.54
1177 53.02 51.87 189.22 36.00 90.65
1178 52.96 35.82 185.17 37.70 67.20
1179 53.13 46.59 183.20 37.63 84.89
1180 53.05 58.53 184.93 42.26 77.03
1181 53.11 61.13 183.98 41.02 77.36
1182 53.14 86.42 150.14 39.62 56.95
1183 53.13 44.09 179.27 33.78 97.63
1184 53.28 23.47 143.37 26.56 58.13
1185 53.30 33.31 166.80 35.99 60.98
1186 53.26 65.04 174.10 47.96 63.79
1187 53.33 7.48 98.88 16.35 51.81
1188 53.42 17.92 134.99 23.89 61.55
1189 53.37 20.77 145.55 25.87 55.43
1190 53.36 49.52 179.43 39.25 73.05
1191 53.36 54.04 188.06 37.46 81.49
1192 53.36 83.99 159.44 49.54 49.91
1193 53.52 56.51 183.56 48.74 80.29
1194 53.49 13.63 123.56 24.14 55.01
1195 53.67 69.65 166.63 67.54 52.68
1196 53.61 27.86 154.97 27.84 69.30
1197 53.72 37.26 175.81 39.83 59.45
1198 53.77 63.06 187.16 64.37 59.62
1199 53.67 75.02 174.35 50.37 61.54
1200 53.88 88.33 122.91 67.77 41.02
1201 53.85 41.70 180.29 41.99 64.97
1202 53.77 77.75 162.84 65.81 55.97
1203 53.80 92.14 95.28 78.47 24.70
1204 53.93 72.17 166.93 74.82 53.83
1205 53.88 30.71 156.84 35.87 58.16
1206 53.86 67.33 171.83 64.17 51.63
1207 54.00 5.21 60.49 12.77 36.80
1208 53.96 81.57 154.80 66.71 47.30
1209 54.07 59.83 182.90 72.98 61.00
1210 54.14 39.45 178.62 47.87 62.08
1211 54.22 35.12 170.70 58.21 55.90
1212 54.24 48.10 187.25 63.63 56.89
1213 54.17 52.24 173.42 71.45 65.72
1214 54.26 43.77 176.56 42.39 66.64
1215 54.32 8.45 100.92 20.49 41.13
1216 54.30 11.28 125.22 25.35 37.46
1217 54.30 25.55 153.08 36.06 55.01
1218 54.31 45.97 178.98 55.42 64.48
1219 54.44 14.80 130.73 31.36 45.69
1220 54.34 22.65 145.46 32.20 49.61
1221 54.35 85.26 129.32 85.81 41.98
1222 54.31 95.66 42.79 58.44 13.03
1223 54.54 32.99 145.52 68.61 54.41
1224 54.53 54.67 168.65 91.52 57.04
1225 54.50 57.64 171.43 86.51 56.86
1226 54.52 17.23 132.51 32.30 46.54
1227 54.61 50.11 176.93 92.05 52.02
1228 54.61 64.53 159.71 92.99 48.76
1229 54.58 19.80 132.41 29.36 46.46
1230 54.67 28.54 149.79 47.26 52.88
1231 54.79 79.93 146.80 101.61 39.27
1232 54.73 61.43 174.16 101.30 48.22
1233 54.67 74.24 157.66 87.35 51.54
1234 54.77 90.03 116.48 127.59 33.66
1235 54.75 76.62 155.87 103.54 48.41
1236 54.85 66.68 170.80 99.80 42.93
1237 54.98 68.85 156.41 98.48 46.70
1238 54.93 37.36 161.00 94.15 51.47
1239 55.04 71.11 161.05 98.97 45.33
1240 55.19 92.61 67.92 112.18 21.04
1241 55.07 30.68 148.91 73.71 48.80
1242 55.14 82.64 129.22 105.81 37.02
1243 55.12 5.79 72.81 29.26 32.26
1244 55.13 40.05 166.95 95.77 53.83
1245 55.24 42.43 160.46 83.46 49.86
1246 55.26 87.38 118.56 121.04 37.72
1247 55.26 12.69 123.08 45.88 35.83
1248 55.25 52.30 159.20 117.30 45.46
1249 55.35 21.58 128.36 42.64 37.25
1250 55.37 24.09 132.87 54.72 41.74
1251 55.37 9.63 105.06 42.75 32.29
1252 55.43 26.59 134.95 67.86 42.21
1253 55.37 44.85 166.19 94.12 44.93
1254 55.44 47.46 160.94 97.00 44.34
1255 55.40 56.49 145.35 113.26 47.05
1256 55.48 94.88 42.49 82.09 12.51
1257 55.51 78.11 142.30 119.09 40.17
1258 55.54 35.28 147.07 94.54 44.70
1259 55.50 59.19 157.78 113.50 49.78
1260 55.56 62.56 143.25 117.69 42.64
1261 55.66 84.94 123.26 113.72 34.98
1262 55.57 73.21 150.14 118.41 40.98
1263 55.62 17.75 113.78 49.60 38.71
1264 55.86 15.08 112.84 45.10 38.41
1265 55.77 33.02 135.10 92.27 44.26
1266 55.74 49.81 147.93 109.79 41.03
1267 55.75 65.05 148.23 109.94 43.79
1268 55.80 75.57 139.97 125.15 43.26
1269 55.91 54.40 147.28 127.25 45.45
1270 55.97 7.41 71.38 41.46 29.93
1271 56.11 80.30 122.32 128.86 37.49
1272 56.07 90.42 86.85 135.78 27.79
1273 55.97 38.02 144.20 108.87 47.98
1274 56.05 67.51 134.88 103.28 38.79
1275 56.20 19.77 116.84 60.52 40.13
1276 56.23 28.07 122.29 82.66 41.42
1277 56.22 69.77 127.44 119.97 46.77
1278 56.15 30.71 125.48 96.30 43.94
1279 56.20 40.45 139.08 102.69 43.08
1280 56.28 10.86 97.90 58.59 34.06
1281 56.37 60.26 142.20 136.56 46.70
1282 56.39 72.07 132.69 112.75 42.63
1283 56.38 45.42 136.38 135.38 45.48
1284 56.39 52.15 123.14 109.29 45.10
1285 56.47 82.70 112.41 110.84 42.11
1286 56.48 43.01 135.13 120.24 46.49
1287 56.47 56.96 130.22 117.82 48.56
1288 56.50 22.36 112.57 57.07 39.59
1289 56.51 87.55 101.82 116.63 37.45
1290 56.67 13.15 94.21 53.46 34.68
1291 56.59 25.18 117.85 67.12 42.17
1292 56.64 36.33 123.23 111.45 41.37
1293 56.67 47.84 128.28 105.10 50.41
1294 56.66 62.73 130.59 119.84 47.78
1295 56.67 77.59 118.76 110.58 43.16
1296 56.83 93.65 40.94 79.40 18.67
1297 56.81 74.50 122.30 115.90 43.46
1298 56.92 34.22 110.59 86.93 45.11
1299 56.80 65.56 118.13 112.85 55.66
1300 56.87 17.31 98.58 58.97 38.64
1301 56.93 50.05 129.24 102.37 47.74
1302 56.97 8.61 86.67 64.42 28.16
1303 57.07 5.61 54.00 46.33 22.50
1304 57.08 85.08 95.79 97.83 38.90
1305 57.08 31.97 105.13 83.55 56.66
1306 57.13 29.43 100.24 76.90 55.82
1307 57.06 54.32 119.26 92.08 49.58
1308 57.27 58.66 114.55 105.06 44.68
1309 57.25 38.35 105.07 83.93 45.42
1310 57.23 68.28 103.49 98.88 50.88
1311 57.22 40.83 114.72 87.74 42.24
1312 57.39 71.00 106.44 79.83 44.38
1313 57.33 90.15 69.77 104.46 33.13
1314 57.50 14.77 81.49 53.35 34.59
1315 57.37 79.40 102.39 92.91 39.28
1316 57.37 19.90 99.40 54.04 40.62
1317 57.50 45.61 106.14 99.33 62.32
1318 57.61 27.29 92.31 57.23 45.00
1319 57.65 11.07 75.86 58.64 32.74
1320 57.62 43.11 98.70 101.94 56.44
1321 57.60 60.88 115.25 83.94 57.09
1322 57.72 82.57 86.51 81.32 46.01
1323 57.65 22.48 87.63 46.43 45.09
1324 57.71 51.65 99.90 70.94 53.59
1325 57.74 56.36 99.43 76.22 55.36
1326 57.79 25.13 92.19 46.04 45.49
1327 57.80 63.26 101.18 84.97 57.40
1328 57.73 76.16 103.69 83.36 53.19
1329 57.80 87.64 78.41 82.03 48.68
1330 57.78 48.10 95.19 75.61 58.65
1331 57.83 65.45 97.73 81.66 59.11
1332 57.92 35.78 85.01 53.92 54.72
1333 57.91 73.44 100.13 71.22 52.03
1334 57.97 7.69 54.50 53.36 28.68
1335 58.12 16.78 75.45 43.25 44.55
1336 58.09 33.26 83.46 49.23 55.55
1337 58.11 30.62 80.27 55.37 52.84
1338 58.11 53.91 83.54 64.79 47.36
1339 58.24 91.67 53.26 64.07 33.75
1340 58.21 40.61 88.41 57.40 45.63
1341 58.29 80.62 86.70 69.27 52.18
1342 58.28 67.38 83.85 75.54 53.01
1343 58.40 18.77 76.95 40.66 39.86
1344 58.39 69.81 85.32 62.64 59.51
1345 58.46 85.37 74.26 58.19 50.29
1346 58.39 38.04 81.61 48.24 53.39
1347 58.48 12.49 69.28 46.04 39.74
1348 58.50 49.99 79.42 63.51 51.51
1349 58.55 78.29 84.49 59.33 63.22
1350 58.56 58.05 79.92 59.12 56.41
1351 58.66 44.06 75.60 55.44 59.39
1352 58.69 46.74 71.96 56.91 75.31
1353 58.67 60.49 79.29 53.15 59.65
1354 58.72 20.93 73.74 36.15 42.34
1355 58.77 23.39 72.55 36.10 47.88
1356 58.68 28.22 63.09 36.89 56.49
1357 58.87 72.01 71.79 50.99 66.87
1358 58.91 14.61 64.95 36.75 40.29
1359 59.02 76.25 69.62 50.82 66.33
1360 58.84 89.11 58.20 54.41 48.65
1361 58.89 9.79 54.94 39.57 39.67
1362 58.89 62.79 93.25 69.11 76.39
1363 59.06 41.94 69.40 48.63 57.25
1364 58.97 52.40 62.00 58.61 53.88
1365 59.13 65.17 68.18 51.47 55.76
1366 59.02 74.25 75.58 51.59 64.33
1367 58.96 34.76 63.15 39.19 49.10
1368 58.97 55.39 68.62 50.32 62.65
1369 59.02 6.90 36.33 30.05 29.97
1370 59.12 25.64 62.29 37.41 48.94
1371 59.21 82.13 64.53 49.09 53.22
1372 59.14 31.92 56.05 33.22 58.12
1373 59.31 39.53 63.71 38.28 55.54
1374 59.38 48.83 58.40 49.51 61.10
1375 59.39 67.78 68.36 47.98 48.91
1376 59.57 17.14 53.63 31.64 45.96
1377 59.58 37.25 50.88 38.47 58.59
1378 59.51 79.83 62.98 48.71 52.75
1379 59.42 92.10 39.91 46.94 35.71
1380 59.43 84.46 62.21 50.82 57.05
1381 59.52 12.24 44.80 31.80 46.07
1382 59.68 69.99 58.32 41.10 53.66
1383 59.60 59.42 52.08 49.62 51.01
1384 59.76 86.61 53.49 49.59 47.95
1385 59.88 27.11 43.65 31.91 55.05
1386 59.59 43.65 46.12 44.48 58.48
1387 59.74 46.19 52.36 37.51 58.88
1388 59.85 51.09 48.53 49.39 55.64
1389 59.97 89.19 42.99 47.11 48.97
1390 59.94 20.41 44.48 24.68 48.15
1391 59.86 54.00 50.72 51.25 49.07
1392 59.83 56.81 58.96 52.78 42.71
1393 59.74 9.10 26.57 21.71 47.67
1394 59.88 23.43 50.91 28.61 50.54
1395 59.87 62.09 50.24 48.02 55.51
1396 60.07 77.49 43.60 35.42 61.63
1397 59.95 7.24 31.07 23.39 31.30
1398 59.99 34.68 47.75 37.75 45.34
1399 60.08 10.34 38.52 27.87 39.59
1400 59.99 29.95 42.78 33.55 53.71
1401 60.13 41.03 47.30 40.34 58.00
1402 59.90 14.61 33.75 23.25 59.00
1403 60.23 32.40 42.87 32.57 48.69
1404 60.01 82.78 24.22 23.56 64.22
1405 60.43 15.28 39.87 25.07 46.90
1406 60.18 43.50 47.90 36.40 56.10
1407 60.39 66.76 47.96 43.81 51.95
1408 60.52 71.14 45.08 48.44 51.66
1409 60.49 48.13 40.28 46.81 55.09
1410 60.57 60.25 38.21 66.06 43.37
1411 60.39 79.56 42.62 38.76 62.14
1412 60.45 85.52 33.31 35.12 59.92
1413 60.46 5.99 11.90 10.13 31.00
1414 60.62 22.40 22.74 20.74 52.47
1415 60.57 82.02 50.11 41.51 53.11
1416 60.70 57.54 37.30 59.32 51.38
1417 60.74 25.15 41.70 31.22 49.11
1418 60.80 38.96 39.08 38.37 55.27
1419 60.66 44.75 35.03 37.48 61.67
1420 60.97 87.49 32.20 43.63 46.93
1421 60.58 8.69 19.84 18.32 39.04
1422 60.70 13.84 21.43 18.29 41.81
1423 60.79 63.23 34.81 58.14 49.72
1424 60.80 75.19 39.58 43.36 51.53
1425 60.88 17.31 31.87 26.03 47.13
1426 60.73 27.73 32.73 37.49 53.00
1427 60.57 29.22 29.15 40.38 53.62
1428 60.82 52.71 33.89 58.09 52.76
1429 60.90 55.21 34.29 65.78 45.46
1430 60.55 80.37 43.57 38.86 61.14
1431 60.82 50.36 34.24 56.93 45.96
1432 61.05 68.92 36.81 52.18 49.38
1433 60.85 84.17 45.36 43.18 49.96
1434 60.77 11.79 29.54 27.83 39.63
1435 61.11 20.68 32.71 30.07 41.85
1436 61.26 31.68 27.87 50.64 49.50
1437 61.01 35.07 26.90 44.18 47.80
1438 61.09 90.93 23.37 26.67 44.29
1439 61.14 43.44 34.83 53.96 51.91
1440 61.04 5.40 17.22 17.74 21.91
1441 61.11 73.01 32.50 54.56 52.16
1442 61.15 77.82 35.32 47.32 47.48
1443 61.20 7.75 20.00 19.23 30.06
1444 61.17 65.16 38.24 60.80 45.59
1445 61.00 79.08 33.00 29.69 61.77
1446 61.32 10.74 24.79 21.90 40.48
1447 61.12 26.74 21.36 35.45 51.64
1448 61.11 12.71 25.00 26.33 44.33
1449 61.51 59.15 25.48 96.65 50.09
1450 61.29 14.31 26.31 25.38 42.19
1451 61.63 61.80 25.69 83.78 43.99
1452 61.56 46.86 26.97 57.83 52.75
1453 61.31 23.76 29.17 34.33 52.83
1454 61.76 82.76 28.19 46.70 42.77
1455 61.57 15.54 27.76 29.92 41.76
1456 61.65 26.30 28.08 42.71 47.10
1457 61.74 49.48 21.68 67.86 51.73
1458 61.66 67.11 30.88 74.12 45.02
1459 61.56 22.67 25.67 29.40 50.83
1460 61.81 37.46 21.85 67.18 51.75
1461 61.80 70.95 27.17 74.07 47.75
1462 61.75 13.28 22.81 22.09 39.83
1463 61.71 39.84 26.54 54.62 48.67
1464 61.83 80.20 31.74 42.27 50.70
1465 61.86 85.74 27.41 47.25 38.00
1466 61.84 52.18 24.82 77.12 53.65
1467 61.97 29.52 20.46 58.24 49.76
1468 61.94 54.59 24.57 78.65 55.06
1469 62.00 57.20 21.29 89.03 51.53
1470 62.01 76.20 25.50 62.26 38.67
1471 61.92 89.52 25.29 41.94 33.45
1472 62.03 44.28 22.86 75.74 50.27
1473 62.09 35.04 20.07 82.37 51.34
1474 62.06 21.27 23.72 43.90 46.69
1475 62.15 73.81 24.42 81.42 40.96
1476 62.19 24.45 22.40 54.03 40.26
1477 62.01 7.18 13.10 23.21 26.26
1478 62.32 41.90 20.20 75.52 55.79
1479 62.22 64.87 23.40 84.77 46.88
1480 62.24 10.53 17.75 28.03 26.77
1481 62.48 31.70 16.41 71.33 55.15
1482 62.26 8.68 13.61 21.56 31.67
1483 62.15 15.76 15.43 21.00 51.14
1484 62.48 68.97 21.72 91.38 56.24
1485 62.60 91.70 12.91 33.63 24.49
1486 62.63 27.01 19.46 64.61 47.48
1487 62.62 60.19 18.34 104.84 48.55
1488 62.70 87.91 19.64 48.90 36.09
1489 62.62 46.32 15.73 74.11 56.91
1490 62.60 12.99 16.11 39.97 34.02
1491 62.65 62.67 20.38 93.96 59.42
1492 62.77 15.42 16.29 48.82 37.44
1493 62.75 48.52 18.13 86.81 63.13
1494 62.99 22.45 16.18 54.82 51.03
1495 62.81 39.59 16.26 85.48 57.46
1496 62.91 51.03 15.52 102.11 75.07
1497 62.85 84.43 23.45 62.63 40.14
1498 62.73 7.70 9.03 25.69 34.10
1499 62.95 55.94 15.77 107.83 72.20
1500 63.00 71.85 18.91 101.63 52.69
1501 62.97 37.13 14.43 88.17 61.96
1502 63.06 53.53 15.66 116.61 71.91
1503 63.05 66.76 20.35 100.86 57.45
1504 62.98 81.80 22.53 56.44 39.03
1505 63.09 34.21 13.99 103.60 67.40
1506 63.13 77.07 21.25 74.17 41.75
1507 63.26 20.18 12.09 48.22 54.19
1508 63.20 29.20 15.09 79.12 54.12
1509 63.26 44.27 13.60 93.61 75.18
1510 63.21 9.91 10.59 44.24 31.45
1511 63.31 58.38 13.99 103.31 71.37
1512 63.30 74.52 19.96 91.32 47.90
1513 63.14 18.63 10.45 39.25 58.25
1514 63.32 6.88 8.82 32.92 32.46
1515 63.42 24.84 13.70 68.61 49.76
1516 63.43 42.03 13.73 89.16 82.94
1517 63.46 63.65 15.91 98.72 64.84
1518 63.51 11.21 11.06 43.09 37.79
1519 63.37 8.53 9.38 39.38 34.06
1520 63.51 69.67 16.14 96.53 56.70
1521 63.74 89.13 13.57 59.62 28.51
1522 63.64 31.88 13.56 78.37 66.45
1523 63.78 46.51 13.07 97.15 75.15
1524 63.71 86.53 17.19 69.10 32.92
1525 63.74 61.02 14.73 95.56 74.55
1526 63.78 92.36 8.20 39.95 18.52
1527 63.75 49.21 11.97 96.19 90.76
1528 63.70 17.85 13.26 50.94 49.80
1529 63.89 39.98 11.95 89.50 84.81
1530 64.01 12.76 10.11 47.61 47.60
1531 64.10 27.13 10.53 79.52 58.62
1532 64.01 14.92 11.25 57.27 50.11
1533 63.99 78.88 14.81 77.35 55.59
1534 64.03 84.39 13.27 74.38 47.70
1535 64.06 65.60 14.57 101.23 82.00
1536 63.97 34.82 12.88 85.22 93.02
1537 64.06 52.43 12.04 81.16 97.67
1538 64.11 80.98 16.90 79.50 43.53
1539 64.24 6.14 7.20 32.82 34.69
1540 64.11 56.01 10.85 81.62 97.59
1541 64.06 19.86 9.96 31.83 59.57
1542 64.27 36.87 10.91 70.20 105.68
1543 64.20 67.95 13.48 95.02 76.10
1544 64.32 29.38 11.41 74.39 65.93
1545 64.22 83.10 16.19 78.63 40.15
1546 64.16 8.15 4.65 24.74 42.56
1547 64.16 58.83 11.38 70.81 108.94
1548 64.41 70.86 11.89 100.08 70.24
1549 64.47 73.39 12.93 97.58 60.14
1550 64.44 76.34 15.46 86.38 54.72
1551 64.60 44.64 9.97 85.54 87.17
1552 64.68 41.87 9.98 75.58 96.17
1553 64.64 17.15 9.58 40.62 70.00
1554 64.61 63.69 11.25 93.78 90.59
1555 64.74 9.44 7.67 41.22 45.14
1556 64.76 19.65 9.48 43.56 65.26
1557 64.76 59.12 9.93 66.06 112.53
1558 64.86 47.32 9.58 65.04 103.86
1559 64.82 86.89 12.23 88.79 42.89
1560 64.91 90.23 9.04 66.38 27.29
1561 64.97 93.05 4.88 44.10 17.85
1562 64.97 14.44 7.84 40.37 67.39
1563 65.21 33.52 8.73 53.30 93.28
1564 65.09 52.34 9.78 57.89 106.63
1565 65.25 11.16 5.99 40.86 64.69
1566 65.11 82.16 11.75 85.88 47.93
1567 65.05 39.13 8.19 64.01 89.04
1568 65.14 65.97 11.01 91.61 114.61
1569 65.09 5.53 3.56 15.87 40.65
1570 65.31 56.67 9.13 62.55 105.84
1571 65.23 54.57 10.49 59.26 106.43
1572 65.37 36.04 8.58 57.75 102.49
1573 65.35 68.78 9.68 78.82 93.62
1574 65.33 78.63 10.84 73.51 70.03
1575 65.48 26.73 8.24 45.40 74.73
1576 65.72 23.67 7.50 37.77 71.40
1577 65.64 43.09 8.63 63.81 93.10
1578 65.48 71.50 9.73 73.43 95.03
1579 65.40 74.82 11.56 82.66 74.02
1580 65.64 84.60 11.17 86.87 52.68
1581 65.52 20.26 7.05 37.82 63.87
1582 65.82 49.00 7.93 54.89 89.88
1583 65.75 16.20 6.25 35.43 68.83
1584 65.86 31.66 8.08 48.58 74.88
1585 66.02 46.19 8.06 55.03 95.23
1586 65.68 64.29 10.16 62.58 116.90
1587 65.95 87.96 7.94 95.28 42.28
1588 65.84 29.33 8.82 43.59 69.00
1589 65.97 58.94 8.34 56.87 105.56
1590 65.86 7.66 3.91 18.12 57.08
1591 65.98 40.50 7.72 63.02 89.88
1592 66.03 62.55 8.82 64.63 121.37
1593 66.17 38.17 7.21 55.45 87.12
1594 66.30 51.68 7.81 44.60 96.87
1595 66.11 67.12 7.68 66.46 104.15
1596 65.98 76.36 9.03 57.74 89.46
1597 66.17 91.16 5.00 69.93 29.79
1598 66.20 54.01 8.45 52.91 98.17
1599 66.14 20.94 5.81 33.52 67.37
1600 66.47 77.82 9.67 63.88 82.16
1601 66.56 13.20 5.32 36.92 63.49
1602 66.58 56.37 7.48 49.70 96.39
1603 66.43 72.74 9.18 77.93 94.16
1604 66.32 26.81 6.36 31.16 72.00
1605 66.96 68.90 7.96 57.90 98.90
1606 66.61 36.21 7.48 58.95 74.00
1607 66.62 44.22 7.28 48.01 90.71
1608 66.34 17.11 3.60 28.20 73.90
1609 66.70 19.16 6.19 39.76 61.26
1610 66.62 25.08 6.85 38.70 65.42
1611 66.55 60.76 8.35 57.78 110.89
1612 66.67 10.23 4.00 32.11 66.12
1613 66.67 64.29 8.00 66.71 105.29
1614 66.79 27.88 6.52 40.40 65.76
1615 66.81 86.03 7.67 82.40 65.10
1616 66.68 21.83 6.94 40.19 60.12
1617 66.80 83.46 7.30 69.39 74.52
1618 66.83 31.00 6.04 51.11 62.02
1619 66.84 48.57 8.20 59.39 78.41
1620 67.05 41.73 7.11 59.76 75.84
1621 66.75 40.80 7.20 45.20 85.40
1622 67.26 74.89 8.10 59.80 94.19
1623 66.87 29.74 7.64 46.82 69.09
1624 67.03 58.53 7.64 58.80 86.24
1625 67.19 88.85 5.02 83.64 51.89
1626 67.09 23.82 6.23 31.20 60.40
1627 67.26 39.22 7.18 67.09 68.72
1628 67.51 62.54 7.87 59.51 96.51
1629 67.37 32.99 6.93 68.60 62.07
1630 67.35 54.12 6.96 50.48 84.40
1631 67.04 81.45 7.00 46.43 91.14
1632 67.30 46.55 7.31 61.14 82.22
1633 67.46 91.28 4.42 49.17 45.50
1634 67.23 18.54 4.08 25.38 67.15
1635 67.41 51.20 7.33 50.96 76.17
1636 67.52 10.77 3.95 33.15 50.32
1637 67.49 15.85 4.32 32.02 59.26
1638 67.50 8.55 3.88 36.56 47.47
1639 67.58 35.06 5.73 73.07 47.56
1640 67.63 80.65 7.34 50.25 90.53
1641 67.65 44.03 6.51 73.29 63.80
1642 67.84 29.66 5.78 68.00 47.89
1643 67.75 26.96 6.10 58.62 53.64
1644 67.91 13.19 4.81 47.08 43.12
1645 67.85 48.48 6.84 76.24 60.05
1646 67.85 56.62 6.78 75.52 69.68
1647 67.82 18.40 5.00 48.57 51.46
1648 68.04 85.45 5.95 59.62 77.38
1649 67.74 87.29 5.42 46.71 90.42
1650 67.98 23.59 5.82 54.78 45.63
1651 67.94 37.17 6.20 85.51 48.51
1652 68.01 69.76 7.23 55.55 77.68
1653 68.05 41.72 5.91 94.10 54.29
1654 68.07 21.40 5.36 49.81 46.43
1655 68.26 31.93 6.42 83.13 51.72
1656 68.33 45.99 6.72 84.48 47.23
1657 68.25 66.05 7.14 55.51 85.66
1658 68.16 17.14 4.76 43.43 55.90
1659 68.32 53.92 6.28 93.68 53.97
1660 68.56 8.16 2.76 47.95 33.51
1661 68.44 39.44 6.07 110.46 48.09
1662 68.40 51.12 6.56 89.54 55.79
1663 68.58 82.03 6.03 44.86 86.65
1664 68.45 15.40 4.38 51.29 42.55
1665 68.43 72.69 6.48 58.62 75.35
1666 68.26 87.20 5.55 57.00 88.73
1667 68.68 10.86 3.46 56.87 30.53
1668 68.60 25.67 6.23 77.99 42.35
1669 68.66 35.03 5.83 105.41 45.51
1670 68.39 67.12 6.38 51.38 85.88
1671 68.67 57.90 6.38 105.49 51.77
1672 68.61 88.41 5.19 67.98 61.21
1673 68.77 18.98 4.13 58.02 38.19
1674 68.75 61.09 6.41 98.01 60.00
1675 68.66 63.46 5.86 81.59 74.66
1676 68.75 68.16 6.33 75.13 64.85
1677 68.71 79.12 6.16 54.35 84.18
1678 68.79 43.51 5.48 99.87 46.25
1679 68.69 75.77 6.67 52.25 80.06
1680 68.92 28.23 5.11 83.18 43.23
1681 68.92 48.71 5.68 105.60 57.05
1682 69.35 84.82 5.08 54.38 80.64
1683 69.17 54.95 5.90 121.58 42.34
1684 69.06 89.88 3.20 28.30 64.30
1685 69.26 13.44 3.83 65.78 29.86
1686 69.22 37.62 5.69 111.84 41.58
1687 69.39 21.03 4.04 74.69 33.03
1688 69.37 23.51 5.20 89.51 36.98
1689 69.38 32.86 5.53 120.43 42.30
1690 69.25 65.25 5.97 88.49 60.21
1691 69.24 70.43 6.79 90.98 54.69
1692 69.39 30.32 5.14 105.37 39.80
1693 69.41 40.64 5.42 128.07 40.80
1694 69.39 52.30 6.04 114.41 41.14
1695 69.31 73.99 5.89 79.89 53.30
1696 69.49 16.10 4.46 68.28 31.16
1697 69.46 77.20 5.62 66.37 69.41
1698 69.48 46.15 6.01 116.99 42.91
1699 69.46 88.31 3.31 35.48 71.97
1700 69.69 57.20 5.84 128.07 44.70
1701 69.73 59.65 5.61 144.96 49.24
1702 69.71 62.69 6.64 116.74 46.64
1703 69.44 86.83 3.78 65.78 73.22
1704 69.83 8.45 3.02 61.07 22.78
1705 69.72 25.52 4.93 91.58 32.47
1706 69.75 67.38 5.17 113.83 45.14
1707 69.88 42.91 5.19 131.36 43.52
1708 70.11 72.26 5.54 108.42 41.35
1709 69.97 82.04 5.35 67.05 66.72
1710 69.91 35.26 5.02 118.40 40.52
1711 69.92 49.62 5.33 130.56 43.89
1712 69.93 79.39 5.31 75.85 55.44
1713 70.06 18.51 3.92 78.18 32.05
1714 69.83 26.99 5.48 93.91 34.42
1715 70.27 11.27 3.11 69.73 23.35
1716 70.39 38.02 5.04 107.86 43.44
1717 70.41 75.28 4.95 106.07 45.59
1718 70.41 28.99 4.92 90.65 38.61
1719 70.33 55.23 6.06 142.00 40.71
1720 70.35 69.21 5.35 125.32 42.73
1721 70.58 14.24 3.34 74.32 32.38
1722 70.50 22.03 4.07 89.15 30.87
1723 70.66 40.16 5.73 108.61 36.99
1724 70.58 45.05 5.29 149.48 43.60
1725 70.46 52.72 5.31 141.21 38.21
1726 70.46 84.43 4.15 74.74 60.02
1727 70.56 65.60 5.05 136.47 38.95
1728 70.66 47.42 5.55 130.73 38.08
1729 70.59 31.83 5.19 107.50 40.81
1730 70.80 60.36 5.09 152.04 41.42
1731 70.83 26.15 4.69 91.67 33.72
1732 70.77 63.02 5.36 156.22 39.45
1733 70.92 57.55 5.26 144.16 38.25
1734 71.05 77.73 4.56 120.16 37.39
1735 71.25 16.60 3.60 71.93 28.00
1736 70.97 35.28 5.00 95.20 47.07
1737 71.00 42.43 4.58 109.70 43.46
1738 71.05 50.00 4.93 127.80 40.57
1739 71.10 80.14 4.29 111.55 48.50
1740 71.02 87.70 3.57 68.83 50.13
1741 71.22 19.36 3.61 90.37 30.25
1742 71.33 8.39 2.67 53.74 20.59
1743 71.23 23.66 4.13 84.44 38.59
1744 71.28 71.01 5.37 143.44 33.33
1745 71.33 73.62 5.50 137.64 43.95
1746 71.45 82.48 4.55 104.64 47.30
1747 71.48 32.87 4.42 77.90 54.51
1748 71.60 55.02 4.77 133.38 37.52
1749 71.51 68.46 5.37 148.57 38.40
1750 71.62 28.13 4.15 72.28 48.48
1751 71.71 85.47 3.82 94.21 45.58
1752 71.58 11.65 2.90 63.57 23.09
1753 71.56 37.54 3.97 75.73 52.53
1754 71.63 52.44 5.24 130.77 42.17
1755 71.80 44.64 4.30 109.03 52.33
1756 71.76 66.13 4.17 154.59 37.10
1757 71.89 30.32 5.08 62.40 57.40
1758 71.83 47.30 4.68 111.93 48.30
1759 71.81 63.83 5.29 150.96 35.86
1760 71.83 14.08 3.23 57.77 29.08
1761 72.00 75.97 4.38 134.72 41.93
1762 71.89 58.98 5.08 146.71 36.31
1763 71.99 61.35 4.68 152.12 40.11
1764 72.04 39.65 4.78 75.95 57.11
1765 72.02 21.02 3.12 63.01 38.29
1766 72.05 25.53 4.64 59.08 48.56
1767 72.17 42.04 5.01 80.11 49.40
1768 72.19 35.10 4.79 49.73 72.38
1769 72.28 50.03 5.39 100.05 47.40
1770 72.36 79.03 3.91 126.01 32.72
1771 72.46 17.86 3.71 53.96 35.11
1772 72.43 57.01 4.94 126.78 38.27
1773 72.37 88.04 2.96 78.57 34.74
1774 72.48 8.99 2.76 41.54 22.27
1775 72.36 15.10 2.79 47.66 24.69
1776 72.51 70.56 4.45 141.91 38.40
1777 72.57 73.44 4.80 147.71 34.91
1778 72.76 81.56 3.54 131.60 39.71
1779 72.71 67.66 4.61 138.03 45.99
1780 72.69 84.19 3.48 110.20 40.71
1781 72.71 11.61 2.28 42.38 34.07
1782 72.62 27.31 3.87 44.63 62.29
1783 72.62 32.03 4.15 47.25 63.85
1784 72.80 24.02 4.05 43.93 55.07
1785 72.85 54.80 4.70 97.20 48.30
1786 72.86 64.35 4.47 129.63 48.71
1787 72.93 45.64 4.67 80.76 68.95
1788 72.88 52.29 5.42 89.18 53.19
1789 72.66 29.45 4.40 29.20 66.00
1790 73.07 48.27 4.76 74.76 64.07
1791 73.03 43.42 5.03 70.89 60.18
1792 73.13 61.67 4.95 123.73 50.62
1793 73.23 58.99 4.83 115.82 55.17
1794 73.19 76.74 4.45 129.07 32.83
1795 73.50 87.33 2.51 88.68 25.24
1796 72.99 28.99 5.22 38.56 58.89
1797 73.15 34.91 4.51 30.68 79.25
1798 73.44 15.01 3.29 30.70 43.43
1799 73.38 12.99 3.12 28.51 36.93
1800 73.21 27.84 4.24 32.48 63.72
1801 73.54 37.05 3.95 28.05 77.51
1802 73.65 17.33 3.39 26.51 46.86
1803 73.46 30.23 4.06 29.65 68.47
1804 73.83 79.14 4.11 125.64 29.76
1805 73.83 50.77 4.62 59.80 66.82
1806 73.75 66.01 4.36 122.64 55.60
1807 73.72 71.14 4.38 137.99 44.09
1808 73.55 24.04 4.07 21.10 70.24
1809 73.65 73.62 4.24 139.86 37.31
1810 73.83 83.97 3.06 117.24 31.78
1811 73.75 21.41 3.66 26.11 60.03
1812 73.94 25.72 3.63 26.38 74.49
1813 73.87 56.64 4.56 82.10 68.49
1814 73.67 22.69 3.89 34.50 69.33
1815 73.83 32.05 4.00 28.83 71.13
1816 73.86 68.56 4.06 129.82 47.26
1817 73.78 34.11 4.32 25.84 84.11
1818 73.88 53.79 4.67 65.79 72.75
1819 73.98 63.19 4.63 98.43 63.80
1820 74.09 41.62 4.45 37.21 81.18
1821 74.18 47.73 4.32 52.68 70.17
1822 74.38 81.36 2.93 119.72 31.72
1823 74.06 75.98 4.60 123.48 36.56
1824 74.75 19.49 3.41 20.24 57.79
1825 74.30 43.87 4.09 39.26 75.30
1826 74.29 45.60 4.80 36.00 77.96
1827 74.62 60.86 4.72 64.71 83.23
1828 74.25 15.84 3.22 22.87 63.83
1829 74.31 26.95 3.88 23.88 80.15
1830 74.61 35.39 4.08 23.90 75.63
1831 74.29 49.30 4.82 31.82 72.05
1832 74.24 22.72 3.76 27.47 64.00
1833 74.64 11.12 2.89 17.15 46.08
1834 74.46 37.33 4.07 23.26 78.04
1835 74.65 29.89 4.09 23.42 75.01
1836 74.80 73.30 3.92 111.87 45.87
1837 74.63 75.87 3.61 119.22 34.35
1838 75.04 85.55 2.71 105.70 21.78
1839 74.85 22.65 3.60 19.21 64.33
1840 74.80 39.59 3.73 24.00 70.93
1841 74.67 56.58 4.25 41.42 89.79
1842 74.88 64.78 4.31 80.33 78.85
1843 74.98 32.84 4.63 23.18 74.73
1844 74.95 67.82 4.31 95.26 64.53
1845 74.91 70.56 4.78 101.82 64.30
1846 74.78 48.54 5.56 30.94 80.06
1847 75.12 77.85 3.72 118.25 38.09
1848 74.86 16.17 2.74 15.47 51.62
1849 75.13 51.22 4.27 38.15 76.86
1850 74.74 53.86 5.00 42.50 82.25
1851 75.09 42.98 4.00 28.59 68.76
1852 75.10 53.08 4.97 31.76 81.85
1853 75.20 46.91 4.09 28.22 77.52
1854 75.22 83.12 3.37 109.08 29.52
1855 75.28 27.15 3.88 21.57 68.41
1856 75.30 17.89 3.08 18.26 53.92
1857 75.26 57.35 4.91 40.56 89.68
1858 75.37 11.47 2.00 10.79 50.30
1859 75.62 37.62 3.94 30.53 61.99
1860 75.52 40.26 4.55 27.20 70.73
1861 75.36 49.23 4.23 26.87 77.42
1862 75.62 59.76 4.40 38.88 93.56
1863 75.74 75.19 3.55 94.22 50.61
1864 75.81 80.54 3.59 98.36 34.14
1865 75.42 21.96 3.57 18.00 69.14
1866 75.52 41.61 3.67 28.00 62.27
1867 75.59 55.40 3.93 30.93 88.73
1868 75.62 15.46 2.54 15.49 55.46
1869 75.57 45.35 4.46 25.65 73.08
1870 75.53 42.56 4.60 29.60 71.20
1871 75.99 72.59 3.86 77.19 64.76
1872 76.14 53.08 4.70 29.30 82.09
1873 76.18 21.30 3.52 20.63 58.35
1874 76.26 43.99 4.82 32.58 68.75
1875 75.91 61.78 4.39 46.50 95.82
1876 75.98 36.22 4.25 32.79 63.00
1877 75.99 13.87 2.22 12.62 55.59
1878 76.17 32.90 4.10 35.53 61.00
1879 76.02 11.18 2.54 11.62 50.62
1880 76.47 17.40 2.99 20.89 48.59
1881 76.44 46.86 4.79 28.10 76.06
1882 76.15 34.90 4.07 38.10 65.07
1883 76.29 49.30 4.73 28.13 72.44
1884 76.05 45.64 5.75 17.75 87.75
1885 76.25 39.30 4.08 45.18 60.36
1886 76.44 77.19 3.42 86.08 48.32
1887 76.52 83.73 2.82 83.01 33.62
1888 76.42 25.63 3.26 32.64 59.02
1889 76.30 69.19 4.27 52.33 81.25
1890 76.49 50.92 4.43 25.98 78.84
1891 76.28 15.31 2.30 21.50 56.00
1892 76.55 41.64 4.25 39.33 67.24
1893 76.43 62.29 4.00 29.35 104.41
1894 76.54 12.78 2.84 14.41 46.34
1895 76.64 29.73 4.12 31.38 60.85
1896 76.71 67.75 3.77 32.19 83.81
1897 77.02 71.31 4.41 44.04 79.44
1898 76.78 57.42 4.41 28.90 102.54
1899 76.90 61.50 3.56 30.85 89.51
1900 76.80 10.96 2.60 11.80 42.50
1901 76.84 14.89 2.73 17.29 48.15
1902 76.82 27.45 3.73 41.22 59.13
1903 76.82 63.51 3.49 24.83 88.74
1904 77.08 36.70 3.82 70.40 47.40
1905 77.12 55.25 4.42 28.30 85.77
1906 77.04 79.50 3.14 76.10 42.05
1907 77.00 74.13 3.88 51.46 69.94
1908 77.09 59.87 3.82 28.69 86.82
1909 77.22 33.78 3.69 67.27 40.40
1910 77.11 25.10 3.68 29.16 58.06
1911 77.25 39.25 4.52 77.25 47.75
1912 77.40 48.04 3.72 39.66 66.48
1913 77.35 20.62 3.62 41.64 41.73
1914 77.02 28.88 3.86 46.57 60.71
1915 77.40 31.15 3.85 74.15 43.16
1916 77.63 82.25 2.32 61.86 48.26
1917 77.31 12.61 2.50 26.44 30.75
1918 77.36 69.31 4.20 34.34 83.71
1919 77.70 11.00 1.71 20.76 31.59
1920 77.50 43.03 3.93 59.86 53.16
1921 77.53 45.45 4.33 53.11 49.40
1922 77.64 17.54 2.98 37.62 39.02
1923 77.52 62.76 4.20 20.89 82.09
1924 77.55 18.88 3.52 38.78 38.87
1925 77.75 57.75 3.53 27.15 83.13
1926 77.62 67.98 3.62 32.75 89.88
1927 77.94 22.93 3.43 60.82 35.43
1928 77.85 27.77 3.54 73.00 38.48
1929 77.85 49.93 4.05 48.27 59.95
1930 78.08 40.82 4.14 90.26 40.92
1931 77.82 60.62 4.64 27.14 80.23
1932 78.17 35.30 4.35 101.90 41.71
1933 78.20 14.59 2.27 39.21 32.72
1934 78.01 66.68 4.55 26.70 97.24
1935 78.50 78.15 2.95 34.80 75.80
1936 78.42 25.39 3.39 78.45 33.35
1937 78.30 38.04 4.01 101.14 40.68
1938 78.23 63.93 4.05 21.25 84.65
1939 78.11 72.17 4.13 34.83 82.10
1940 78.36 80.58 2.89 50.39 63.50
1941 78.48 32.69 3.34 113.00 36.31
1942 78.26 69.72 3.78 27.22 86.20
1943 78.36 61.38 4.55 27.47 71.78
1944 78.57 44.23 3.72 84.43 44.46
1945 78.56 46.72 3.96 77.59 48.00
1946 78.74 20.49 3.08 72.73 32.98
1947 78.64 30.16 4.34 105.33 35.41
1948 78.46 76.40 2.80 31.35 76.32
1949 78.70 54.98 4.59 43.47 62.38
1950 78.73 59.07 4.23 37.63 70.17
1951 78.78 67.80 3.96 23.12 85.02
1952 78.63 74.41 3.85 31.95 76.15
1953 78.86 17.22 2.56 61.13 31.40
1954 78.60 66.11 4.52 25.84 91.77
1955 78.59 83.30 0.75 24.75 60.50
1956 78.67 52.63 4.94 50.67 62.61
1957 78.76 57.23 4.60 37.04 62.12
1958 79.07 41.92 4.37 126.84 42.60
1959 78.84 71.49 4.08 27.16 77.80
1960 79.14 48.78 4.01 98.81 44.28
1961 78.98 51.42 3.33 70.07 48.78
1962 78.84 82.39 1.85 38.15 62.08
1963 79.09 23.46 3.49 95.24 32.19
1964 78.90 62.28 3.84 40.42 73.21
1965 79.08 69.65 3.08 23.76 76.38
1966 79.19 27.59 4.29 102.06 35.52
1967 78.94 79.62 2.70 35.35 72.20
1968 79.32 39.22 3.94 126.28 39.13
1969 79.31 72.90 3.50 22.49 88.26
1970 79.45 63.26 3.50 32.21 79.43
1971 79.51 65.16 4.14 29.17 77.35
1972 79.48 14.22 2.54 57.22 29.09
1973 79.47 34.11 4.22 151.27 39.83
1974 79.46 36.63 3.98 126.67 40.69
1975 79.44 81.01 2.52 30.11 64.23
1976 79.51 60.10 3.74 47.03 70.31
1977 79.70 75.39 2.84 24.66 77.45
1978 79.36 76.87 3.15 28.12 75.96
1979 79.74 61.31 4.00 42.71 68.56
1980 79.75 31.35 3.03 126.49 33.82
1981 79.88 52.86 4.13 105.08 51.22
1982 79.81 55.39 4.15 82.86 45.63
1983 79.88 46.50 3.99 137.47 37.78
1984 79.80 57.87 3.80 69.98 51.54
1985 79.88 43.89 4.43 148.83 41.39
1986 79.85 67.56 3.68 29.67 67.27
1987 80.01 25.20 3.68 105.15 34.92
1988 80.06 19.34 2.68 88.63 32.11
1989 80.01 70.11 3.76 25.01 75.39
1990 79.82 83.02 1.73 23.97 50.64
1991 80.08 50.36 3.50 135.86 43.73
1992 80.13 22.22 3.18 96.93 30.89
1993 80.32 16.99 2.64 79.96 26.57
1994 80.28 28.31 3.40 124.76 39.97
1995 80.30 41.04 3.92 156.78 37.07
1996 80.25 72.69 3.52 25.65 76.52
1997 80.35 78.91 2.66 22.66 71.02
1998 80.29 80.93 2.29 30.29 66.18
1999 80.18 76.41 3.44 16.88 76.06
2000 80.58 38.28 4.01 142.95 36.42
2001 80.34 74.08 2.47 16.93 80.73
2002 80.65 35.66 3.40 138.83 41.77
2003 80.47 62.52 4.17 59.54 58.80
2004 80.72 14.36 2.34 84.86 29.63
2005 80.81 32.92 3.56 143.23 37.96
2006 80.70 59.58 4.04 84.76 51.07
2007 80.66 65.70 3.85 51.64 60.78
2008 80.97 48.72 3.84 149.89 34.22
2009 81.52 75.12 2.84 23.30 69.44
2010 81.06 30.31 3.23 130.73 41.03
2011 81.00 56.56 3.43 127.99 40.15
2012 80.92 77.20 2.25 26.33 77.36
2013 81.01 81.74 1.87 16.10 51.29
2014 81.03 46.04 3.50 163.28 38.75
2015 81.07 54.01 3.63 137.02 41.53
2016 81.08 43.51 3.58 167.37 38.71
2017 81.08 67.84 3.95 56.53 52.86
2018 81.26 20.14 2.86 92.06 37.57
2019 81.28 22.74 3.30 107.63 35.71
2020 81.31 51.45 3.97 148.47 36.54
2021 81.28 63.23 3.85 90.08 48.06
2022 81.36 25.50 3.65 113.44 35.09
2023 81.47 40.84 2.99 152.56 36.98
2024 81.65 28.00 3.73 120.80 43.73
2025 81.79 72.17 3.41 33.00 63.14
2026 81.85 15.92 2.56 86.59 28.30
2027 81.76 65.59 3.87 83.60 45.12
2028 81.76 38.22 3.68 154.72 42.78
2029 81.90 60.98 4.08 113.28 47.12
2030 81.82 35.19 3.70 140.36 48.91
2031 82.07 18.81 2.41 95.10 39.00
2032 81.90 58.04 3.91 147.29 47.18
2033 82.01 47.31 4.18 175.72 36.34
2034 82.00 32.46 3.85 133.76 43.60
2035 82.18 44.57 3.22 170.95 36.63
2036 82.28 54.63 3.94 161.50 45.37
2037 82.15 69.86 4.02 62.60 48.36
2038 82.38 49.65 3.33 177.78 47.00
2039 82.43 30.32 3.46 122.07 52.54
2040 82.61 21.74 3.11 100.32 38.47
2041 82.60 52.29 3.75 169.22 46.29
2042 82.60 63.45 3.74 133.60 53.52
2043 82.55 42.06 3.52 164.63 45.08
2044 82.55 23.74 3.06 108.42 43.78
2045 82.54 25.01 2.57 101.52 37.14
2046 82.52 74.58 3.00 24.39 53.29
2047 82.76 36.86 3.99 150.72 54.98
2048 82.89 39.54 3.79 157.55 53.58
2049 82.95 68.37 3.14 82.83 39.06
2050 82.78 26.90 3.49 100.91 53.63
2051 83.07 78.16 1.77 24.58 56.65
2052 82.70 70.65 3.00 54.68 51.84
2053 82.97 65.94 3.87 113.34 46.51
2054 82.87 72.58 3.35 45.37 54.24
2055 83.08 33.86 3.68 124.96 60.27
2056 83.04 56.61 3.74 167.08 43.83
2057 83.21 17.49 2.68 90.14 41.82
2058 83.06 59.28 3.51 169.61 51.75
2059 83.12 46.78 3.80 191.58 44.08
2060 83.33 15.24 2.21 70.76 34.49
2061 83.45 61.44 3.08 156.94 48.63
2062 83.23 74.03 2.63 32.83 54.29
2063 83.48 29.08 3.69 100.70 56.06
2064 83.51 44.26 3.99 166.00 47.22
2065 83.54 20.18 2.89 84.55 47.17
2066 83.49 50.86 4.31 168.26 57.27
2067 83.70 31.62 3.62 114.62 61.96
2068 83.57 75.58 2.66 36.07 51.88
2069 83.80 53.82 3.95 161.04 45.69
2070 83.75 24.17 2.76 101.54 50.88
2071 83.73 71.11 2.99 77.45 47.89
2072 83.74 41.61 3.67 139.76 73.74
2073 83.83 35.92 3.17 134.27 57.58
2074 83.98 48.65 3.55 175.41 61.48
2075 83.94 63.70 3.80 154.84 51.97
2076 84.09 26.49 3.40 94.28 51.88
2077 84.14 38.66 3.20 133.85 62.56
2078 84.24 66.40 3.75 135.85 42.79
2079 84.20 56.72 3.89 161.36 45.90
2080 84.44 68.77 3.39 122.76 44.54
2081 84.33 22.15 2.83 87.12 55.20
2082 84.36 73.42 2.80 72.09 44.59
2083 84.46 46.30 3.63 149.51 66.79
2084 84.58 75.97 2.03 59.86 46.83
2085 84.51 18.39 2.35 71.62 40.71
2086 84.70 33.66 3.55 92.88 72.21
2087 84.43 59.44 3.76 169.88 70.24
2088 84.61 51.21 3.28 155.68 69.38
2089 84.70 43.46 3.51 126.79 62.09
2090 84.83 28.39 3.15 84.50 47.38
2091 84.89 30.82 2.92 88.64 57.39
2092 84.85 40.84 3.99 138.43 81.41
2093 84.93 36.35 3.11 108.32 73.01
2094 84.96 61.44 3.55 169.92 59.56
2095 85.11 70.89 2.69 108.86 41.65
2096 85.15 53.43 3.38 141.04 69.95
2097 85.14 24.52 3.19 82.59 50.92
2098 85.23 55.69 3.83 143.60 64.21
2099 85.26 64.34 3.57 154.05 52.04
2100 85.29 48.87 3.62 133.67 56.53
2101 85.29 58.55 3.19 146.87 60.67
2102 85.56 19.68 2.39 64.93 51.13
2103 85.55 22.13 2.79 72.42 58.45
2104 85.50 38.82 3.75 92.31 66.63
2105 85.52 45.08 3.63 105.56 69.73
2106 85.60 66.97 3.40 135.86 46.86
2107 85.68 73.07 2.11 109.49 36.55
2108 85.97 26.54 3.16 61.80 55.82
2109 85.90 75.53 2.36 89.06 32.88
2110 85.73 17.27 2.02 50.65 50.68
2111 85.94 32.64 3.06 64.11 64.73
2112 85.95 42.10 3.66 91.06 71.94
2113 85.86 35.03 3.75 68.55 61.65
2114 86.01 51.20 3.78 104.17 68.88
2115 86.12 69.10 3.10 130.66 43.75
2116 86.18 61.99 3.47 145.99 62.91
2117 86.26 47.25 3.44 95.54 67.23
2118 86.33 57.23 3.70 140.17 69.05
2119 86.37 37.81 3.43 67.94 62.59
2120 86.32 54.54 3.52 122.90 73.58
2121 86.50 24.21 3.34 61.13 54.47
2122 86.61 64.50 3.67 122.62 65.60
2123 86.68 40.45 3.29 71.53 66.82
2124 86.55 44.38 3.39 83.81 64.70
2125 86.65 59.69 3.67 130.53 75.24
2126 86.68 31.04 2.79 48.30 61.81
2127 86.78 71.63 2.18 130.72 48.18
2128 86.65 28.74 3.58 38.64 65.02
2129 86.70 76.97 1.47 76.93 26.30
2130 87.11 66.64 3.20 139.39 63.05
2131 87.13 52.96 3.60 92.24 74.05
2132 87.04 50.37 3.76 79.18 61.48
2133 87.03 19.92 2.44 36.95 54.27
2134 87.20 47.98 3.64 65.31 67.84
2135 87.19 74.29 1.71 113.06 36.60
2136 87.41 68.80 2.83 128.10 55.65
2137 87.26 37.06 4.11 27.32 65.04
2138 87.26 39.05 4.00 23.18 63.07
2139 87.48 56.14 4.25 89.38 73.65
2140 87.34 23.30 2.94 25.44 48.00
2141 87.26 76.16 1.84 77.11 27.74
2142 87.49 41.89 3.02 47.91 67.57
2143 87.43 62.08 3.65 111.05 64.90
2144 87.59 25.40 2.87 36.70 52.77
2145 87.45 45.24 3.13 61.16 57.80
2146 87.71 58.39 3.43 103.11 79.79
2147 87.56 35.26 3.81 26.12 60.90
2148 87.84 30.08 3.41 28.06 55.06
2149 87.68 51.16 3.68 60.77 70.52
2150 88.11 70.78 2.00 115.80 52.57
2151 87.73 38.89 4.12 32.50 69.75
2152 88.17 64.26 3.54 106.45 77.21
2153 88.30 73.36 2.47 104.78 37.20
2154 88.10 36.98 4.17 21.43 52.77
2155 88.21 22.49 2.87 23.49 43.19
2156 88.19 39.15 3.34 23.59 62.59
2157 88.39 66.85 3.06 110.51 59.60
2158 88.22 27.12 3.15 23.15 49.59
2159 88.36 60.74 3.71 90.76 89.62
2160 88.41 51.37 4.08 50.89 72.16
2161 88.89 58.01 3.78 59.90 77.69
2162 88.72 40.39 4.64 20.66 56.71
2163 88.68 37.80 3.35 17.58 48.92
2164 88.86 27.55 2.57 15.76 45.38
2165 88.78 29.49 3.12 15.98 41.35
2166 88.88 44.36 3.01 37.93 50.65
2167 89.04 68.99 2.48 105.83 58.00
2168 88.93 34.05 3.35 14.46 43.91
2169 89.07 32.39 3.37 13.66 36.26
2170 89.24 62.64 3.01 85.16 73.59
2171 89.21 23.06 2.53 12.14 41.35
2172 89.22 49.19 3.22 25.57 54.57
2173 89.23 51.19 3.09 28.57 62.25
2174 89.41 36.24 3.51 17.33 45.58
2175 89.15 39.07 3.14 19.43 49.21
2176 89.35 47.00 3.70 20.15 55.82
2177 89.49 65.31 2.94 93.27 62.91
2178 89.49 71.91 2.00 91.75 49.40
2179 89.52 41.80 3.39 19.56 52.95
2180 89.36 38.16 4.17 11.33 45.83
2181 89.52 44.43 4.22 11.33 50.78
2182 89.79 25.47 2.57 8.45 34.76
2183 89.78 39.79 3.49 12.79 42.09
2184 89.59 45.75 2.33 26.17 59.17
2185 89.89 54.69 2.90 33.28 65.92
2186 90.10 67.58 2.36 84.70 55.89
2187 89.89 60.17 3.96 38.35 73.75
2188 90.06 52.49 3.71 18.99 56.92
2189 90.21 49.39 3.48 17.84 49.74
2190 90.34 42.54 3.23 13.70 42.61
2191 90.27 58.12 3.48 40.99 64.92
2192 90.32 63.53 3.02 64.94 67.29
2193 90.17 31.15 3.20 11.15 37.49
2194 90.56 69.91 2.23 70.30 51.52
2195 90.18 47.80 4.25 26.50 52.56
2196 90.38 34.99 3.18 9.67 33.28
2197 90.16 27.53 2.38 10.25 34.00
2198 90.47 46.40 3.00 12.61 46.23
2199 90.51 29.22 2.64 9.32 32.57
2200 90.67 37.21 3.34 9.10 30.85
2201 90.89 40.01 3.81 11.77 31.47
2202 90.82 27.09 2.59 8.44 32.32
2203 90.80 65.73 2.62 66.14 55.95
2204 90.75 32.64 2.83 8.67 30.78
2205 90.89 55.74 3.73 21.98 53.92
2206 91.19 30.94 3.24 7.66 29.47
2207 91.11 62.42 2.23 30.89 54.71
2208 91.07 29.19 3.57 8.29 32.14
2209 91.61 45.37 3.49 10.41 36.11
2210 91.18 64.21 3.50 29.00 71.50
2211 91.50 67.82 2.06 54.85 44.58
2212 91.50 28.53 2.74 7.57 31.81
2213 91.51 53.75 3.20 14.77 38.18
2214 91.69 36.88 3.06 9.19 29.31
2215 91.56 56.05 3.53 14.00 40.34
2216 91.78 52.10 3.39 11.29 34.46
2217 91.83 62.94 3.00 35.42 44.92
2218 91.99 39.31 2.97 7.43 29.54
2219 92.11 27.41 3.13 6.07 28.96
2220 92.22 61.30 2.67 21.18 37.78
2221 92.23 64.32 2.56 28.15 43.98
2222 92.71 47.44 3.35 8.61 28.62
2223 92.48 43.91 3.45 7.77 30.08
2224 92.66 33.64 3.09 6.82 26.63
2225 92.59 29.68 2.96 5.91 28.17
2226 92.70 53.86 3.19 10.29 30.65
2227 92.49 36.90 2.67 8.17 29.58
2228 92.66 39.75 3.20 8.80 25.00
2229 92.82 35.85 2.93 6.86 26.50
2230 93.02 41.69 3.25 7.58 30.10
2231 93.06 63.03 2.39 18.88 25.03
2232 93.09 49.71 2.96 8.42 28.30
2233 93.42 45.28 3.33 8.33 26.30
2234 93.28 52.21 3.25 7.58 30.49
2235 93.39 29.09 2.79 6.35 23.75
2236 93.27 59.83 2.86 10.75 25.93
2237 93.56 38.07 3.23 7.09 27.93
2238 93.70 40.27 2.98 7.05 27.49
2239 93.87 32.37 3.00 5.95 26.14
2240 93.66 35.16 2.95 6.33 28.28
2241 93.76 60.90 2.43 7.14 27.32
2242 94.09 49.67 2.89 6.89 30.58
2243 93.71 59.30 2.71 7.57 23.71
2244 94.05 51.61 3.19 6.92 29.48
2245 94.18 58.37 2.95 7.81 26.00
2246 94.38 34.59 2.86 6.02 27.75
2247 94.43 44.87 3.34 6.63 28.19
2248 94.38 37.20 3.27 6.78 27.76
2249 94.50 55.75 2.65 7.43 27.72
2250 94.52 47.52 3.03 7.05 26.70
2251 94.43 61.07 2.20 6.67 22.50
2252 94.52 38.76 2.75 7.92 26.58
2253 94.70 42.19 3.52 6.63 26.08
2254 94.75 40.18 3.59 6.33 29.20
2255 94.90 49.28 2.69 6.92 27.59
2256 94.87 59.21 2.29 6.47 21.84
2257 94.79 51.23 2.65 7.40 32.35
2258 94.88 33.44 2.55 6.45 26.10
2259 95.06 57.38 2.47 6.00 22.40
2260 95.22 52.05 3.02 7.90 27.83
2261 95.44 38.64 3.12 6.63 25.71
2262 95.07 46.77 3.75 9.00 31.75
2263 95.33 45.73 3.40 6.94 27.31
2264 95.52 48.36 2.54 6.37 28.89
2265 95.41 53.63 2.23 5.38 27.92
2266 95.86 41.21 2.78 6.42 25.54
2267 95.61 43.45 2.65 6.62 28.35
2268 95.88 50.55 3.07 6.44 26.49
2269 95.86 55.65 2.32 5.08 22.15
2270 96.08 46.72 3.34 6.59 28.57
2271 96.04 52.26 2.40 6.87 25.73
2272 95.98 33.60 2.41 4.82 25.90
2273 96.32 38.83 2.89 5.24 25.32
2274 96.48 49.10 2.65 5.29 26.44
2275 97.14 47.21 2.65 6.06 26.68
2276 96.89 40.14 2.68 5.15 25.05
2277 97.14 37.38 2.15 5.25 22.17
2278 97.25 41.91 2.74 4.74 24.81
2279 97.84 39.69 2.37 5.02 22.74
2280 98.44 42.81 1.82 4.54 20.74

