#<Embryo name> <Cleavage cycle> <Temporal class> <Genes>
ra9 14A 4 even-skipped Kruppel giant

#Quantitative data
#<Nucleus number> <A-P coordinate> <D-V coordinate> <Fluorescence intensity: channel 1 - eve, channel 2 - Kr, channel 3 - gt>
0 2.38 44.15 10.50 11.72 5.32
1 2.81 46.06 10.67 14.03 5.54
2 3.21 48.32 10.63 15.22 5.79
3 3.70 44.58 11.14 13.35 6.04
4 4.36 50.07 10.51 14.60 6.61
5 4.34 39.55 11.05 14.69 5.13
6 4.50 52.69 10.48 13.44 6.50
7 4.46 47.36 10.75 15.24 6.44
8 4.90 42.47 11.04 15.43 6.34
9 5.02 45.20 11.27 14.39 6.81
10 5.24 39.57 11.86 16.34 6.83
11 5.53 50.62 11.67 14.76 7.46
12 5.67 53.23 10.05 14.20 7.71
13 5.84 47.70 11.71 15.97 6.92
14 5.81 40.08 12.33 17.20 6.13
15 6.14 56.40 11.02 13.82 6.89
16 6.29 38.16 12.27 15.43 6.17
17 6.06 54.27 12.95 12.84 7.77
18 6.26 44.16 12.07 17.05 6.80
19 6.66 51.69 11.55 15.67 7.63
20 6.67 41.90 11.85 17.32 6.83
21 6.92 49.56 12.66 15.90 7.95
22 6.97 46.38 11.25 17.68 6.56
23 7.29 53.71 11.82 15.30 8.49
24 7.48 40.51 12.06 15.79 6.79
25 7.28 57.98 9.69 12.40 8.06
26 7.62 55.92 10.69 14.67 8.44
27 7.71 37.71 12.35 15.79 7.29
28 7.79 43.27 12.66 16.44 6.79
29 8.08 35.74 10.30 15.62 6.37
30 8.13 48.02 12.33 20.94 8.07
31 8.04 51.12 13.24 16.76 8.05
32 8.00 39.39 10.80 15.74 6.72
33 8.27 45.64 12.85 19.25 7.41
34 8.60 59.30 10.74 12.85 9.64
35 8.42 54.14 13.85 14.04 10.11
36 8.81 41.65 13.53 15.92 6.98
37 8.49 37.97 10.08 14.33 8.25
38 9.20 39.28 11.92 14.65 7.51
39 9.20 49.64 13.67 19.10 10.32
40 9.15 52.16 13.81 15.57 10.51
41 8.99 54.90 12.68 14.00 9.19
42 9.34 44.49 12.43 16.18 7.89
43 9.40 33.51 9.79 12.48 6.42
44 9.18 36.51 12.44 13.61 7.14
45 9.26 56.81 13.05 13.66 11.09
46 9.74 47.06 12.17 16.69 8.96
47 9.76 61.13 12.06 13.43 12.20
48 9.89 41.65 13.21 13.52 8.79
49 10.18 63.24 11.49 12.91 11.67
50 10.21 37.41 13.18 11.68 8.44
51 10.04 58.66 12.31 13.36 12.58
52 10.28 53.82 13.16 15.23 11.80
53 10.37 56.16 12.83 14.34 13.69
54 10.46 43.49 13.82 16.29 8.54
55 10.52 49.08 13.70 16.53 9.84
56 10.26 32.16 10.88 11.47 5.88
57 10.64 51.37 14.22 16.55 12.82
58 10.76 45.93 13.63 16.50 10.50
59 10.84 34.99 13.56 10.82 8.14
60 10.84 32.86 10.83 11.50 7.42
61 11.13 39.46 12.20 14.10 9.17
62 11.09 60.80 12.83 12.52 16.74
63 11.21 58.13 14.75 13.67 17.80
64 11.69 41.89 12.20 13.76 9.69
65 11.39 36.49 13.41 10.00 9.88
66 11.56 55.51 14.15 13.58 17.90
67 11.51 63.11 12.32 12.73 19.75
68 11.27 45.33 11.48 16.22 10.15
69 11.66 53.19 13.43 14.38 16.81
70 11.56 43.56 14.03 13.56 10.12
71 11.65 47.65 13.12 15.29 13.04
72 11.61 30.35 12.38 8.62 7.38
73 12.21 29.37 9.77 10.23 8.11
74 12.04 35.67 13.08 11.80 9.47
75 12.22 38.19 13.51 12.10 10.21
76 12.39 59.79 13.49 12.85 23.39
77 12.08 45.23 13.40 13.23 10.34
78 12.57 51.46 15.74 14.20 21.01
79 12.36 40.34 14.27 13.40 10.64
80 12.66 62.09 14.25 11.92 25.46
81 12.42 31.07 13.14 10.28 8.06
82 12.40 57.38 14.18 11.63 26.47
83 12.73 64.90 12.59 12.38 23.81
84 12.86 55.28 13.87 12.00 25.13
85 12.63 34.17 12.68 10.11 10.98
86 12.51 35.40 11.40 14.50 10.10
87 13.01 46.63 13.89 14.37 15.90
88 12.83 42.79 14.03 13.80 13.16
89 12.98 49.01 14.13 14.41 17.51
90 12.80 33.01 12.83 10.61 10.50
91 13.32 53.07 14.38 12.58 28.99
92 12.99 40.25 13.22 13.39 11.43
93 13.12 57.82 15.49 12.63 27.20
94 13.38 31.27 13.26 9.71 11.08
95 13.60 36.52 13.82 10.70 12.22
96 13.35 29.50 12.34 9.22 9.68
97 13.27 34.97 13.56 8.60 9.98
98 13.77 44.67 14.10 13.01 15.94
99 13.54 59.51 15.96 12.42 32.29
100 13.94 63.69 13.75 13.00 32.60
101 13.76 66.40 13.11 13.36 33.21
102 14.14 50.70 14.02 13.81 32.39
103 14.08 41.24 13.13 11.57 16.70
104 14.05 61.36 14.63 14.25 35.38
105 14.28 54.79 15.31 14.04 50.62
106 14.26 48.49 15.61 12.83 25.92
107 14.33 57.12 15.53 13.34 46.45
108 14.18 59.11 16.06 13.24 37.48
109 14.04 33.31 12.17 9.30 14.46
110 14.50 68.89 12.29 11.45 26.69
111 14.54 28.25 11.46 9.12 13.85
112 14.75 46.52 14.49 13.32 25.73
113 14.79 31.04 12.16 9.62 15.28
114 14.63 34.55 13.30 9.64 12.84
115 14.90 37.34 14.12 10.99 18.27
116 14.89 52.59 14.82 13.43 51.87
117 15.08 44.31 14.59 11.95 25.61
118 14.95 66.29 13.86 12.80 38.86
119 15.35 39.73 13.33 10.86 21.17
120 15.33 60.44 16.11 13.59 52.29
121 15.36 42.09 13.76 12.13 25.64
122 15.29 62.86 14.06 13.23 42.42
123 15.62 33.33 12.09 10.13 20.53
124 15.61 55.63 15.69 12.60 73.73
125 15.74 58.16 15.15 13.02 69.44
126 15.65 48.44 15.93 12.93 48.17
127 15.82 50.90 14.13 12.50 60.45
128 16.03 35.85 13.17 9.91 23.13
129 15.93 70.52 12.95 12.60 29.41
130 16.00 65.05 15.55 13.52 46.34
131 16.09 67.85 13.64 12.17 38.39
132 16.10 27.50 11.15 7.68 23.09
133 16.28 53.49 16.71 13.44 85.10
134 16.29 46.11 15.25 12.76 45.48
135 16.30 30.67 12.71 8.68 24.66
136 16.52 43.53 14.96 11.88 43.67
137 16.70 40.83 14.72 12.06 38.77
138 16.71 60.86 16.62 12.95 74.91
139 16.81 63.33 15.12 12.72 57.15
140 16.93 49.69 15.13 12.89 83.08
141 16.97 33.90 12.46 9.84 31.80
142 16.97 56.01 15.94 13.56 104.41
143 16.92 38.31 13.97 11.59 32.92
144 17.18 58.55 15.86 13.09 93.98
145 17.30 47.50 17.07 13.30 77.91
146 17.23 69.09 13.09 12.96 40.22
147 17.36 51.95 16.89 13.30 103.73
148 17.26 66.24 15.68 13.04 52.12
149 17.47 28.98 12.63 8.64 36.84
150 17.47 71.63 13.77 13.26 35.98
151 17.47 26.07 12.07 7.97 39.10
152 17.75 36.33 13.41 10.33 45.62
153 17.47 44.91 15.74 11.30 74.28
154 17.82 31.62 11.66 8.95 50.66
155 17.92 54.21 16.73 12.54 111.27
156 17.97 41.55 16.03 11.86 64.64
157 18.08 38.83 14.52 11.38 51.30
158 17.88 43.74 14.67 11.17 65.48
159 17.98 62.13 15.56 13.66 79.16
160 18.25 64.57 16.50 14.17 65.77
161 18.37 56.75 16.10 13.45 116.66
162 18.37 49.98 15.94 13.14 113.26
163 18.45 59.75 16.32 14.32 105.76
164 18.55 23.95 11.43 7.36 54.31
165 18.43 45.94 15.71 13.70 107.01
166 18.48 33.96 13.65 9.33 56.44
167 18.49 69.82 15.50 13.44 50.45
168 18.55 67.41 16.50 12.98 64.61
169 18.69 27.49 12.14 8.66 56.69
170 18.95 48.05 16.60 12.79 125.81
171 18.88 52.00 16.86 13.20 120.03
172 19.12 72.36 15.83 13.01 50.34
173 19.02 43.42 15.72 11.29 97.91
174 19.15 30.55 12.64 8.70 70.11
175 19.30 36.03 14.71 10.62 71.58
176 19.31 40.91 16.14 10.98 92.47
177 19.26 54.36 18.54 13.28 133.31
178 19.30 62.70 16.80 13.92 88.01
179 19.33 75.20 14.78 12.74 38.74
180 19.42 38.46 15.05 10.74 74.75
181 19.44 65.61 17.73 14.28 78.62
182 19.53 58.41 16.35 14.49 131.26
183 19.78 46.12 16.52 12.05 131.46
184 19.90 25.83 12.49 8.43 81.54
185 19.87 32.93 13.99 10.45 87.21
186 19.93 56.29 17.63 14.86 135.45
187 19.84 69.85 15.95 13.32 69.45
188 19.98 22.72 11.01 7.87 79.58
189 19.97 49.56 18.40 13.02 147.93
190 20.08 60.70 16.31 13.54 112.01
191 20.20 29.16 12.83 8.53 84.10
192 20.20 67.43 17.96 13.74 82.49
193 20.23 52.19 16.87 13.50 139.64
194 20.29 43.89 16.21 11.43 127.67
195 20.51 72.40 18.44 13.90 68.28
196 20.70 39.30 16.39 11.53 114.36
197 20.68 41.52 17.13 11.43 119.28
198 20.74 37.02 15.24 10.36 118.36
199 20.74 34.68 15.28 10.75 114.35
200 20.72 62.78 18.10 13.89 102.17
201 20.64 74.93 17.71 13.13 65.78
202 20.75 65.08 17.31 14.17 90.05
203 20.88 54.61 17.67 13.18 146.62
204 20.87 47.49 18.32 13.96 159.35
205 20.91 58.61 18.19 13.66 128.62
206 21.21 21.04 11.66 7.44 85.91
207 21.18 68.91 19.12 14.45 90.13
208 21.36 32.38 14.37 9.80 119.23
209 21.32 27.05 12.57 8.31 103.87
210 21.38 45.20 18.37 13.37 153.88
211 21.30 50.61 18.08 13.40 151.96
212 21.36 24.06 13.00 7.98 102.36
213 21.47 29.80 13.67 9.08 112.19
214 21.58 56.72 19.27 13.58 139.68
215 21.63 71.05 20.34 13.65 85.97
216 21.57 42.90 16.91 12.43 141.36
217 21.76 52.73 18.93 13.44 155.60
218 21.61 60.71 19.24 14.37 124.88
219 21.88 48.56 17.73 13.78 156.34
220 21.81 76.68 18.93 13.21 69.65
221 21.94 66.50 20.21 13.76 101.04
222 22.02 35.49 15.64 11.38 135.89
223 21.94 63.79 19.32 14.99 112.24
224 21.95 73.73 21.72 13.66 85.22
225 22.13 37.95 17.12 10.93 137.76
226 21.96 40.25 16.84 11.39 135.73
227 22.47 46.16 18.62 13.80 161.64
228 22.53 54.45 18.99 13.77 153.12
229 22.53 19.58 11.98 7.05 87.52
230 22.52 58.96 20.09 13.75 129.62
231 22.72 31.36 14.86 9.99 128.69
232 22.53 68.81 21.77 15.17 99.65
233 22.79 22.02 12.00 7.88 102.98
234 22.68 25.61 12.65 8.58 111.86
235 22.69 28.56 13.95 8.90 121.78
236 22.55 23.25 14.67 7.85 107.23
237 22.87 33.66 15.85 10.97 137.69
238 22.66 42.96 18.26 11.85 147.53
239 22.74 50.43 19.13 13.67 153.74
240 22.78 61.67 21.14 14.05 123.42
241 22.57 40.67 16.17 11.42 117.88
242 22.94 56.64 20.00 13.35 147.85
243 22.98 72.06 23.81 13.78 97.01
244 23.16 74.89 29.77 13.86 91.53
245 23.18 64.24 20.93 14.89 128.68
246 23.18 77.80 25.77 13.53 76.81
247 23.17 47.99 18.54 13.35 163.98
248 23.36 52.17 20.24 13.51 153.58
249 23.33 39.14 17.76 12.32 161.74
250 23.33 66.61 23.30 14.06 122.78
251 23.45 36.68 16.73 10.93 148.26
252 23.51 44.33 18.46 12.19 154.07
253 23.66 41.40 19.41 12.54 153.02
254 23.65 69.77 27.94 14.58 119.50
255 23.76 59.53 20.63 13.67 130.60
256 23.95 54.40 22.19 13.36 149.23
257 23.89 20.12 12.41 7.32 99.15
258 23.90 23.30 12.50 8.26 111.17
259 23.84 24.83 13.49 7.84 121.76
260 24.03 27.07 14.61 8.66 120.70
261 23.85 29.96 14.73 9.28 132.94
262 24.11 34.43 16.47 10.21 148.78
263 24.19 46.45 21.92 12.44 160.57
264 24.08 62.08 22.57 14.82 133.75
265 24.19 49.20 20.14 13.20 157.26
266 24.15 57.04 21.21 14.41 133.16
267 24.58 32.15 17.46 10.12 146.29
268 24.40 67.46 29.44 14.86 118.84
269 24.38 73.93 42.95 14.73 110.50
270 24.36 76.46 44.43 15.19 97.03
271 24.32 79.30 33.48 14.49 59.91
272 24.50 71.59 39.14 14.67 119.67
273 24.50 64.63 27.45 14.06 136.11
274 24.60 38.94 19.31 11.85 155.47
275 24.59 51.62 20.30 12.58 152.41
276 24.64 43.94 19.37 12.68 159.93
277 24.81 36.40 18.50 11.15 148.41
278 25.04 21.96 12.89 8.25 106.58
279 24.91 41.47 18.96 11.93 151.05
280 25.04 29.64 15.60 9.15 134.24
281 25.02 59.23 25.93 14.31 136.59
282 25.12 24.81 15.06 8.66 113.85
283 25.27 53.56 23.53 13.98 148.84
284 25.22 69.15 41.99 15.30 133.34
285 25.20 56.09 22.43 14.06 139.79
286 25.43 19.40 14.06 7.07 102.56
287 25.20 61.84 29.60 14.17 147.06
288 25.53 27.38 14.80 8.98 128.00
289 25.37 48.59 20.94 13.23 156.13
290 25.53 34.10 16.84 10.75 146.09
291 25.47 46.06 21.16 12.79 159.34
292 25.47 79.82 58.06 14.35 82.48
293 25.60 66.33 40.24 14.50 145.08
294 25.57 76.62 61.60 14.41 103.93
295 25.65 16.41 13.31 6.89 93.92
296 25.77 63.96 36.40 14.70 148.67
297 25.78 73.89 64.42 15.53 128.70
298 25.89 37.79 19.49 11.98 151.74
299 25.88 40.02 18.34 12.10 142.98
300 25.88 43.53 20.22 12.73 161.45
301 25.86 50.83 22.86 12.31 167.70
302 25.98 71.17 62.12 15.03 134.93
303 26.04 57.78 26.48 14.47 149.86
304 26.10 31.82 17.32 9.62 133.36
305 26.23 60.42 30.16 15.07 147.92
306 26.40 23.30 15.75 7.93 110.01
307 26.38 35.65 19.86 10.87 138.25
308 26.33 55.18 25.85 14.09 148.65
309 26.47 29.27 16.37 9.03 132.61
310 26.56 52.46 24.43 12.96 155.16
311 26.49 68.12 65.40 15.40 142.14
312 26.56 78.29 82.47 14.25 111.82
313 26.56 48.24 23.49 12.55 162.31
314 26.68 26.22 17.45 8.75 121.68
315 26.65 41.54 20.98 12.21 151.33
316 26.74 20.95 17.20 7.10 110.39
317 26.84 80.75 76.98 15.40 88.98
318 26.71 45.71 21.17 11.86 160.05
319 26.76 17.82 16.62 7.02 106.21
320 26.82 62.88 47.20 14.14 151.63
321 26.91 65.32 66.61 15.22 145.85
322 27.09 75.65 91.91 16.70 127.88
323 27.24 33.70 21.42 10.44 139.24
324 27.11 38.67 21.14 11.67 149.34
325 27.07 73.14 95.86 16.98 136.17
326 27.15 58.32 34.38 14.84 155.11
327 27.33 50.10 27.41 13.90 163.40
328 27.44 43.30 23.00 11.96 153.67
329 27.24 70.39 97.84 15.96 140.86
330 27.39 31.13 18.82 9.31 127.50
331 27.42 53.91 30.32 13.82 166.21
332 27.51 56.15 37.23 14.29 167.82
333 27.57 36.38 23.14 10.72 150.05
334 27.50 60.88 45.03 15.32 151.83
335 27.76 27.86 18.61 8.38 120.46
336 27.77 47.67 25.19 12.85 161.33
337 27.79 25.03 19.17 8.98 121.14
338 27.69 67.63 105.73 15.74 151.26
339 27.76 40.69 22.97 12.07 146.91
340 27.96 19.73 19.94 7.87 111.50
341 27.98 22.47 20.28 7.92 117.82
342 27.75 16.06 18.11 7.32 111.04
343 27.94 77.67 95.88 14.75 122.06
344 27.99 81.90 90.04 14.70 98.96
345 28.03 45.30 25.35 12.88 161.13
346 28.08 51.77 33.87 13.67 167.35
347 28.14 17.20 22.64 6.98 113.13
348 28.16 63.11 80.83 16.10 162.54
349 28.21 65.36 104.64 15.73 162.26
350 28.30 72.24 114.44 16.03 144.80
351 28.28 58.72 49.94 14.77 160.17
352 28.45 29.99 23.71 9.53 139.25
353 28.49 38.91 26.12 11.09 152.70
354 28.57 74.83 102.63 16.45 141.82
355 28.53 34.75 25.39 11.13 153.17
356 28.45 69.44 128.48 16.82 159.04
357 28.74 32.44 26.32 9.97 143.52
358 28.81 79.78 107.03 16.49 121.66
359 28.69 49.60 33.01 14.90 164.54
360 28.71 53.73 48.01 14.12 172.07
361 28.69 56.22 51.25 14.13 165.15
362 28.74 84.31 68.42 13.77 57.97
363 28.79 41.74 28.79 11.85 158.57
364 28.80 60.98 86.17 15.71 172.42
365 28.97 14.84 22.81 6.99 84.83
366 29.03 36.93 29.27 11.86 161.95
367 29.01 23.90 28.58 8.54 122.40
368 28.96 27.16 27.54 8.84 119.06
369 28.97 46.77 34.08 12.91 156.54
370 29.20 44.06 33.49 11.63 164.48
371 29.23 67.47 129.04 16.04 157.02
372 29.24 20.66 29.80 7.76 122.24
373 29.35 17.74 29.90 7.60 109.98
374 29.45 70.65 123.22 16.36 158.51
375 29.47 77.45 104.41 16.45 132.72
376 29.43 58.50 85.48 14.34 173.69
377 29.59 51.29 51.50 13.61 169.74
378 29.66 82.18 85.77 15.57 100.13
379 29.65 62.73 125.04 15.43 165.02
380 29.57 65.03 138.90 15.79 170.85
381 29.57 30.15 33.55 10.38 144.62
382 29.70 39.21 36.87 11.36 166.52
383 29.77 48.58 48.14 14.05 163.13
384 29.92 72.95 112.84 16.59 153.49
385 29.72 34.27 38.60 10.72 159.29
386 29.98 75.21 112.42 16.65 148.06
387 29.92 56.09 80.51 14.87 162.35
388 30.07 25.31 45.08 8.75 130.15
389 30.00 42.23 43.65 12.18 164.67
390 29.94 53.57 74.03 15.35 172.48
391 30.17 27.76 46.94 9.66 138.40
392 30.31 84.67 57.70 14.65 65.72
393 30.09 46.00 50.23 13.68 165.72
394 30.18 60.50 133.10 15.92 178.44
395 30.39 22.75 52.46 8.37 127.14
396 30.42 32.08 52.97 10.63 145.15
397 30.30 36.69 44.62 11.18 165.19
398 30.46 79.42 86.37 16.32 121.78
399 30.39 16.40 46.33 7.17 117.65
400 30.52 69.15 125.44 17.94 158.64
401 30.81 13.80 53.31 6.33 97.76
402 30.51 19.95 51.98 7.56 125.11
403 30.56 66.63 130.22 16.20 160.13
404 30.72 40.61 62.52 12.67 173.51
405 30.68 58.10 125.77 15.94 176.30
406 30.82 49.98 81.36 14.21 180.64
407 30.89 29.59 59.97 9.28 137.39
408 30.86 44.23 66.99 13.15 173.34
409 30.91 34.70 66.55 11.52 155.19
410 30.86 63.82 136.90 16.23 165.44
411 31.00 47.73 87.14 13.93 180.77
412 31.05 71.33 112.26 16.71 149.59
413 31.09 38.33 72.24 12.16 173.82
414 31.00 52.18 98.62 14.77 182.62
415 30.94 54.75 110.81 14.93 180.23
416 31.09 76.44 94.12 17.63 137.01
417 31.00 81.43 68.05 18.42 107.10
418 31.24 61.42 150.97 15.40 179.61
419 31.16 82.86 66.72 14.12 95.63
420 31.39 73.77 98.90 17.10 144.29
421 31.32 26.45 92.64 9.24 139.47
422 31.44 17.90 79.91 7.89 125.02
423 31.62 23.94 101.18 8.64 139.24
424 31.68 32.97 109.60 11.41 152.05
425 31.75 42.81 95.65 12.52 172.66
426 31.70 67.64 116.36 16.62 161.71
427 31.68 85.20 44.80 16.26 58.49
428 31.78 21.21 107.33 8.27 129.22
429 31.79 46.01 109.26 12.99 170.12
430 31.73 56.52 146.84 15.38 177.76
431 31.78 59.16 150.67 15.47 173.84
432 31.89 36.36 100.39 11.77 170.22
433 31.83 65.21 132.13 17.46 176.85
434 31.84 30.85 106.48 11.10 155.52
435 31.93 40.37 111.33 12.49 173.19
436 31.99 77.71 79.75 17.78 126.13
437 31.80 79.95 63.26 18.02 116.35
438 32.27 15.60 97.78 7.10 109.39
439 32.16 48.84 132.54 14.31 169.11
440 32.13 51.23 147.31 13.78 183.43
441 32.04 53.75 141.65 14.29 183.08
442 32.19 69.65 101.66 17.41 151.62
443 32.15 28.59 112.11 9.68 152.98
444 32.37 12.12 102.56 6.32 89.05
445 32.26 62.72 143.42 16.36 180.83
446 32.23 80.91 66.12 17.71 113.46
447 32.60 82.82 54.48 16.96 83.61
448 32.54 71.91 92.56 20.14 153.68
449 32.58 38.48 132.77 13.18 171.21
450 32.64 74.54 82.87 17.91 135.34
451 32.59 26.09 129.62 9.12 137.52
452 32.68 34.11 136.50 11.54 162.69
453 32.65 19.24 119.10 8.18 139.46
454 32.79 44.64 137.65 12.75 170.28
455 32.96 60.48 143.43 17.50 175.02
456 32.89 55.52 152.29 16.53 188.24
457 32.88 57.93 151.09 17.44 184.38
458 32.94 23.21 129.60 8.49 119.70
459 32.98 31.50 137.64 10.34 159.26
460 32.93 66.31 112.44 17.31 168.12
461 32.99 42.27 145.94 12.99 173.20
462 33.07 46.86 150.34 14.40 172.91
463 33.10 85.35 45.68 17.84 56.80
464 33.09 79.36 61.32 17.79 110.62
465 33.24 36.09 147.09 12.73 159.27
466 33.22 53.16 157.34 14.99 183.22
467 33.33 50.66 154.53 15.79 185.62
468 33.42 76.83 67.04 18.78 123.32
469 33.40 63.22 125.64 17.61 173.84
470 33.40 28.79 150.87 10.06 150.22
471 33.51 40.19 148.41 12.29 168.54
472 33.43 69.11 84.46 18.73 155.80
473 33.62 14.81 122.21 7.50 114.03
474 33.63 17.70 115.54 8.30 128.38
475 33.75 11.85 113.50 6.91 97.64
476 33.79 48.55 158.19 14.83 175.74
477 33.81 21.00 127.63 8.10 127.00
478 33.74 71.91 75.48 19.21 142.93
479 33.86 26.25 143.71 10.12 144.71
480 33.97 38.00 148.17 12.61 167.29
481 33.96 82.24 54.31 19.20 89.59
482 33.96 32.99 162.19 11.14 157.43
483 34.01 43.83 138.62 13.83 165.62
484 33.98 58.25 123.29 17.04 183.81
485 34.19 74.54 60.45 18.53 122.59
486 34.02 87.66 42.51 19.15 36.36
487 34.10 64.91 104.18 17.71 161.49
488 34.08 55.40 125.34 17.12 174.17
489 34.35 67.27 80.20 18.23 155.36
490 34.28 23.85 128.24 9.46 135.12
491 34.27 60.77 117.32 16.78 174.10
492 34.34 30.64 151.50 11.79 157.72
493 34.46 45.85 153.90 14.97 174.32
494 34.32 52.59 138.03 15.61 192.02
495 34.35 79.50 55.07 20.98 107.89
496 34.43 35.20 154.13 11.49 161.63
497 34.51 41.58 143.82 13.70 178.48
498 34.57 84.75 54.61 22.34 61.50
499 34.75 50.29 141.85 14.76 180.41
500 34.74 69.58 70.38 18.50 147.62
501 34.80 28.03 144.58 10.94 147.76
502 34.93 76.71 55.04 21.72 106.75
503 34.92 19.13 112.59 8.42 114.18
504 34.98 16.11 112.39 8.03 122.06
505 34.94 62.77 90.44 18.97 156.89
506 34.89 13.18 115.20 7.69 121.34
507 35.03 47.85 133.19 15.54 173.07
508 35.07 72.08 64.18 20.05 135.06
509 35.08 9.51 70.53 6.39 62.27
510 35.22 39.74 134.69 13.99 161.91
511 35.11 37.35 143.34 13.25 171.38
512 35.08 57.81 101.92 17.63 174.02
513 35.35 22.18 114.16 9.25 126.67
514 35.33 87.02 61.10 23.07 37.33
515 35.28 32.99 145.42 10.78 155.12
516 35.21 54.93 117.87 16.42 173.13
517 35.30 65.37 77.39 20.43 158.31
518 35.44 25.25 122.49 9.81 140.11
519 35.37 43.26 123.07 13.76 172.98
520 35.39 81.88 54.58 23.28 75.03
521 35.59 89.52 46.34 21.59 13.60
522 35.55 52.28 111.62 16.61 168.39
523 35.61 60.50 86.31 17.80 162.84
524 35.62 29.97 133.19 10.92 154.06
525 35.69 74.40 53.12 21.66 97.70
526 35.64 78.59 54.60 22.91 89.85
527 35.98 67.15 61.44 20.18 142.15
528 35.92 35.62 121.99 12.80 159.02
529 35.91 46.10 115.88 14.61 166.90
530 35.96 11.79 93.39 7.39 109.44
531 36.03 69.76 55.58 20.83 128.98
532 36.00 49.23 123.59 15.78 168.64
533 36.12 84.36 69.17 25.13 50.96
534 36.15 27.44 123.16 10.89 151.56
535 36.30 17.18 102.01 9.06 117.75
536 36.23 63.56 63.49 18.35 142.67
537 36.23 20.09 100.62 8.89 121.61
538 36.28 38.11 111.90 13.17 172.78
539 36.24 55.50 91.61 17.32 157.36
540 36.29 58.33 77.09 18.61 151.11
541 36.57 14.42 82.83 8.21 111.49
542 36.38 41.01 112.19 14.25 169.38
543 36.45 31.49 129.81 12.65 152.82
544 36.46 72.05 56.12 23.68 98.10
545 36.55 43.60 100.29 14.46 165.26
546 36.56 80.33 63.11 24.75 69.74
547 36.62 9.33 55.28 7.05 75.39
548 36.62 33.72 112.36 12.23 153.15
549 36.61 88.06 77.20 29.22 23.56
550 36.61 23.75 96.10 10.94 135.55
551 36.71 53.07 84.64 16.08 156.36
552 36.92 50.78 84.26 17.00 160.96
553 36.92 77.22 60.73 25.71 74.14
554 36.82 61.15 63.43 19.64 144.66
555 36.93 74.80 57.29 25.25 76.70
556 37.15 29.24 112.67 11.54 143.04
557 37.25 26.02 96.12 10.13 137.97
558 37.14 48.12 92.03 16.26 160.21
559 37.15 65.78 58.15 22.62 125.61
560 37.22 45.78 87.73 15.19 158.88
561 37.31 82.83 77.75 29.67 49.97
562 37.31 21.60 76.87 8.55 118.44
563 37.11 68.43 57.65 22.72 109.60
564 37.30 36.17 93.62 13.72 156.09
565 37.30 56.68 66.78 18.87 141.43
566 37.40 38.99 88.22 14.64 156.67
567 37.55 85.54 93.13 32.98 29.71
568 37.52 12.01 62.17 8.18 101.59
569 37.57 18.65 71.04 9.61 111.96
570 37.63 41.37 89.88 14.11 156.98
571 37.73 58.86 65.35 21.15 127.36
572 37.60 63.53 56.24 20.82 114.07
573 37.59 72.36 68.12 25.25 72.28
574 37.74 54.43 69.48 19.27 146.36
575 37.68 31.79 100.99 13.44 140.95
576 37.91 15.50 59.86 8.82 97.49
577 37.69 78.85 73.11 34.20 50.50
578 37.93 70.12 69.05 27.21 92.86
579 37.75 80.29 77.41 30.27 50.10
580 37.93 43.77 75.01 15.53 145.90
581 37.99 34.04 80.93 13.52 141.56
582 38.01 9.11 41.30 7.41 70.62
583 38.04 61.15 62.89 22.51 119.39
584 38.02 88.77 80.56 36.90 15.03
585 38.14 23.82 67.55 10.83 123.58
586 38.21 52.23 73.22 17.80 135.41
587 38.26 27.62 81.82 11.70 137.47
588 38.28 49.67 64.03 18.54 136.16
589 38.21 74.74 86.27 32.27 54.32
590 38.29 67.60 69.71 25.47 92.18
591 38.50 76.90 89.43 32.86 46.34
592 38.50 37.63 76.32 15.12 137.74
593 38.41 47.01 70.81 17.46 136.13
594 38.60 29.83 78.84 12.82 129.63
595 38.55 65.28 70.14 26.58 97.94
596 38.66 20.85 63.36 10.24 103.12
597 38.58 81.83 106.34 41.70 34.54
598 38.58 56.36 67.77 19.97 110.08
599 38.82 39.94 67.80 14.37 132.48
600 38.96 35.49 65.62 15.23 127.31
601 39.06 86.88 95.16 45.46 18.83
602 38.95 12.32 44.70 9.14 81.30
603 38.91 18.27 53.06 10.59 91.29
604 38.98 42.34 70.60 17.40 129.50
605 38.97 72.37 96.55 31.43 42.93
606 39.02 25.52 66.02 12.90 117.59
607 39.04 84.32 104.67 46.17 23.39
608 39.05 32.13 67.81 14.30 113.76
609 38.90 62.91 78.87 25.56 74.18
610 39.11 44.79 67.44 17.78 119.26
611 38.99 79.05 106.16 41.35 36.88
612 39.07 59.73 70.59 24.44 84.73
613 39.32 15.59 46.31 10.28 83.13
614 39.23 69.87 106.33 30.06 48.78
615 39.36 89.45 67.45 48.61 10.84
616 39.38 54.09 73.26 21.26 89.15
617 39.39 9.10 35.32 7.93 52.64
618 39.35 50.99 68.62 18.28 95.75
619 39.44 22.92 61.15 12.92 103.04
620 39.52 48.09 63.33 20.15 99.06
621 39.53 57.57 81.16 24.56 76.09
622 39.53 67.14 97.40 30.27 52.83
623 39.74 74.65 99.09 42.12 31.81
624 39.93 27.17 57.62 13.80 97.78
625 39.89 33.71 59.02 16.32 98.01
626 39.89 38.20 62.38 16.95 107.82
627 39.85 29.51 62.14 15.14 105.74
628 39.95 64.55 113.23 31.26 45.41
629 39.89 61.78 96.58 27.14 51.23
630 39.90 80.93 105.29 54.29 23.21
631 40.01 41.15 74.32 19.86 101.33
632 40.03 77.24 99.49 46.98 26.62
633 40.17 45.83 65.54 19.62 85.84
634 40.26 13.56 46.02 10.39 60.78
635 40.32 21.30 59.24 13.54 72.79
636 40.17 18.19 51.90 11.87 68.85
637 40.34 35.92 59.16 17.07 86.94
638 40.31 52.37 93.87 25.40 65.13
639 40.38 56.20 88.17 24.22 49.90
640 40.35 72.03 111.22 40.69 28.56
641 40.46 90.58 42.52 54.25 7.31
642 40.51 43.47 81.29 20.39 71.61
643 40.38 84.68 95.04 70.28 15.59
644 40.51 31.34 60.81 16.04 86.55
645 40.42 69.04 112.22 41.22 32.94
646 40.46 24.55 60.01 14.63 83.40
647 40.58 10.54 45.20 10.56 53.47
648 40.52 49.51 83.56 23.04 58.76
649 40.60 58.96 106.46 29.67 41.57
650 40.49 87.35 77.95 68.77 12.68
651 40.87 66.41 123.51 39.10 30.88
652 40.90 39.89 63.62 19.46 78.29
653 41.10 16.07 59.60 13.08 47.68
654 41.01 82.12 88.24 75.09 17.63
655 41.08 54.40 106.44 28.23 42.25
656 41.03 79.10 96.21 71.49 19.99
657 40.97 61.37 124.52 34.77 34.12
658 41.17 47.23 91.85 24.90 54.66
659 41.20 28.88 64.55 17.67 72.48
660 41.11 33.72 63.87 18.91 69.74
661 41.31 63.86 131.69 40.24 27.71
662 41.21 76.27 90.61 66.00 20.00
663 41.29 19.30 71.54 14.83 50.80
664 41.36 26.59 72.61 18.65 62.26
665 41.40 37.66 73.20 19.96 72.80
666 41.56 72.96 99.73 57.34 19.91
667 41.52 70.63 111.06 54.07 22.07
668 41.47 51.63 111.60 28.45 36.62
669 41.67 21.77 85.88 16.55 37.39
670 41.71 9.37 57.44 12.49 29.31
671 41.64 13.08 60.14 13.12 36.36
672 41.69 44.91 107.78 27.30 40.70
673 41.70 24.20 84.67 17.61 44.76
674 41.74 88.51 54.69 84.29 10.90
675 41.83 42.60 110.14 26.41 46.09
676 41.71 68.20 109.52 49.09 22.29
677 41.74 31.13 76.08 20.74 50.05
678 41.83 35.57 81.45 21.98 50.96
679 41.81 56.71 110.48 34.50 29.85
680 41.94 49.25 121.54 29.72 33.23
681 41.75 85.40 73.57 91.66 13.24
682 41.95 91.10 35.29 73.53 7.49
683 41.95 59.27 124.75 43.30 28.18
684 41.93 40.31 93.73 26.19 54.72
685 42.15 61.70 119.37 45.16 23.38
686 42.18 74.79 87.92 80.07 16.64
687 42.18 65.79 118.70 53.27 19.59
688 42.19 80.17 70.29 93.91 14.46
689 42.28 17.34 84.64 17.24 30.12
690 42.38 33.12 94.15 25.48 38.12
691 42.29 53.84 114.86 36.18 26.97
692 42.48 82.86 62.16 104.33 13.33
693 42.56 27.98 102.11 23.96 33.64
694 42.53 46.87 120.98 32.95 27.78
695 42.58 77.52 67.09 100.67 15.39
696 42.75 38.62 100.93 28.80 37.27
697 42.75 19.87 94.53 20.56 25.82
698 42.78 25.70 98.18 24.39 27.15
699 42.86 14.94 80.14 18.12 23.59
700 42.72 69.17 93.53 74.56 17.57
701 42.79 51.43 122.03 41.21 24.39
702 42.85 36.35 109.86 30.95 32.93
703 42.90 63.46 112.64 61.07 18.92
704 42.92 29.99 109.05 25.75 29.35
705 42.85 7.82 63.70 16.99 16.82
706 43.04 11.88 71.85 17.70 19.82
707 43.00 22.70 97.76 22.40 22.58
708 43.10 92.73 17.73 63.75 3.66
709 42.95 86.96 46.73 105.63 11.06
710 43.16 71.18 68.50 87.66 16.80
711 42.96 9.49 67.21 15.82 14.84
712 43.06 44.20 113.55 37.58 26.81
713 43.04 41.34 108.30 33.30 26.62
714 43.09 55.97 104.29 47.97 21.60
715 43.19 58.44 100.23 55.42 19.83
716 43.25 73.30 71.70 103.75 15.67
717 43.28 49.05 115.77 40.56 23.09
718 43.33 89.92 38.03 108.60 9.00
719 43.45 60.94 101.59 60.02 19.13
720 43.34 65.89 85.77 75.06 17.07
721 43.49 75.72 57.46 108.18 15.53
722 43.52 84.97 54.64 116.79 12.29
723 43.56 31.84 106.71 31.82 22.35
724 43.63 34.24 111.07 34.36 21.64
725 43.48 80.35 51.08 122.46 13.29
726 43.57 53.57 104.43 50.02 20.57
727 43.86 17.70 90.99 24.18 17.47
728 43.84 46.50 108.25 46.00 19.25
729 43.90 24.49 97.67 32.07 17.62
730 43.80 68.13 64.97 94.38 15.36
731 44.06 77.95 46.03 126.71 13.47
732 44.00 20.33 89.36 28.50 16.46
733 44.11 27.15 101.91 37.08 17.40
734 44.03 36.91 104.26 38.75 20.79
735 44.11 39.38 110.24 43.27 20.75
736 44.18 41.95 112.67 47.08 18.24
737 44.16 51.23 91.65 59.00 17.82
738 44.21 82.56 45.21 128.01 12.50
739 44.21 7.94 68.41 24.32 12.09
740 44.24 14.88 80.84 25.94 15.06
741 44.29 29.77 104.08 38.68 17.18
742 44.18 63.39 76.92 92.68 16.97
743 44.30 93.99 11.20 56.87 2.12
744 44.32 56.45 84.44 68.03 16.53
745 44.51 44.29 104.18 49.11 16.53
746 44.44 87.63 38.72 130.16 10.66
747 44.47 58.79 82.74 73.17 16.49
748 44.45 11.80 72.18 24.68 12.54
749 44.56 71.91 51.95 124.58 14.33
750 44.49 74.09 48.73 128.62 14.43
751 44.53 48.80 96.87 60.51 17.63
752 44.61 69.74 61.18 120.90 15.32
753 44.66 90.64 26.66 105.37 9.02
754 44.78 22.02 81.20 38.85 13.31
755 44.65 65.59 60.87 108.02 15.44
756 44.81 54.03 80.90 76.87 16.61
757 44.86 32.25 94.75 48.52 16.45
758 44.87 61.26 69.95 98.11 15.97
759 44.94 34.85 93.97 48.74 15.21
760 44.96 79.90 42.58 148.07 12.48
761 44.98 84.92 42.35 138.92 11.29
762 45.08 76.03 43.54 146.22 12.76
763 45.06 24.41 83.92 42.86 12.94
764 45.10 67.55 57.16 138.19 15.78
765 45.22 46.61 77.46 74.37 15.48
766 45.30 19.42 77.39 40.47 12.61
767 45.30 28.45 78.43 51.81 13.56
768 45.26 37.49 88.41 55.88 15.31
769 45.41 16.23 66.50 34.40 11.56
770 45.44 39.90 96.64 63.71 15.12
771 45.27 8.95 63.16 35.21 9.81
772 45.58 6.80 50.88 33.89 7.49
773 45.62 26.17 73.58 50.43 13.62
774 45.48 42.24 91.81 67.20 14.52
775 45.46 51.59 65.75 86.81 16.05
776 45.53 63.89 53.22 132.45 14.75
777 45.61 10.15 60.87 31.55 8.33
778 45.53 92.30 21.41 88.59 5.26
779 45.60 56.31 68.74 102.43 15.46
780 45.64 82.20 40.29 148.05 12.28
781 45.75 13.07 57.08 33.65 9.80
782 45.74 59.34 51.25 106.74 14.42
783 45.97 30.35 70.24 64.50 13.56
784 45.80 49.06 67.22 93.33 14.80
785 45.84 77.66 42.01 154.75 12.83
786 45.91 71.40 43.97 151.84 13.48
787 45.81 73.67 41.27 151.39 14.27
788 45.95 44.40 74.79 89.76 15.37
789 45.80 87.58 39.26 145.87 11.04
790 45.94 69.08 44.81 140.02 14.05
791 46.01 22.57 64.99 57.49 12.04
792 46.07 32.91 74.20 69.61 12.97
793 46.16 61.81 45.71 127.77 14.01
794 46.19 53.81 53.37 109.68 14.74
795 46.16 66.28 44.71 151.62 14.04
796 46.23 35.50 70.84 75.24 13.06
797 46.49 90.23 38.84 140.56 9.48
798 46.38 18.27 55.43 57.51 9.83
799 46.43 79.78 44.14 156.48 13.54
800 46.37 84.63 46.93 150.40 11.19
801 46.62 75.43 39.90 156.45 13.08
802 46.57 57.62 46.28 134.60 15.00
803 46.57 27.33 53.36 77.68 11.68
804 46.63 37.78 60.68 88.18 13.40
805 46.60 46.38 51.45 98.46 13.48
806 46.59 14.56 49.69 48.75 10.84
807 46.67 40.15 57.40 91.90 13.92
808 46.77 93.10 24.41 101.96 4.42
809 46.81 23.97 42.04 69.59 10.97
810 46.82 42.59 51.96 100.50 14.05
811 46.81 51.15 47.33 121.08 13.88
812 46.81 8.57 41.16 49.76 8.26
813 46.80 64.15 41.69 152.53 13.80
814 46.96 21.06 44.51 71.20 11.58
815 46.98 48.78 46.09 120.99 14.84
816 46.84 25.17 51.36 69.92 12.00
817 47.08 59.96 46.23 150.03 14.33
818 47.00 68.11 43.36 163.11 13.33
819 47.13 72.96 43.04 166.53 12.80
820 47.22 70.55 44.67 159.25 13.47
821 47.18 82.07 55.25 165.77 11.74
822 47.15 87.63 54.71 149.23 10.81
823 47.28 55.61 43.66 144.07 15.22
824 47.23 30.68 50.61 90.45 11.15
825 47.22 33.38 52.25 90.36 12.55
826 47.13 5.95 26.84 47.63 5.27
827 47.35 77.20 50.21 164.41 12.72
828 47.44 11.71 38.88 55.84 8.56
829 47.34 16.57 39.02 67.65 9.49
830 47.55 28.29 41.31 89.20 11.14
831 47.47 53.34 44.12 139.93 14.22
832 47.61 62.03 46.49 159.65 14.01
833 47.61 35.67 45.36 104.15 12.23
834 47.73 19.08 40.14 77.56 9.37
835 47.73 45.00 43.36 122.88 13.94
836 47.72 66.17 49.49 166.24 14.58
837 47.63 84.80 57.27 160.90 11.38
838 47.78 79.48 56.76 168.83 13.13
839 47.84 13.87 38.00 69.54 8.86
840 47.88 25.75 38.50 85.50 10.24
841 47.90 38.05 45.35 112.28 12.68
842 47.87 57.72 46.24 151.62 14.69
843 47.95 40.42 47.52 119.77 12.86
844 47.91 47.42 41.63 129.03 13.67
845 48.01 22.94 38.84 84.80 10.51
846 48.05 90.10 52.30 137.84 9.51
847 48.06 42.71 41.78 120.23 12.99
848 48.12 64.05 52.65 174.62 13.14
849 48.04 93.30 34.99 95.50 4.51
850 48.10 50.15 42.27 138.75 13.60
851 48.10 6.20 24.85 62.02 6.66
852 48.26 73.97 66.33 164.24 13.88
853 48.22 68.65 58.11 170.08 13.22
854 48.19 8.47 26.92 71.11 8.25
855 48.31 32.01 39.95 107.94 11.94
856 48.43 10.06 32.89 66.25 7.52
857 48.41 60.05 54.65 167.84 14.42
858 48.52 71.35 65.94 170.55 13.83
859 48.57 76.15 75.24 181.36 13.43
860 48.49 52.59 47.04 146.24 12.91
861 48.51 81.37 70.80 173.70 11.01
862 48.60 29.61 40.33 109.58 11.72
863 48.52 86.90 71.82 158.70 10.81
864 48.74 20.46 37.98 95.76 9.71
865 48.64 55.37 53.69 157.69 14.64
866 48.70 16.55 32.70 79.01 8.72
867 48.71 34.24 39.93 107.58 11.76
868 48.96 27.48 40.17 104.50 10.14
869 48.86 83.86 80.91 193.21 13.47
870 48.99 13.12 35.30 76.96 9.22
871 49.06 36.65 48.84 121.83 11.75
872 49.00 39.38 45.37 121.93 12.56
873 49.03 78.48 78.77 182.84 13.37
874 48.98 44.55 49.80 131.45 11.93
875 49.01 47.96 54.41 146.90 13.66
876 48.98 66.08 81.40 175.85 14.91
877 49.18 25.07 43.06 107.40 11.42
878 49.16 57.84 63.40 167.04 13.93
879 49.13 62.85 72.83 176.45 13.87
880 49.15 92.31 43.17 109.46 5.79
881 49.35 22.54 38.63 102.26 9.74
882 49.29 41.91 51.53 139.61 12.87
883 49.31 7.13 27.48 71.53 6.61
884 49.28 50.62 57.86 142.00 13.66
885 49.38 68.91 101.29 177.44 12.73
886 49.44 89.34 67.23 149.40 9.82
887 49.58 18.44 42.83 92.04 8.74
888 49.48 31.27 48.34 115.00 11.37
889 49.54 53.64 67.57 155.61 14.18
890 49.49 73.12 97.96 187.74 12.63
891 49.64 10.46 33.93 77.12 7.55
892 49.50 60.44 79.21 176.52 14.02
893 49.79 46.19 69.05 148.78 13.23
894 49.67 80.82 82.51 171.85 13.03
895 49.77 75.95 88.80 184.70 13.50
896 49.78 86.29 71.61 163.50 11.40
897 49.87 34.26 60.23 120.67 12.07
898 49.96 55.99 83.60 170.40 13.76
899 50.04 70.80 97.84 189.81 13.13
900 50.05 64.38 111.85 181.01 14.99
901 50.11 15.87 47.12 91.57 8.39
902 50.22 29.26 56.91 114.44 11.59
903 50.00 38.83 59.36 131.10 11.90
904 50.06 83.25 75.44 170.01 11.80
905 50.14 66.86 104.25 177.92 12.23
906 50.29 93.46 30.47 93.18 4.20
907 50.24 26.87 54.40 116.82 10.79
908 50.27 48.87 68.64 151.40 12.94
909 50.29 43.84 80.21 138.46 12.95
910 50.43 13.28 45.25 83.12 8.01
911 50.32 51.62 86.89 149.19 13.55
912 50.49 20.24 55.30 103.85 10.06
913 50.41 36.38 75.17 133.56 13.00
914 50.35 78.51 86.96 181.75 12.94
915 50.50 4.78 31.83 68.12 5.12
916 50.47 41.30 72.97 145.41 12.08
917 50.44 59.10 94.96 176.41 13.79
918 50.51 61.85 97.41 174.60 14.11
919 50.65 24.68 61.35 115.00 11.08
920 50.54 32.27 70.61 131.70 11.74
921 50.54 22.59 54.42 114.08 10.26
922 50.57 7.42 40.67 84.07 6.91
923 50.66 90.49 50.47 142.75 9.32
924 50.58 73.74 84.79 189.55 13.65
925 50.88 68.83 101.64 186.75 13.50
926 50.91 54.00 99.56 165.25 13.62
927 50.90 87.38 55.99 159.77 10.81
928 50.86 11.08 52.77 80.21 8.12
929 51.02 17.91 60.08 99.59 9.77
930 50.93 46.48 88.39 154.62 13.00
931 51.09 9.59 46.20 87.43 6.97
932 51.05 81.14 75.16 172.71 12.35
933 51.00 56.84 95.70 175.55 15.04
934 51.08 76.38 68.63 178.42 12.95
935 51.13 84.26 62.85 165.69 11.81
936 51.12 38.74 83.79 136.18 11.35
937 51.24 34.30 85.48 132.35 11.25
938 51.27 71.07 97.74 184.84 13.46
939 51.23 63.93 109.19 180.89 13.79
940 51.29 66.47 110.07 177.07 13.66
941 51.41 30.82 68.38 123.22 11.36
942 51.50 26.49 78.07 123.32 10.83
943 51.63 28.60 75.32 121.66 10.77
944 51.44 43.59 90.10 138.67 13.30
945 51.43 51.13 90.71 158.33 13.48
946 51.68 15.66 63.17 91.33 8.62
947 51.61 48.80 79.54 152.35 12.48
948 51.72 78.85 57.16 172.88 12.76
949 51.68 21.70 71.65 110.51 9.52
950 51.66 59.59 97.56 176.39 14.05
951 51.76 92.61 26.23 113.74 6.56
952 51.75 36.78 76.94 137.54 12.32
953 51.80 41.08 81.55 142.84 12.54
954 51.69 73.33 76.12 188.27 13.22
955 51.88 12.53 57.71 82.53 7.83
956 51.77 5.74 45.43 80.55 5.83
957 52.00 61.67 94.31 188.08 14.08
958 51.90 89.34 35.15 152.98 10.61
959 52.07 24.41 69.56 115.00 10.91
960 52.15 19.22 67.58 105.01 9.01
961 52.16 55.23 82.23 169.96 14.19
962 52.10 45.97 76.59 153.48 13.34
963 52.22 32.83 71.98 128.91 10.80
964 52.13 52.85 77.80 163.82 13.46
965 52.10 57.45 87.96 171.35 13.94
966 52.12 68.63 81.80 180.00 13.03
967 51.97 8.01 45.62 84.62 6.00
968 52.28 75.94 49.78 183.32 12.78
969 52.17 85.42 46.14 171.57 10.57
970 52.25 9.51 56.36 82.71 7.39
971 52.33 82.22 47.12 171.96 12.45
972 52.52 35.10 67.15 134.63 12.50
973 52.52 39.06 70.22 144.81 11.72
974 52.45 63.87 84.85 181.76 13.79
975 52.45 66.20 82.14 174.46 14.10
976 52.56 70.85 68.24 181.56 13.97
977 52.60 95.80 8.09 58.60 1.11
978 52.66 43.24 72.54 148.12 12.57
979 52.79 30.83 62.84 126.08 10.28
980 52.71 48.59 60.75 162.85 12.92
981 52.97 26.62 57.20 123.61 11.38
982 52.77 73.74 47.54 193.67 12.68
983 52.88 14.54 56.92 92.23 8.66
984 52.89 22.40 57.76 115.42 8.99
985 52.93 28.73 59.44 126.74 11.41
986 52.83 79.67 40.02 182.50 12.70
987 53.10 50.97 51.10 160.66 14.42
988 52.97 87.80 34.20 170.26 10.41
989 53.03 60.01 67.40 182.35 13.98
990 52.98 6.12 46.33 77.60 6.05
991 53.13 17.80 57.76 104.50 9.65
992 53.20 36.88 53.82 130.80 11.80
993 53.19 90.63 25.92 141.47 9.00
994 53.17 11.19 52.56 89.02 7.83
995 53.33 41.01 54.04 144.35 13.09
996 53.32 93.24 16.27 106.28 4.27
997 53.20 53.51 50.95 168.70 14.02
998 53.20 57.39 62.05 176.41 14.10
999 53.38 77.41 35.44 173.76 13.03
1000 53.31 46.64 54.72 158.69 12.57
1001 53.32 84.53 32.85 165.71 11.35
1002 53.39 62.61 61.45 178.07 14.08
1003 53.39 67.94 50.49 182.24 13.69
1004 53.62 20.60 47.55 107.15 9.14
1005 53.50 24.62 51.06 121.47 10.21
1006 53.52 33.74 46.37 129.90 11.26
1007 53.59 72.02 44.62 186.67 13.28
1008 53.71 44.68 52.64 149.21 12.87
1009 53.61 65.21 50.43 178.32 13.46
1010 53.73 81.55 31.57 165.57 11.97
1011 53.87 55.30 43.73 161.38 14.02
1012 53.80 74.58 36.26 176.62 12.83
1013 54.04 8.82 41.15 84.83 7.72
1014 53.94 38.63 44.65 138.57 11.89
1015 53.98 48.94 43.59 163.02 13.16
1016 54.10 31.53 42.97 127.27 12.40
1017 54.05 69.97 39.20 179.81 12.68
1018 54.09 15.05 37.70 91.96 8.02
1019 54.26 42.83 40.17 145.88 12.33
1020 54.12 28.88 40.24 123.62 10.64
1021 54.21 58.88 42.36 171.36 12.99
1022 54.15 87.24 29.38 163.08 11.16
1023 54.20 5.93 30.09 85.67 5.58
1024 54.28 12.28 36.15 94.44 7.65
1025 54.25 61.15 43.13 172.08 13.38
1026 54.32 17.86 38.17 105.70 8.86
1027 54.51 23.14 37.73 114.94 10.27
1028 54.37 52.87 39.59 163.82 13.44
1029 54.56 79.16 31.51 172.78 12.18
1030 54.52 26.04 37.17 122.81 10.73
1031 54.49 36.32 39.23 134.97 12.32
1032 54.49 76.31 33.65 182.27 13.47
1033 54.65 50.77 43.93 163.11 13.31
1034 54.55 84.11 33.23 167.61 12.08
1035 54.52 94.15 11.34 90.43 3.18
1036 54.54 91.28 24.24 130.26 7.42
1037 54.58 46.98 40.25 154.57 13.64
1038 54.69 63.47 37.54 163.49 13.73
1039 54.69 40.73 39.73 145.54 12.43
1040 54.74 56.76 39.12 163.27 13.76
1041 54.75 67.95 35.73 181.09 13.38
1042 54.72 33.92 36.53 129.06 11.53
1043 54.82 65.74 38.30 181.80 12.36
1044 54.81 72.62 36.75 183.40 12.51
1045 54.92 20.55 32.00 105.45 9.34
1046 54.99 81.61 39.28 179.30 11.74
1047 55.16 45.00 43.78 155.81 13.61
1048 55.20 88.89 35.99 154.31 10.46
1049 55.31 3.58 13.21 65.12 3.29
1050 55.25 28.11 41.59 128.58 10.99
1051 55.29 30.51 40.61 122.32 11.68
1052 55.26 38.20 47.10 143.11 12.55
1053 55.30 54.65 41.02 164.70 13.34
1054 55.26 70.41 38.02 188.24 12.70
1055 55.43 10.24 30.78 83.27 7.77
1056 55.51 13.03 29.15 88.11 8.29
1057 55.46 15.74 31.82 95.37 8.64
1058 55.53 74.44 42.30 180.62 13.86
1059 55.46 6.50 28.40 82.44 6.02
1060 55.45 58.46 42.64 166.54 13.20
1061 55.38 60.98 39.73 164.48 14.16
1062 55.59 86.08 43.13 161.54 11.13
1063 55.57 18.36 29.31 100.87 9.61
1064 55.48 77.03 42.27 170.79 12.51
1065 55.62 42.84 46.47 144.87 12.27
1066 55.65 49.95 49.31 161.43 13.64
1067 55.72 24.59 34.29 113.43 9.77
1068 55.85 32.64 45.23 127.39 12.56
1069 55.82 52.65 51.89 160.63 13.80
1070 55.77 93.52 21.08 99.62 4.61
1071 55.74 35.35 51.20 134.99 10.71
1072 55.78 47.25 52.64 146.62 12.91
1073 56.04 22.06 36.02 103.16 10.06
1074 55.84 40.25 47.09 129.48 11.81
1075 55.96 63.70 49.69 169.28 12.69
1076 56.03 83.37 54.43 170.54 11.63
1077 56.06 68.60 47.34 170.54 13.39
1078 56.08 80.78 49.08 163.63 11.88
1079 56.19 26.95 42.40 122.80 10.93
1080 56.04 66.09 50.88 172.82 12.26
1081 56.29 90.99 43.85 132.01 8.26
1082 56.23 56.28 57.80 169.39 13.64
1083 56.31 78.43 53.29 176.77 12.83
1084 56.36 71.16 57.32 166.62 12.23
1085 56.54 29.53 53.65 126.88 11.38
1086 56.50 37.10 64.91 128.00 11.69
1087 56.53 44.82 74.71 141.68 14.06
1088 56.62 19.72 41.56 105.67 9.33
1089 56.47 61.49 59.27 168.15 12.26
1090 56.50 59.00 65.57 159.41 13.38
1091 56.65 8.37 50.04 84.81 6.63
1092 56.60 11.80 38.08 80.24 6.90
1093 56.65 88.38 61.11 149.21 10.10
1094 56.67 5.02 27.12 77.82 5.40
1095 56.74 16.83 38.67 90.57 8.42
1096 56.67 49.11 68.39 141.82 12.64
1097 56.63 73.61 59.57 177.76 12.56
1098 56.85 95.31 16.60 53.04 1.42
1099 56.78 76.14 65.19 165.66 11.95
1100 56.83 10.38 35.08 83.79 8.15
1101 56.94 14.09 43.16 85.47 8.40
1102 56.82 42.41 65.82 131.12 13.03
1103 56.73 6.92 37.65 90.41 6.82
1104 56.93 34.51 64.85 120.32 11.01
1105 56.88 39.73 64.06 125.31 11.88
1106 56.87 51.64 74.81 162.97 13.29
1107 56.87 85.56 75.77 162.42 10.34
1108 57.05 54.31 77.51 148.41 12.76
1109 57.10 23.54 50.36 113.74 9.97
1110 57.00 31.92 65.58 121.18 10.60
1111 57.18 25.70 53.98 120.71 9.70
1112 57.17 46.87 85.76 141.45 12.99
1113 57.08 67.15 70.74 167.09 12.33
1114 57.25 64.75 81.75 164.04 13.48
1115 57.29 92.77 37.32 93.12 5.25
1116 57.28 79.81 67.85 169.26 12.60
1117 57.31 57.31 89.69 150.64 12.58
1118 57.36 82.71 81.24 160.16 11.35
1119 57.42 62.45 98.52 161.30 13.04
1120 57.49 69.60 85.38 171.23 12.05
1121 57.59 27.78 73.65 120.04 11.74
1122 57.58 71.94 79.33 168.98 13.59
1123 57.70 21.24 55.29 100.89 9.83
1124 57.58 37.97 77.98 126.62 11.15
1125 57.56 60.01 102.73 149.96 12.31
1126 57.73 74.74 87.15 168.32 12.65
1127 57.81 18.40 54.81 91.00 9.04
1128 57.80 44.30 82.26 122.35 12.19
1129 57.97 77.38 78.50 147.44 12.72
1130 57.85 89.52 75.97 133.67 10.05
1131 58.03 29.94 81.84 117.56 11.30
1132 57.84 49.15 83.95 129.93 11.90
1133 58.05 3.72 33.03 63.50 3.05
1134 57.91 9.34 53.84 80.56 7.27
1135 57.84 41.31 80.31 118.28 11.60
1136 58.12 6.21 46.43 75.38 5.64
1137 58.06 12.35 45.22 82.30 7.23
1138 57.96 51.82 90.24 138.96 13.02
1139 58.06 86.39 86.20 152.61 10.44
1140 58.14 34.34 85.88 119.19 11.46
1141 58.27 36.51 78.46 114.09 12.32
1142 58.22 15.25 57.29 99.18 10.31
1143 58.15 32.16 83.71 110.75 10.56
1144 58.17 55.88 100.23 136.00 12.89
1145 58.21 67.66 94.68 161.56 12.92
1146 58.33 95.04 19.65 47.93 1.36
1147 58.52 53.84 87.72 126.56 13.41
1148 58.38 46.80 72.45 112.98 12.61
1149 58.56 23.20 61.20 106.45 10.34
1150 58.46 25.45 66.61 106.64 9.52
1151 58.52 65.42 92.73 157.88 12.91
1152 58.34 80.25 83.76 151.04 11.29
1153 58.45 63.16 112.99 148.71 12.05
1154 58.56 58.40 106.12 132.89 12.09
1155 58.52 83.29 88.72 149.71 11.48
1156 58.52 73.27 82.16 162.71 12.71
1157 58.61 92.33 54.00 96.82 6.64
1158 58.70 39.19 68.45 102.47 11.31
1159 58.70 60.83 106.28 139.73 12.26
1160 58.78 70.13 98.38 150.59 13.44
1161 58.88 27.93 67.80 103.93 10.95
1162 58.98 20.32 55.85 85.50 8.67
1163 58.94 41.87 65.37 97.94 11.16
1164 58.89 49.91 69.82 118.94 11.70
1165 58.95 17.31 59.90 79.52 7.95
1166 59.12 75.52 79.03 149.36 12.60
1167 59.01 44.45 65.43 104.47 11.88
1168 59.01 8.73 54.28 68.50 6.40
1169 59.25 89.43 75.69 112.02 8.66
1170 59.28 11.89 47.02 72.63 6.92
1171 59.38 52.22 63.45 104.88 11.82
1172 59.26 85.73 89.37 127.35 10.29
1173 59.18 10.35 40.36 66.68 6.73
1174 59.51 29.99 63.17 96.22 10.12
1175 59.38 32.19 67.31 96.78 10.36
1176 59.40 34.72 68.14 92.20 10.90
1177 59.36 56.62 84.20 111.90 13.09
1178 59.47 77.77 75.79 148.37 11.89
1179 59.32 67.61 84.74 144.66 12.55
1180 59.45 72.58 83.35 137.91 12.52
1181 59.44 7.20 43.25 74.65 5.42
1182 59.46 80.25 73.83 141.60 11.41
1183 59.71 14.66 44.73 67.69 7.47
1184 59.59 37.01 61.18 92.42 11.59
1185 59.50 47.26 57.92 96.97 11.54
1186 59.57 63.87 78.15 136.18 11.85
1187 59.72 26.38 53.09 93.28 9.56
1188 59.81 5.48 32.09 60.38 4.74
1189 59.74 82.89 78.92 130.08 10.37
1190 59.80 22.55 49.79 88.65 8.83
1191 59.90 54.55 62.84 105.18 11.92
1192 59.83 59.06 82.03 109.79 12.03
1193 59.81 61.57 73.00 124.69 11.86
1194 59.85 40.05 52.90 88.43 10.99
1195 59.89 93.17 30.84 68.99 3.67
1196 60.02 70.64 69.59 142.22 12.15
1197 60.05 17.94 48.09 71.03 7.63
1198 60.07 43.04 43.57 84.39 10.40
1199 60.15 65.83 69.69 127.51 12.11
1200 60.33 24.58 41.98 81.24 10.52
1201 60.00 49.77 53.96 89.63 12.73
1202 60.27 45.46 48.14 86.59 10.56
1203 60.27 87.44 70.15 107.69 10.04
1204 60.31 9.14 35.95 62.08 5.65
1205 60.41 20.42 44.40 78.70 8.02
1206 60.51 28.54 42.79 76.25 9.89
1207 60.47 68.55 66.73 130.95 13.12
1208 60.44 75.97 57.93 128.48 11.92
1209 60.47 33.67 52.23 75.99 9.32
1210 60.59 73.42 55.70 132.55 11.19
1211 60.64 38.18 45.93 80.52 11.47
1212 60.58 12.09 34.86 59.02 7.03
1213 60.65 31.34 46.49 72.88 9.67
1214 60.66 90.14 43.40 90.64 8.07
1215 60.62 52.58 50.74 84.49 12.82
1216 60.64 56.58 58.81 91.75 12.85
1217 60.61 79.11 52.83 122.14 11.17
1218 60.69 84.71 70.61 121.14 10.98
1219 60.79 47.61 41.23 74.32 10.24
1220 60.89 41.22 37.82 69.90 10.16
1221 60.81 63.59 57.38 108.69 11.37
1222 60.94 81.87 51.63 117.90 10.68
1223 61.07 35.99 43.14 74.00 11.34
1224 61.07 15.99 31.80 55.98 7.19
1225 60.90 61.03 53.19 97.25 11.74
1226 61.12 7.13 28.58 51.58 5.70
1227 61.14 26.77 39.29 69.77 8.76
1228 61.08 58.72 53.69 87.52 11.68
1229 61.03 50.24 42.51 77.07 10.97
1230 61.19 22.59 35.70 63.73 9.25
1231 61.21 92.89 21.96 65.57 3.33
1232 61.17 71.02 49.56 113.52 11.78
1233 61.27 66.87 47.78 106.71 11.66
1234 61.22 44.16 36.96 64.14 11.18
1235 61.37 18.77 32.79 56.37 8.33
1236 61.40 54.68 46.57 73.25 11.45
1237 61.63 77.82 41.09 105.43 11.25
1238 61.55 29.98 39.39 56.48 8.54
1239 61.70 13.44 27.89 47.41 6.52
1240 61.59 33.51 40.46 60.32 9.97
1241 61.72 86.28 51.77 96.80 9.69
1242 61.74 10.09 24.76 42.33 6.59
1243 61.68 39.35 38.72 57.95 10.14
1244 61.69 75.23 41.39 108.41 10.70
1245 61.81 25.29 33.99 57.65 8.66
1246 61.78 88.87 41.33 92.80 8.81
1247 61.86 69.30 44.49 97.77 11.30
1248 61.82 46.62 41.17 54.99 10.84
1249 61.78 52.18 41.80 59.43 11.78
1250 61.92 65.06 44.52 91.36 11.49
1251 61.87 72.95 41.67 104.83 11.53
1252 61.92 57.16 43.17 69.57 11.12
1253 62.01 62.95 44.73 80.64 12.02
1254 62.00 42.02 39.22 53.21 10.76
1255 62.01 80.73 38.24 96.11 10.63
1256 61.98 49.27 41.25 57.71 10.72
1257 62.00 60.43 42.96 74.30 11.03
1258 62.24 21.02 31.17 47.51 8.21
1259 62.28 83.85 40.34 95.09 10.97
1260 62.34 37.57 40.62 48.75 10.71
1261 62.31 28.36 34.53 45.79 9.43
1262 62.28 31.79 37.32 51.31 10.56
1263 62.45 91.48 21.10 62.58 6.15
1264 62.42 35.28 38.03 49.08 9.75
1265 62.36 44.20 40.29 45.61 11.00
1266 62.40 7.36 23.75 35.39 5.58
1267 62.42 23.60 31.34 46.52 8.51
1268 62.56 15.77 28.35 35.62 7.83
1269 62.54 67.43 39.79 82.44 11.10
1270 62.61 18.49 29.52 41.37 8.30
1271 62.61 54.09 48.61 54.45 11.79
1272 62.75 71.38 37.59 82.73 11.41
1273 62.78 12.20 25.45 33.23 6.51
1274 62.75 76.66 35.25 85.82 11.14
1275 62.78 40.66 40.52 39.71 9.97
1276 62.82 51.60 45.52 46.23 11.30
1277 62.89 56.44 46.07 57.71 11.22
1278 62.91 58.96 45.01 54.04 10.89
1279 62.88 46.43 46.07 37.75 12.25
1280 62.94 48.88 46.53 40.16 12.03
1281 62.98 88.64 28.28 71.23 8.73
1282 62.98 26.49 32.97 39.20 9.55
1283 62.96 61.67 44.93 60.69 11.67
1284 63.07 74.05 36.38 84.68 11.81
1285 63.04 79.45 33.42 83.72 10.83
1286 63.10 30.64 43.21 32.77 10.21
1287 63.05 33.36 42.78 39.72 10.12
1288 63.16 65.57 40.43 69.47 10.07
1289 63.23 82.10 36.31 78.78 10.54
1290 63.32 86.03 32.19 72.21 9.09
1291 63.39 9.19 25.67 27.99 6.09
1292 63.34 69.43 38.11 73.56 10.82
1293 63.34 42.90 49.14 36.24 11.24
1294 63.42 22.94 31.35 32.88 7.92
1295 63.49 39.49 48.62 32.88 11.00
1296 63.51 20.23 31.71 26.89 8.11
1297 63.43 36.96 45.15 33.10 10.98
1298 63.59 63.82 39.12 55.79 10.36
1299 63.41 28.32 41.64 24.48 9.48
1300 63.86 14.48 30.89 24.42 7.39
1301 63.77 17.51 31.91 24.11 7.70
1302 63.74 25.39 37.88 28.35 10.47
1303 63.82 50.48 58.94 29.49 12.41
1304 63.74 55.10 58.27 38.94 11.73
1305 63.88 34.85 57.66 29.81 11.61
1306 63.87 45.04 55.79 27.63 11.82
1307 63.61 91.27 13.64 41.44 5.44
1308 63.93 52.80 59.14 33.67 11.64
1309 64.00 67.51 39.74 53.43 11.30
1310 63.88 77.80 33.23 73.69 11.42
1311 63.95 92.42 11.80 36.91 3.84
1312 63.94 47.83 60.04 27.11 11.99
1313 63.98 57.52 55.75 38.71 12.13
1314 63.94 11.67 28.30 23.09 7.32
1315 63.84 29.29 49.37 26.39 9.94
1316 63.98 61.62 48.68 43.79 11.71
1317 64.04 72.24 36.87 62.25 11.41
1318 64.17 59.65 56.26 37.23 11.91
1319 64.16 75.46 33.32 63.96 11.30
1320 64.22 83.78 33.75 60.67 9.38
1321 64.15 32.19 64.76 24.59 9.87
1322 64.22 89.26 24.12 57.26 8.01
1323 64.15 21.65 41.88 16.65 9.65
1324 64.36 41.61 57.46 26.50 13.08
1325 64.33 80.67 32.93 63.54 10.18
1326 64.49 6.98 25.91 19.09 5.77
1327 64.49 27.35 54.70 21.20 10.12
1328 64.20 38.24 55.00 23.48 12.44
1329 64.54 24.02 44.57 20.98 10.98
1330 64.58 65.76 44.44 40.83 11.56
1331 64.54 69.86 38.61 54.92 11.95
1332 64.80 36.45 70.88 20.36 12.73
1333 64.72 86.33 30.09 54.84 9.11
1334 64.69 19.61 42.33 16.06 9.94
1335 64.69 39.05 57.59 23.88 12.93
1336 64.66 63.31 57.42 41.16 11.92
1337 64.89 15.91 36.42 16.24 8.22
1338 64.68 10.46 31.03 14.69 6.06
1339 64.96 29.63 74.01 20.40 12.51
1340 64.89 44.03 67.60 23.07 14.79
1341 64.86 54.26 67.09 26.16 13.49
1342 64.86 18.37 38.67 17.58 8.47
1343 64.97 49.40 78.77 23.81 13.66
1344 64.95 46.80 65.42 22.52 12.88
1345 65.01 74.05 36.60 50.15 11.11
1346 64.85 21.51 43.46 21.42 10.31
1347 65.06 51.68 71.35 25.80 15.24
1348 65.08 56.67 80.45 28.25 13.54
1349 65.21 34.08 81.50 21.01 13.85
1350 65.06 77.45 34.50 53.43 11.44
1351 65.41 12.49 36.19 13.89 8.21
1352 65.39 91.19 15.10 33.39 4.65
1353 65.34 58.96 75.56 27.41 14.71
1354 65.28 61.44 68.99 30.75 13.13
1355 65.48 25.92 66.79 16.07 12.91
1356 65.27 67.96 49.73 42.40 12.31
1357 65.47 31.59 79.62 18.85 13.65
1358 65.35 71.62 44.88 43.56 11.46
1359 65.41 40.60 66.18 20.06 15.52
1360 65.43 82.73 33.96 48.17 9.78
1361 65.31 9.58 32.98 17.20 5.97
1362 65.46 80.04 32.75 50.80 10.12
1363 65.51 64.64 60.43 34.64 13.92
1364 65.76 88.33 28.20 42.81 8.81
1365 65.63 23.32 58.87 16.37 12.33
1366 65.75 37.98 78.89 19.38 16.52
1367 65.92 42.91 78.78 18.86 17.94
1368 65.92 17.55 46.17 12.99 10.86
1369 65.96 20.58 53.76 14.24 12.00
1370 65.83 85.07 34.95 43.87 9.27
1371 66.04 28.34 79.92 17.06 16.25
1372 65.99 45.60 85.54 20.80 19.33
1373 66.02 53.02 89.62 21.13 18.98
1374 66.10 69.89 56.29 37.23 13.12
1375 66.01 76.05 42.01 41.14 13.28
1376 66.10 48.13 101.29 19.07 19.44
1377 66.04 55.27 82.51 22.41 18.49
1378 66.04 15.13 41.59 10.75 9.73
1379 66.09 73.57 47.75 39.31 12.24
1380 66.25 50.47 87.50 20.01 23.41
1381 66.29 67.20 66.78 33.00 15.34
1382 66.36 35.26 77.38 16.59 19.44
1383 66.30 62.83 72.85 26.32 15.08
1384 66.36 57.40 86.00 22.96 21.48
1385 66.29 10.02 39.25 9.59 8.11
1386 66.35 78.33 43.42 39.06 12.19
1387 66.39 60.43 84.10 24.84 20.61
1388 66.54 32.57 81.46 15.51 21.33
1389 66.58 40.11 83.41 16.90 23.95
1390 66.64 65.12 70.12 26.29 17.01
1391 66.77 8.38 39.17 10.30 6.68
1392 66.73 25.45 76.44 13.82 18.76
1393 66.85 30.15 81.48 14.05 23.54
1394 66.67 80.98 39.34 40.65 12.04
1395 66.81 23.03 64.78 12.31 17.55
1396 66.85 90.39 19.32 28.43 5.78
1397 66.79 37.58 82.65 15.59 24.25
1398 66.99 83.83 42.24 35.18 11.93
1399 66.94 12.03 38.09 10.07 10.18
1400 67.11 18.58 53.30 10.15 16.51
1401 67.12 73.32 56.05 26.95 14.05
1402 67.00 87.44 34.95 33.80 9.10
1403 67.13 42.71 77.36 15.91 30.76
1404 67.14 44.93 82.02 16.56 30.84
1405 67.08 52.42 81.25 18.48 34.11
1406 67.19 70.98 61.35 27.40 16.24
1407 67.26 27.57 72.49 13.77 27.68
1408 67.19 47.59 76.85 17.44 28.94
1409 67.21 54.58 74.25 18.36 32.79
1410 67.22 59.00 84.68 21.58 24.85
1411 67.16 76.16 52.40 29.74 13.96
1412 67.25 20.93 57.97 11.66 18.02
1413 67.17 17.21 47.52 11.65 15.05
1414 67.31 68.50 64.55 26.27 19.19
1415 67.49 14.98 41.82 10.56 13.48
1416 67.36 62.46 80.20 20.08 24.09
1417 67.47 33.89 73.02 13.31 38.09
1418 67.48 50.26 70.61 17.52 37.30
1419 67.60 56.61 72.56 18.33 35.26
1420 67.59 78.98 53.78 31.23 14.67
1421 67.56 11.82 37.34 10.45 10.14
1422 67.82 36.18 62.92 13.30 36.84
1423 67.77 41.03 67.61 15.26 44.14
1424 67.82 38.68 66.79 13.99 40.29
1425 67.73 65.10 64.58 23.10 23.57
1426 67.74 85.81 45.71 28.40 10.75
1427 67.86 24.31 67.06 11.27 28.73
1428 67.92 31.36 61.67 12.70 39.31
1429 67.87 8.80 40.29 10.29 14.07
1430 68.02 60.73 74.95 18.86 34.42
1431 68.13 81.89 58.03 25.52 14.30
1432 68.03 10.06 42.41 8.70 12.79
1433 68.09 89.36 24.17 22.54 6.73
1434 68.35 29.12 52.64 12.46 49.28
1435 68.10 46.28 59.19 15.69 46.33
1436 68.36 19.66 48.58 10.03 23.68
1437 68.20 52.18 59.98 17.09 54.22
1438 68.23 67.30 59.70 20.84 27.37
1439 68.57 21.96 49.25 10.04 34.40
1440 68.27 73.57 65.97 23.95 22.48
1441 68.39 49.10 60.50 15.00 51.43
1442 68.46 26.65 58.48 11.45 43.98
1443 68.32 71.00 62.45 22.61 23.14
1444 68.34 76.13 64.55 22.93 18.78
1445 68.36 58.58 70.88 17.59 43.65
1446 68.59 12.86 34.80 8.29 18.49
1447 68.54 54.27 57.69 16.67 58.25
1448 68.65 84.22 53.64 24.71 13.79
1449 68.71 44.39 52.85 14.30 68.07
1450 68.49 63.05 62.88 17.92 38.65
1451 68.36 87.03 35.49 19.24 9.57
1452 68.74 42.19 53.69 13.95 70.96
1453 68.67 34.04 56.10 10.91 52.33
1454 68.53 10.44 33.96 8.29 12.46
1455 68.81 78.64 62.05 21.52 20.74
1456 68.95 56.11 59.95 15.44 59.28
1457 68.91 39.75 53.57 12.19 61.04
1458 68.96 36.85 52.04 11.79 60.90
1459 69.02 64.89 54.15 17.65 49.82
1460 69.03 69.32 58.46 18.10 32.76
1461 69.11 31.64 53.83 11.31 65.45
1462 69.19 23.84 44.82 9.66 42.99
1463 69.19 61.07 59.99 16.24 51.40
1464 69.22 47.25 47.28 13.63 65.65
1465 69.35 88.87 29.02 17.79 7.06
1466 69.25 14.66 33.31 8.18 33.38
1467 69.17 80.46 69.21 23.38 22.03
1468 69.66 86.29 45.10 19.33 13.98
1469 69.35 52.10 55.12 15.91 74.96
1470 69.51 81.63 67.26 20.01 21.00
1471 69.38 66.77 50.89 18.15 47.84
1472 69.43 58.26 58.60 15.52 63.01
1473 69.42 72.58 61.82 19.32 30.59
1474 69.66 49.70 54.15 13.39 85.14
1475 69.54 75.61 64.07 19.38 26.56
1476 69.51 27.72 49.10 10.82 74.57
1477 69.55 18.52 35.94 8.40 40.04
1478 69.57 10.93 33.25 6.93 25.22
1479 69.63 15.71 37.63 8.59 31.14
1480 69.83 30.08 46.78 10.85 84.49
1481 69.99 25.71 40.66 9.57 64.60
1482 69.91 33.29 52.12 10.82 86.43
1483 69.93 43.19 48.14 13.07 94.86
1484 70.09 20.89 37.66 9.27 58.58
1485 69.95 38.30 50.38 11.61 81.18
1486 69.99 54.38 60.68 14.56 82.22
1487 69.87 63.16 52.06 17.25 68.73
1488 69.99 35.58 49.74 11.11 89.44
1489 69.99 45.38 49.79 12.86 87.42
1490 69.90 83.93 58.03 20.06 18.51
1491 69.89 12.25 32.81 6.58 24.17
1492 70.03 40.83 50.70 12.05 87.57
1493 69.92 78.23 61.20 20.98 31.49
1494 70.11 68.65 51.38 16.54 52.17
1495 70.27 56.64 61.06 14.62 81.49
1496 70.16 60.01 59.83 14.80 72.69
1497 70.36 71.13 52.02 17.94 51.51
1498 70.37 23.40 40.40 9.41 63.37
1499 70.21 79.58 63.35 16.98 29.76
1500 70.23 82.57 53.26 18.91 21.24
1501 70.45 65.85 45.36 15.60 66.73
1502 70.47 47.85 54.75 12.88 101.42
1503 70.43 51.68 58.33 13.67 102.42
1504 70.48 12.84 28.90 6.20 41.80
1505 70.61 16.48 31.72 7.74 50.94
1506 70.61 73.49 53.73 18.23 43.42
1507 70.71 14.20 32.14 6.65 43.07
1508 70.70 28.10 44.10 9.71 86.31
1509 70.74 75.73 55.69 17.43 42.85
1510 70.77 87.71 29.55 15.90 11.32
1511 70.93 32.45 52.33 11.18 103.66
1512 71.02 37.15 58.07 10.72 104.05
1513 71.02 61.29 54.29 15.33 98.35
1514 70.88 63.65 45.70 14.83 88.83
1515 71.10 81.47 48.96 16.30 30.65
1516 71.16 84.63 47.51 16.71 23.67
1517 71.15 30.40 57.94 10.14 96.75
1518 71.09 39.84 59.63 10.67 104.63
1519 71.14 42.71 58.30 11.37 113.30
1520 71.03 58.45 56.73 14.43 100.18
1521 71.09 78.29 54.24 17.87 40.73
1522 71.21 34.91 54.91 10.12 109.81
1523 71.16 53.52 65.37 13.64 108.06
1524 71.19 45.35 62.85 12.74 117.83
1525 71.29 25.56 48.34 8.74 77.38
1526 71.32 50.47 58.83 13.32 116.51
1527 71.19 68.11 44.26 15.15 74.01
1528 71.45 19.91 37.44 8.02 73.87
1529 71.56 11.71 33.48 6.68 52.43
1530 71.42 56.20 68.79 13.50 112.70
1531 71.45 22.50 42.87 8.50 82.14
1532 71.49 70.60 47.15 15.06 71.29
1533 71.51 48.11 65.40 12.74 122.69
1534 71.69 65.98 47.99 14.62 92.31
1535 71.66 16.94 32.50 6.56 65.94
1536 71.78 28.19 60.18 9.45 97.26
1537 71.86 73.47 49.23 15.29 66.12
1538 71.94 63.84 51.38 14.05 99.67
1539 72.02 76.27 43.59 15.89 61.89
1540 71.98 86.95 31.81 13.94 15.50
1541 72.09 17.75 38.57 7.87 68.32
1542 72.02 38.64 69.84 10.62 118.95
1543 71.99 59.45 64.24 13.67 111.86
1544 72.13 41.48 68.01 11.27 122.58
1545 72.22 54.67 81.17 12.64 128.94
1546 72.17 61.64 57.48 13.80 102.74
1547 72.11 33.23 74.37 10.43 122.08
1548 72.25 79.14 47.01 15.22 55.36
1549 72.22 52.30 72.76 12.83 131.55
1550 72.24 36.16 76.98 9.99 117.47
1551 72.38 44.20 76.05 11.37 129.68
1552 72.26 46.51 73.52 12.49 132.45
1553 72.30 14.87 37.90 6.95 55.77
1554 72.14 23.94 60.29 7.39 95.43
1555 72.33 30.35 79.17 9.82 109.38
1556 72.43 81.95 47.83 14.31 47.96
1557 72.34 68.30 47.70 14.31 93.27
1558 72.59 84.59 41.29 14.41 35.95
1559 72.47 24.86 62.02 8.10 88.53
1560 72.53 49.41 75.81 12.75 131.85
1561 72.53 57.31 72.84 13.43 133.38
1562 72.67 27.10 65.74 8.78 100.38
1563 72.57 71.40 47.89 13.69 84.86
1564 72.71 22.06 50.53 7.75 96.65
1565 72.89 65.81 62.04 13.26 112.31
1566 73.06 19.08 45.09 7.54 81.59
1567 72.97 39.93 71.90 10.87 123.49
1568 73.03 63.70 57.74 13.81 117.52
1569 73.12 75.61 52.43 15.04 84.11
1570 73.27 15.96 41.67 6.46 71.11
1571 73.16 32.64 84.54 10.66 123.57
1572 73.28 51.38 86.12 11.67 150.87
1573 73.15 59.48 76.75 13.30 138.00
1574 73.26 12.74 41.83 6.04 60.94
1575 73.24 35.26 76.60 10.17 119.61
1576 73.33 37.71 68.08 9.56 123.11
1577 73.19 42.75 71.04 11.52 129.84
1578 73.26 47.02 74.72 12.01 142.01
1579 73.35 73.57 54.69 13.80 83.76
1580 73.37 69.49 58.27 14.20 112.60
1581 73.52 77.86 52.74 14.44 75.53
1582 73.31 55.68 84.09 12.43 142.76
1583 73.59 53.50 84.03 12.16 147.15
1584 73.41 61.74 65.96 12.92 128.38
1585 73.41 30.38 75.44 9.63 121.92
1586 73.54 25.03 59.04 8.67 106.19
1587 73.72 80.27 51.81 13.58 63.96
1588 73.61 67.45 67.64 14.39 109.01
1589 73.66 83.04 44.29 12.74 47.35
1590 73.79 27.90 68.34 9.73 115.66
1591 73.72 49.27 83.61 12.64 158.64
1592 73.88 45.17 74.15 11.38 141.76
1593 73.90 57.94 85.98 12.16 136.34
1594 73.87 21.45 50.08 7.63 95.51
1595 73.90 71.39 59.16 14.02 105.22
1596 74.04 40.81 66.52 10.59 135.37
1597 74.25 34.43 62.88 10.53 135.96
1598 74.26 65.69 71.90 12.76 114.33
1599 74.32 63.40 75.22 12.76 131.47
1600 74.42 32.38 63.72 9.46 127.46
1601 74.32 43.03 68.42 10.87 147.36
1602 74.36 60.49 72.13 12.78 139.10
1603 74.42 11.96 37.78 5.62 69.93
1604 74.56 18.92 39.52 6.79 93.68
1605 74.53 75.24 66.83 13.00 97.97
1606 74.56 36.64 55.78 9.98 132.98
1607 74.53 38.98 53.85 11.02 134.00
1608 74.65 13.46 39.43 5.53 70.34
1609 74.66 15.89 37.50 5.69 80.69
1610 74.68 23.72 45.86 8.13 113.01
1611 74.50 47.31 77.42 11.83 157.58
1612 74.46 50.88 82.08 11.65 157.79
1613 74.39 55.73 83.05 12.58 136.75
1614 74.52 30.16 66.40 9.51 125.75
1615 74.61 68.86 67.31 12.99 115.18
1616 74.79 25.94 52.80 8.09 123.40
1617 74.76 73.04 66.70 13.37 109.74
1618 74.74 77.37 60.19 13.69 90.46
1619 74.83 53.09 70.69 11.88 155.78
1620 74.88 82.20 46.89 12.42 57.95
1621 75.20 28.01 49.55 8.80 124.61
1622 75.15 21.41 38.51 7.45 96.81
1623 75.10 57.84 69.10 12.23 143.14
1624 75.18 45.32 59.20 11.34 161.49
1625 75.37 79.41 65.02 12.82 84.63
1626 75.23 48.88 66.76 11.58 164.52
1627 75.44 71.34 66.11 12.62 120.39
1628 75.39 62.43 68.26 11.56 132.59
1629 75.43 64.84 66.95 12.11 129.38
1630 75.43 67.00 63.35 12.41 130.30
1631 75.59 40.67 42.68 10.08 133.71
1632 75.39 42.91 53.02 9.95 142.29
1633 75.40 55.08 69.99 11.69 151.47
1634 75.46 60.13 66.58 12.53 145.11
1635 75.47 35.23 43.11 9.57 130.48
1636 75.58 32.88 42.75 9.17 138.68
1637 75.56 38.24 41.15 10.20 133.01
1638 75.62 30.08 47.84 8.52 135.76
1639 75.63 51.16 58.62 11.38 160.26
1640 76.02 83.96 39.08 10.63 47.66
1641 75.93 18.00 31.03 6.43 90.26
1642 75.80 69.30 65.83 13.39 123.76
1643 75.95 76.69 76.12 13.33 104.08
1644 75.92 14.69 32.41 5.35 89.25
1645 76.05 25.88 37.05 8.35 125.35
1646 76.03 74.03 68.11 12.61 112.58
1647 76.16 46.93 45.54 10.64 162.24
1648 76.11 53.35 46.55 11.64 149.43
1649 76.23 23.52 33.98 7.39 116.51
1650 76.15 56.60 53.01 12.53 151.62
1651 76.23 81.29 59.74 12.45 77.99
1652 76.40 20.70 28.78 6.75 98.50
1653 76.38 44.65 46.54 10.69 148.50
1654 76.35 58.84 52.79 12.03 145.60
1655 76.48 36.91 33.96 9.30 137.62
1656 76.35 49.19 48.36 11.71 159.94
1657 76.41 15.76 30.87 5.73 85.17
1658 76.54 42.49 40.64 10.04 147.49
1659 76.54 63.86 51.77 12.23 132.44
1660 76.59 28.23 33.46 8.15 124.52
1661 76.52 61.34 49.24 12.67 131.34
1662 76.50 31.50 39.09 8.77 126.53
1663 76.54 34.56 31.74 9.66 134.94
1664 76.70 66.18 49.90 11.92 135.23
1665 76.69 39.09 36.28 10.00 142.84
1666 76.80 68.44 57.15 12.33 135.04
1667 76.75 71.14 67.04 12.99 122.55
1668 76.81 51.38 37.47 11.06 149.19
1669 76.94 55.05 39.95 11.63 154.83
1670 77.20 78.82 70.71 11.77 88.89
1671 77.24 40.79 41.15 9.89 145.44
1672 77.19 76.43 72.82 12.89 109.91
1673 77.19 73.49 65.50 12.58 106.74
1674 77.37 16.94 21.99 6.10 85.57
1675 77.30 57.43 38.66 11.72 148.91
1676 77.47 25.80 26.82 7.79 113.62
1677 77.36 46.23 37.53 10.86 160.16
1678 77.44 48.33 36.55 12.11 157.72
1679 77.45 59.73 39.86 11.74 150.84
1680 77.66 29.61 28.08 8.67 122.54
1681 77.50 81.43 65.62 12.34 69.56
1682 77.62 23.25 24.48 7.40 101.77
1683 77.59 33.87 29.10 9.28 131.96
1684 77.62 53.30 36.89 11.32 144.88
1685 77.54 31.63 30.15 8.86 127.23
1686 77.64 19.99 22.27 6.44 83.95
1687 77.75 44.23 37.41 10.15 144.47
1688 77.66 61.64 37.82 11.20 135.47
1689 77.70 38.22 35.95 9.30 141.76
1690 77.88 63.71 35.85 11.48 135.14
1691 77.82 36.10 34.20 9.85 144.96
1692 77.91 68.02 38.37 12.37 137.97
1693 77.94 70.53 47.71 11.63 125.34
1694 77.82 50.69 32.01 10.95 151.39
1695 77.96 65.79 34.86 11.59 143.94
1696 78.12 27.68 28.29 7.88 109.77
1697 78.01 42.16 39.51 10.62 139.43
1698 78.07 55.89 33.05 11.96 140.72
1699 78.21 75.33 60.21 12.07 112.01
1700 78.47 72.89 46.12 12.15 119.86
1701 78.39 58.77 33.73 12.18 137.85
1702 78.48 40.21 42.27 9.97 132.93
1703 78.53 46.98 39.96 11.73 139.08
1704 78.57 32.45 33.68 9.29 119.21
1705 78.87 80.47 52.29 10.61 65.11
1706 78.70 49.19 37.62 11.16 135.58
1707 78.86 77.92 51.44 10.87 93.18
1708 78.91 22.17 22.02 6.37 77.51
1709 78.75 52.01 39.47 11.38 131.51
1710 78.79 54.32 32.93 11.54 134.17
1711 78.77 62.35 29.17 11.65 134.96
1712 78.85 16.46 19.50 5.67 70.32
1713 79.04 24.91 27.06 7.57 83.27
1714 78.82 34.91 40.06 9.88 117.01
1715 79.08 19.36 20.55 5.96 73.48
1716 78.88 37.58 41.51 9.80 125.23
1717 79.12 30.30 32.59 8.89 105.21
1718 79.00 43.43 48.58 10.51 127.78
1719 79.05 69.32 31.80 11.43 130.30
1720 79.12 45.59 47.23 11.18 120.66
1721 79.14 56.82 36.24 11.12 125.11
1722 79.32 60.71 33.90 12.11 123.13
1723 79.19 64.88 31.75 12.44 151.57
1724 79.38 67.21 30.21 11.72 134.14
1725 79.30 27.67 29.15 7.85 97.25
1726 79.41 71.61 33.40 11.33 131.55
1727 79.33 75.59 44.58 11.42 112.63
1728 79.51 39.46 53.03 10.36 111.49
1729 79.43 17.15 19.39 5.39 67.81
1730 79.65 41.73 54.28 10.77 118.34
1731 79.63 58.87 38.59 12.16 127.77
1732 79.65 33.04 40.46 8.93 103.68
1733 79.64 50.62 53.20 11.71 113.19
1734 79.83 35.93 53.85 9.82 103.24
1735 79.79 48.47 55.01 11.27 114.30
1736 79.86 52.93 51.68 11.79 112.07
1737 79.99 73.79 30.74 11.21 113.26
1738 79.93 55.21 51.36 12.14 115.25
1739 79.96 63.10 34.08 12.33 120.63
1740 80.35 20.75 27.43 6.82 66.18
1741 80.10 43.97 68.74 10.78 95.78
1742 80.14 46.35 61.90 11.59 115.56
1743 80.40 79.44 32.35 10.09 61.78
1744 80.35 26.28 33.94 6.71 77.68
1745 80.29 29.60 42.84 7.49 74.40
1746 80.28 38.00 71.08 10.68 94.07
1747 80.31 69.88 29.35 11.56 122.55
1748 80.55 23.66 31.53 6.81 71.18
1749 80.43 76.82 37.45 10.71 103.73
1750 80.54 17.14 23.36 5.65 56.69
1751 80.49 65.28 30.42 11.41 118.19
1752 80.42 57.64 49.17 12.31 104.11
1753 80.60 32.15 60.47 9.11 79.24
1754 80.59 40.35 71.25 11.25 82.83
1755 80.64 60.32 39.10 12.20 117.88
1756 80.72 34.42 66.97 10.32 83.77
1757 80.82 67.69 29.21 12.42 116.19
1758 80.63 51.30 71.42 11.23 96.60
1759 80.86 62.27 33.86 12.77 110.77
1760 80.92 72.33 28.23 10.76 114.23
1761 80.81 48.13 74.99 10.33 93.16
1762 80.89 53.65 76.88 11.51 87.15
1763 80.94 42.48 78.76 11.79 79.80
1764 81.12 36.56 83.18 9.51 68.79
1765 81.00 55.84 70.87 11.24 97.00
1766 81.01 45.11 78.62 11.46 79.04
1767 81.26 28.17 48.86 7.94 66.43
1768 81.30 74.87 26.50 11.00 107.50
1769 81.39 50.11 84.94 11.15 77.51
1770 81.41 38.68 79.65 9.13 58.67
1771 81.42 58.96 54.59 11.64 95.45
1772 81.52 31.09 63.98 8.89 60.10
1773 81.55 70.23 26.35 10.64 109.83
1774 81.44 19.18 27.10 5.43 52.04
1775 81.72 63.69 44.12 12.09 99.06
1776 81.85 25.88 41.93 7.19 56.34
1777 81.65 65.99 36.27 11.11 104.10
1778 81.88 77.86 23.02 10.44 73.99
1779 81.74 40.92 80.55 10.51 58.01
1780 81.64 47.67 83.68 11.59 71.11
1781 81.73 52.32 79.28 10.72 62.48
1782 81.76 20.41 30.59 5.76 50.07
1783 81.89 22.72 36.62 6.60 52.02
1784 81.81 34.12 75.23 9.69 53.80
1785 81.87 43.40 84.42 10.74 65.82
1786 81.96 54.92 74.42 11.06 77.19
1787 81.92 57.04 72.84 12.26 82.35
1788 82.02 61.27 58.35 11.99 90.00
1789 82.07 45.66 87.78 11.49 63.45
1790 82.29 72.82 26.88 10.22 103.83
1791 82.24 68.54 35.21 11.89 103.57
1792 82.26 36.83 84.30 9.79 51.60
1793 82.16 19.22 23.60 6.07 46.37
1794 82.41 29.21 62.43 8.16 47.56
1795 82.53 39.30 84.44 9.82 46.07
1796 82.52 50.00 95.07 11.06 52.27
1797 82.60 75.27 23.70 10.40 94.59
1798 82.56 31.95 71.53 9.27 45.53
1799 82.54 58.94 69.19 11.03 72.30
1800 82.59 47.97 92.11 10.98 50.20
1801 82.70 54.05 81.86 11.00 60.61
1802 82.87 66.94 42.22 11.03 95.46
1803 82.80 41.92 82.80 10.66 46.90
1804 82.85 70.70 34.78 10.77 96.39
1805 82.91 64.92 49.64 12.20 85.22
1806 82.95 51.98 82.12 10.78 47.78
1807 82.90 34.97 79.84 9.78 45.34
1808 83.05 20.60 39.27 6.24 46.59
1809 83.12 24.55 50.35 6.68 44.09
1810 82.99 44.39 93.73 9.96 44.82
1811 82.99 56.73 83.46 11.46 53.13
1812 83.07 62.85 65.39 11.68 77.41
1813 83.23 27.18 60.06 7.08 39.72
1814 83.19 60.85 80.00 12.00 63.33
1815 83.29 46.64 89.79 10.64 39.79
1816 83.08 78.39 16.80 10.40 46.33
1817 83.53 37.30 82.03 9.27 38.56
1818 83.68 76.62 20.09 9.89 68.55
1819 83.59 32.36 72.90 9.41 40.52
1820 83.77 29.82 73.68 7.11 35.77
1821 83.65 39.60 77.59 9.61 38.36
1822 83.57 49.12 86.61 11.00 38.71
1823 83.76 69.02 45.78 11.83 83.88
1824 83.76 55.87 86.21 11.03 45.46
1825 83.73 59.41 80.47 12.36 57.49
1826 83.83 73.80 28.68 10.08 82.22
1827 83.82 53.81 84.64 11.28 45.06
1828 83.93 41.77 80.95 11.12 35.96
1829 83.95 34.55 72.44 8.98 36.06
1830 83.93 43.79 91.19 10.74 38.69
1831 83.98 71.54 40.80 11.03 81.07
1832 84.01 21.76 47.50 6.21 34.17
1833 84.13 67.00 54.43 11.59 75.94
1834 84.22 22.98 48.41 5.72 31.61
1835 84.09 51.90 82.12 11.77 36.61
1836 84.24 65.09 62.11 11.14 67.56
1837 84.19 63.20 74.22 12.82 61.27
1838 84.48 45.61 81.46 10.90 33.01
1839 84.44 27.55 58.67 7.09 28.57
1840 84.21 57.92 82.67 11.43 43.90
1841 84.69 24.87 50.31 7.31 29.01
1842 84.53 47.98 85.63 10.91 30.54
1843 84.50 61.41 84.90 11.13 48.68
1844 84.59 50.10 81.51 10.91 34.41
1845 84.72 36.26 73.22 8.28 33.39
1846 84.83 38.33 79.38 9.42 30.29
1847 84.82 40.71 74.57 10.18 33.44
1848 84.78 55.23 86.90 11.24 34.51
1849 84.80 32.03 64.80 8.76 31.23
1850 84.88 57.46 84.31 12.00 45.77
1851 84.97 75.30 27.78 9.39 54.73
1852 85.25 59.63 85.26 11.46 43.40
1853 85.05 43.23 80.59 9.87 31.25
1854 85.10 68.67 60.07 10.85 56.64
1855 85.07 70.86 49.67 10.78 62.29
1856 85.24 29.49 57.72 8.51 27.82
1857 85.30 34.29 59.10 8.38 27.61
1858 85.40 73.15 40.85 10.08 59.26
1859 85.34 53.40 79.14 11.53 31.63
1860 85.44 21.91 50.35 6.69 26.52
1861 85.38 51.58 75.61 11.16 28.74
1862 85.48 64.22 72.65 10.54 44.45
1863 85.53 47.27 77.34 10.72 26.92
1864 85.87 49.69 77.68 11.00 26.85
1865 85.80 45.17 72.26 10.51 27.06
1866 85.80 62.08 79.65 10.99 36.91
1867 85.83 39.69 71.04 10.19 25.43
1868 85.64 66.66 64.84 12.10 55.45
1869 85.95 26.88 50.61 6.79 23.07
1870 85.84 56.90 82.12 11.39 35.61
1871 86.01 42.16 70.64 10.01 26.20
1872 86.02 36.47 61.08 9.20 24.47
1873 86.01 32.08 58.04 8.03 24.91
1874 86.25 23.93 56.04 7.33 27.77
1875 86.15 70.19 61.60 10.59 44.60
1876 86.30 54.78 68.27 11.45 28.52
1877 86.32 59.03 82.35 11.61 35.37
1878 86.55 29.50 49.94 7.44 23.14
1879 86.57 68.21 66.34 11.63 37.73
1880 86.74 38.38 57.01 9.39 22.86
1881 86.73 66.26 74.69 10.34 37.06
1882 86.63 52.29 60.72 11.58 25.45
1883 86.66 60.99 74.15 11.48 36.31
1884 86.73 34.30 51.11 8.23 23.62
1885 86.64 48.26 63.12 9.93 24.80
1886 86.61 72.42 51.24 9.87 36.83
1887 86.68 44.22 55.46 10.16 23.41
1888 86.88 63.86 77.82 11.14 34.95
1889 86.92 46.42 61.55 10.11 25.24
1890 86.99 40.67 52.44 9.43 22.42
1891 87.10 50.37 57.92 10.33 25.88
1892 86.92 25.41 37.64 6.52 16.50
1893 87.04 57.09 69.54 11.82 28.08
1894 87.28 31.55 41.88 7.31 21.63
1895 87.42 27.73 44.90 6.95 19.49
1896 87.51 36.78 44.50 9.09 20.07
1897 87.22 68.68 62.67 10.48 36.26
1898 87.55 42.71 47.78 9.91 23.66
1899 87.38 59.21 68.01 11.03 30.16
1900 87.18 72.46 49.19 11.56 36.12
1901 87.36 54.95 58.05 12.02 25.58
1902 87.51 70.39 56.75 9.70 30.24
1903 87.59 24.87 35.45 6.67 17.25
1904 87.49 44.99 51.17 10.90 20.17
1905 87.78 48.12 49.54 10.78 22.33
1906 87.83 52.80 52.98 11.05 22.84
1907 87.91 34.32 38.40 8.58 20.80
1908 87.86 61.38 65.24 11.46 29.01
1909 88.13 63.27 74.02 11.15 32.69
1910 87.74 66.35 62.85 12.38 36.38
1911 88.01 67.53 60.30 10.12 29.41
1912 88.14 40.60 37.67 9.00 21.10
1913 88.28 65.12 69.77 10.91 26.80
1914 88.36 38.68 37.89 8.39 18.28
1915 88.14 50.55 44.88 10.70 21.77
1916 88.15 44.59 42.60 10.25 24.21
1917 88.37 29.65 36.54 7.47 16.52
1918 88.48 46.33 38.33 10.00 20.60
1919 88.29 56.27 50.20 11.89 23.70
1920 88.48 31.56 32.72 8.17 18.92
1921 88.23 26.27 34.47 6.29 16.24
1922 88.38 58.20 52.22 11.06 21.89
1923 88.69 59.93 56.01 10.78 25.82
1924 88.69 68.96 56.71 11.10 28.19
1925 88.71 27.11 35.86 6.53 15.18
1926 88.69 70.92 48.87 9.44 18.05
1927 88.85 43.03 30.43 9.55 19.99
1928 88.92 49.11 33.56 9.65 19.26
1929 89.00 54.07 41.78 11.51 22.21
1930 88.68 32.67 30.79 7.79 14.68
1931 88.93 35.82 33.14 8.21 19.58
1932 89.23 66.93 58.56 10.24 22.21
1933 89.15 52.03 40.41 10.11 22.85
1934 89.27 34.08 28.99 8.08 18.74
1935 89.36 40.85 26.27 8.76 17.60
1936 89.32 62.29 53.41 11.04 22.64
1937 89.19 44.62 27.50 9.90 22.00
1938 89.63 47.22 26.99 10.07 19.32
1939 89.65 56.85 39.88 11.17 21.57
1940 89.71 28.04 29.95 7.17 14.64
1941 89.65 64.77 55.97 10.84 22.99
1942 89.57 38.75 26.97 7.83 14.14
1943 89.57 50.95 33.92 10.92 20.38
1944 89.61 45.24 26.05 9.54 18.43
1945 90.12 59.85 41.77 11.47 19.30
1946 90.05 36.18 23.13 7.21 13.38
1947 90.20 43.00 22.40 8.92 17.13
1948 90.02 37.55 24.46 9.76 17.86
1949 90.13 50.26 26.20 11.39 18.80
1950 89.99 53.73 31.96 9.72 20.72
1951 90.42 48.63 23.25 10.56 19.82
1952 90.47 67.27 41.54 10.27 18.84
1953 90.31 34.88 22.98 7.86 16.58
1954 90.50 61.74 39.68 10.88 20.75
1955 90.79 40.24 22.89 8.49 15.67
1956 90.90 51.92 26.13 10.11 20.02
1957 90.54 53.91 28.40 10.93 20.02
1958 90.72 63.59 42.12 10.63 19.74
1959 90.80 45.20 22.34 9.50 16.01
1960 90.86 57.86 29.35 10.12 20.36
1961 91.04 32.82 19.40 7.75 14.46
1962 90.96 55.64 26.21 9.64 19.59
1963 91.10 38.14 20.32 7.86 12.81
1964 91.13 47.56 22.73 10.04 17.00
1965 91.24 65.49 36.15 9.91 17.67
1966 91.18 49.15 23.76 10.43 17.19
1967 91.42 60.53 30.96 10.39 17.96
1968 91.51 36.63 18.21 7.10 13.51
1969 91.51 53.91 22.24 10.43 19.35
1970 91.68 34.79 20.90 8.39 15.46
1971 91.62 50.10 20.91 9.62 16.44
1972 91.94 41.44 18.99 9.07 14.90
1973 91.83 62.83 25.91 8.76 16.08
1974 92.04 58.78 24.46 10.86 19.20
1975 91.90 39.38 19.55 7.45 13.32
1976 92.39 48.81 20.31 9.08 17.84
1977 92.27 51.27 20.32 9.46 17.83
1978 92.07 52.46 21.75 9.33 16.86
1979 92.65 35.95 17.59 7.98 14.16
1980 92.27 38.35 20.11 8.63 14.78
1981 92.28 56.63 22.91 10.76 18.94
1982 92.65 39.84 18.98 7.78 11.56
1983 92.87 61.59 21.77 10.12 15.68
1984 93.05 46.87 20.99 9.45 15.32
1985 92.71 50.40 20.08 10.08 14.75
1986 93.02 54.64 21.99 10.17 18.48
1987 93.28 34.61 17.18 7.73 13.10
1988 93.19 41.69 17.90 8.45 14.40
1989 93.03 52.68 21.98 10.10 18.50
1990 93.23 57.75 21.43 9.73 15.87
1991 93.38 37.55 18.08 8.05 12.98
1992 93.25 50.39 19.11 10.74 16.87
1993 93.29 51.67 20.82 10.09 15.27
1994 93.59 39.88 17.61 8.91 12.80
1995 93.49 43.11 18.67 8.33 11.60
1996 93.71 33.32 15.55 6.42 9.90
1997 94.08 55.57 18.84 9.78 15.90
1998 93.91 46.75 19.94 9.00 13.11
1999 93.92 61.87 16.38 9.67 11.67
2000 94.08 42.95 18.80 8.70 12.44
2001 94.29 51.48 19.91 9.07 15.02
2002 94.28 53.44 19.23 9.47 17.35
2003 94.24 44.77 19.88 9.34 12.80
2004 94.23 49.06 18.86 8.51 14.20
2005 94.22 60.60 16.99 9.31 13.93
2006 94.37 58.65 18.40 8.53 11.40
2007 94.39 34.40 14.72 6.49 8.09
2008 94.59 38.24 17.55 8.19 11.50
2009 94.54 57.26 18.38 9.21 16.18
2010 94.68 36.79 16.80 7.20 10.05
2011 95.23 40.20 16.61 7.55 11.67
2012 94.95 48.23 18.40 8.13 11.13
2013 95.06 44.42 19.96 8.62 13.30
2014 94.99 51.59 18.59 8.12 13.76
2015 95.40 54.63 18.75 9.20 15.31
2016 95.24 56.65 19.09 9.77 13.79
2017 95.28 36.17 14.77 7.04 11.67
2018 95.53 47.43 16.83 9.84 14.79
2019 95.41 42.69 16.87 8.87 11.74
2020 95.71 52.11 18.16 9.51 15.22
2021 95.74 45.64 17.64 8.06 12.24
2022 95.75 50.59 20.88 8.42 13.38
2023 95.71 43.67 18.46 8.46 10.15
2024 95.91 49.04 16.92 8.77 16.17
2025 96.09 38.43 16.04 7.65 10.00
2026 96.06 42.22 15.70 8.78 11.05
2027 96.42 44.45 17.21 8.08 11.49
2028 96.21 53.69 17.27 8.09 15.05
2029 96.79 46.89 16.58 8.58 11.71
2030 96.44 54.65 16.23 8.46 10.65
2031 97.15 49.41 17.08 10.03 12.17
2032 97.04 54.90 16.17 8.73 11.13
2033 97.28 43.55 15.85 8.17 11.24
2034 97.54 53.46 14.20 8.47 10.53
2035 97.78 46.61 16.03 7.11 9.95
2036 97.87 48.41 16.20 8.77 10.20

