#<Embryo name> <Cleavage cycle> <Temporal class> <Genes>
rge11 14A 4 even-skipped Kruppel giant

#Quantitative data
#<Nucleus number> <A-P coordinate> <D-V coordinate> <Fluorescence intensity: channel 1 - eve, channel 2 - Kr, channel 3 - gt>
0 2.41 48.57 11.88 13.55 3.45
1 2.27 46.61 10.79 12.53 3.50
2 2.91 46.23 15.62 12.25 3.06
3 3.32 44.58 12.83 16.17 3.66
4 3.14 49.69 12.75 14.17 5.46
5 3.82 46.63 14.60 15.32 4.04
6 3.89 48.33 14.48 14.48 3.93
7 3.90 50.45 13.13 15.40 4.45
8 4.10 52.60 13.96 16.02 3.96
9 4.35 43.07 13.51 15.48 4.21
10 4.88 45.92 14.15 17.92 4.34
11 4.54 49.87 15.45 17.45 3.64
12 5.27 51.02 15.19 18.77 4.37
13 5.26 54.97 13.01 17.18 4.36
14 5.26 40.94 15.52 17.79 5.10
15 5.65 48.45 15.87 18.88 5.06
16 5.76 42.20 16.77 19.48 4.88
17 5.55 52.34 16.22 18.89 5.44
18 5.95 39.47 14.49 18.54 5.17
19 5.78 37.36 16.11 17.16 4.35
20 6.03 45.53 17.01 18.12 4.75
21 5.92 57.40 12.95 19.34 4.43
22 6.27 53.60 15.38 18.83 5.73
23 6.56 43.41 16.45 20.82 5.23
24 6.66 36.45 15.03 19.41 4.69
25 6.65 50.34 17.60 21.05 4.75
26 6.47 55.77 13.09 20.65 4.26
27 6.56 58.60 13.64 18.79 4.61
28 6.46 52.36 15.00 21.25 6.00
29 7.08 40.72 15.57 20.60 5.37
30 7.27 38.12 16.49 20.95 5.62
31 7.14 55.80 18.59 19.73 5.55
32 7.76 53.28 18.54 21.07 6.11
33 7.88 45.55 18.18 22.93 6.34
34 7.65 58.63 17.16 19.24 5.77
35 8.01 42.74 16.55 22.91 5.68
36 8.03 50.47 18.23 24.86 6.03
37 8.26 61.54 14.95 18.46 5.57
38 8.46 31.99 15.79 18.15 4.51
39 8.28 39.71 17.65 21.51 5.84
40 8.58 36.74 17.42 21.11 5.83
41 8.73 58.43 14.00 20.67 5.38
42 8.58 60.44 18.50 21.00 3.83
43 9.14 48.67 17.59 28.81 6.81
44 9.19 43.73 19.94 28.92 6.34
45 8.98 53.89 17.08 24.14 6.41
46 9.20 59.44 17.59 20.13 6.52
47 9.56 46.32 20.72 27.07 7.52
48 9.30 51.47 19.12 26.03 6.88
49 9.35 34.64 16.24 20.90 5.90
50 9.34 33.04 18.32 16.96 6.28
51 9.42 30.43 13.02 16.60 5.28
52 9.55 40.64 20.73 25.53 6.94
53 9.45 54.83 18.93 24.13 6.50
54 9.57 56.69 17.84 21.82 6.82
55 9.67 63.09 16.22 19.26 5.71
56 9.80 37.81 18.95 22.44 7.11
57 10.43 31.07 15.70 19.81 5.73
58 10.53 34.88 16.48 22.23 6.23
59 10.49 52.42 21.13 28.08 7.94
60 10.17 36.65 14.83 24.00 6.50
61 10.59 49.11 21.56 29.18 7.70
62 10.90 55.58 20.05 23.23 8.51
63 10.91 40.74 20.74 26.52 8.03
64 10.88 65.42 14.89 15.44 6.84
65 10.89 28.38 15.74 14.65 5.28
66 11.38 63.10 17.86 19.71 7.63
67 11.13 59.29 21.65 23.80 8.53
68 11.36 38.39 20.11 25.59 7.04
69 11.82 31.63 17.97 19.92 7.11
70 11.70 36.50 19.17 23.50 7.62
71 11.67 34.92 19.56 24.54 7.62
72 11.82 50.39 22.07 28.93 9.54
73 11.91 29.31 19.23 17.73 7.99
74 12.00 44.34 23.27 31.08 9.19
75 12.13 47.42 21.12 30.87 9.25
76 12.10 60.45 20.66 21.70 8.88
77 11.83 27.20 15.61 13.76 6.92
78 12.10 58.08 20.14 23.96 9.44
79 11.91 65.43 17.61 14.31 8.08
80 12.25 40.79 21.19 29.85 8.67
81 12.52 38.48 21.05 25.72 8.86
82 12.63 55.39 21.37 25.49 11.05
83 12.84 52.48 22.95 26.66 10.77
84 12.78 62.98 20.78 18.48 10.40
85 13.45 27.64 16.79 15.93 8.09
86 12.87 35.74 20.19 23.66 8.63
87 13.20 49.65 23.90 30.12 10.88
88 13.35 66.74 18.44 16.29 10.10
89 13.27 42.53 22.71 26.75 11.49
90 13.30 45.83 21.78 29.89 11.04
91 13.13 58.00 24.19 23.90 12.13
92 13.23 61.01 20.46 20.45 11.68
93 13.29 44.42 21.42 28.17 11.46
94 13.29 30.59 18.53 17.00 10.20
95 13.70 39.05 22.77 26.75 10.96
96 13.76 55.34 24.64 26.36 16.15
97 13.81 31.70 20.55 19.74 9.19
98 13.71 34.61 20.39 23.11 10.22
99 14.10 47.35 22.41 28.02 13.24
100 14.09 41.05 22.38 25.74 12.81
101 13.91 25.50 16.78 13.20 8.98
102 14.15 52.65 23.37 26.15 15.55
103 13.98 62.57 21.11 19.92 14.69
104 14.29 33.62 21.77 20.93 9.68
105 14.40 60.45 21.72 24.40 17.28
106 14.08 65.75 22.75 14.25 12.88
107 14.72 44.39 22.61 26.94 14.73
108 14.36 49.93 25.95 27.28 16.28
109 14.83 65.73 20.80 17.24 15.75
110 14.93 29.73 19.69 18.24 12.17
111 14.88 31.85 22.14 20.81 14.11
112 14.81 42.09 22.12 26.29 13.21
113 15.12 39.24 22.23 25.46 13.72
114 14.99 26.86 18.49 15.30 11.34
115 14.91 50.90 24.92 27.48 14.44
116 15.09 55.85 23.67 24.33 22.98
117 15.03 28.41 18.87 15.87 13.13
118 15.31 69.00 18.87 13.58 16.62
119 15.32 58.12 23.23 23.39 29.33
120 15.59 33.98 21.05 23.00 17.77
121 15.41 48.69 23.44 27.92 22.91
122 15.38 53.63 23.15 25.05 28.63
123 15.38 46.20 24.68 27.18 19.46
124 15.57 61.69 22.59 20.63 26.16
125 15.67 42.97 24.24 25.76 21.20
126 15.97 51.22 25.45 26.24 35.26
127 15.93 66.79 19.17 15.88 23.46
128 16.02 35.78 22.58 23.17 14.15
129 15.94 64.06 21.80 18.61 25.37
130 16.07 26.23 17.35 14.87 17.87
131 16.24 28.80 19.74 17.43 19.12
132 16.22 40.10 22.26 24.32 19.17
133 16.42 23.87 14.34 11.96 23.04
134 16.40 59.85 25.66 22.83 41.21
135 16.43 71.41 18.29 13.36 17.91
136 16.37 56.20 24.65 25.22 45.48
137 16.51 44.71 26.18 24.20 30.30
138 16.79 46.84 24.74 24.68 36.32
139 16.54 38.04 20.46 24.61 27.17
140 16.75 53.44 26.02 24.04 52.01
141 16.76 68.79 18.78 14.61 23.68
142 16.54 34.19 25.73 19.64 20.82
143 16.89 49.54 24.42 26.09 51.82
144 17.17 62.40 25.89 20.49 45.92
145 17.29 65.33 23.18 18.48 36.53
146 17.18 41.44 24.79 24.79 37.44
147 17.49 36.63 23.02 22.96 36.58
148 17.49 30.43 19.04 18.90 30.68
149 17.44 58.15 25.69 22.65 70.36
150 17.38 34.31 20.78 20.66 32.99
151 17.42 26.63 18.54 14.69 34.22
152 17.73 51.74 26.41 24.61 74.29
153 17.74 43.94 23.25 24.88 57.18
154 17.81 55.49 25.40 23.48 78.54
155 17.60 39.29 25.12 21.86 41.55
156 17.96 24.29 15.81 14.41 45.03
157 18.00 70.39 20.55 14.39 27.76
158 18.00 47.98 25.49 26.01 72.27
159 18.08 32.87 21.92 20.92 41.48
160 18.15 60.51 25.04 21.98 69.65
161 18.10 72.85 19.01 13.26 19.86
162 18.19 22.10 14.08 11.27 45.41
163 18.15 67.81 20.71 16.61 33.98
164 18.43 28.99 19.45 17.33 50.82
165 18.51 41.65 25.11 24.35 65.59
166 18.35 38.87 23.09 21.89 54.30
167 18.63 49.90 25.20 24.78 99.03
168 18.52 63.27 26.26 21.76 66.91
169 18.76 45.80 24.72 24.61 85.38
170 18.76 53.63 27.44 23.89 98.41
171 18.85 35.28 23.40 21.78 58.16
172 18.89 26.42 19.08 15.73 55.76
173 18.92 58.38 27.42 23.94 99.19
174 19.03 31.66 22.38 19.86 59.39
175 19.08 65.73 24.73 18.74 53.66
176 19.25 56.08 28.40 22.68 109.87
177 19.40 43.23 25.51 23.70 93.67
178 19.47 74.82 20.71 11.87 23.61
179 19.40 69.66 21.95 15.28 41.35
180 19.18 40.03 28.28 20.89 78.67
181 19.51 51.46 26.45 25.87 122.01
182 19.58 72.30 20.83 14.30 32.98
183 19.54 23.28 17.20 12.72 71.70
184 19.58 48.14 25.00 23.91 105.85
185 19.66 60.60 26.97 23.45 91.51
186 19.92 33.85 25.05 21.24 78.33
187 19.81 28.53 21.25 17.23 79.44
188 19.90 63.30 26.15 21.46 78.29
189 19.82 40.63 26.74 22.53 83.02
190 20.10 67.43 24.81 18.73 57.96
191 20.13 25.68 18.61 13.99 76.82
192 20.22 30.95 22.55 20.20 90.43
193 20.16 45.02 25.82 24.26 110.38
194 20.27 38.58 25.21 22.12 99.47
195 20.28 53.25 28.88 24.84 130.46
196 20.50 36.33 23.73 20.67 94.64
197 20.47 58.18 28.31 25.55 127.26
198 20.55 21.56 16.63 11.90 75.44
199 20.56 55.66 28.71 25.22 131.15
200 20.63 49.88 28.73 26.69 127.18
201 20.75 46.98 26.33 25.63 130.87
202 20.83 64.80 28.23 20.72 78.13
203 20.84 42.51 27.23 22.97 117.66
204 20.76 69.97 27.68 16.29 54.35
205 20.87 61.41 27.77 23.38 104.24
206 20.92 75.45 21.78 13.27 32.51
207 21.11 24.27 20.40 14.26 91.21
208 21.28 40.42 26.86 23.63 120.09
209 21.27 27.29 21.77 16.11 92.09
210 21.14 33.16 21.93 19.81 110.45
211 21.20 72.22 26.37 14.55 54.64
212 21.20 29.80 21.28 18.71 103.88
213 21.38 52.21 29.90 26.15 145.15
214 21.43 67.40 30.01 19.18 68.85
215 21.55 44.84 28.82 24.29 133.62
216 21.74 35.70 26.90 21.63 121.24
217 21.76 48.35 29.47 25.77 133.69
218 21.79 54.36 28.80 25.00 155.17
219 21.72 59.38 30.07 25.23 129.57
220 21.89 38.31 28.19 22.76 121.28
221 21.78 56.81 30.84 24.78 133.37
222 21.99 50.41 28.84 26.51 148.51
223 21.98 21.06 17.59 12.11 83.97
224 21.98 62.12 29.00 22.32 105.83
225 21.98 77.41 21.05 12.42 31.19
226 22.18 64.92 29.36 21.74 95.08
227 22.17 73.86 27.40 13.30 54.34
228 22.33 32.12 23.32 19.59 126.36
229 22.39 23.54 19.01 12.85 97.36
230 22.36 42.81 28.86 24.38 142.55
231 22.30 69.56 30.33 18.41 74.61
232 22.45 25.93 21.32 16.94 104.15
233 22.48 46.65 29.06 25.65 160.19
234 22.55 30.05 21.97 18.90 119.41
235 22.59 34.43 25.51 21.60 134.16
236 22.77 40.70 29.42 23.34 137.45
237 22.86 28.24 24.45 17.94 113.91
238 22.77 52.53 30.78 24.93 152.97
239 22.92 71.61 32.46 15.63 66.03
240 23.00 57.38 30.31 26.42 149.63
241 23.03 66.93 31.95 20.99 93.68
242 22.93 59.73 31.56 25.47 129.47
243 23.25 36.51 26.85 22.51 138.61
244 23.03 55.03 33.14 26.75 162.32
245 23.07 75.57 29.24 13.72 56.61
246 23.20 44.67 29.06 24.65 152.92
247 23.13 62.80 32.59 23.85 121.45
248 23.28 38.66 27.52 24.67 133.36
249 23.24 50.15 30.33 26.21 151.43
250 23.49 22.57 18.43 12.73 99.83
251 23.46 19.95 17.52 11.30 86.33
252 23.58 47.75 31.21 24.35 155.22
253 23.70 78.01 30.09 12.21 49.98
254 23.71 25.51 21.70 14.76 115.00
255 23.70 33.90 26.78 21.00 131.22
256 23.79 69.30 36.35 19.65 97.91
257 23.85 30.75 24.99 19.92 125.57
258 23.95 42.69 31.58 24.71 149.72
259 23.86 64.75 34.49 23.00 123.57
260 23.97 72.99 37.37 16.10 80.16
261 23.99 60.70 35.56 24.36 140.26
262 24.04 53.12 34.55 25.49 166.46
263 24.18 40.30 29.50 25.03 150.11
264 24.16 58.03 36.66 26.68 147.92
265 24.32 80.59 30.84 10.43 34.76
266 24.30 28.33 26.48 17.25 128.00
267 24.28 55.55 33.48 25.13 167.46
268 24.39 45.43 32.46 26.00 169.69
269 24.47 66.75 40.98 21.88 117.17
270 24.42 50.15 36.00 25.96 161.92
271 24.53 75.54 41.55 14.19 81.89
272 24.60 32.66 28.54 21.21 144.59
273 24.57 37.68 31.15 23.15 152.17
274 24.60 19.21 20.28 11.09 93.19
275 24.64 62.70 39.12 24.66 147.69
276 24.82 35.26 29.40 22.17 138.73
277 24.80 24.17 22.90 15.52 114.91
278 24.95 21.71 22.05 13.48 97.32
279 24.80 47.42 33.02 25.59 173.27
280 24.87 70.52 44.80 18.72 101.46
281 25.08 26.62 25.04 16.79 113.79
282 25.18 41.90 32.77 23.87 150.57
283 25.21 52.10 34.83 24.73 172.53
284 25.28 30.80 27.80 21.14 144.20
285 25.34 44.10 35.20 26.12 157.22
286 25.25 58.53 40.02 25.90 151.20
287 25.21 78.37 47.77 13.43 77.93
288 25.42 54.17 40.12 24.98 176.42
289 25.39 60.68 44.20 26.41 159.80
290 25.29 64.56 49.90 24.94 148.08
291 25.43 39.55 32.33 23.71 152.31
292 25.38 67.86 54.04 22.14 137.27
293 25.41 72.86 57.08 16.25 99.83
294 25.51 56.26 39.17 26.92 166.75
295 25.58 49.52 36.63 25.75 174.87
296 25.75 18.88 24.81 11.75 95.18
297 25.89 29.06 29.54 19.62 131.52
298 25.81 37.57 31.61 23.73 150.49
299 25.91 33.15 31.90 21.64 150.63
300 25.86 75.53 68.24 15.66 98.15
301 25.97 47.33 37.96 26.27 176.88
302 26.04 24.07 26.48 15.69 111.67
303 26.09 35.26 33.75 23.24 152.34
304 26.21 45.43 35.42 23.85 156.96
305 26.20 62.79 59.08 24.43 151.96
306 26.31 16.42 25.28 11.03 83.26
307 26.17 70.56 75.57 19.81 124.96
308 26.29 65.68 63.03 24.18 147.82
309 26.31 26.79 28.83 16.94 119.27
310 26.31 41.18 35.93 25.32 159.57
311 26.44 21.75 27.33 13.38 105.75
312 26.38 51.34 40.34 26.00 171.73
313 26.44 57.78 52.10 26.53 156.61
314 26.43 78.67 73.88 14.01 84.52
315 26.61 43.29 39.24 25.89 159.51
316 26.70 59.90 64.32 25.16 159.72
317 26.55 68.11 79.23 24.70 138.05
318 26.68 31.49 32.47 19.50 146.77
319 26.75 53.55 45.88 26.35 169.54
320 26.77 48.94 42.49 26.70 170.15
321 26.82 73.06 93.83 18.84 117.85
322 26.87 55.72 54.29 26.24 164.92
323 26.89 37.16 33.48 23.43 159.43
324 26.98 19.22 31.70 12.35 97.79
325 27.11 39.47 42.75 26.09 169.68
326 26.80 76.21 92.09 15.18 94.03
327 27.23 29.52 37.81 20.67 131.78
328 27.31 14.89 39.25 9.45 74.92
329 27.22 24.87 34.73 15.85 116.82
330 27.28 46.88 42.28 24.72 161.44
331 27.27 61.83 85.19 27.07 165.30
332 27.28 64.25 84.62 25.03 155.40
333 27.31 34.96 41.02 22.65 158.96
334 27.46 69.90 114.52 22.23 138.07
335 27.65 33.20 44.40 21.38 153.95
336 27.50 41.47 40.84 24.41 169.52
337 27.49 44.92 44.46 25.00 167.15
338 27.47 50.66 47.86 25.29 168.84
339 27.38 75.41 103.64 15.64 100.06
340 27.50 27.38 37.97 16.88 129.72
341 27.56 66.82 105.10 24.46 150.21
342 27.70 21.75 38.15 14.32 110.20
343 27.70 58.22 75.72 26.33 170.33
344 27.82 77.70 108.48 15.58 92.76
345 27.84 52.74 56.96 26.29 173.23
346 27.98 17.85 51.45 10.98 92.95
347 27.99 38.00 45.12 24.73 163.45
348 27.99 48.60 50.43 26.22 165.45
349 28.06 73.49 135.78 18.76 123.24
350 28.10 31.30 45.40 20.44 147.40
351 28.10 43.39 50.08 28.29 165.00
352 28.11 56.18 77.15 28.02 190.75
353 28.20 60.33 106.63 28.03 172.53
354 28.22 80.54 101.66 12.77 80.70
355 28.41 24.53 50.01 16.25 121.24
356 28.38 35.99 50.59 23.73 159.61
357 28.39 54.41 79.13 27.15 178.90
358 28.38 71.19 144.55 21.04 137.22
359 28.40 62.66 123.25 26.45 170.67
360 28.61 39.82 51.69 24.98 162.13
361 28.43 64.96 133.20 26.93 169.80
362 28.62 46.79 62.88 27.44 177.98
363 28.60 26.89 54.47 17.81 141.34
364 28.69 29.41 58.91 19.29 145.29
365 28.59 50.83 70.10 27.65 176.33
366 28.75 15.66 85.41 10.77 89.68
367 28.61 68.03 157.46 23.97 152.86
368 28.79 75.12 140.00 19.57 114.65
369 28.82 20.33 66.77 13.45 108.67
370 28.71 41.90 57.54 26.54 177.25
371 28.83 44.98 61.25 27.27 171.02
372 28.83 33.96 60.00 22.25 157.05
373 28.87 58.31 116.46 27.75 176.81
374 29.00 22.83 73.09 15.41 133.84
375 29.06 82.96 81.56 12.36 57.61
376 29.16 52.55 89.65 27.29 185.42
377 29.14 48.80 76.23 28.19 180.48
378 29.31 77.44 130.48 16.62 109.61
379 29.29 31.99 78.02 22.19 152.71
380 29.23 37.92 68.59 24.33 160.43
381 29.45 56.42 127.00 27.64 175.36
382 29.51 18.25 101.68 12.70 103.74
383 29.35 60.80 160.22 26.98 169.34
384 29.49 65.46 159.67 27.08 171.20
385 29.53 80.13 118.49 14.85 94.38
386 29.58 70.31 168.01 23.75 141.14
387 29.66 63.15 162.85 28.72 168.81
388 29.66 43.37 76.84 27.29 180.90
389 29.69 72.93 153.06 21.62 132.11
390 29.60 35.66 76.44 23.09 157.27
391 29.60 54.33 112.74 28.36 181.09
392 29.66 28.19 90.39 18.91 143.89
393 29.94 26.01 110.87 19.19 138.61
394 29.77 41.24 77.58 26.81 170.85
395 29.76 50.64 106.06 29.85 182.83
396 29.89 13.85 106.74 9.72 77.74
397 29.85 67.61 170.27 25.11 157.03
398 29.78 46.15 83.45 26.20 166.39
399 30.12 30.61 107.14 21.30 155.44
400 30.07 58.62 163.10 29.21 173.49
401 30.31 86.89 35.13 8.38 13.60
402 30.07 23.63 116.63 17.95 134.27
403 30.11 48.16 109.02 28.38 178.89
404 30.13 84.34 72.46 12.25 46.59
405 30.19 21.06 112.61 14.89 108.76
406 30.29 33.37 115.56 23.83 158.22
407 30.22 39.40 104.24 26.84 178.84
408 30.33 75.15 138.48 21.21 127.66
409 30.43 16.50 115.59 12.42 96.67
410 30.45 37.29 111.19 24.58 171.79
411 30.46 52.44 146.28 29.41 183.02
412 30.42 60.98 174.91 29.64 171.33
413 30.49 44.63 111.73 27.53 187.80
414 30.62 81.04 110.40 15.46 88.53
415 30.65 54.85 156.41 29.35 179.87
416 30.73 56.96 172.96 29.81 171.40
417 30.80 65.87 168.35 28.35 168.54
418 30.77 77.74 125.27 17.47 112.06
419 30.75 28.86 142.48 20.83 148.82
420 30.69 35.26 122.49 25.00 171.67
421 30.76 50.19 155.17 29.71 189.48
422 30.82 68.81 155.53 25.60 152.20
423 30.86 42.47 131.00 27.92 184.36
424 30.89 71.61 150.01 23.77 143.24
425 30.89 11.18 88.29 8.14 50.85
426 30.86 63.19 171.54 27.93 177.57
427 31.03 46.43 135.31 28.90 179.85
428 31.18 19.58 131.00 14.39 110.21
429 31.07 24.87 148.36 19.45 143.00
430 31.14 31.87 159.52 24.20 161.72
431 31.22 40.55 139.14 27.55 168.29
432 31.20 48.33 150.04 28.80 180.18
433 31.38 13.88 103.09 10.32 85.27
434 31.27 59.54 170.95 28.95 175.55
435 31.44 27.23 159.79 19.15 150.21
436 31.35 38.11 155.34 28.30 185.87
437 31.43 83.02 92.16 15.01 68.63
438 31.54 22.49 141.07 17.17 117.86
439 31.59 85.92 52.14 12.58 32.90
440 31.52 44.58 167.44 29.22 191.63
441 31.63 53.26 170.98 29.51 186.19
442 31.60 51.30 175.85 31.34 191.45
443 31.64 74.33 126.78 21.31 131.16
444 31.74 16.92 117.30 12.50 107.70
445 31.70 55.37 170.53 28.11 178.89
446 31.69 79.66 107.35 17.10 103.71
447 31.70 35.50 167.29 26.69 179.38
448 31.88 61.69 168.37 29.73 167.99
449 31.84 30.19 163.32 23.64 154.79
450 31.94 33.28 167.95 23.48 165.28
451 31.84 64.31 143.30 29.89 171.10
452 31.93 57.68 169.30 29.47 176.54
453 31.93 68.95 146.22 27.06 159.28
454 32.07 42.70 167.31 28.14 177.34
455 32.17 66.78 147.31 28.12 164.69
456 32.05 71.48 135.50 25.34 153.57
457 32.08 11.36 86.77 9.90 66.92
458 32.18 47.19 171.72 29.52 185.87
459 32.20 49.59 172.32 30.21 187.30
460 32.24 77.15 109.35 20.22 109.43
461 32.24 39.32 162.43 26.59 172.02
462 32.29 25.32 157.16 19.56 140.88
463 32.47 37.26 176.77 27.19 178.10
464 32.51 59.62 159.23 31.04 177.53
465 32.60 19.50 126.64 14.87 111.76
466 32.64 41.10 176.92 27.80 179.61
467 32.60 28.03 160.03 21.81 155.00
468 32.56 44.75 177.54 30.24 189.57
469 32.63 83.44 79.82 15.36 66.22
470 32.68 51.90 172.02 30.73 193.27
471 32.88 15.61 98.60 11.54 95.75
472 32.85 22.47 131.08 17.46 125.78
473 32.79 55.90 162.25 29.94 180.02
474 32.76 35.01 171.93 26.24 166.18
475 32.91 53.89 160.27 29.80 186.89
476 32.83 80.27 98.48 16.78 83.76
477 32.98 86.09 52.32 13.41 29.02
478 33.01 32.28 166.93 25.14 170.16
479 32.97 75.15 111.76 24.62 127.66
480 33.07 63.08 132.75 29.14 160.32
481 33.11 30.15 153.00 23.72 155.38
482 33.03 65.27 127.81 28.86 163.00
483 33.08 72.61 107.80 25.45 135.29
484 33.24 12.65 77.69 10.79 85.34
485 33.16 69.65 118.55 26.97 155.76
486 33.27 57.68 155.20 31.13 173.09
487 33.33 48.25 158.87 30.00 173.83
488 33.34 46.23 161.50 29.94 196.46
489 33.36 50.18 156.43 32.60 185.11
490 33.31 61.08 138.24 29.14 167.80
491 33.39 38.87 166.34 27.02 170.51
492 33.47 25.15 140.08 21.00 140.70
493 33.55 42.28 168.29 28.83 169.57
494 33.67 67.28 109.93 28.27 157.94
495 33.70 88.19 37.67 13.23 11.36
496 33.68 44.20 169.38 30.68 183.66
497 33.74 36.59 162.65 26.91 162.61
498 33.73 77.65 93.04 22.55 96.03
499 33.94 17.97 90.40 13.38 106.92
500 33.81 34.19 162.36 25.71 164.66
501 33.82 27.66 133.51 21.67 146.49
502 33.82 51.95 154.27 30.88 186.54
503 33.94 20.75 105.51 17.47 117.49
504 33.99 55.19 144.78 32.42 174.97
505 34.05 59.37 128.37 30.00 168.00
506 33.96 80.87 90.62 19.52 70.74
507 34.05 83.67 75.18 17.11 45.14
508 34.12 40.45 163.74 27.84 178.67
509 34.11 74.51 99.40 25.90 120.68
510 34.29 15.02 72.76 13.04 86.48
511 34.24 23.33 108.58 18.12 132.18
512 34.20 64.72 112.34 30.54 146.77
513 34.19 71.54 96.17 27.97 138.44
514 34.31 32.20 146.22 24.06 156.57
515 34.34 29.98 138.64 24.91 153.14
516 34.41 11.83 63.05 10.69 73.56
517 34.38 47.29 130.77 31.25 185.71
518 34.45 57.27 128.17 30.61 176.89
519 34.49 61.54 107.63 31.47 154.06
520 34.56 49.50 122.70 31.55 171.93
521 34.55 53.46 138.62 33.40 180.75
522 34.56 68.98 99.67 30.48 140.55
523 34.75 85.69 72.73 18.49 25.07
524 34.68 38.20 151.11 27.20 167.49
525 34.74 45.10 133.59 30.43 171.75
526 34.85 25.76 115.32 21.11 143.39
527 34.86 42.66 136.72 28.76 175.70
528 35.09 36.24 138.27 26.63 158.92
529 34.99 51.52 121.12 32.85 165.85
530 34.97 76.32 92.50 26.78 95.64
531 35.12 28.25 112.53 24.32 150.20
532 35.02 34.23 138.89 25.40 156.91
533 35.08 79.08 93.52 24.73 71.73
534 35.14 20.30 83.80 17.41 111.04
535 35.11 63.33 102.45 31.68 149.54
536 35.15 66.70 98.68 32.91 133.28
537 35.18 73.29 97.73 28.91 107.05
538 35.20 81.81 92.78 21.86 46.11
539 35.34 17.52 65.45 15.16 103.30
540 35.22 40.03 137.05 29.59 167.97
541 35.38 54.97 114.04 33.50 161.38
542 35.29 59.08 103.78 32.29 159.88
543 35.43 70.46 92.94 31.56 115.79
544 35.48 30.75 114.82 25.92 147.38
545 35.50 23.14 89.81 20.54 119.81
546 35.42 47.67 105.58 30.98 165.40
547 35.54 56.97 111.56 32.63 174.06
548 35.57 13.06 52.12 11.97 76.12
549 35.86 32.86 117.92 27.17 156.14
550 35.79 61.03 97.12 33.47 139.40
551 35.82 45.70 100.67 30.96 168.10
552 35.72 49.75 102.71 32.33 169.85
553 35.90 53.12 111.92 33.29 167.41
554 35.92 64.74 95.44 33.74 121.46
555 36.06 43.69 108.87 30.50 159.78
556 36.05 27.10 101.60 23.05 136.48
557 36.07 41.52 105.68 29.49 161.17
558 36.05 86.09 94.63 21.10 17.86
559 36.15 10.12 40.39 10.13 48.93
560 36.22 15.69 56.84 14.78 79.88
561 36.19 37.43 112.73 28.71 149.18
562 36.14 68.30 103.95 34.46 110.65
563 36.21 74.96 111.03 33.15 69.46
564 36.10 77.54 108.48 29.03 57.81
565 36.23 83.14 99.89 25.74 29.78
566 36.20 35.08 107.98 28.26 148.63
567 36.35 24.99 93.17 22.29 120.71
568 36.16 72.05 104.50 34.02 76.66
569 36.35 39.45 116.58 30.17 164.75
570 36.41 21.39 73.09 18.21 94.55
571 36.39 51.33 103.55 33.00 155.61
572 36.52 29.24 91.78 25.68 132.30
573 36.50 62.72 104.74 36.91 119.80
574 36.50 58.75 104.72 35.79 135.22
575 36.59 80.02 107.75 25.98 35.72
576 36.50 47.25 100.73 33.77 151.09
577 36.53 56.26 105.49 36.59 145.72
578 36.72 18.62 62.83 16.59 75.53
579 36.74 31.55 90.12 24.91 131.49
580 36.97 88.40 81.48 20.69 7.69
581 36.74 66.08 104.23 36.28 99.05
582 36.88 49.17 92.40 33.51 150.55
583 36.86 54.43 93.24 36.18 135.06
584 36.97 13.02 45.27 12.71 56.31
585 37.04 70.11 114.52 38.51 67.10
586 37.00 60.87 105.37 36.29 111.29
587 37.12 44.93 88.49 32.47 152.58
588 37.22 33.73 93.43 28.96 131.34
589 37.18 42.56 91.45 28.98 143.66
590 37.13 73.23 121.07 35.17 49.54
591 37.38 23.84 83.01 20.82 100.73
592 37.35 26.88 83.28 23.87 108.92
593 37.31 36.06 93.55 28.61 129.59
594 37.37 52.55 91.33 35.98 136.74
595 37.35 63.90 112.00 39.69 90.65
596 37.35 76.94 124.24 34.27 36.41
597 37.36 85.02 113.69 30.14 15.39
598 37.50 38.28 98.41 30.49 131.93
599 37.44 40.43 88.75 31.86 137.80
600 37.66 91.04 40.58 16.42 3.56
601 37.40 57.07 104.84 38.58 120.00
602 37.50 67.67 120.63 42.31 62.35
603 37.59 16.10 52.13 16.76 54.24
604 37.71 10.49 41.44 12.46 31.78
605 37.53 47.08 87.00 33.67 133.86
606 37.66 81.77 125.39 33.02 22.85
607 37.68 21.22 70.91 20.23 72.72
608 37.66 30.24 83.16 28.78 110.42
609 37.69 50.69 95.32 35.23 127.00
610 37.64 59.18 109.89 39.36 104.93
611 37.95 54.39 93.49 38.14 107.26
612 38.07 18.85 61.26 18.46 49.16
613 38.24 32.39 81.37 30.32 95.37
614 38.13 61.12 122.03 42.86 75.15
615 38.19 71.94 137.49 46.74 36.54
616 38.24 48.65 92.94 35.62 118.85
617 38.16 74.55 141.17 45.94 31.24
618 38.28 79.18 131.78 38.53 22.32
619 38.28 28.51 83.95 27.78 98.23
620 38.25 43.58 90.24 34.58 119.64
621 38.23 65.44 125.87 42.81 59.16
622 38.32 69.52 137.07 46.12 42.22
623 38.40 13.46 55.86 14.40 33.08
624 38.34 45.81 93.58 35.94 120.88
625 38.38 88.37 83.14 29.84 7.65
626 38.41 34.55 91.87 34.35 100.69
627 38.42 25.67 78.20 26.88 90.67
628 38.35 36.64 89.71 32.80 103.35
629 38.50 41.46 92.32 34.32 108.70
630 38.32 57.18 129.05 39.07 95.23
631 38.41 63.20 122.42 43.67 66.58
632 38.63 8.27 39.94 11.40 15.37
633 38.63 51.94 108.51 38.67 94.08
634 38.63 22.92 74.64 25.13 62.80
635 38.60 84.04 122.32 39.55 12.63
636 38.71 39.29 99.33 34.03 102.49
637 38.83 76.82 148.26 49.63 22.80
638 38.74 55.52 119.22 40.27 81.46
639 38.89 67.42 151.01 50.77 36.25
640 38.82 59.00 132.30 42.81 67.72
641 38.77 16.21 62.25 16.08 27.62
642 38.93 30.95 86.65 31.83 75.56
643 39.06 53.71 113.60 41.78 69.56
644 39.02 10.30 50.16 14.00 19.84
645 39.09 17.63 65.18 21.30 34.11
646 39.29 86.45 103.18 42.82 9.78
647 39.26 20.34 69.16 24.01 38.99
648 39.21 47.35 107.74 40.62 77.60
649 39.27 81.07 129.71 46.16 13.89
650 39.24 37.27 104.20 35.09 79.23
651 39.33 45.05 101.20 40.61 83.43
652 39.34 27.04 79.95 29.60 62.09
653 39.30 61.62 151.22 47.60 51.20
654 39.40 73.85 152.25 55.38 19.87
655 39.49 90.94 46.09 29.98 4.52
656 39.46 33.58 105.03 34.27 61.56
657 39.39 43.05 98.18 38.07 88.91
658 39.42 71.13 147.44 59.45 25.75
659 39.52 29.31 89.56 33.67 55.96
660 39.58 24.51 89.23 28.66 51.05
661 39.52 63.86 153.05 53.81 41.14
662 39.85 11.97 63.71 16.98 17.50
663 39.64 56.39 148.80 47.53 52.27
664 39.73 65.90 158.39 57.15 32.63
665 39.76 15.17 71.73 19.45 22.99
666 39.74 40.95 121.00 40.44 67.67
667 39.97 35.96 117.31 37.53 55.97
668 39.89 50.53 142.28 47.46 56.42
669 39.90 52.43 133.77 47.63 57.35
670 39.89 58.16 156.72 52.85 46.57
671 39.99 69.02 147.73 61.39 22.23
672 40.06 8.38 54.26 15.06 12.44
673 39.95 60.03 165.92 57.64 44.08
674 39.94 83.64 115.80 50.70 10.56
675 39.95 38.82 114.31 38.49 61.73
676 40.01 76.34 150.23 61.85 16.58
677 40.11 88.76 76.29 47.83 7.52
678 40.19 79.22 125.37 60.05 12.85
679 40.10 22.21 90.56 29.06 29.94
680 40.03 31.47 105.13 37.09 42.79
681 40.11 48.59 132.50 47.23 46.38
682 40.23 54.44 145.04 49.89 43.53
683 40.28 18.61 87.43 25.64 21.10
684 40.41 46.58 133.92 46.17 46.00
685 40.56 44.63 120.16 47.39 47.98
686 40.46 28.32 113.18 37.45 31.20
687 40.59 26.03 107.76 34.32 32.59
688 40.56 42.67 125.44 48.42 47.49
689 40.54 62.68 169.42 62.68 30.43
690 40.66 73.71 139.50 71.18 15.85
691 40.65 34.21 129.83 43.63 33.97
692 40.70 71.28 146.01 78.55 17.14
693 40.75 67.12 154.07 73.83 24.03
694 40.91 85.82 86.00 59.75 8.07
695 40.85 64.86 163.64 71.24 25.02
696 40.91 56.40 160.72 61.41 32.52
697 40.95 92.16 30.33 34.77 3.46
698 40.96 14.99 83.04 23.08 13.40
699 40.97 40.54 141.39 49.09 35.79
700 41.02 82.28 93.70 71.90 9.80
701 41.07 23.73 103.93 38.01 22.88
702 41.03 38.31 138.89 47.64 33.66
703 40.94 51.96 160.92 61.53 36.72
704 41.12 32.27 128.64 42.29 25.48
705 41.03 58.54 175.58 68.87 29.60
706 41.09 60.67 165.53 69.55 27.00
707 41.16 30.10 115.25 43.59 26.41
708 41.08 10.82 73.56 19.78 8.10
709 41.14 21.01 100.90 33.72 18.94
710 41.13 50.02 163.76 61.71 30.67
711 41.16 76.66 118.96 79.75 13.60
712 41.29 36.28 135.69 48.36 27.77
713 41.36 12.46 77.14 23.36 9.41
714 41.36 48.02 153.94 58.80 29.22
715 41.32 54.37 171.44 64.29 28.69
716 41.42 69.28 135.25 85.13 17.00
717 41.51 17.81 89.88 30.66 13.41
718 41.55 79.38 105.24 77.15 11.82
719 41.48 88.59 62.10 63.47 6.68
720 41.70 8.98 69.70 22.99 6.97
721 41.61 27.41 130.10 46.57 20.34
722 41.78 44.36 150.38 63.16 25.61
723 41.84 42.40 144.15 58.17 27.37
724 41.80 62.56 150.24 85.04 21.09
725 41.90 46.32 158.55 65.49 28.45
726 41.89 74.27 115.93 98.15 13.59
727 41.97 67.00 142.38 94.39 17.06
728 42.01 34.06 145.09 59.00 19.15
729 41.98 71.81 126.47 98.62 14.32
730 42.10 25.07 117.71 51.55 16.27
731 41.95 52.54 167.96 71.54 22.67
732 41.98 57.13 166.76 76.92 24.61
733 41.97 64.72 151.51 95.84 19.37
734 41.92 93.50 15.37 31.32 1.68
735 42.14 40.48 155.33 65.54 21.62
736 42.21 20.13 101.25 41.28 12.73
737 42.13 59.24 162.21 85.30 20.66
738 42.16 38.24 153.38 63.77 20.30
739 42.22 49.66 169.66 71.14 22.19
740 42.33 84.59 77.58 92.11 9.54
741 42.26 15.01 88.22 32.68 10.50
742 42.39 22.72 108.15 51.58 12.82
743 42.44 6.56 52.48 22.72 3.78
744 42.36 29.33 134.52 56.84 16.65
745 42.42 31.86 134.78 57.83 17.06
746 42.47 76.65 92.18 108.04 11.61
747 42.42 81.58 84.32 92.47 10.27
748 42.36 54.92 161.93 80.39 19.72
749 42.50 90.52 41.88 63.13 5.06
750 42.52 36.20 149.91 64.46 16.93
751 42.47 61.06 154.60 94.93 19.23
752 42.61 11.89 79.26 31.95 7.18
753 42.66 69.21 117.14 113.49 14.76
754 42.63 88.16 53.84 79.50 6.25
755 42.92 17.85 91.73 45.15 9.37
756 42.85 26.95 123.26 63.33 14.61
757 42.94 47.29 163.95 85.98 17.71
758 42.93 51.36 158.88 90.20 19.75
759 43.03 79.16 82.98 109.52 11.05
760 42.97 45.06 154.68 83.51 18.11
761 43.02 42.64 149.21 87.82 19.51
762 43.04 63.01 139.79 109.14 17.60
763 43.04 93.16 20.12 42.89 3.08
764 43.09 53.34 154.68 96.02 17.00
765 43.14 56.50 161.36 92.49 15.62
766 43.12 65.25 121.64 119.70 15.96
767 43.21 9.21 66.46 33.12 4.91
768 43.15 39.92 146.19 82.79 17.68
769 43.14 58.61 150.37 103.85 17.89
770 43.26 71.40 98.91 125.40 13.60
771 43.17 73.98 91.82 130.21 13.08
772 43.07 86.80 55.67 82.14 7.44
773 43.28 34.76 130.55 81.66 16.15
774 43.33 67.36 109.67 121.00 14.37
775 43.30 49.26 157.08 95.62 16.40
776 43.24 95.23 10.00 25.06 1.49
777 43.45 21.28 95.33 62.41 10.25
778 43.39 30.44 124.32 74.47 14.47
779 43.46 37.75 136.93 90.86 17.07
780 43.60 23.92 104.19 69.96 11.41
781 43.56 14.48 75.51 43.58 7.11
782 43.51 60.66 142.83 118.85 16.81
783 43.60 83.02 66.74 105.69 9.26
784 43.71 32.61 112.25 88.54 13.20
785 43.75 5.65 37.49 30.35 2.66
786 43.84 26.10 105.95 77.92 12.11
787 43.84 28.54 108.67 84.50 12.48
788 43.84 76.74 76.79 132.69 12.94
789 43.81 89.09 44.73 84.61 6.51
790 43.86 54.92 140.40 121.02 15.62
791 44.00 18.95 78.55 62.24 8.08
792 44.06 44.15 128.53 117.24 16.35
793 44.02 69.35 89.82 142.35 14.70
794 44.14 46.18 127.41 114.39 15.61
795 44.19 86.03 57.17 98.22 7.08
796 44.10 41.88 124.92 121.27 14.63
797 44.07 50.82 132.94 122.66 16.00
798 44.23 92.02 33.17 64.54 4.25
799 44.17 53.03 131.60 130.20 16.13
800 44.11 57.61 135.24 129.33 16.53
801 44.26 11.07 59.52 49.31 5.27
802 44.15 64.50 113.88 150.55 15.55
803 44.23 79.98 72.49 123.81 9.46
804 44.30 39.79 126.71 116.29 14.00
805 44.26 48.39 126.31 124.62 15.40
806 44.23 62.41 117.60 151.42 15.85
807 44.42 8.17 43.99 45.83 4.00
808 44.48 36.76 104.92 116.10 13.34
809 44.39 74.33 78.49 148.00 12.17
810 44.41 34.62 94.79 110.44 13.00
811 44.50 94.90 13.25 33.04 1.62
812 44.54 16.62 67.31 63.96 7.36
813 44.43 59.76 121.12 142.36 15.71
814 44.44 66.52 98.89 150.60 14.81
815 44.52 71.43 90.47 152.27 13.45
816 44.56 30.81 104.70 118.67 11.88
817 44.65 22.38 80.41 85.46 9.53
818 44.80 56.18 119.73 148.12 15.66
819 45.01 13.62 52.37 61.50 5.60
820 44.87 27.65 86.06 109.92 10.13
821 44.86 82.51 69.19 119.95 9.81
822 44.98 25.21 80.18 101.85 10.15
823 44.98 77.47 76.34 142.76 12.00
824 45.12 5.73 23.87 41.62 3.17
825 45.16 32.92 83.15 128.90 10.98
826 45.10 52.00 99.10 152.24 14.80
827 45.14 38.68 91.44 136.08 12.96
828 45.10 43.27 98.73 142.07 13.45
829 45.05 68.45 89.12 160.41 13.64
830 45.19 50.05 91.78 150.36 14.46
831 45.23 54.26 100.05 159.27 14.95
832 45.20 19.54 64.43 85.77 7.75
833 45.23 45.58 92.78 147.16 14.05
834 45.18 64.06 91.51 161.36 14.91
835 45.30 90.93 48.80 82.31 5.43
836 45.25 47.85 98.10 147.60 14.02
837 45.26 61.85 100.04 161.09 14.04
838 45.32 58.14 104.44 165.29 14.54
839 45.38 88.28 57.38 107.62 7.19
840 45.51 41.17 88.55 149.75 12.91
841 45.34 73.04 78.52 152.14 12.30
842 45.49 29.64 72.69 133.66 11.29
843 45.52 35.25 74.17 140.55 11.84
844 45.53 85.22 68.41 113.86 8.02
845 45.52 60.00 98.37 165.44 13.95
846 45.59 66.09 91.43 161.71 13.45
847 45.67 79.70 82.43 139.38 11.16
848 45.72 75.50 89.71 158.97 12.49
849 45.65 94.91 20.90 36.44 1.71
850 45.84 11.09 40.70 66.17 4.52
851 45.80 8.26 33.33 61.22 4.52
852 45.75 16.56 52.39 78.85 6.72
853 45.80 22.11 60.96 99.93 7.82
854 45.83 70.91 90.91 170.94 14.03
855 45.81 56.30 94.09 173.84 15.00
856 45.99 37.07 73.64 150.89 12.07
857 46.02 24.58 60.88 124.83 9.97
858 46.02 27.24 62.69 128.45 10.28
859 46.07 31.82 73.02 155.72 11.33
860 46.19 93.05 39.51 60.34 3.71
861 46.04 68.62 85.10 176.38 13.04
862 46.15 82.23 84.61 127.91 9.21
863 46.11 43.37 85.47 164.88 13.20
864 46.20 49.58 88.23 176.25 14.00
865 46.14 52.29 83.00 173.13 14.66
866 46.18 63.01 94.27 177.22 13.38
867 46.24 39.40 81.50 157.85 12.48
868 46.30 47.47 84.22 171.14 13.92
869 46.36 45.45 82.76 170.57 12.35
870 46.38 19.25 51.63 99.12 7.59
871 46.37 54.50 89.12 183.63 14.04
872 46.43 33.82 72.56 164.92 10.92
873 46.51 5.00 20.51 50.15 2.78
874 46.49 14.05 43.32 84.55 5.88
875 46.43 58.89 97.75 181.31 13.85
876 46.48 61.06 89.88 178.35 15.31
877 46.43 73.36 87.92 166.64 11.97
878 46.57 77.36 102.83 155.72 10.87
879 46.60 30.19 67.94 155.35 11.14
880 46.66 64.69 89.94 172.92 13.31
881 46.66 66.74 91.70 172.98 12.22
882 46.74 87.93 70.45 101.72 6.59
883 46.85 90.70 68.87 85.31 5.62
884 46.78 41.59 80.13 170.48 11.65
885 46.77 84.95 83.69 119.98 8.05
886 46.78 56.79 91.21 184.62 12.70
887 47.02 7.54 27.58 68.73 4.16
888 46.90 21.76 52.42 117.64 7.91
889 47.03 16.69 44.86 100.88 6.18
890 46.90 70.22 94.48 176.64 13.14
891 47.01 79.70 111.97 140.39 10.44
892 46.98 51.01 85.55 187.38 13.60
893 47.13 26.24 62.92 147.73 9.50
894 47.10 28.38 63.33 146.36 9.08
895 47.10 35.43 70.37 167.82 11.85
896 47.03 37.52 74.85 171.94 12.02
897 47.18 24.14 58.82 136.43 9.08
898 47.20 10.69 29.99 78.59 4.88
899 47.23 53.18 92.00 193.44 12.53
900 47.28 75.07 112.00 163.83 11.36
901 47.28 43.78 89.28 179.35 12.63
902 47.33 48.94 92.02 186.36 13.09
903 47.47 93.92 37.39 54.31 2.70
904 47.32 68.34 104.08 187.94 13.58
905 47.40 39.44 83.26 182.28 12.62
906 47.36 62.71 98.73 183.34 12.73
907 47.41 72.13 114.81 178.66 12.00
908 47.34 46.51 85.42 181.38 14.26
909 47.45 55.19 101.38 196.83 14.10
910 47.60 82.49 107.08 131.23 9.24
911 47.64 31.21 78.83 160.68 11.11
912 47.56 33.20 82.62 170.11 11.00
913 47.52 58.47 97.08 186.51 13.43
914 47.49 60.40 100.50 191.86 13.31
915 47.64 19.24 52.82 121.97 7.30
916 47.76 13.49 41.41 95.86 5.25
917 47.71 65.19 113.74 184.11 13.58
918 47.96 5.58 24.53 61.42 2.93
919 47.91 77.17 132.32 164.85 11.54
920 47.89 41.36 98.50 185.71 12.54
921 48.00 51.59 110.00 199.46 13.72
922 48.11 88.88 91.05 106.28 6.19
923 48.04 21.81 59.21 130.56 7.70
924 48.07 56.82 108.42 192.47 12.36
925 48.04 85.58 86.79 111.06 7.38
926 48.19 28.98 85.28 159.07 10.48
927 48.20 91.49 68.78 83.32 4.91
928 48.21 35.41 97.38 179.17 10.89
929 48.16 37.58 99.06 184.61 11.45
930 48.16 45.21 107.93 191.04 12.58
931 48.21 67.24 119.52 191.94 13.24
932 48.20 80.22 119.38 147.77 10.18
933 48.21 16.15 47.18 105.17 5.91
934 48.25 47.94 112.98 194.84 13.40
935 48.23 26.56 73.09 153.05 9.29
936 48.29 69.44 122.55 185.98 12.08
937 48.30 53.77 125.04 196.29 13.44
938 48.32 73.89 124.30 169.48 11.56
939 48.41 24.14 79.02 154.35 8.29
940 48.43 43.34 113.53 193.94 11.94
941 48.40 61.33 126.12 193.00 12.94
942 48.50 8.64 34.29 84.57 4.78
943 48.51 49.91 129.26 205.23 14.49
944 48.46 71.45 139.09 181.98 12.41
945 48.48 63.40 135.13 191.28 13.45
946 48.84 11.22 37.54 92.20 4.62
947 48.67 39.56 103.80 188.13 11.13
948 48.62 59.24 133.86 198.98 13.39
949 48.74 33.52 100.69 179.86 11.33
950 48.75 18.91 57.52 125.58 6.98
951 48.86 30.80 109.83 177.58 10.67
952 48.86 55.44 139.33 204.82 14.18
953 48.80 65.64 141.63 191.39 13.30
954 48.95 3.63 25.62 45.01 2.18
955 48.90 46.62 128.72 203.38 13.82
956 48.88 78.30 121.70 158.43 10.20
957 49.00 83.55 98.94 123.61 9.25
958 49.04 41.60 124.72 192.28 12.38
959 49.11 75.82 124.03 170.55 11.48
960 49.15 14.08 56.60 104.14 5.57
961 49.05 52.07 141.64 202.18 13.80
962 49.09 57.47 139.10 203.62 13.76
963 49.16 36.49 116.10 188.35 12.25
964 49.15 21.55 85.73 142.41 7.67
965 49.32 87.47 75.82 112.35 6.69
966 49.23 92.94 34.26 62.99 4.12
967 49.25 68.22 135.14 190.71 13.87
968 49.46 6.24 41.74 73.04 3.69
969 49.30 26.64 89.42 160.77 8.86
970 49.46 45.14 146.38 199.79 13.69
971 49.40 29.00 103.96 171.11 9.53
972 49.45 80.76 99.81 142.01 9.59
973 49.42 73.03 127.48 178.98 11.77
974 49.51 16.79 64.13 122.18 6.37
975 49.43 61.99 149.68 203.45 12.49
976 49.50 48.22 153.28 197.72 13.15
977 49.53 64.28 160.33 198.82 12.87
978 49.59 70.58 126.75 183.82 12.87
979 49.57 90.37 58.24 92.51 5.71
980 49.61 1.79 15.43 28.29 1.20
981 49.62 24.10 88.82 154.89 9.03
982 49.58 32.30 126.13 184.22 10.91
983 49.64 38.51 123.35 183.39 11.69
984 49.56 54.00 155.05 206.05 14.12
985 49.62 50.36 149.98 202.20 13.40
986 49.63 60.02 148.35 206.12 13.42
987 49.67 43.22 153.12 197.92 13.18
988 49.87 95.09 17.99 40.03 1.69
989 49.92 34.39 113.66 188.16 10.87
990 49.87 66.44 144.80 193.00 12.98
991 50.03 19.15 74.51 130.29 7.14
992 50.07 9.19 45.68 88.39 4.72
993 50.11 40.54 131.25 194.46 12.20
994 49.95 56.02 147.79 210.53 14.04
995 49.94 78.11 114.25 162.13 10.92
996 50.16 85.26 73.02 125.95 8.09
997 50.10 57.96 138.85 208.07 14.68
998 50.24 12.72 56.45 96.01 4.77
999 50.19 52.62 154.04 205.96 13.55
1000 50.23 21.69 86.07 137.95 8.05
1001 50.28 36.45 126.69 189.20 12.05
1002 50.18 75.04 110.90 174.64 11.33
1003 50.28 4.22 31.40 52.01 2.63
1004 50.39 30.65 121.86 179.43 10.50
1005 50.26 62.99 142.91 204.36 12.94
1006 50.30 68.74 140.56 195.40 12.42
1007 50.36 82.58 75.12 136.38 8.68
1008 50.40 25.97 94.22 157.68 8.62
1009 50.42 46.54 141.12 202.64 13.14
1010 50.53 28.41 104.64 170.20 10.61
1011 50.49 48.69 148.98 201.52 12.89
1012 50.49 72.54 108.88 190.42 12.46
1013 50.56 92.80 27.14 71.75 4.44
1014 50.65 15.85 57.66 116.03 6.00
1015 50.65 42.26 131.58 199.91 12.09
1016 50.60 50.82 147.25 210.02 12.78
1017 50.64 64.92 128.40 203.58 12.31
1018 50.70 32.67 119.02 186.89 10.91
1019 50.67 44.57 130.10 199.68 13.52
1020 50.70 54.67 146.51 208.89 14.55
1021 50.69 59.44 133.75 203.61 13.78
1022 50.76 38.73 119.45 192.92 12.39
1023 50.73 61.31 131.53 213.28 13.57
1024 50.92 87.57 47.79 114.15 6.99
1025 50.76 90.15 42.90 93.87 6.06
1026 50.92 80.14 70.23 146.56 9.47
1027 50.91 70.50 100.36 195.40 12.66
1028 50.90 77.35 86.98 162.03 10.72
1029 51.12 6.54 37.04 75.57 3.69
1030 51.00 23.53 88.47 151.27 8.01
1031 50.91 66.94 127.32 198.39 12.34
1032 51.11 57.55 134.51 211.47 14.02
1033 51.26 34.73 101.16 189.52 11.14
1034 51.22 10.91 44.36 97.58 4.82
1035 51.18 18.52 62.57 129.21 7.10
1036 51.21 74.54 86.41 178.07 11.09
1037 51.28 63.34 118.44 204.89 13.74
1038 51.42 21.06 70.08 146.98 7.05
1039 51.32 36.89 108.71 194.42 11.33
1040 51.33 52.27 134.02 205.98 13.38
1041 51.42 40.88 103.48 194.54 11.80
1042 51.35 47.63 115.73 201.60 13.13
1043 51.40 27.04 75.34 163.34 9.66
1044 51.62 14.14 47.35 114.86 5.25
1045 51.56 43.30 108.49 203.38 13.13
1046 51.54 49.86 121.06 203.16 12.82
1047 51.60 55.84 121.00 214.75 13.91
1048 51.55 68.51 98.24 194.31 12.82
1049 51.52 83.27 60.68 132.86 8.49
1050 51.59 30.02 83.91 174.37 10.25
1051 51.80 45.17 101.32 200.06 12.90
1052 51.72 53.99 122.26 212.24 13.00
1053 51.74 65.75 108.51 201.74 13.43
1054 51.69 72.43 70.98 180.29 11.80
1055 51.78 32.70 81.77 178.91 10.43
1056 51.73 59.57 99.93 208.24 13.67
1057 51.85 91.30 32.59 91.50 5.24
1058 51.91 93.92 18.65 60.48 3.13
1059 51.91 25.04 68.82 151.59 8.95
1060 51.83 61.55 100.07 209.73 13.18
1061 52.06 8.66 33.66 92.80 4.67
1062 51.87 38.87 89.71 193.29 11.71
1063 51.93 76.48 72.91 171.91 11.13
1064 52.06 86.19 46.47 122.58 7.41
1065 52.19 17.38 49.81 124.00 6.42
1066 52.11 70.26 76.04 189.24 12.37
1067 52.16 78.77 63.03 153.00 10.54
1068 52.21 57.59 105.65 207.12 12.74
1069 52.34 27.88 57.85 165.82 8.62
1070 52.24 47.02 93.68 202.12 12.56
1071 52.23 63.58 84.53 202.74 13.21
1072 52.39 81.26 55.95 141.83 9.03
1073 52.47 88.96 38.85 101.09 6.10
1074 52.45 22.88 54.91 148.03 7.80
1075 52.32 36.69 76.57 195.04 11.11
1076 52.31 51.20 95.02 201.63 13.33
1077 52.49 11.75 30.64 93.67 4.35
1078 52.54 34.72 74.50 186.13 11.57
1079 52.52 42.40 78.73 195.59 11.86
1080 52.51 74.70 72.19 176.04 11.20
1081 52.55 20.16 49.14 134.37 7.43
1082 52.54 49.08 90.34 196.08 12.77
1083 52.48 67.66 79.08 194.38 12.75
1084 52.53 31.22 69.02 186.49 10.40
1085 52.62 40.51 79.69 195.33 12.52
1086 52.62 52.95 87.95 208.76 12.74
1087 52.93 6.48 20.43 71.20 3.30
1088 52.75 54.77 87.07 210.17 14.12
1089 52.83 15.07 38.80 113.26 5.15
1090 52.74 59.49 81.98 205.74 13.26
1091 52.70 72.53 70.27 189.20 12.11
1092 52.79 65.33 78.19 198.32 13.47
1093 52.86 84.10 48.00 123.06 8.21
1094 52.82 61.61 83.76 204.95 14.29
1095 52.94 44.17 79.85 196.36 11.36
1096 52.99 38.42 68.63 194.51 11.20
1097 53.06 25.44 51.89 152.52 9.02
1098 53.06 56.37 80.78 212.63 14.24
1099 53.12 29.33 55.65 167.85 9.33
1100 53.05 46.03 78.51 201.84 11.81
1101 53.17 33.11 63.89 180.58 10.47
1102 53.05 94.94 13.18 43.42 1.90
1103 53.15 70.74 67.25 186.89 11.55
1104 53.20 91.60 27.81 80.27 5.40
1105 53.26 76.67 66.67 163.36 10.59
1106 53.28 63.38 77.98 205.76 13.00
1107 53.30 87.06 45.54 111.47 7.09
1108 53.45 9.58 26.10 88.26 4.25
1109 53.36 79.85 55.01 143.07 9.64
1110 53.44 48.01 76.15 200.21 13.02
1111 53.36 51.39 78.48 203.33 13.65
1112 53.48 68.60 77.29 195.00 12.08
1113 53.50 17.73 36.45 122.23 6.68
1114 53.44 36.41 69.22 190.67 11.08
1115 53.43 58.16 75.42 203.13 12.50
1116 53.63 22.90 47.94 144.96 7.77
1117 53.62 66.73 74.39 191.78 12.57
1118 53.65 12.94 29.75 101.80 5.64
1119 53.70 27.20 51.40 158.19 8.43
1120 53.61 73.72 71.88 179.32 11.20
1121 53.68 20.28 43.31 134.51 6.94
1122 53.74 41.71 71.53 186.82 11.02
1123 53.68 53.63 73.32 199.74 12.75
1124 53.70 60.63 74.61 195.35 12.87
1125 53.80 31.18 56.32 172.96 9.49
1126 53.76 39.69 66.12 189.91 12.26
1127 53.86 49.76 75.80 203.09 12.98
1128 53.86 82.70 53.73 129.22 8.55
1129 54.01 43.68 79.02 197.31 11.96
1130 53.98 64.79 77.62 190.86 12.40
1131 54.06 94.04 19.15 50.18 2.91
1132 54.09 45.84 78.10 196.58 13.18
1133 54.08 56.64 77.20 201.62 12.87
1134 54.13 78.40 70.08 150.08 10.62
1135 54.23 35.38 73.90 181.90 10.92
1136 54.15 70.16 77.94 180.26 11.68
1137 54.31 15.83 34.66 104.44 5.89
1138 54.25 62.45 90.21 197.46 13.88
1139 54.30 85.60 55.99 111.76 7.38
1140 54.31 29.08 55.89 167.16 9.93
1141 54.41 7.11 19.72 71.94 3.63
1142 54.37 24.75 55.56 150.32 7.92
1143 54.30 33.27 72.75 173.51 10.85
1144 54.34 88.85 51.49 102.85 6.05
1145 54.41 37.67 82.48 185.70 10.92
1146 54.36 58.99 86.28 200.50 12.24
1147 54.39 72.12 81.80 179.18 11.24
1148 54.39 75.11 82.78 168.04 11.51
1149 54.46 51.42 86.68 202.02 13.81
1150 54.60 91.23 43.38 80.38 4.89
1151 54.64 10.30 27.98 84.32 4.14
1152 54.51 47.88 86.45 191.48 11.72
1153 54.62 21.29 48.75 127.16 7.49
1154 54.68 53.87 87.65 199.86 13.39
1155 54.69 66.75 92.46 188.58 13.26
1156 54.75 81.03 75.55 133.46 9.58
1157 54.97 18.31 38.20 111.44 6.32
1158 54.78 39.75 80.90 183.08 11.38
1159 54.95 13.43 32.89 91.97 5.05
1160 54.89 26.78 61.52 154.41 8.86
1161 54.90 68.80 101.98 181.98 11.67
1162 54.87 77.07 94.04 160.22 10.59
1163 54.92 41.83 100.63 183.31 11.14
1164 55.01 31.19 72.32 166.92 9.47
1165 54.96 60.57 100.76 197.13 12.61
1166 55.08 44.02 94.76 184.80 12.02
1167 55.13 49.29 100.10 194.47 12.02
1168 55.03 64.52 111.44 191.00 12.53
1169 55.11 46.20 85.38 192.24 12.45
1170 55.13 93.74 29.44 52.37 3.20
1171 55.21 57.76 107.83 194.64 13.81
1172 55.24 73.53 108.32 169.60 11.40
1173 55.25 84.08 79.65 121.88 9.08
1174 55.32 34.23 95.70 164.41 10.41
1175 55.37 36.14 96.44 173.88 10.20
1176 55.31 52.43 107.55 194.30 12.78
1177 55.27 62.57 114.91 189.43 12.16
1178 55.37 23.16 63.31 136.65 7.09
1179 55.50 29.12 72.71 156.03 10.26
1180 55.45 71.13 106.63 169.78 11.30
1181 55.59 5.21 19.69 46.33 2.77
1182 55.52 88.11 69.54 98.48 6.67
1183 55.63 38.01 97.55 177.19 10.34
1184 55.62 78.66 108.07 136.48 9.66
1185 55.74 15.75 44.19 96.12 5.48
1186 55.72 8.15 27.59 72.34 3.86
1187 55.69 20.39 54.66 116.41 6.81
1188 55.80 25.26 79.80 136.51 8.06
1189 55.73 50.68 121.44 192.90 12.66
1190 55.73 55.20 114.70 191.59 13.09
1191 55.72 66.13 126.24 178.76 12.18
1192 55.75 75.82 118.64 152.94 10.11
1193 55.81 11.37 38.90 81.39 4.45
1194 55.91 32.57 92.56 157.04 10.35
1195 55.82 39.93 99.85 174.77 11.23
1196 55.87 59.76 127.61 189.47 13.31
1197 55.87 81.24 100.14 129.92 8.56
1198 55.92 91.31 55.44 78.49 5.08
1199 55.96 42.23 109.64 178.04 12.10
1200 55.94 47.57 107.80 182.02 12.18
1201 55.92 68.67 127.14 175.74 11.92
1202 55.94 45.24 108.63 187.44 11.91
1203 56.10 27.51 93.80 142.90 8.90
1204 56.16 53.44 124.70 183.23 12.58
1205 56.17 64.03 157.98 184.02 12.13
1206 56.18 57.34 141.98 189.82 12.22
1207 56.28 86.17 82.09 103.08 7.11
1208 56.22 61.87 141.95 182.40 13.47
1209 56.28 73.98 135.04 154.08 10.73
1210 56.45 30.63 95.84 147.14 9.95
1211 56.37 83.34 102.59 106.81 7.21
1212 56.48 70.50 145.44 170.04 12.40
1213 56.67 17.28 50.12 93.04 6.17
1214 56.57 23.22 84.89 118.36 7.74
1215 56.60 34.75 108.05 158.00 10.21
1216 56.55 36.59 123.64 172.20 10.24
1217 56.58 49.34 129.67 178.92 11.94
1218 56.65 44.03 112.91 172.72 10.63
1219 56.69 13.77 48.63 81.52 5.05
1220 56.61 51.61 145.12 183.93 13.09
1221 56.60 66.99 137.23 178.16 12.21
1222 56.73 76.82 148.84 141.55 9.90
1223 56.69 20.22 68.14 103.74 7.06
1224 56.70 79.26 128.98 120.03 9.03
1225 56.77 55.27 138.32 186.02 12.27
1226 56.94 89.37 86.47 87.67 5.87
1227 56.75 40.08 114.72 170.00 11.65
1228 56.87 72.33 144.04 156.88 11.49
1229 56.85 10.30 39.87 69.91 4.21
1230 56.92 26.13 84.78 127.03 7.98
1231 56.88 46.03 124.10 176.38 11.62
1232 56.87 58.76 155.40 176.00 11.26
1233 57.08 28.63 95.27 136.75 8.31
1234 57.09 60.84 162.57 174.02 12.94
1235 57.05 65.15 163.33 171.90 11.84
1236 57.07 32.79 101.10 143.55 9.14
1237 57.11 37.94 127.39 168.02 11.41
1238 57.06 42.36 122.40 164.40 10.52
1239 57.35 92.08 56.06 58.97 4.69
1240 57.26 47.77 129.18 168.13 11.84
1241 57.26 62.89 159.29 173.90 13.10
1242 57.27 68.54 143.86 161.63 11.84
1243 57.29 53.21 139.48 178.00 12.80
1244 57.39 74.46 158.50 144.00 10.92
1245 57.43 81.50 121.38 107.11 8.67
1246 57.32 84.31 115.59 93.77 7.01
1247 57.36 56.75 136.95 180.12 12.55
1248 57.59 86.98 88.96 87.02 6.92
1249 57.53 50.76 128.02 158.59 11.80
1250 57.65 30.84 93.90 126.29 9.12
1251 57.68 21.90 80.58 96.66 7.27
1252 57.66 24.54 86.19 104.54 6.76
1253 57.65 70.45 136.08 153.02 10.68
1254 57.70 18.94 61.50 88.69 6.11
1255 57.80 15.71 49.96 73.17 5.05
1256 57.83 12.74 55.42 74.65 5.29
1257 57.79 34.62 106.80 139.82 9.56
1258 57.79 39.35 114.18 147.15 10.82
1259 57.72 41.12 110.09 153.36 10.42
1260 57.92 43.72 117.48 145.93 10.70
1261 57.87 76.40 148.48 123.55 9.59
1262 57.93 78.87 140.82 109.90 8.96
1263 57.83 59.24 147.18 167.41 12.16
1264 58.00 66.81 142.97 152.81 11.03
1265 57.92 9.49 40.78 55.98 3.74
1266 57.90 45.93 112.43 147.85 11.17
1267 57.89 54.81 124.61 161.00 12.71
1268 57.98 72.58 138.64 138.72 10.96
1269 58.09 37.16 119.54 135.29 9.75
1270 58.07 48.87 111.28 144.23 10.91
1271 58.02 64.72 154.98 164.02 11.79
1272 58.26 26.57 71.69 106.52 7.56
1273 58.17 28.81 77.85 114.62 8.49
1274 58.27 57.38 138.77 157.20 12.73
1275 58.33 32.53 87.19 123.41 8.89
1276 58.32 61.04 149.88 157.46 12.18
1277 58.36 62.89 150.83 163.12 11.88
1278 58.40 89.46 74.45 68.47 6.14
1279 58.51 68.95 121.82 131.31 10.86
1280 58.46 84.32 104.63 82.74 7.11
1281 58.61 50.73 106.38 140.88 12.33
1282 58.67 35.58 95.35 121.19 9.12
1283 58.64 41.50 94.28 125.33 9.74
1284 58.70 21.10 60.49 76.49 6.24
1285 58.74 81.13 115.13 93.91 8.20
1286 58.79 17.72 54.82 67.78 5.43
1287 58.71 24.01 62.54 88.47 6.63
1288 58.77 47.05 96.40 119.47 10.09
1289 58.77 55.70 122.66 139.34 11.10
1290 58.80 71.34 122.46 129.72 10.80
1291 58.80 74.33 136.76 118.64 9.62
1292 58.86 44.83 105.19 124.73 10.19
1293 58.91 39.03 92.28 115.09 10.79
1294 58.98 11.41 38.99 51.86 4.09
1295 59.01 14.76 43.70 54.81 4.68
1296 59.01 30.66 69.98 96.95 7.83
1297 58.93 59.11 135.14 146.65 11.08
1298 58.91 77.00 128.00 108.95 10.44
1299 59.09 8.29 28.67 42.53 3.56
1300 59.11 53.82 106.81 125.23 11.30
1301 59.07 65.03 130.10 139.40 11.74
1302 59.27 87.13 82.15 67.05 5.75
1303 59.21 33.88 70.02 99.62 8.96
1304 59.15 48.93 95.29 115.36 11.05
1305 59.21 28.32 58.52 93.33 7.67
1306 59.22 67.41 116.65 134.69 10.81
1307 59.33 42.78 89.96 105.56 9.78
1308 59.34 62.48 130.52 127.31 12.15
1309 59.39 36.83 76.00 101.23 9.81
1310 59.43 52.03 103.78 119.98 11.50
1311 59.49 25.96 59.18 81.98 7.13
1312 59.48 57.25 116.17 128.20 11.10
1313 59.60 79.03 117.75 86.41 8.81
1314 59.63 19.53 44.43 60.89 5.86
1315 59.64 70.04 101.38 114.89 9.61
1316 59.62 84.05 99.29 70.16 6.23
1317 59.68 40.63 82.29 98.65 8.96
1318 59.63 60.58 121.61 129.17 10.29
1319 59.63 90.88 54.08 48.57 4.39
1320 59.67 23.19 57.32 68.74 6.15
1321 59.73 72.74 105.21 113.89 10.30
1322 59.77 46.65 92.42 96.98 10.47
1323 59.75 75.25 109.61 98.51 8.31
1324 59.92 32.08 67.46 84.04 7.86
1325 59.85 55.45 97.69 111.53 11.08
1326 59.84 44.60 94.13 98.51 9.87
1327 59.89 50.53 97.02 105.44 10.90
1328 60.00 13.25 36.66 43.31 4.16
1329 60.13 16.91 46.58 52.35 5.01
1330 60.09 81.79 104.03 75.81 8.03
1331 60.02 38.51 75.19 89.35 10.04
1332 60.11 58.78 107.86 118.98 11.23
1333 60.15 64.00 110.69 114.23 11.15
1334 60.19 10.24 30.34 36.30 3.53
1335 60.17 66.18 100.29 113.72 10.73
1336 60.23 30.12 59.61 67.53 8.41
1337 60.15 48.46 93.18 84.52 10.16
1338 60.31 21.41 53.36 55.97 5.71
1339 60.21 27.96 50.65 65.60 8.42
1340 60.22 34.07 67.71 83.76 8.37
1341 60.26 68.30 95.41 112.02 10.61
1342 60.33 53.41 96.54 103.80 10.90
1343 60.40 77.09 96.86 87.51 8.86
1344 60.43 35.91 73.63 78.63 8.37
1345 60.44 42.23 81.50 77.84 9.78
1346 60.54 24.85 51.98 52.62 6.83
1347 60.46 61.82 104.50 108.50 10.84
1348 60.47 88.42 69.17 50.49 4.99
1349 60.72 85.42 82.91 54.64 6.31
1350 60.73 71.83 94.11 92.75 10.11
1351 60.72 40.16 77.18 73.30 9.90
1352 60.78 74.46 92.59 89.03 9.38
1353 60.81 44.29 84.13 69.70 9.74
1354 60.84 46.31 85.54 72.88 10.21
1355 60.86 57.43 97.60 96.11 10.33
1356 60.80 79.90 89.91 66.94 7.26
1357 60.80 50.14 95.21 74.97 10.29
1358 60.85 59.87 90.36 101.51 10.76
1359 60.90 69.85 81.55 91.06 10.30
1360 60.90 91.42 41.12 40.61 4.52
1361 60.91 14.67 35.18 36.07 4.81
1362 60.94 52.04 101.07 85.51 11.34
1363 60.85 55.33 89.95 92.00 10.57
1364 61.04 19.49 45.94 37.83 5.72
1365 60.95 37.67 73.00 67.81 9.79
1366 61.02 26.80 57.67 51.95 7.56
1367 61.15 8.07 23.83 25.00 3.10
1368 61.05 31.70 63.39 53.37 8.20
1369 61.10 22.62 52.28 43.78 6.28
1370 61.09 65.24 87.20 96.20 9.98
1371 61.20 48.22 88.47 66.35 9.42
1372 61.27 33.83 70.52 56.72 9.30
1373 61.28 62.72 86.06 85.52 11.27
1374 61.26 67.59 88.43 83.76 9.74
1375 61.42 11.77 31.78 26.01 4.36
1376 61.30 29.06 65.13 51.00 7.58
1377 61.38 82.83 86.24 55.52 6.19
1378 61.33 9.56 25.82 26.03 3.71
1379 61.49 17.02 43.81 29.71 4.57
1380 61.50 35.73 81.03 56.44 9.56
1381 61.51 77.65 81.97 65.10 8.29
1382 61.60 43.03 87.72 57.15 10.78
1383 61.62 39.18 80.29 53.29 10.29
1384 61.66 41.13 83.21 57.55 11.02
1385 61.59 53.35 93.49 69.20 11.07
1386 61.72 88.14 62.55 43.08 5.23
1387 61.73 72.69 80.45 73.34 8.82
1388 61.87 24.70 60.97 34.41 6.96
1389 61.80 50.80 99.66 64.84 11.75
1390 61.66 55.78 88.69 75.03 12.36
1391 61.71 60.42 87.27 83.83 11.49
1392 61.81 75.03 82.15 62.13 8.21
1393 61.79 58.15 91.74 73.98 11.76
1394 61.95 30.76 70.57 44.75 8.79
1395 61.90 46.66 94.45 59.68 11.18
1396 61.83 69.32 89.79 76.58 9.24
1397 61.95 80.55 79.64 51.53 6.20
1398 62.05 14.36 39.80 22.64 4.26
1399 62.09 44.69 92.14 49.10 11.34
1400 61.98 64.42 86.29 69.90 9.52
1401 62.02 26.98 63.70 37.59 7.41
1402 62.20 37.48 90.90 49.06 10.02
1403 62.12 66.59 87.94 65.00 10.38
1404 62.19 85.25 68.99 40.61 5.82
1405 62.15 21.95 53.20 28.68 6.30
1406 62.09 90.99 31.89 33.80 4.40
1407 62.21 19.57 49.19 26.48 5.90
1408 62.14 48.85 97.83 52.26 11.11
1409 62.25 32.91 75.81 44.25 9.63
1410 62.33 62.48 92.60 70.86 11.44
1411 62.40 70.93 83.30 62.49 9.83
1412 62.22 7.66 20.00 16.73 3.67
1413 62.42 9.58 27.23 18.87 3.90
1414 62.45 54.42 101.92 57.27 11.12
1415 62.55 35.31 86.22 42.00 11.52
1416 62.65 28.54 73.57 35.13 9.40
1417 62.62 52.21 105.94 50.09 13.23
1418 62.56 56.68 97.34 59.64 11.32
1419 62.63 78.59 79.29 52.95 7.65
1420 62.71 16.85 44.58 21.88 5.57
1421 62.65 42.13 99.88 45.57 11.27
1422 62.71 76.38 77.11 53.68 8.47
1423 62.73 12.12 36.59 18.73 4.14
1424 62.64 39.73 93.59 43.98 11.59
1425 62.75 68.73 86.63 58.35 9.90
1426 62.71 60.86 91.24 58.11 12.89
1427 62.89 82.73 74.87 39.75 6.38
1428 62.92 46.15 109.51 43.55 13.30
1429 62.94 74.26 85.89 51.68 8.04
1430 62.87 50.29 112.22 46.55 15.18
1431 63.09 23.27 67.62 25.40 7.40
1432 63.06 30.55 87.25 33.52 10.43
1433 62.94 64.72 91.75 60.43 10.59
1434 63.04 87.98 49.99 31.40 5.04
1435 63.06 26.18 70.34 30.64 9.29
1436 63.12 48.09 114.48 43.07 13.46
1437 63.16 72.28 93.24 52.20 8.89
1438 63.24 33.52 93.96 36.57 10.96
1439 63.23 44.11 109.24 39.98 13.93
1440 63.21 66.81 89.35 56.78 11.59
1441 63.30 19.55 55.22 21.14 6.63
1442 63.44 58.50 120.04 50.33 13.11
1443 63.34 37.32 106.16 39.65 12.18
1444 63.58 14.10 40.69 15.99 5.55
1445 63.47 53.38 119.81 43.79 14.95
1446 63.37 55.30 117.97 52.09 14.32
1447 63.45 62.91 106.23 50.60 12.89
1448 63.44 80.19 77.74 39.99 7.33
1449 63.64 39.40 107.68 35.12 14.84
1450 63.71 85.28 62.78 30.62 5.81
1451 63.69 41.90 124.30 38.42 14.63
1452 63.80 70.72 97.80 47.73 10.43
1453 63.77 60.98 121.06 48.29 12.78
1454 63.83 35.29 103.47 31.88 13.71
1455 63.85 51.59 123.69 38.02 16.39
1456 63.83 27.96 93.86 26.97 10.75
1457 63.87 49.55 124.48 39.08 17.96
1458 63.83 76.60 79.64 42.77 8.01
1459 63.92 31.85 100.37 30.76 13.24
1460 63.89 56.92 124.61 46.14 15.66
1461 63.86 68.82 87.36 49.04 10.67
1462 63.99 16.64 51.33 17.56 7.43
1463 64.02 25.04 78.55 25.86 9.62
1464 63.97 46.30 112.10 35.00 16.14
1465 63.96 65.18 98.24 48.20 10.98
1466 64.06 73.66 93.45 41.85 8.79
1467 64.23 21.98 70.78 20.98 9.76
1468 64.21 43.92 121.88 35.35 17.05
1469 64.35 88.31 46.25 26.92 4.48
1470 64.67 11.64 41.04 12.46 5.98
1471 64.38 82.48 70.74 29.23 6.68
1472 64.43 29.84 98.11 25.61 13.32
1473 64.35 54.68 130.40 40.00 17.09
1474 64.34 67.09 94.26 43.50 11.46
1475 64.45 19.09 55.86 17.94 7.59
1476 64.50 37.03 113.57 31.80 20.78
1477 64.58 33.45 107.45 29.43 16.69
1478 64.48 59.31 130.08 43.53 17.89
1479 64.55 79.39 85.79 29.99 6.98
1480 64.76 8.87 33.34 10.35 4.16
1481 64.61 40.86 131.78 32.59 19.88
1482 64.55 63.48 129.11 44.40 13.26
1483 64.61 48.57 132.57 35.88 21.57
1484 64.77 52.83 131.36 35.69 21.09
1485 64.85 38.92 115.59 29.96 23.29
1486 64.76 71.59 102.30 41.02 9.75
1487 65.03 14.39 50.92 13.80 8.13
1488 64.92 46.91 120.85 31.74 23.13
1489 64.87 56.31 138.71 37.57 21.29
1490 64.95 61.51 133.57 40.07 16.26
1491 64.93 76.88 96.75 31.24 8.72
1492 64.99 27.30 97.59 23.55 17.43
1493 64.95 50.81 118.96 34.24 25.09
1494 64.95 69.38 101.32 40.98 11.79
1495 65.00 85.39 62.68 23.21 5.89
1496 65.02 44.83 115.26 30.87 24.41
1497 65.08 35.17 103.48 27.03 22.36
1498 65.04 74.37 103.91 35.47 9.16
1499 65.12 25.22 85.51 22.15 14.22
1500 65.21 31.60 103.76 25.40 22.55
1501 65.17 42.50 124.79 30.88 27.65
1502 65.20 65.26 122.90 40.06 14.69
1503 65.36 17.02 56.23 14.46 10.33
1504 65.40 22.80 80.99 18.27 14.18
1505 65.33 67.37 112.19 38.64 13.66
1506 65.45 20.24 62.73 16.69 13.10
1507 65.44 57.65 137.23 35.77 25.88
1508 65.62 29.41 100.41 23.76 25.39
1509 65.45 59.68 139.60 36.50 22.00
1510 65.57 54.78 138.02 34.50 30.33
1511 65.50 89.33 43.31 18.93 4.39
1512 65.57 82.07 86.99 22.77 7.19
1513 65.64 49.26 134.78 32.53 32.47
1514 65.85 72.85 124.83 30.74 12.19
1515 65.76 63.42 132.65 36.94 19.46
1516 65.78 78.92 100.49 26.08 9.01
1517 65.86 37.76 96.81 25.81 34.15
1518 65.86 70.70 111.93 32.80 13.78
1519 65.85 52.98 128.45 31.70 36.22
1520 65.88 10.61 35.71 10.76 7.00
1521 65.93 39.82 103.45 27.40 34.55
1522 65.91 46.28 123.60 28.84 35.18
1523 66.00 33.24 95.81 25.51 35.19
1524 66.09 86.64 66.63 19.02 6.32
1525 66.02 43.84 114.50 25.96 41.69
1526 65.99 75.94 114.05 27.55 11.43
1527 66.04 35.95 92.38 26.67 37.49
1528 66.12 51.27 123.61 29.89 39.45
1529 66.22 9.35 29.51 8.18 4.71
1530 66.19 41.64 106.30 27.93 42.95
1531 66.08 61.49 129.50 32.52 24.17
1532 66.14 68.61 116.60 32.23 16.88
1533 66.31 27.14 95.44 20.50 29.18
1534 66.19 66.08 129.13 35.87 18.59
1535 66.27 24.71 82.83 19.22 27.22
1536 66.35 56.32 134.62 31.29 37.42
1537 66.29 58.82 131.00 33.38 32.59
1538 66.50 15.71 51.17 11.40 16.21
1539 66.44 18.79 59.68 14.16 17.77
1540 66.52 31.25 95.68 23.12 42.62
1541 66.50 47.84 116.71 29.29 46.20
1542 66.51 83.77 82.09 20.39 7.91
1543 66.62 22.09 68.82 15.82 23.80
1544 66.69 80.63 93.77 20.22 9.89
1545 66.78 54.24 136.40 31.17 48.75
1546 66.82 64.66 136.98 33.29 26.58
1547 66.85 45.30 110.04 26.50 57.69
1548 66.83 49.95 119.39 28.91 58.93
1549 66.91 29.16 88.62 19.15 41.55
1550 66.78 34.61 83.30 23.25 54.75
1551 66.92 74.87 130.03 23.71 16.35
1552 66.91 38.85 88.06 24.64 62.49
1553 66.93 69.94 133.76 28.02 20.36
1554 66.93 77.62 107.60 22.19 12.72
1555 66.99 72.33 132.91 25.64 18.20
1556 66.97 60.31 124.75 28.52 37.43
1557 67.00 62.68 126.02 30.07 29.62
1558 67.02 43.01 104.82 27.15 64.88
1559 67.19 36.65 84.18 22.06 66.72
1560 67.10 52.21 117.68 29.57 52.75
1561 67.11 57.64 115.67 29.00 45.29
1562 67.08 67.26 127.26 28.69 24.43
1563 67.45 10.29 31.96 8.12 8.74
1564 67.21 40.95 97.98 24.87 67.78
1565 67.29 25.24 78.71 17.65 38.15
1566 67.34 87.72 62.65 15.89 6.14
1567 67.56 13.07 41.40 9.13 15.76
1568 67.52 19.91 65.15 14.06 31.51
1569 67.55 31.99 89.51 20.34 67.61
1570 67.48 16.17 52.96 11.02 21.91
1571 67.50 48.63 107.05 25.33 76.05
1572 67.54 55.68 119.43 28.11 61.80
1573 67.60 85.21 75.42 15.60 9.38
1574 67.67 46.59 104.35 25.55 76.43
1575 67.78 22.56 70.84 15.24 41.87
1576 67.74 34.24 92.65 21.47 74.62
1577 67.85 27.28 85.98 18.68 57.55
1578 67.85 82.11 89.25 17.10 11.50
1579 67.89 59.21 116.32 27.17 54.62
1580 67.83 61.49 125.19 26.74 52.04
1581 68.02 38.17 90.13 23.08 77.09
1582 67.89 43.94 107.69 24.12 95.27
1583 67.85 50.82 112.46 25.90 81.59
1584 67.82 53.65 121.10 27.62 78.85
1585 67.86 64.20 127.02 27.86 41.20
1586 67.88 79.20 104.28 17.78 14.31
1587 67.96 68.78 130.46 26.39 31.19
1588 68.00 73.52 118.85 24.42 26.13
1589 67.97 29.68 87.27 19.73 70.81
1590 67.97 71.23 130.46 26.73 26.13
1591 68.02 66.32 124.20 29.36 41.34
1592 68.21 40.05 100.87 22.74 89.58
1593 68.08 75.89 119.46 20.26 21.14
1594 68.28 41.93 112.00 22.36 104.30
1595 68.25 57.28 117.82 25.86 78.32
1596 68.47 14.97 52.16 9.93 23.90
1597 68.40 36.26 105.77 22.17 90.00
1598 68.45 48.96 110.12 24.60 96.88
1599 68.48 24.82 83.79 15.03 54.69
1600 68.58 18.51 63.19 12.00 33.25
1601 68.62 45.39 105.16 25.40 103.05
1602 68.54 55.38 124.42 25.60 88.55
1603 68.71 32.72 95.50 19.29 88.48
1604 68.66 63.14 115.46 25.23 53.86
1605 68.85 11.77 40.51 7.98 18.83
1606 68.79 20.43 70.95 11.98 48.45
1607 68.86 77.67 99.39 18.42 22.13
1608 68.76 84.91 75.79 14.56 13.42
1609 68.86 47.17 108.30 24.70 96.22
1610 68.81 60.83 130.94 25.09 72.09
1611 68.98 30.73 94.11 19.52 89.83
1612 68.87 50.55 122.44 24.70 101.52
1613 68.93 28.36 92.61 18.54 76.27
1614 68.93 70.53 117.56 24.28 39.02
1615 69.10 34.74 112.52 20.02 93.18
1616 68.99 65.89 110.28 24.00 55.81
1617 69.00 68.20 110.52 25.02 49.80
1618 69.08 43.27 130.36 22.83 110.42
1619 68.95 58.75 117.98 23.22 77.15
1620 69.22 72.82 117.32 20.20 36.53
1621 69.20 80.15 91.96 15.39 24.38
1622 69.29 38.97 108.76 20.61 104.56
1623 69.40 22.22 81.16 12.35 50.58
1624 69.32 75.42 110.16 19.61 35.27
1625 69.34 82.81 75.17 14.47 20.14
1626 69.50 52.15 147.73 25.41 110.88
1627 69.52 41.12 124.73 23.11 106.02
1628 69.46 56.88 128.15 24.17 105.56
1629 69.58 37.06 120.26 21.13 98.37
1630 69.44 54.76 129.87 25.17 105.70
1631 69.62 24.78 88.70 14.17 69.95
1632 69.66 14.34 57.35 8.50 30.29
1633 69.67 62.15 120.48 24.50 77.94
1634 69.87 26.84 93.70 16.01 76.37
1635 69.73 64.04 109.98 22.96 68.67
1636 69.69 17.42 67.46 10.40 38.66
1637 69.66 45.27 129.20 23.45 107.43
1638 69.76 47.89 130.88 22.44 113.04
1639 69.96 32.99 100.71 20.02 100.84
1640 69.89 59.20 134.86 23.71 99.65
1641 69.96 49.87 143.53 24.53 130.19
1642 69.92 70.19 96.84 21.80 57.28
1643 70.00 85.78 62.66 11.55 16.31
1644 70.15 28.96 95.54 18.38 87.54
1645 70.13 30.90 108.14 17.49 103.45
1646 70.05 65.94 104.10 22.88 76.76
1647 70.05 67.96 99.38 21.17 62.85
1648 70.22 78.52 89.65 14.09 35.46
1649 70.25 35.37 116.80 20.83 107.52
1650 70.32 20.23 75.82 11.12 49.10
1651 70.16 42.98 132.23 20.64 120.34
1652 70.28 53.48 157.61 23.07 127.90
1653 70.40 61.04 125.93 22.44 96.05
1654 70.42 73.83 97.14 18.02 47.00
1655 70.43 81.42 73.66 14.11 29.01
1656 70.48 55.37 147.98 22.91 124.49
1657 70.48 57.33 143.59 23.86 111.12
1658 70.57 40.05 118.39 20.92 117.69
1659 70.52 76.27 94.58 15.69 42.35
1660 70.58 45.99 135.62 21.25 124.46
1661 70.61 23.13 74.84 12.51 71.99
1662 70.70 37.96 123.39 20.45 120.69
1663 70.70 71.65 98.92 19.81 58.44
1664 70.78 51.56 150.64 22.06 132.23
1665 71.03 14.71 58.55 8.15 34.76
1666 70.94 17.38 73.62 9.57 48.07
1667 70.92 47.95 150.37 22.98 131.98
1668 70.98 84.30 63.38 12.19 18.65
1669 70.97 62.76 128.39 21.57 94.29
1670 71.01 64.85 121.98 21.12 84.63
1671 71.04 44.10 138.60 22.08 134.79
1672 71.03 49.81 152.90 21.98 138.25
1673 71.05 69.46 103.48 19.48 70.77
1674 71.07 59.22 136.40 23.28 121.79
1675 71.15 27.32 90.47 15.43 89.59
1676 71.19 41.99 119.02 20.08 129.51
1677 71.09 67.11 116.26 20.28 76.94
1678 71.20 32.19 91.02 17.61 102.09
1679 71.25 34.41 99.49 19.00 112.04
1680 71.30 29.97 90.25 16.42 94.72
1681 71.50 24.93 70.19 12.86 83.78
1682 71.30 53.20 156.24 22.19 135.88
1683 71.54 36.62 102.02 19.98 122.75
1684 71.50 78.24 83.04 14.75 46.07
1685 71.52 55.18 164.26 22.79 134.21
1686 71.72 19.37 61.21 10.22 55.49
1687 71.63 57.25 153.38 22.23 127.12
1688 71.63 61.13 137.67 22.37 114.16
1689 71.55 80.98 73.91 11.81 33.41
1690 71.68 73.01 96.51 18.66 68.64
1691 71.72 75.54 97.07 15.29 58.51
1692 71.70 46.30 125.38 22.02 128.62
1693 71.86 22.19 58.99 11.36 69.31
1694 71.85 40.31 107.00 20.15 129.54
1695 71.88 63.56 132.08 21.65 109.72
1696 72.06 38.43 87.55 19.75 132.34
1697 71.98 49.12 135.52 21.86 136.30
1698 72.10 51.35 139.09 21.00 130.02
1699 71.97 66.18 128.06 19.81 94.38
1700 72.10 70.82 114.70 17.97 82.08
1701 72.16 84.19 56.44 11.09 23.78
1702 72.14 43.96 114.29 21.57 150.18
1703 72.04 59.24 141.42 24.37 131.02
1704 72.22 68.65 124.09 19.07 93.54
1705 72.23 33.26 74.63 17.20 117.24
1706 72.38 13.95 42.00 7.43 33.83
1707 72.42 16.54 50.82 7.37 50.40
1708 72.38 29.04 69.41 15.24 97.94
1709 72.29 53.60 142.66 21.45 141.53
1710 72.40 26.75 65.30 13.71 88.79
1711 72.44 42.11 85.93 19.57 130.96
1712 72.62 31.28 66.77 16.56 112.98
1713 72.51 35.75 71.49 18.24 124.14
1714 72.67 47.63 117.53 21.49 142.41
1715 72.54 55.95 135.53 22.51 139.96
1716 72.71 62.20 139.02 20.96 113.98
1717 72.74 45.71 98.60 20.83 144.12
1718 72.77 64.79 138.16 21.02 99.02
1719 72.68 81.41 76.17 11.17 39.75
1720 72.81 78.43 81.21 12.85 52.64
1721 72.87 24.10 47.70 13.06 79.45
1722 72.89 58.05 134.42 21.29 133.86
1723 72.89 73.04 112.66 16.43 80.77
1724 72.86 75.76 98.16 14.41 73.94
1725 73.03 19.66 42.64 9.23 60.61
1726 72.94 49.65 118.12 22.21 143.26
1727 72.96 60.19 133.54 22.10 135.02
1728 72.99 67.29 123.71 19.92 101.60
1729 73.17 38.66 69.54 19.16 124.46
1730 73.25 40.73 66.13 18.56 128.44
1731 73.26 33.91 57.00 16.49 112.37
1732 73.33 51.35 109.64 19.89 145.55
1733 73.33 53.16 113.28 20.63 143.42
1734 73.27 70.26 120.41 16.74 100.69
1735 73.38 55.04 117.13 21.49 143.93
1736 73.51 36.30 60.37 17.19 118.19
1737 73.63 21.81 39.96 10.72 67.77
1738 73.56 42.83 65.25 20.86 129.35
1739 73.51 44.66 75.72 20.21 143.56
1740 73.56 26.48 44.69 13.50 87.83
1741 73.57 29.15 43.24 14.76 90.35
1742 73.77 63.67 135.20 20.27 114.02
1743 73.81 16.48 33.91 7.53 50.20
1744 73.77 31.69 48.13 15.48 115.67
1745 73.84 46.83 78.41 20.28 148.44
1746 73.71 61.51 120.22 19.92 134.08
1747 73.88 56.95 103.58 20.56 140.73
1748 73.80 81.43 77.29 10.70 44.99
1749 73.93 66.06 127.50 18.08 113.60
1750 73.85 48.81 90.22 20.73 145.68
1751 73.94 59.10 108.12 20.60 131.82
1752 74.01 75.55 108.25 12.49 79.17
1753 73.99 68.41 126.54 16.90 100.81
1754 74.05 72.57 112.88 14.75 84.79
1755 74.11 78.41 88.40 12.04 65.77
1756 74.25 23.92 39.62 11.24 72.50
1757 74.33 37.93 53.10 16.94 124.44
1758 74.32 39.95 53.62 18.10 121.28
1759 74.39 18.86 30.02 8.68 59.94
1760 74.43 33.80 51.36 15.31 123.48
1761 74.41 50.87 78.76 20.52 141.64
1762 74.49 52.80 79.86 19.96 139.71
1763 74.37 54.85 84.02 18.67 141.09
1764 74.57 70.61 113.04 16.48 97.21
1765 74.55 42.05 55.22 17.88 118.35
1766 74.50 44.88 62.88 20.08 133.38
1767 74.60 35.83 47.91 16.26 125.60
1768 74.65 61.03 97.11 18.91 131.72
1769 74.73 26.50 38.44 11.48 83.36
1770 74.80 28.78 38.97 13.32 89.04
1771 74.78 31.27 42.49 15.00 104.47
1772 74.81 48.96 68.28 19.79 142.81
1773 74.85 65.27 114.43 17.20 118.82
1774 75.00 63.00 99.21 19.14 118.61
1775 74.89 57.01 76.88 18.90 134.17
1776 75.09 21.19 30.87 8.92 51.66
1777 75.02 46.90 60.94 19.85 137.08
1778 75.09 81.05 88.00 9.31 56.13
1779 75.10 58.99 77.67 18.79 139.08
1780 75.06 67.97 108.62 16.09 107.32
1781 75.06 74.29 112.52 13.20 82.60
1782 75.26 77.26 101.09 11.79 73.44
1783 75.39 39.23 50.57 17.94 100.72
1784 75.37 43.41 64.91 17.36 108.51
1785 75.43 24.27 32.04 11.24 65.69
1786 75.37 54.92 64.71 19.00 140.54
1787 75.52 37.01 56.02 17.04 106.44
1788 75.59 34.54 51.39 15.41 110.33
1789 75.51 41.17 59.10 16.95 106.02
1790 75.53 50.59 65.84 20.00 136.09
1791 75.62 17.91 25.40 7.83 48.36
1792 75.57 52.82 62.79 18.00 134.96
1793 75.80 32.33 43.20 14.62 89.98
1794 75.68 45.30 62.67 19.48 120.02
1795 75.71 70.22 105.31 15.66 91.90
1796 75.73 60.75 73.23 17.52 131.35
1797 75.80 29.93 40.13 13.41 86.41
1798 76.01 72.79 98.41 14.11 91.09
1799 75.80 48.41 61.92 19.22 135.35
1800 75.93 57.05 65.24 18.63 130.51
1801 75.92 64.55 78.47 17.02 118.69
1802 75.96 66.86 83.90 15.82 113.79
1803 76.03 79.70 93.62 10.78 64.85
1804 76.00 26.50 37.09 11.35 69.91
1805 76.30 75.25 98.06 11.57 82.55
1806 76.32 22.19 30.42 8.74 53.92
1807 76.37 58.89 58.83 17.70 128.48
1808 76.29 62.33 61.29 17.73 128.06
1809 76.27 20.05 27.42 8.12 48.70
1810 76.50 41.90 64.94 18.52 103.66
1811 76.43 44.01 68.64 17.55 101.96
1812 76.44 46.77 65.86 17.90 112.24
1813 76.46 38.21 63.88 18.28 91.72
1814 76.51 51.23 62.70 18.58 117.92
1815 76.44 55.17 55.05 18.70 127.20
1816 76.61 36.13 67.25 16.56 90.96
1817 76.61 40.05 70.63 16.68 90.34
1818 76.69 28.43 45.81 12.81 67.27
1819 76.62 53.17 59.18 19.22 126.90
1820 76.83 68.91 72.49 14.00 102.63
1821 76.84 77.88 90.00 9.84 71.78
1822 76.68 33.96 59.80 15.84 89.02
1823 76.69 49.14 70.44 19.19 118.81
1824 76.79 19.03 25.83 6.83 49.81
1825 76.93 24.07 39.65 10.38 54.62
1826 76.90 30.93 55.33 13.93 69.91
1827 76.93 71.26 73.68 13.12 94.53
1828 77.04 64.21 55.84 16.14 114.64
1829 77.08 57.07 56.33 17.96 115.16
1830 77.08 66.54 58.91 14.52 99.98
1831 77.22 26.26 47.31 11.39 54.48
1832 77.22 60.01 55.12 18.54 122.19
1833 77.21 45.41 88.51 18.43 88.77
1834 77.38 62.02 49.35 16.15 110.11
1835 77.31 43.08 83.13 17.60 91.03
1836 77.50 38.54 89.75 16.45 73.66
1837 77.43 47.79 83.64 19.49 105.31
1838 77.49 54.55 66.96 18.29 113.71
1839 77.60 73.70 77.97 11.05 85.42
1840 77.44 20.78 34.88 8.73 40.39
1841 77.51 32.65 72.64 14.42 65.08
1842 77.50 40.30 93.03 16.88 72.18
1843 77.54 50.33 75.70 18.95 95.67
1844 77.68 36.67 85.32 16.90 81.17
1845 77.63 52.54 74.34 18.16 101.07
1846 77.76 76.13 83.25 11.07 78.57
1847 77.74 34.78 86.59 16.26 67.57
1848 77.78 17.81 29.38 7.11 32.61
1849 77.98 30.50 71.52 13.22 45.90
1850 77.96 58.59 60.61 17.13 118.83
1851 78.03 41.74 101.77 16.57 56.13
1852 78.04 44.05 107.89 18.42 60.62
1853 78.02 56.12 67.98 19.25 101.30
1854 78.09 69.25 50.85 12.77 97.88
1855 78.10 23.08 47.32 9.24 36.34
1856 78.07 46.51 99.45 16.55 78.02
1857 78.12 64.77 47.25 15.23 108.57
1858 78.15 71.65 54.89 11.70 96.11
1859 78.32 25.39 65.38 10.09 30.80
1860 78.22 67.01 55.95 13.63 102.32
1861 78.33 78.78 67.60 8.84 65.45
1862 78.33 48.71 94.64 17.69 81.64
1863 78.39 60.65 53.67 16.18 104.98
1864 78.35 50.84 99.29 17.96 81.14
1865 78.63 32.01 92.69 13.91 44.90
1866 78.50 38.13 105.53 15.89 56.32
1867 78.55 62.99 48.33 14.63 103.48
1868 78.63 19.17 48.04 7.40 21.60
1869 78.85 28.16 79.72 11.56 33.72
1870 78.78 40.36 111.18 16.87 48.58
1871 78.55 52.75 97.21 17.90 66.74
1872 78.67 34.34 98.54 14.92 43.10
1873 78.73 54.70 86.80 17.73 74.91
1874 78.70 57.57 69.00 17.83 98.39
1875 78.93 44.87 125.30 18.25 50.73
1876 79.10 21.18 62.70 8.61 20.61
1877 79.09 73.78 52.55 9.93 87.24
1878 79.12 76.51 55.86 9.43 75.46
1879 79.06 42.57 122.82 16.51 46.35
1880 79.23 36.51 116.90 16.18 39.82
1881 79.11 46.79 126.43 17.98 54.89
1882 79.17 50.41 121.92 17.94 63.92
1883 79.27 70.79 42.84 12.33 92.19
1884 79.26 65.73 45.73 15.84 99.92
1885 79.33 68.17 45.51 13.21 100.18
1886 79.48 23.31 67.89 7.80 24.93
1887 79.30 59.54 66.79 16.17 82.87
1888 79.33 56.63 89.31 17.46 61.05
1889 79.42 62.29 52.23 16.47 101.37
1890 79.57 48.53 131.27 18.75 50.31
1891 79.53 52.66 123.40 17.60 54.33
1892 79.64 25.77 75.94 10.08 26.45
1893 79.60 30.11 92.93 12.46 30.37
1894 79.58 38.67 123.16 15.93 39.64
1895 79.88 34.55 115.15 14.84 34.49
1896 79.85 32.41 104.36 12.75 34.20
1897 79.81 54.68 110.81 19.07 58.36
1898 79.93 41.06 146.57 17.11 40.77
1899 79.98 43.63 138.27 16.95 36.69
1900 80.02 64.56 48.11 14.60 84.82
1901 79.86 18.96 61.68 7.06 11.41
1902 79.88 20.49 62.08 7.08 15.08
1903 80.04 45.71 146.50 17.69 35.94
1904 80.07 61.04 63.97 16.23 79.97
1905 80.09 50.84 138.29 18.69 44.64
1906 80.26 75.48 43.24 9.38 70.99
1907 80.34 72.62 42.25 10.11 84.15
1908 80.25 27.43 87.61 10.53 23.78
1909 80.33 56.62 108.10 16.95 49.76
1910 80.55 78.17 39.94 8.21 52.49
1911 80.44 67.25 46.41 13.19 86.95
1912 80.41 69.72 45.08 12.20 89.35
1913 80.50 36.38 125.10 15.18 29.22
1914 80.59 47.51 148.52 16.94 40.06
1915 80.66 23.17 66.75 7.95 19.05
1916 80.62 38.24 130.61 15.74 31.28
1917 80.61 53.40 139.11 17.42 41.68
1918 80.92 20.67 70.51 7.41 12.99
1919 80.75 62.94 63.02 15.54 75.28
1920 80.93 49.43 151.84 16.82 37.08
1921 80.88 40.68 147.19 17.52 34.06
1922 80.81 42.81 146.62 17.24 28.57
1923 81.04 28.87 98.51 11.01 24.91
1924 80.98 31.14 101.58 12.39 24.97
1925 81.04 25.20 78.14 8.27 19.37
1926 81.08 33.50 107.52 12.76 23.98
1927 80.99 51.39 147.26 16.45 35.87
1928 81.13 58.18 109.36 16.02 48.56
1929 81.11 60.68 78.70 14.08 57.81
1930 81.08 45.74 152.41 16.52 33.43
1931 81.15 55.38 133.26 17.06 41.23
1932 81.14 65.53 56.80 13.24 76.06
1933 81.44 71.47 40.62 11.09 75.91
1934 81.37 75.13 36.08 8.91 61.26
1935 81.43 38.84 132.12 15.07 29.49
1936 81.52 35.38 112.10 13.70 24.18
1937 81.55 68.56 47.70 12.57 79.27
1938 81.58 44.02 151.14 16.30 29.07
1939 81.71 53.29 140.82 16.16 32.31
1940 81.81 47.90 146.08 17.15 28.23
1941 82.03 26.82 84.28 10.36 17.82
1942 81.85 42.08 136.21 18.26 29.81
1943 81.75 63.51 71.08 14.42 53.64
1944 82.00 23.00 72.59 7.55 14.45
1945 82.03 51.38 138.52 16.08 28.06
1946 82.13 57.20 124.09 15.72 36.56
1947 82.18 31.54 92.58 12.00 22.00
1948 82.48 40.38 121.61 15.58 23.11
1949 82.15 59.47 97.88 15.49 40.19
1950 82.23 37.34 114.91 15.04 22.30
1951 82.26 66.14 64.99 12.71 52.84
1952 82.35 55.11 127.95 15.54 29.23
1953 82.10 29.74 84.96 10.71 18.54
1954 82.37 61.67 85.06 14.11 45.23
1955 82.36 49.73 137.51 17.47 28.70
1956 82.41 73.68 37.08 9.66 67.63
1957 82.56 33.22 96.42 12.35 22.45
1958 82.64 71.08 49.01 9.90 66.77
1959 82.65 35.20 97.38 14.33 20.49
1960 82.56 28.73 87.63 11.61 19.45
1961 82.60 68.39 68.18 10.66 55.59
1962 82.70 43.25 119.18 15.35 22.52
1963 82.73 53.25 124.24 15.59 29.14
1964 82.82 64.31 81.61 13.69 46.13
1965 82.87 24.64 71.71 7.69 13.69
1966 82.95 46.54 122.76 15.50 22.44
1967 82.99 48.22 126.13 15.49 24.85
1968 83.41 38.80 99.14 14.52 18.21
1969 83.30 21.86 62.00 7.45 11.06
1970 83.30 51.69 128.17 16.22 22.87
1971 83.39 55.93 111.66 14.58 25.31
1972 83.28 58.26 105.66 13.42 28.78
1973 83.40 26.61 74.55 9.25 15.27
1974 83.16 30.06 76.86 9.86 15.62
1975 83.09 69.45 67.57 9.43 26.71
1976 83.52 60.16 96.07 13.80 33.52
1977 83.17 67.39 70.75 10.25 31.00
1978 83.56 62.43 91.81 13.48 34.22
1979 83.68 36.77 80.53 13.81 17.78
1980 83.62 49.72 122.22 16.14 24.41
1981 83.55 31.74 70.42 11.28 17.23
1982 83.59 45.18 108.42 15.51 19.61
1983 83.71 72.99 41.48 8.28 52.05
1984 83.64 29.03 75.28 10.21 15.88
1985 83.72 43.25 103.70 14.05 21.75
1986 83.82 33.97 78.41 11.64 15.69
1987 83.79 53.75 113.89 15.24 23.83
1988 83.71 70.46 59.91 9.26 49.92
1989 84.07 41.44 80.97 15.88 19.34
1990 83.97 68.32 74.92 10.21 40.81
1991 84.40 24.68 52.57 7.70 12.29
1992 84.04 65.77 88.72 11.31 36.12
1993 84.28 47.86 93.55 14.64 21.93
1994 84.34 57.48 96.02 14.32 23.65
1995 84.23 32.21 69.67 12.00 15.40
1996 84.54 51.25 106.95 14.73 19.82
1997 84.33 23.22 50.40 7.47 10.60
1998 84.71 29.55 53.78 9.29 14.66
1999 84.65 35.66 65.81 12.47 15.41
2000 84.72 45.86 87.69 15.15 17.73
2001 84.71 63.83 95.37 11.60 27.81
2002 84.71 55.42 94.72 15.04 19.44
2003 84.69 27.18 54.17 7.81 12.81
2004 84.64 43.76 85.96 13.80 17.91
2005 84.78 71.55 63.58 8.48 33.14
2006 84.92 61.95 92.80 11.80 24.31
2007 84.96 53.27 93.73 14.52 20.13
2008 84.76 59.72 93.90 12.47 26.88
2009 85.25 33.24 55.74 11.12 13.14
2010 85.63 49.71 73.11 14.36 17.20
2011 85.05 37.80 57.05 13.24 15.85
2012 85.24 67.46 80.21 9.57 29.66
2013 85.10 40.78 59.63 13.80 16.86
2014 85.35 69.64 78.46 8.80 25.74
2015 85.72 56.52 77.03 14.01 18.20
2016 85.52 44.09 66.56 14.82 17.38
2017 85.72 65.52 81.07 10.43 23.29
2018 86.09 47.64 60.81 14.01 16.40
2019 85.78 58.83 85.89 13.18 18.46
2020 86.09 42.17 49.44 14.18 15.24
2021 85.97 30.34 36.89 9.16 12.30
2022 85.87 51.82 72.60 14.60 19.10
2023 86.00 28.16 34.88 8.38 10.11
2024 86.13 39.42 45.26 13.02 13.18
2025 86.00 60.88 86.49 11.40 19.72
2026 86.04 25.34 35.74 7.30 10.40
2027 86.16 36.91 38.55 12.50 13.67
2028 86.49 45.44 51.82 13.71 15.68
2029 86.66 54.36 62.91 13.11 15.03
2030 86.28 63.46 86.57 10.53 21.58
2031 86.68 32.61 34.53 10.07 11.70
2032 86.44 35.18 37.75 10.90 12.45
2033 86.84 68.05 81.05 8.70 20.65
2034 86.78 57.44 65.33 12.46 16.02
2035 87.04 52.62 52.56 13.53 14.13
2036 87.08 65.70 76.33 8.55 15.67
2037 87.21 26.29 26.16 7.25 8.88
2038 87.11 61.74 79.70 10.81 17.13
2039 86.98 37.58 34.82 11.00 12.64
2040 87.24 50.29 44.76 12.32 12.97
2041 87.33 59.31 64.12 11.32 15.93
2042 87.32 70.40 70.43 8.39 17.82
2043 87.33 30.27 28.20 9.86 10.84
2044 87.41 28.29 26.88 8.25 9.58
2045 87.42 38.73 31.08 11.38 12.77
2046 87.44 46.63 38.28 12.28 13.44
2047 87.36 36.38 33.68 11.05 10.79
2048 87.83 44.54 35.19 12.98 12.06
2049 87.90 63.98 75.70 9.00 15.57
2050 87.82 40.86 31.06 12.00 10.02
2051 87.99 48.57 36.07 12.51 13.49
2052 88.00 56.80 47.21 12.16 13.10
2053 88.01 51.40 39.00 12.59 12.56
2054 88.34 53.68 39.95 12.00 12.13
2055 88.08 37.15 30.30 10.75 11.75
2056 88.34 61.59 66.85 9.68 12.67
2057 88.46 67.40 76.16 8.26 13.89
2058 88.37 33.34 25.51 10.43 8.91
2059 88.90 42.84 30.18 12.41 11.25
2060 88.73 59.60 50.28 10.64 12.76
2061 88.86 40.07 25.91 11.47 10.64
2062 88.79 50.39 32.74 12.76 11.97
2063 88.61 38.07 28.70 11.60 11.10
2064 88.93 34.89 25.68 11.00 10.38
2065 89.03 48.34 28.89 11.68 9.87
2066 89.14 65.63 66.73 7.87 12.51
2067 89.01 44.79 29.17 12.29 9.49
2068 89.04 56.92 39.66 11.19 12.08
2069 89.10 36.72 27.44 9.44 9.59
2070 88.92 46.79 28.36 13.79 10.21
2071 89.46 63.16 66.33 8.67 11.86
2072 89.55 51.98 32.40 10.97 11.13
2073 89.29 33.64 27.42 7.79 6.68
2074 89.82 28.90 19.22 7.48 7.07
2075 89.66 46.14 28.78 10.32 9.27
2076 90.23 61.07 42.80 8.17 10.43
2077 89.59 50.05 30.75 9.50 10.50
2078 89.69 37.11 26.00 7.83 8.17
2079 89.96 53.74 30.34 11.34 9.31
2080 90.05 38.74 25.75 10.17 8.33
2081 90.06 47.41 27.10 10.70 10.13
2082 90.47 49.37 25.89 10.50 8.69
2083 90.32 58.61 32.43 9.34 9.84
2084 90.37 32.00 21.64 8.03 6.64
2085 90.14 51.06 28.38 10.88 8.88
2086 90.67 64.67 51.60 7.29 10.79
2087 90.54 37.10 24.25 9.41 7.77
2088 90.66 30.24 21.53 6.95 6.37
2089 90.87 34.24 23.72 8.88 8.24
2090 90.74 54.94 27.94 9.71 10.92
2091 90.81 52.45 26.90 9.62 7.45
2092 91.00 39.10 25.27 9.91 8.13
2093 91.31 42.23 25.30 9.62 7.75
2094 91.14 51.03 27.24 10.36 9.19
2095 91.16 56.68 27.45 8.84 7.00
2096 91.38 44.17 25.63 10.62 7.54
2097 91.48 36.43 24.29 8.62 7.60
2098 91.30 30.93 21.15 8.00 6.70
2099 91.62 49.59 26.41 10.22 7.62
2100 91.87 58.59 24.89 8.12 8.20
2101 91.52 37.86 23.13 8.00 6.07
2102 91.84 55.76 25.48 8.39 8.34
2103 91.78 62.94 31.02 7.83 9.02
2104 92.10 30.39 18.80 7.14 6.12
2105 92.15 34.05 22.06 8.77 5.74
2106 92.11 44.60 26.40 9.80 7.30
2107 92.27 37.06 23.76 8.86 7.76
2108 92.66 40.68 23.89 8.91 6.16
2109 92.48 49.17 26.85 10.23 7.50
2110 92.57 43.79 24.22 8.94 7.34
2111 92.63 57.09 22.28 7.76 6.45
2112 92.89 32.57 19.56 7.19 5.97
2113 93.28 35.19 20.06 7.29 5.47
2114 92.94 42.36 23.68 9.32 6.91
2115 93.03 47.61 24.80 8.80 7.59
2116 92.92 38.41 22.00 8.81 7.06
2117 92.81 51.17 24.30 9.55 8.27
2118 93.08 58.51 23.96 7.15 7.41
2119 93.28 55.83 22.53 8.09 6.85
2120 93.26 52.44 23.78 7.11 6.44
2121 93.60 45.44 22.54 8.65 6.22
2122 93.40 31.98 19.88 6.50 5.38
2123 93.62 57.57 22.47 8.19 6.53
2124 93.58 36.90 19.04 7.92 6.58
2125 93.76 53.16 21.67 7.96 5.67
2126 93.69 51.67 25.00 9.11 6.78
2127 94.38 43.33 20.90 7.97 6.25
2128 94.12 47.44 23.61 8.66 7.20
2129 94.13 54.16 21.54 6.54 6.23
2130 94.50 37.15 18.21 6.87 5.18
2131 94.45 52.33 19.68 8.12 6.32
2132 94.49 56.06 20.19 7.42 6.46
2133 94.84 45.45 22.48 8.04 6.45
2134 94.27 48.77 25.57 7.71 6.71
2135 94.43 50.43 21.98 7.88 6.14
2136 94.69 41.93 23.32 7.39 5.45
2137 94.63 46.75 22.92 7.69 5.46
2138 94.93 39.87 21.29 6.90 6.65
2139 94.87 48.58 22.27 7.27 5.36
2140 95.45 51.68 18.74 6.89 6.12
2141 95.09 49.54 21.12 6.88 6.12
2142 95.32 47.82 21.33 6.25 5.58
2143 95.67 41.40 20.75 6.33 5.56
2144 95.84 49.55 19.47 7.24 5.45
2145 95.60 45.17 20.82 6.76 4.71
2146 95.91 43.25 18.81 6.77 5.91
2147 95.91 47.38 18.10 6.38 4.62
2148 96.27 44.17 19.77 6.15 5.31
2149 96.58 39.03 17.44 5.95 5.11
2150 96.69 42.76 16.10 5.76 4.81
2151 96.80 47.56 18.41 5.92 4.85
2152 96.89 41.78 16.12 4.88 3.75
2153 97.24 40.76 17.51 6.17 4.60
2154 97.44 45.58 17.16 5.88 4.22
2155 97.45 43.24 15.03 5.42 4.18

