#<Embryo name> <Cleavage cycle> <Temporal class> <Genes>
rge10 14A 4 even-skipped Kruppel giant

#Quantitative data
#<Nucleus number> <A-P coordinate> <D-V coordinate> <Fluorescence intensity: channel 1 - eve, channel 2 - Kr, channel 3 - gt>
0 2.56 45.27 10.44 12.09 3.81
1 2.55 42.24 10.70 12.23 3.35
2 2.83 48.40 10.89 13.12 3.21
3 3.61 45.25 11.66 13.05 3.77
4 3.43 49.52 12.56 11.50 4.56
5 3.64 41.77 13.83 11.25 4.92
6 3.99 42.91 12.64 13.61 4.36
7 3.86 48.93 15.50 11.00 5.75
8 4.05 46.45 12.75 12.56 7.12
9 4.13 53.02 11.88 9.63 5.23
10 4.06 47.60 11.58 14.00 4.08
11 4.36 51.28 12.12 12.60 3.32
12 4.46 49.05 11.67 13.34 4.12
13 4.60 38.08 11.08 13.02 3.62
14 4.55 45.85 12.19 13.75 3.94
15 4.99 42.75 13.68 12.29 4.98
16 5.07 47.17 12.40 14.33 4.62
17 5.02 39.50 13.42 12.82 4.30
18 5.01 51.23 12.69 11.85 6.38
19 5.22 45.10 13.68 13.34 4.56
20 5.09 48.79 11.67 13.60 5.73
21 5.16 55.23 11.91 11.73 4.59
22 5.55 52.96 13.11 14.26 4.30
23 5.64 50.32 11.91 14.34 5.47
24 5.48 37.88 13.17 11.81 5.23
25 5.90 42.01 12.68 14.56 5.03
26 5.87 44.34 14.24 14.12 3.71
27 6.30 39.98 13.97 14.75 5.21
28 6.37 57.37 12.34 12.75 4.95
29 6.29 37.41 12.87 14.44 4.48
30 6.38 52.79 14.43 13.17 5.14
31 6.52 50.59 14.26 15.00 6.24
32 7.03 35.76 12.39 15.43 4.83
33 6.48 44.74 15.16 14.86 5.56
34 6.31 55.94 13.00 15.00 4.90
35 6.63 54.62 13.56 13.62 5.36
36 6.81 52.01 11.00 14.18 5.47
37 6.81 43.67 13.00 16.75 6.33
38 7.09 46.86 18.13 15.58 7.16
39 7.10 55.88 14.77 15.23 4.38
40 7.29 41.72 15.14 16.06 6.06
41 7.48 44.96 13.73 18.48 5.78
42 7.26 43.21 16.82 15.73 6.27
43 7.42 55.03 14.79 11.07 6.50
44 7.51 33.01 10.42 14.42 4.78
45 7.49 50.80 13.31 16.12 5.75
46 8.12 52.31 14.11 15.87 6.78
47 7.69 39.41 14.86 16.91 4.97
48 7.68 57.54 12.36 14.14 5.56
49 7.75 48.49 15.53 16.37 6.89
50 8.12 60.06 13.25 12.65 4.84
51 8.34 54.81 15.90 15.25 5.92
52 8.07 53.72 14.33 16.28 6.72
53 8.36 41.83 16.23 18.14 6.45
54 8.34 46.74 16.02 18.50 6.31
55 8.58 35.57 14.09 18.59 5.33
56 9.01 37.82 15.01 18.93 6.50
57 8.21 49.86 16.18 16.94 6.71
58 8.74 61.61 13.03 11.06 5.70
59 8.77 44.70 14.97 19.71 6.73
60 8.47 56.36 15.60 15.13 6.07
61 8.46 58.70 15.39 14.39 7.17
62 8.95 32.09 12.89 13.86 4.39
63 8.89 49.44 15.10 18.21 6.13
64 8.96 57.19 14.92 16.27 6.45
65 9.15 59.53 14.00 12.91 6.74
66 9.43 54.47 15.81 16.74 7.04
67 9.31 52.08 14.81 17.55 6.50
68 9.56 47.19 15.78 20.42 6.71
69 9.53 56.32 16.84 13.96 7.68
70 10.21 39.62 16.40 17.90 7.29
71 9.93 34.01 14.36 15.69 6.26
72 9.91 31.18 14.56 11.71 5.73
73 10.03 42.42 15.93 19.52 6.44
74 10.01 60.33 16.32 13.71 6.75
75 10.34 44.83 17.65 21.58 7.18
76 10.32 56.85 15.61 16.49 7.68
77 10.46 58.81 16.47 12.65 8.24
78 11.17 34.43 14.28 15.37 7.18
79 10.87 50.81 18.56 20.58 8.45
80 10.82 31.77 13.27 13.48 5.86
81 11.02 48.30 17.27 19.73 8.16
82 11.29 55.89 17.18 17.05 9.24
83 10.68 61.85 15.50 16.33 7.00
84 11.19 61.37 15.32 15.53 8.18
85 11.55 46.23 17.50 20.28 9.63
86 11.05 42.75 16.48 18.88 8.08
87 11.42 53.20 17.07 19.52 10.04
88 11.23 63.80 15.02 11.37 7.70
89 11.35 65.57 13.51 10.49 8.26
90 11.61 30.34 14.27 12.74 6.11
91 11.47 59.22 15.92 17.24 8.52
92 11.64 43.70 17.37 19.58 9.25
93 11.75 41.61 17.04 18.64 7.76
94 12.02 28.02 11.57 11.91 5.84
95 11.68 31.82 13.64 13.00 5.86
96 12.20 48.81 18.15 19.50 10.17
97 12.55 35.90 15.81 17.30 8.66
98 12.00 57.18 16.33 16.44 9.56
99 12.26 39.55 16.28 17.89 8.82
100 12.03 54.13 15.00 21.14 9.86
101 12.11 61.51 18.34 13.00 10.51
102 12.13 44.95 19.67 19.44 9.56
103 12.20 58.44 17.33 16.14 11.29
104 12.33 55.30 16.11 19.37 10.97
105 12.36 67.36 14.93 10.85 9.27
106 12.41 42.55 18.36 16.71 9.29
107 12.35 44.12 20.00 16.43 10.43
108 12.70 60.07 19.98 14.93 11.78
109 12.80 52.73 17.08 19.01 12.12
110 13.02 34.34 17.29 17.39 9.25
111 12.94 58.20 18.32 16.76 12.13
112 12.93 46.21 17.80 21.10 12.17
113 12.94 29.86 14.87 12.80 8.04
114 12.76 40.74 18.09 17.45 9.55
115 13.14 43.98 18.40 19.70 13.37
116 12.88 38.58 17.75 18.82 9.89
117 13.18 31.51 16.61 14.33 8.88
118 13.36 41.82 19.09 19.03 11.75
119 13.27 68.86 13.93 10.11 11.05
120 13.15 50.83 18.88 19.52 12.24
121 13.45 65.66 15.53 12.16 12.31
122 13.54 38.43 16.74 19.29 10.63
123 13.67 26.54 13.30 11.81 8.67
124 13.91 32.65 17.07 15.45 10.76
125 13.81 29.26 15.38 14.66 9.34
126 13.99 51.65 18.48 19.21 16.73
127 13.82 44.83 20.89 18.56 13.44
128 14.31 40.09 18.81 18.81 14.39
129 14.19 58.32 19.25 16.26 14.68
130 14.13 34.87 18.58 16.83 12.72
131 14.37 45.87 20.07 18.80 17.02
132 14.40 63.34 18.59 14.08 13.14
133 14.26 26.32 14.69 9.46 9.92
134 14.47 38.26 18.09 19.13 14.19
135 14.62 67.02 17.22 12.99 15.37
136 14.71 31.82 18.07 16.23 13.93
137 14.89 43.59 20.22 17.88 21.49
138 14.84 49.89 20.05 20.12 23.09
139 14.74 53.91 20.48 19.02 18.30
140 14.98 33.91 17.00 16.67 14.98
141 14.96 27.60 14.55 12.74 14.81
142 14.69 35.80 17.83 18.67 11.58
143 15.12 55.84 20.44 17.55 23.65
144 14.86 61.20 19.32 16.30 18.28
145 15.24 52.08 20.75 18.02 28.36
146 15.32 63.99 17.42 13.89 20.05
147 15.48 41.82 20.60 18.95 25.15
148 15.26 47.83 20.12 18.85 26.20
149 15.34 58.42 19.20 16.53 24.14
150 15.36 36.32 16.71 16.91 18.91
151 15.35 29.67 14.79 12.58 14.61
152 15.71 45.75 19.59 17.92 34.29
153 15.77 69.12 17.99 11.44 17.86
154 15.69 39.90 19.87 17.28 22.26
155 16.05 66.74 19.69 12.71 17.80
156 16.00 61.31 19.02 15.62 24.43
157 16.10 26.64 14.31 11.57 21.19
158 16.18 50.17 21.66 18.81 40.67
159 16.28 35.39 18.88 16.45 26.61
160 16.20 53.53 19.25 18.85 39.22
161 16.37 43.82 19.71 18.00 37.99
162 16.28 30.99 16.39 15.76 24.89
163 16.50 33.22 18.84 16.54 28.07
164 16.48 38.39 19.59 15.74 33.28
165 16.33 55.92 20.18 17.92 33.59
166 16.48 58.79 21.70 17.11 31.80
167 16.62 47.93 21.49 19.06 47.91
168 16.84 29.15 16.34 13.02 27.18
169 16.67 73.22 16.58 8.47 15.87
170 17.00 24.86 14.20 11.58 29.91
171 16.93 70.38 16.89 11.28 19.56
172 17.00 41.47 20.97 16.83 48.65
173 17.13 62.55 20.77 15.22 31.11
174 17.22 64.88 20.07 15.03 26.91
175 17.24 51.81 21.73 18.38 54.93
176 17.37 46.09 21.23 18.11 61.57
177 17.51 67.54 19.25 12.99 23.92
178 17.46 36.98 19.07 15.92 42.69
179 17.62 22.93 13.14 10.35 34.90
180 17.46 54.37 21.51 18.62 51.22
181 17.47 57.21 21.04 17.74 42.67
182 17.54 60.08 20.94 18.68 40.05
183 17.70 49.41 21.03 18.83 68.29
184 17.75 32.34 19.63 14.91 42.02
185 17.76 39.30 21.68 17.71 53.59
186 17.88 34.84 18.96 16.43 49.98
187 17.84 27.52 16.37 13.21 43.42
188 17.76 43.85 21.30 19.73 68.62
189 17.83 72.21 17.20 10.51 20.73
190 18.33 30.49 18.80 15.32 59.04
191 18.44 69.55 19.95 13.17 25.03
192 18.60 40.91 21.74 18.79 75.25
193 18.50 52.92 23.03 19.32 75.74
194 18.50 56.01 21.82 18.59 63.81
195 18.56 47.48 22.40 18.92 80.62
196 18.51 61.58 20.56 16.25 41.04
197 18.56 64.30 22.16 15.54 32.82
198 18.65 58.53 23.61 18.30 56.66
199 18.82 25.72 16.00 12.49 51.79
200 18.81 50.81 24.89 19.14 87.77
201 18.79 37.33 23.29 16.78 68.87
202 18.83 42.92 22.54 19.16 80.93
203 19.00 45.20 22.12 19.10 86.52
204 19.03 66.82 20.82 14.95 30.88
205 19.10 73.05 18.35 11.10 24.28
206 19.14 22.53 14.37 9.38 45.92
207 19.16 34.32 19.74 17.03 70.81
208 19.21 28.83 17.39 15.18 61.24
209 19.45 54.65 25.03 19.33 89.00
210 19.52 70.50 21.62 12.40 28.89
211 19.52 32.00 18.73 16.02 70.47
212 19.57 39.38 22.15 17.04 91.00
213 19.51 48.98 23.17 19.23 102.41
214 19.66 59.82 22.31 18.66 61.09
215 19.73 62.34 23.95 16.79 50.61
216 19.85 57.13 23.66 18.70 70.93
217 19.97 46.85 24.77 20.32 99.26
218 20.00 52.67 24.94 18.73 94.20
219 19.95 74.90 19.07 9.89 24.29
220 19.97 36.94 22.00 17.31 93.52
221 20.00 43.34 22.53 18.94 97.02
222 20.04 64.97 22.50 16.25 38.61
223 20.32 41.18 22.71 19.22 100.04
224 20.23 68.00 25.35 14.54 33.68
225 20.29 24.78 15.52 12.12 66.66
226 20.29 27.40 18.30 14.01 72.86
227 20.44 50.78 25.04 20.19 114.44
228 20.45 30.23 19.56 14.59 81.06
229 20.43 34.89 21.34 17.13 94.43
230 20.76 45.03 24.63 19.35 104.76
231 20.69 72.16 22.55 11.24 29.44
232 20.70 21.80 15.10 10.13 66.21
233 20.71 54.90 24.43 18.78 87.35
234 20.87 32.91 20.84 16.10 92.23
235 20.85 38.77 23.74 19.57 108.00
236 20.85 48.66 26.87 20.41 112.61
237 20.80 59.80 24.31 18.55 68.60
238 20.94 62.86 25.51 16.76 55.70
239 21.11 57.35 27.07 18.91 82.76
240 21.22 74.88 23.85 11.19 33.86
241 21.38 36.71 23.68 16.77 110.20
242 21.36 42.82 25.46 19.74 113.80
243 21.32 65.79 24.36 16.02 45.78
244 21.50 53.07 28.27 19.82 105.09
245 21.57 68.25 27.01 15.07 41.00
246 21.61 26.54 18.44 12.91 84.29
247 21.67 46.71 26.55 19.53 109.71
248 21.76 29.13 20.78 14.94 94.68
249 21.72 23.78 17.65 11.64 74.02
250 21.65 40.49 25.59 19.98 121.80
251 21.77 70.60 27.83 13.73 38.98
252 21.70 77.08 20.84 8.84 29.97
253 21.83 31.49 21.55 15.50 96.32
254 21.77 19.83 15.15 9.02 60.85
255 21.82 50.96 27.19 19.04 109.35
256 21.87 34.36 22.90 17.75 111.81
257 21.90 61.24 28.12 18.23 70.81
258 21.96 55.35 27.19 18.86 100.97
259 22.09 48.71 27.17 21.49 121.24
260 22.20 63.67 28.23 17.38 58.82
261 22.13 44.70 26.89 19.66 116.73
262 22.10 58.85 27.16 19.59 74.14
263 22.29 38.30 24.54 18.65 116.73
264 22.25 73.36 26.13 12.86 38.89
265 22.69 42.82 25.68 19.81 122.76
266 22.78 56.95 30.08 18.80 94.66
267 22.88 22.19 17.54 10.74 74.90
268 22.78 35.71 24.04 17.79 115.63
269 22.84 65.52 29.98 16.38 61.75
270 22.74 40.79 26.65 20.56 126.07
271 22.90 52.72 28.59 20.34 113.38
272 22.79 68.57 30.81 15.27 47.34
273 22.97 25.17 20.16 12.79 80.95
274 22.95 27.92 21.65 15.19 97.65
275 23.04 33.27 24.51 17.85 115.00
276 23.04 77.67 25.87 9.52 37.31
277 23.14 19.20 15.82 9.28 70.36
278 23.00 31.02 22.18 15.70 103.06
279 23.01 46.20 27.26 19.23 126.02
280 23.05 50.38 30.07 19.00 121.07
281 23.14 61.76 31.36 18.39 78.53
282 23.23 71.81 31.88 13.16 45.92
283 23.28 54.80 32.03 20.52 109.72
284 23.39 75.06 28.36 11.90 45.36
285 23.32 59.28 32.17 18.08 89.13
286 23.35 48.22 30.91 21.95 121.44
287 23.51 39.52 27.34 20.32 129.97
288 23.52 37.37 24.66 18.41 119.54
289 23.67 43.88 27.85 20.50 117.00
290 23.97 29.63 23.17 16.54 100.71
291 23.81 66.82 36.40 17.06 66.72
292 23.92 69.73 38.11 15.86 56.91
293 24.01 41.63 30.23 19.07 123.45
294 23.94 16.75 17.43 8.24 67.02
295 23.99 34.75 26.33 19.02 111.20
296 23.99 56.94 35.67 20.86 109.09
297 24.16 64.18 39.20 17.52 81.94
298 24.19 24.23 22.01 13.04 81.74
299 24.20 27.12 22.54 14.57 92.67
300 24.13 52.14 36.29 19.94 124.92
301 24.23 21.33 19.24 10.89 74.48
302 24.24 31.76 26.68 18.14 114.33
303 24.16 45.66 27.68 21.84 126.16
304 24.25 49.96 32.99 21.12 126.60
305 24.22 61.81 39.65 18.79 91.84
306 24.47 47.58 33.26 20.74 133.43
307 24.45 77.12 35.47 11.36 45.59
308 24.46 54.16 36.75 21.86 122.68
309 24.56 59.29 37.79 19.21 107.38
310 24.56 73.48 38.06 13.55 53.46
311 24.57 36.44 25.82 19.65 118.71
312 24.56 38.84 29.25 19.88 124.32
313 24.77 67.89 46.93 16.30 71.94
314 24.96 19.10 20.03 9.86 74.34
315 24.90 33.44 27.88 17.26 112.60
316 24.87 43.92 33.64 20.27 128.04
317 25.07 70.75 45.78 15.30 63.91
318 25.00 80.15 38.93 9.06 45.60
319 25.05 56.04 42.85 20.67 119.23
320 25.20 65.67 55.00 18.44 89.70
321 25.23 16.26 20.97 8.44 70.05
322 25.14 41.60 32.83 20.50 131.10
323 25.23 29.25 26.97 16.71 104.26
324 25.34 61.02 49.85 20.47 112.34
325 25.37 26.67 27.31 13.68 96.26
326 25.22 49.27 37.48 20.73 133.88
327 25.25 52.08 42.30 21.55 133.98
328 25.46 24.42 24.11 12.76 91.00
329 25.46 46.15 36.17 20.20 136.61
330 25.55 63.39 62.35 19.03 112.97
331 25.55 22.03 24.79 11.27 87.01
332 25.54 31.64 27.37 16.51 110.28
333 25.57 35.03 30.14 18.68 119.22
334 25.48 39.74 30.86 20.39 128.22
335 25.63 75.66 46.92 12.34 57.06
336 25.51 37.48 28.89 19.75 114.39
337 25.64 57.79 45.79 21.22 120.09
338 25.81 53.98 46.82 20.93 128.57
339 25.83 68.37 66.77 17.83 88.97
340 25.86 72.72 54.67 14.92 72.95
341 25.90 43.13 37.18 20.73 129.65
342 26.00 50.57 45.58 22.10 134.29
343 26.12 78.16 52.27 11.34 57.34
344 26.10 81.28 48.10 9.63 49.91
345 26.09 48.24 42.55 21.46 141.30
346 26.21 59.53 64.35 19.78 125.39
347 26.30 19.53 28.54 11.11 80.03
348 26.33 28.07 29.73 14.99 101.82
349 26.36 40.95 38.16 20.05 135.78
350 26.41 55.91 56.43 21.54 128.79
351 26.37 44.81 40.85 22.36 141.58
352 26.44 30.50 31.73 16.75 116.12
353 26.45 66.43 84.45 19.56 102.08
354 26.55 16.92 32.62 9.36 79.59
355 26.56 38.84 37.63 20.68 131.28
356 26.56 70.30 78.94 17.38 87.02
357 26.63 32.71 31.90 17.41 111.49
358 26.52 36.67 35.88 20.39 129.95
359 26.63 61.81 83.75 21.21 121.46
360 26.62 52.48 54.82 21.71 125.33
361 26.69 64.20 90.06 20.35 116.39
362 26.61 25.28 33.42 14.44 98.25
363 26.73 34.71 34.43 18.52 117.91
364 26.79 22.27 31.69 12.44 94.30
365 26.80 46.71 47.81 20.75 143.30
366 26.86 74.20 64.47 14.61 79.75
367 27.07 57.64 81.81 21.27 131.29
368 27.01 14.47 38.87 8.10 72.10
369 26.97 42.44 46.04 21.92 148.98
370 27.04 50.64 57.75 21.15 136.04
371 27.25 54.34 70.82 21.03 137.72
372 27.28 80.03 69.51 10.76 59.74
373 27.23 48.63 58.63 23.85 147.52
374 27.39 68.26 105.65 18.01 103.54
375 27.32 29.18 35.95 15.93 118.03
376 27.35 59.86 97.39 21.00 135.42
377 27.53 77.00 71.51 12.90 71.61
378 27.67 27.06 46.86 15.55 111.34
379 27.59 43.80 51.34 21.59 146.50
380 27.69 71.47 91.40 16.77 95.12
381 27.55 37.19 43.75 18.54 132.90
382 27.56 65.59 117.67 19.55 118.96
383 27.69 19.49 46.87 10.85 87.91
384 27.63 39.19 44.10 21.79 137.86
385 27.78 24.68 51.20 14.24 105.85
386 27.76 31.31 46.28 17.54 123.88
387 27.67 45.67 61.82 23.44 146.94
388 27.76 33.34 42.09 18.45 122.16
389 27.78 40.99 53.52 20.94 140.29
390 27.78 62.47 119.33 19.39 129.93
391 27.95 16.79 57.15 10.31 83.96
392 27.91 52.26 80.44 21.32 139.08
393 27.97 35.39 44.58 19.03 123.34
394 28.02 22.34 49.66 13.13 102.99
395 28.05 56.00 95.84 22.04 142.62
396 27.92 83.16 66.23 9.34 43.80
397 28.02 74.23 85.87 14.96 87.32
398 28.24 13.81 65.67 8.10 75.35
399 28.18 49.97 83.26 22.23 138.67
400 28.22 47.53 81.03 23.02 140.15
401 28.23 81.76 71.56 10.03 54.87
402 28.28 58.19 125.09 22.09 138.25
403 28.52 60.27 141.64 21.83 132.70
404 28.46 42.53 73.53 23.02 145.57
405 28.46 54.02 109.86 23.65 142.84
406 28.46 68.97 112.59 18.83 99.78
407 28.50 29.43 55.29 17.04 124.18
408 28.57 64.16 134.78 21.57 138.82
409 28.66 66.58 123.22 19.71 115.90
410 28.57 37.79 57.43 19.19 142.02
411 28.68 78.94 78.24 11.41 73.90
412 28.70 45.11 87.30 20.81 152.56
413 28.79 26.24 71.77 15.48 110.92
414 28.81 40.25 73.54 20.16 134.02
415 28.86 32.09 64.64 17.98 122.61
416 29.02 76.22 86.83 14.49 76.44
417 28.96 18.70 75.59 10.90 91.06
418 28.99 21.39 77.42 12.29 102.37
419 28.97 34.40 71.32 20.82 128.57
420 29.10 73.09 106.75 17.44 95.77
421 29.07 51.24 110.29 23.02 147.28
422 29.20 61.98 145.38 21.66 129.26
423 29.11 48.97 99.27 23.57 141.23
424 29.12 56.83 138.14 23.23 150.04
425 29.30 23.95 90.03 15.29 109.05
426 29.23 70.66 111.73 17.95 95.97
427 29.25 84.61 69.65 9.50 47.38
428 29.44 15.85 90.48 10.16 85.04
429 29.39 28.33 95.16 17.40 118.37
430 29.39 36.56 81.81 20.96 144.05
431 29.30 43.26 103.15 21.50 146.56
432 29.35 46.97 111.05 22.39 144.86
433 29.37 81.39 78.44 12.13 61.52
434 29.52 12.81 85.53 8.16 68.48
435 29.62 55.08 153.18 24.09 143.90
436 29.43 53.13 128.78 23.02 142.88
437 29.55 38.93 94.93 20.26 140.91
438 29.58 59.02 150.08 24.07 143.70
439 29.65 64.85 133.39 21.00 129.69
440 29.73 30.67 98.20 18.10 124.12
441 29.84 68.00 123.22 20.51 112.04
442 29.79 33.03 106.33 19.73 134.49
443 29.92 41.39 120.67 22.57 142.92
444 29.85 45.09 129.58 23.18 153.52
445 29.93 26.26 114.38 16.22 115.29
446 30.11 49.56 138.62 24.36 147.77
447 30.11 18.71 110.63 12.19 89.22
448 30.18 21.60 116.25 14.32 98.30
449 30.17 35.22 119.22 20.33 134.24
450 30.16 51.80 149.31 24.16 146.18
451 30.32 77.59 91.45 14.57 75.03
452 30.18 74.43 96.73 17.73 88.92
453 30.39 56.88 150.62 23.97 143.05
454 30.25 60.94 141.77 22.66 142.64
455 30.37 86.52 67.94 9.20 39.40
456 30.42 43.24 146.14 21.90 152.60
457 30.30 47.52 138.36 23.58 151.07
458 30.46 10.88 92.44 7.35 69.73
459 30.48 63.23 131.10 21.22 136.41
460 30.40 70.76 114.55 19.60 99.18
461 30.47 28.60 133.77 17.52 122.80
462 30.48 37.69 122.09 22.07 142.82
463 30.53 80.34 79.72 13.34 62.78
464 30.60 24.11 131.56 15.52 101.35
465 30.51 39.76 129.45 23.02 146.00
466 30.54 53.98 158.94 24.10 141.82
467 30.72 83.41 73.32 11.52 47.02
468 30.61 65.81 119.02 21.10 125.02
469 30.72 59.10 137.81 22.29 144.02
470 30.72 32.94 139.20 18.74 136.93
471 30.94 16.61 110.53 10.76 81.71
472 30.85 30.81 133.62 17.77 124.32
473 30.77 45.28 153.94 24.21 153.60
474 31.05 13.79 103.50 8.75 82.53
475 31.02 51.18 159.85 23.96 149.54
476 31.11 26.52 150.88 17.41 116.77
477 31.13 48.76 157.88 25.04 151.53
478 31.15 67.83 114.44 21.56 113.64
479 31.17 41.62 146.34 21.81 142.92
480 31.23 19.82 126.82 14.12 93.85
481 31.17 35.71 142.82 21.25 133.14
482 31.33 72.39 97.47 19.17 93.35
483 31.31 75.20 98.96 17.63 85.06
484 31.40 55.61 147.63 25.22 150.15
485 31.36 62.16 122.52 22.66 137.66
486 31.46 46.70 157.38 24.02 150.68
487 31.47 53.39 159.16 26.09 144.61
488 31.67 22.21 127.52 14.97 95.13
489 31.58 43.71 163.95 22.75 144.57
490 31.62 39.68 162.62 22.85 143.79
491 31.63 57.80 131.97 24.03 141.12
492 31.67 29.25 143.77 18.85 120.97
493 31.68 33.63 142.55 21.02 139.27
494 31.65 37.67 142.63 22.07 134.25
495 31.70 64.92 117.06 21.99 126.39
496 31.79 69.79 105.27 20.93 104.92
497 31.76 86.19 64.54 10.30 34.07
498 31.80 60.24 119.70 24.93 136.52
499 31.90 11.44 97.12 7.90 70.30
500 31.99 77.38 86.36 16.12 69.83
501 31.81 80.09 80.97 13.98 59.31
502 32.00 24.50 143.00 15.96 101.52
503 31.92 50.45 160.36 25.15 151.54
504 32.17 31.65 144.68 18.82 131.86
505 32.22 15.91 102.64 11.14 77.06
506 32.27 82.62 74.94 11.93 45.75
507 32.26 27.13 150.91 19.06 111.57
508 32.26 48.42 152.34 22.66 148.34
509 32.38 18.87 115.63 13.29 86.82
510 32.39 35.75 138.99 21.91 131.28
511 32.38 41.79 148.73 23.86 149.89
512 32.39 45.77 155.02 24.32 148.93
513 32.41 67.07 102.92 23.39 119.13
514 32.48 52.37 147.42 25.98 148.64
515 32.46 62.87 110.87 23.60 130.94
516 32.49 54.54 136.73 23.86 147.64
517 32.52 74.56 93.48 19.15 77.31
518 32.64 56.68 121.66 25.15 151.08
519 32.69 71.72 87.69 19.96 92.19
520 32.74 58.92 112.90 23.95 132.04
521 32.73 39.71 156.05 24.17 136.33
522 32.74 43.79 153.57 22.89 151.73
523 32.92 30.11 142.82 19.74 127.00
524 32.81 33.55 142.36 20.57 139.94
525 32.98 37.62 138.14 21.60 138.00
526 33.09 14.24 98.39 10.56 69.09
527 33.05 22.43 111.50 15.14 96.51
528 33.00 60.91 103.54 23.09 120.84
529 33.04 50.41 146.33 25.50 143.12
530 33.12 64.92 90.93 22.71 118.41
531 33.14 68.99 93.84 21.79 104.11
532 33.14 80.36 76.95 15.99 50.73
533 33.20 25.14 129.95 17.43 101.76
534 33.32 11.18 83.43 8.54 64.38
535 33.25 47.40 127.91 24.38 148.31
536 33.30 84.23 76.03 13.16 31.91
537 33.37 27.88 133.97 18.32 109.34
538 33.31 76.75 78.02 18.68 58.33
539 33.53 20.15 107.09 14.22 94.19
540 33.67 34.96 125.78 22.28 131.99
541 33.79 17.20 91.20 12.21 76.82
542 33.72 41.23 131.48 22.10 137.86
543 33.69 45.36 127.39 24.50 141.97
544 33.67 52.36 121.70 26.10 138.37
545 33.71 54.34 100.98 25.91 128.43
546 33.66 62.87 95.40 23.50 114.58
547 33.82 66.80 89.94 24.11 106.22
548 33.86 32.49 121.68 21.52 130.05
549 33.70 73.14 82.81 20.18 68.87
550 33.86 8.07 64.37 6.90 46.08
551 33.88 43.25 128.80 24.61 144.84
552 33.80 56.34 99.09 24.38 138.59
553 33.91 39.10 133.17 23.00 146.94
554 33.96 49.13 125.08 24.80 139.18
555 33.92 58.60 98.85 24.42 126.38
556 33.99 87.85 59.58 13.21 16.80
557 34.08 70.18 86.87 22.41 82.17
558 34.16 30.15 117.81 20.49 120.36
559 34.22 37.11 118.70 21.37 133.25
560 34.31 60.69 98.34 26.70 111.86
561 34.30 78.27 81.45 18.37 47.79
562 34.34 81.51 77.59 18.10 37.10
563 34.45 13.88 78.63 10.89 63.28
564 34.41 22.65 92.43 15.49 90.81
565 34.35 25.26 108.17 17.21 100.53
566 34.39 47.29 111.34 24.38 131.55
567 34.50 50.99 106.70 25.21 128.77
568 34.40 85.49 71.23 14.04 21.32
569 34.55 27.85 106.10 18.84 105.19
570 34.47 65.06 87.13 23.31 101.02
571 34.59 75.14 83.51 21.16 46.86
572 34.83 10.74 63.38 8.48 55.79
573 34.74 68.10 80.69 23.82 85.29
574 34.81 20.02 83.01 14.08 86.40
575 34.85 35.45 108.52 21.62 126.58
576 34.81 45.04 107.00 25.02 142.15
577 34.86 53.15 96.73 25.85 126.02
578 34.82 63.00 91.51 26.49 108.12
579 34.79 84.11 80.05 16.50 21.38
580 34.90 41.87 105.45 23.82 132.05
581 34.92 55.41 84.29 26.37 119.30
582 34.86 72.26 93.17 22.62 62.58
583 34.97 39.54 105.63 23.33 134.39
584 34.99 57.48 85.94 26.44 120.28
585 35.12 31.38 98.05 18.75 117.75
586 35.32 33.43 106.88 21.42 115.42
587 35.18 16.97 74.98 12.81 70.06
588 35.35 89.29 60.73 14.50 9.32
589 35.31 49.81 96.51 26.65 127.68
590 35.33 59.38 90.04 27.41 107.98
591 35.49 26.50 88.57 18.19 89.84
592 35.53 23.98 80.14 17.17 90.47
593 35.49 37.59 95.59 23.48 128.62
594 35.56 79.98 95.22 22.70 25.75
595 35.63 29.28 85.75 20.45 100.07
596 35.54 43.82 97.13 23.45 125.78
597 35.43 47.58 86.72 24.28 124.85
598 35.57 69.49 90.70 27.03 61.39
599 35.23 71.04 95.00 25.00 63.71
600 35.55 61.41 86.36 27.58 97.90
601 35.57 64.86 87.81 25.12 80.04
602 35.62 76.94 93.00 23.54 32.76
603 35.87 86.29 83.68 18.39 14.03
604 35.83 83.19 82.97 19.30 18.14
605 35.81 13.51 59.74 10.18 56.26
606 35.69 74.24 90.98 24.82 40.12
607 35.92 21.69 71.23 16.55 79.70
608 35.83 52.32 91.00 27.22 116.12
609 35.90 66.98 88.12 25.72 75.78
610 35.97 45.95 92.50 26.59 109.46
611 35.86 54.49 86.39 27.95 106.23
612 35.97 40.74 86.26 22.71 109.82
613 36.22 19.13 61.45 14.90 68.69
614 36.25 10.42 46.25 9.76 45.09
615 36.19 34.92 85.33 22.40 106.58
616 36.05 72.60 97.19 26.10 35.65
617 36.15 58.14 91.00 27.90 94.53
618 36.34 31.06 83.62 20.26 98.34
619 36.36 42.59 88.13 25.67 113.36
620 36.23 62.97 87.77 26.50 74.73
621 36.35 49.02 85.14 26.76 109.44
622 36.37 56.12 86.64 29.04 98.91
623 36.55 16.24 57.14 13.29 57.12
624 36.44 51.00 85.00 27.94 109.25
625 36.40 71.47 96.55 28.41 41.07
626 36.62 36.82 86.94 22.35 116.29
627 36.53 39.03 91.86 23.69 113.58
628 36.55 27.66 73.33 20.48 89.43
629 36.62 25.07 72.85 19.36 79.96
630 36.62 60.59 100.37 27.79 71.26
631 36.83 7.44 36.69 8.33 30.00
632 36.73 44.54 95.60 25.48 99.74
633 36.82 68.92 102.01 29.54 46.25
634 36.78 77.77 104.26 25.91 20.75
635 36.91 32.92 85.37 22.65 100.09
636 36.92 47.51 88.27 26.46 91.36
637 36.88 74.43 110.12 27.63 25.70
638 36.86 53.51 95.00 28.70 89.95
639 36.97 64.48 102.57 28.67 59.28
640 37.07 80.60 104.49 28.48 15.17
641 36.80 81.96 99.76 24.24 14.12
642 37.04 87.42 84.39 20.80 9.29
643 37.08 22.39 65.55 17.19 65.63
644 37.13 66.31 107.13 31.04 53.30
645 37.23 13.46 46.83 11.54 37.12
646 37.25 29.69 76.50 21.60 82.74
647 37.19 59.06 102.35 29.19 67.95
648 37.48 84.13 88.52 26.97 10.35
649 37.28 57.31 98.54 31.02 78.79
650 37.31 62.49 102.33 30.84 53.96
651 37.40 35.28 89.63 24.19 89.58
652 37.41 19.70 59.42 16.43 59.64
653 37.59 40.40 82.00 25.52 84.57
654 37.40 42.41 84.44 24.98 85.73
655 37.59 9.86 40.79 10.18 27.35
656 37.53 46.15 90.09 28.19 75.30
657 37.43 49.53 91.23 29.58 82.87
658 37.40 51.58 91.78 29.10 73.63
659 37.49 55.18 97.94 31.14 73.69
660 37.50 71.26 109.64 32.24 28.86
661 37.61 38.19 79.55 24.39 88.25
662 37.78 27.45 71.78 21.44 62.57
663 37.72 25.40 66.50 20.90 63.65
664 38.03 17.79 58.75 15.37 46.72
665 37.98 75.63 115.94 33.04 17.83
666 38.12 31.56 77.62 22.54 67.43
667 37.99 44.40 91.16 27.19 69.00
668 38.06 78.87 114.39 31.59 14.66
669 38.06 60.67 117.37 33.58 46.84
670 38.01 68.40 118.29 35.87 36.63
671 38.19 23.65 65.24 19.68 44.19
672 38.05 33.62 79.18 24.39 72.40
673 38.07 53.03 109.77 32.19 58.30
674 38.16 65.62 111.29 34.02 41.07
675 38.29 90.08 68.58 24.60 6.36
676 38.41 21.39 62.96 18.33 41.51
677 38.32 36.57 81.80 24.62 63.56
678 38.43 58.91 119.12 34.16 44.16
679 38.41 72.72 120.15 37.04 21.16
680 38.44 82.03 99.45 33.03 10.73
681 38.43 48.64 98.00 29.78 56.98
682 38.35 56.82 121.36 34.08 52.17
683 38.42 87.16 85.98 27.76 8.34
684 38.51 15.01 54.02 15.47 26.60
685 38.40 29.48 76.11 22.13 54.04
686 38.39 50.79 104.90 32.64 52.19
687 38.35 62.93 111.45 35.63 39.28
688 38.58 12.05 49.72 13.20 22.62
689 38.70 7.92 40.29 10.53 15.32
690 38.55 42.40 91.07 28.37 57.07
691 38.65 38.89 84.33 27.64 56.57
692 38.60 46.79 94.14 31.54 53.00
693 38.83 69.69 123.93 41.52 23.79
694 38.67 54.63 115.42 34.42 46.55
695 38.94 25.68 68.99 21.54 36.17
696 38.64 80.67 104.73 35.55 11.09
697 39.09 19.32 60.33 18.54 27.59
698 39.07 34.79 82.75 25.54 50.54
699 39.10 84.57 90.04 34.18 9.22
700 39.17 27.89 75.14 24.58 36.65
701 39.14 76.80 102.94 41.45 13.78
702 39.19 40.68 88.32 29.47 47.12
703 39.15 44.73 101.11 31.76 46.13
704 39.18 67.45 132.82 45.00 22.72
705 39.32 32.52 84.45 26.09 45.43
706 39.26 52.27 120.91 38.64 39.19
707 39.24 61.17 134.01 42.01 35.46
708 39.33 63.58 139.09 41.73 28.36
709 39.56 17.04 58.94 17.92 22.45
710 39.42 30.37 77.51 24.67 41.80
711 39.41 36.89 84.73 27.55 43.45
712 39.35 65.46 140.66 46.00 28.26
713 39.66 10.47 51.70 13.48 12.65
714 39.40 58.16 134.10 42.14 34.39
715 39.44 74.50 116.46 43.04 14.29
716 39.54 79.66 105.07 42.61 11.28
717 39.59 91.35 59.73 32.98 5.29
718 39.64 23.79 69.64 22.53 28.35
719 39.51 49.79 119.55 34.66 36.62
720 39.64 56.07 135.21 40.09 31.75
721 39.62 72.81 126.39 47.91 15.23
722 39.75 21.49 63.21 20.42 25.12
723 39.67 46.77 103.62 32.60 32.68
724 39.81 71.14 131.11 47.30 17.36
725 39.77 86.89 74.57 34.57 6.84
726 39.87 13.95 55.32 17.42 13.70
727 39.80 42.61 109.31 32.38 30.81
728 39.84 54.18 131.30 41.89 36.30
729 39.90 38.81 93.89 30.83 34.50
730 40.17 26.30 79.87 25.14 25.63
731 40.03 60.05 137.50 50.03 27.25
732 40.28 69.16 129.25 55.40 15.90
733 40.34 28.86 74.88 27.19 25.16
734 40.44 81.49 84.10 48.79 9.12
735 40.57 8.58 55.03 15.49 9.02
736 40.25 35.55 97.49 28.81 30.19
737 40.36 44.71 117.00 34.16 25.48
738 40.44 33.39 97.35 28.55 28.45
739 40.35 48.20 123.85 39.64 28.38
740 40.40 52.00 129.26 41.60 26.68
741 40.44 62.03 139.35 53.02 23.00
742 40.37 66.82 131.90 56.02 18.16
743 40.45 58.13 146.47 50.05 23.81
744 40.42 64.36 144.01 52.35 19.97
745 40.54 75.14 112.81 54.24 12.29
746 40.58 84.50 76.44 45.02 8.44
747 40.60 19.14 72.27 24.60 15.61
748 40.56 31.21 81.75 28.05 26.59
749 40.67 40.34 114.96 35.86 23.17
750 40.63 77.91 93.22 48.58 10.11
751 40.74 16.37 68.51 21.36 11.75
752 40.73 50.22 125.41 43.53 23.16
753 40.92 56.17 145.96 51.72 20.85
754 40.86 90.49 60.88 43.79 6.25
755 40.89 11.63 57.61 15.82 8.69
756 40.80 22.12 77.11 28.14 18.31
757 40.93 24.68 78.29 29.02 17.70
758 40.98 37.53 107.73 35.40 21.87
759 40.87 53.99 142.06 49.53 24.73
760 41.04 42.81 124.39 39.25 24.36
761 41.11 46.69 123.65 43.42 22.37
762 41.06 71.64 111.56 65.52 14.21
763 41.16 60.35 143.05 60.16 19.25
764 41.21 87.12 68.64 52.41 7.08
765 41.23 13.06 59.71 19.77 9.20
766 41.07 15.20 65.54 18.92 10.62
767 41.33 27.34 84.94 31.62 18.11
768 41.43 35.13 112.65 36.15 18.78
769 41.39 67.98 125.68 70.25 13.23
770 41.56 48.66 141.05 53.02 19.41
771 41.47 65.79 133.55 74.83 15.32
772 41.48 70.09 116.30 75.05 14.89
773 41.64 29.76 99.89 35.78 17.87
774 41.61 32.55 100.49 37.16 18.67
775 41.59 44.89 141.05 46.63 21.00
776 41.54 58.42 139.81 64.36 18.68
777 41.60 63.46 145.11 75.15 17.35
778 41.77 20.29 89.83 32.67 11.90
779 41.82 78.77 79.09 64.30 10.25
780 41.82 52.75 146.51 59.06 19.45
781 41.84 81.80 70.42 64.99 9.76
782 41.73 41.06 124.41 43.31 18.89
783 41.75 75.65 97.39 74.65 11.69
784 41.88 50.81 137.31 57.57 19.10
785 41.92 9.32 56.15 20.88 6.43
786 41.98 14.80 73.38 25.91 8.36
787 41.93 17.72 75.91 29.84 10.98
788 41.86 23.14 93.46 35.40 13.18
789 41.86 54.93 142.26 60.43 19.33
790 41.97 38.83 115.95 45.02 17.95
791 42.18 84.85 55.87 59.74 7.95
792 42.14 25.78 107.06 37.69 13.23
793 42.15 91.15 47.05 51.03 5.44
794 42.31 56.90 126.87 69.52 17.22
795 42.40 72.99 96.59 93.03 12.90
796 42.35 93.93 25.97 36.81 3.84
797 42.43 36.58 120.78 48.22 13.70
798 42.37 43.20 131.62 50.80 16.72
799 42.59 12.41 60.29 29.17 6.30
800 42.62 88.16 52.02 60.10 7.14
801 42.56 59.23 121.91 80.57 16.41
802 42.50 69.17 104.08 91.89 13.84
803 42.60 45.67 138.93 55.93 16.32
804 42.69 29.02 106.62 43.42 12.15
805 42.65 34.16 106.04 49.60 14.17
806 42.55 48.27 139.25 59.69 15.10
807 42.62 66.90 110.39 94.01 14.10
808 42.73 31.57 107.86 46.51 13.41
809 42.72 64.70 126.35 96.71 14.88
810 42.76 61.11 125.22 84.00 15.28
811 42.87 21.49 93.93 40.93 10.59
812 42.91 41.18 128.42 55.49 15.34
813 42.84 54.31 132.16 75.41 16.00
814 42.84 6.99 48.54 25.85 4.98
815 42.95 76.30 82.99 92.03 11.43
816 43.03 23.91 92.89 45.41 10.83
817 43.01 50.38 129.98 71.48 15.29
818 43.16 18.86 85.66 41.72 8.56
819 43.05 62.94 120.12 92.67 14.67
820 43.21 79.20 66.19 81.02 9.92
821 43.16 16.29 69.74 41.52 7.33
822 43.12 26.99 111.83 50.77 11.72
823 43.17 38.94 120.38 57.45 12.93
824 43.21 5.61 47.00 24.00 4.63
825 43.25 82.72 56.30 72.36 8.19
826 43.39 52.65 117.51 81.51 14.39
827 43.32 9.93 52.45 30.38 5.60
828 43.38 91.50 42.77 58.18 5.03
829 43.43 56.10 118.62 90.95 14.42
830 43.41 46.91 131.29 66.67 13.81
831 43.57 43.67 128.23 66.21 14.74
832 43.54 57.96 110.51 90.75 14.61
833 43.73 86.38 51.92 71.18 7.78
834 43.70 36.82 113.37 62.61 12.26
835 43.69 70.22 87.87 109.97 12.92
836 43.81 94.71 22.37 40.89 2.93
837 43.87 32.46 96.55 62.11 11.06
838 43.82 34.65 103.19 63.83 11.25
839 43.74 60.09 108.81 100.26 15.33
840 43.72 66.18 101.96 117.69 13.77
841 43.91 74.58 75.43 105.04 11.68
842 43.91 13.90 58.76 45.35 6.75
843 43.91 30.04 99.17 63.85 10.32
844 43.88 72.40 87.88 111.47 12.20
845 43.99 25.61 98.71 60.90 9.75
846 43.99 48.98 120.66 85.18 13.74
847 44.03 21.72 83.59 56.82 8.18
848 44.23 68.14 84.00 118.79 12.46
849 44.05 41.21 116.55 73.02 12.45
850 44.25 27.97 90.66 67.47 9.94
851 44.12 51.10 112.72 94.50 13.82
852 44.16 62.40 100.33 112.76 13.11
853 44.24 19.59 74.45 62.12 8.18
854 44.26 54.94 103.34 100.74 13.41
855 44.30 7.81 39.72 34.95 4.25
856 44.14 64.48 95.25 113.75 13.53
857 44.45 89.20 47.46 69.54 6.11
858 44.34 80.07 58.26 87.02 10.01
859 44.44 23.77 87.69 66.91 9.25
860 44.58 16.81 60.07 58.13 7.13
861 44.45 38.76 97.31 77.51 12.30
862 44.50 45.01 111.22 86.97 13.32
863 44.45 47.00 116.02 91.21 12.95
864 44.47 83.46 52.12 82.25 9.10
865 44.66 76.65 65.20 106.53 10.92
866 44.64 10.94 39.62 42.20 4.98
867 44.59 92.38 38.98 61.26 4.96
868 44.63 57.39 96.20 109.30 13.85
869 44.74 53.06 94.79 112.76 13.49
870 44.77 59.48 94.30 119.21 12.91
871 44.95 43.01 99.84 94.26 13.30
872 44.92 36.14 90.85 79.71 10.63
873 44.97 31.42 80.68 82.03 10.37
874 44.96 66.34 81.04 121.24 11.94
875 45.11 69.96 76.48 130.39 12.63
876 45.01 72.27 75.26 119.08 12.03
877 45.23 33.84 83.59 82.48 10.60
878 45.14 63.95 76.86 126.48 12.33
879 45.13 50.27 91.37 117.52 12.77
880 45.22 86.17 52.56 81.60 7.75
881 45.27 13.86 39.72 59.36 6.31
882 45.25 40.82 96.36 101.51 11.86
883 45.26 61.52 84.32 134.18 14.05
884 45.40 6.48 29.16 42.35 4.17
885 45.40 21.74 61.46 81.43 8.31
886 45.31 26.01 67.15 84.71 9.20
887 45.37 19.53 52.93 78.24 7.16
888 45.36 48.07 90.78 116.33 12.52
889 45.38 28.34 67.01 89.59 8.91
890 45.34 56.29 89.45 132.41 12.67
891 45.44 81.51 56.26 95.72 9.34
892 45.48 78.44 60.67 101.87 9.57
893 45.65 23.89 60.98 90.15 8.53
894 45.61 68.25 78.95 135.72 13.70
895 45.64 74.39 66.53 118.45 11.69
896 45.70 38.30 77.11 101.09 11.49
897 45.64 45.17 84.22 111.43 12.00
898 45.67 54.00 77.61 128.11 12.87
899 45.72 93.62 30.27 55.74 4.24
900 45.85 9.42 31.33 54.90 4.88
901 45.84 89.78 44.68 75.73 6.72
902 45.87 17.35 46.25 80.95 7.62
903 45.89 51.79 83.26 134.60 11.97
904 45.83 60.00 85.83 136.33 13.26
905 45.96 30.25 70.88 103.94 9.54
906 46.03 66.17 72.26 140.80 13.39
907 46.16 57.67 76.73 130.78 13.33
908 46.34 83.98 57.36 85.83 8.46
909 46.17 36.25 70.79 103.65 10.89
910 46.27 42.93 74.81 121.27 12.65
911 46.25 47.15 78.36 131.42 12.46
912 46.30 70.27 80.12 137.12 12.03
913 46.45 12.09 33.23 66.35 5.31
914 46.44 15.15 36.18 76.35 6.16
915 46.36 32.39 68.64 109.38 9.99
916 46.36 49.42 79.86 143.14 13.32
917 46.33 62.62 81.15 141.52 12.63
918 46.22 64.43 77.22 146.75 13.36
919 46.31 40.41 77.45 121.33 11.05
920 46.31 55.51 83.23 149.34 13.77
921 46.47 75.72 73.49 121.48 10.60
922 46.34 87.53 57.27 81.07 7.63
923 46.38 72.48 75.82 134.97 11.59
924 46.52 27.62 58.91 107.58 8.87
925 46.51 25.42 54.51 104.24 8.43
926 46.56 19.95 46.99 99.54 7.78
927 46.62 22.54 51.97 111.00 7.54
928 46.67 34.38 65.27 113.53 10.58
929 46.69 81.03 62.22 101.66 9.49
930 46.67 78.30 64.00 105.04 10.17
931 46.78 6.44 23.86 56.08 3.83
932 46.71 45.29 78.31 138.80 12.11
933 46.70 59.38 77.88 144.86 13.10
934 46.75 68.35 74.64 144.13 11.98
935 46.82 53.42 80.03 148.51 12.56
936 46.76 86.40 55.62 82.62 7.07
937 46.94 61.17 79.60 148.21 13.24
938 47.07 39.01 67.12 132.65 10.77
939 46.95 51.20 74.22 153.08 12.67
940 47.12 29.83 58.37 116.33 9.08
941 47.10 92.96 44.38 65.18 4.79
942 47.13 17.60 43.29 95.07 7.08
943 47.13 41.82 71.98 138.86 11.84
944 47.13 66.24 78.41 145.66 12.48
945 47.24 90.62 55.03 81.79 6.27
946 47.27 36.73 59.26 127.59 10.79
947 47.23 56.64 76.29 150.04 12.63
948 47.34 88.86 57.60 79.44 6.20
949 47.30 47.51 78.76 149.14 12.62
950 47.34 64.41 80.35 148.11 12.72
951 47.54 9.89 31.80 68.86 5.02
952 47.50 73.24 84.65 131.81 11.26
953 47.48 24.30 56.85 122.82 8.15
954 47.46 43.96 72.94 142.72 11.87
955 47.59 13.58 33.03 79.53 6.12
956 47.57 21.48 51.14 119.30 7.98
957 47.56 32.22 59.28 129.16 10.05
958 47.54 70.52 86.95 143.84 12.49
959 47.63 54.94 86.02 157.78 13.20
960 47.62 27.03 52.64 123.06 8.14
961 47.68 49.57 75.75 154.14 12.53
962 47.81 85.84 73.87 86.64 7.56
963 47.67 58.54 85.64 157.41 13.36
964 47.65 62.70 85.31 156.77 13.54
965 47.90 95.19 33.70 50.24 3.16
966 47.80 75.80 83.27 123.28 10.92
967 47.74 82.49 71.04 94.24 8.92
968 47.88 19.40 49.33 109.47 7.17
969 47.87 34.46 62.59 133.26 10.56
970 47.78 68.46 84.34 149.77 11.84
971 47.82 78.88 79.63 107.48 9.08
972 47.92 52.18 75.70 157.64 13.16
973 48.01 45.89 78.51 149.26 12.38
974 48.02 6.43 26.21 64.48 3.98
975 48.00 60.51 93.15 163.70 13.38
976 48.18 16.03 44.57 91.74 6.14
977 48.06 41.31 69.55 146.54 12.13
978 48.13 39.08 63.77 141.35 10.92
979 48.20 66.20 102.56 155.56 12.96
980 48.38 28.89 58.00 124.62 8.29
981 48.34 36.78 62.79 139.62 10.07
982 48.42 22.97 62.03 128.12 8.02
983 48.47 31.08 60.23 133.45 8.94
984 48.46 56.76 97.92 161.82 12.89
985 48.58 91.95 58.68 75.86 5.15
986 48.46 25.34 59.81 128.47 8.26
987 48.45 43.65 77.46 148.45 11.77
988 48.52 47.96 84.68 161.32 12.60
989 48.48 71.81 106.15 145.29 11.44
990 48.59 88.75 72.70 83.90 6.75
991 48.51 54.00 82.46 167.43 12.68
992 48.70 12.33 38.31 83.96 5.22
993 48.61 64.12 103.51 161.00 13.47
994 48.69 50.41 88.93 160.56 12.91
995 48.72 74.18 104.38 135.56 11.00
996 48.81 20.71 70.85 126.75 7.78
997 48.72 62.01 104.52 163.04 12.54
998 48.82 59.01 105.20 168.52 13.45
999 48.84 80.13 87.08 108.36 9.67
1000 48.98 18.03 61.04 113.10 6.79
1001 48.94 33.09 70.47 139.95 9.81
1002 48.79 68.26 103.62 152.50 12.41
1003 48.96 83.05 81.49 96.59 9.11
1004 48.98 8.99 31.16 70.68 4.47
1005 48.92 77.17 98.83 119.65 9.62
1006 49.11 27.16 65.57 137.76 8.67
1007 49.05 35.30 68.03 142.20 10.20
1008 49.19 5.30 31.35 63.08 3.49
1009 49.12 40.65 78.55 159.24 10.74
1010 49.09 45.80 85.24 156.36 11.79
1011 49.17 52.42 98.35 165.19 12.65
1012 49.23 70.34 111.27 148.90 11.59
1013 49.34 85.78 73.65 92.93 7.74
1014 49.23 38.40 77.08 150.97 10.24
1015 49.28 42.71 87.30 156.89 10.96
1016 49.22 66.15 117.38 158.76 13.56
1017 49.42 15.08 49.46 94.21 5.73
1018 49.32 55.36 111.02 169.78 13.02
1019 49.51 30.23 71.05 140.52 9.36
1020 49.45 60.69 121.63 165.87 12.41
1021 49.53 22.55 72.57 125.78 8.67
1022 49.55 24.78 72.94 128.65 7.78
1023 49.57 49.71 100.94 162.42 12.08
1024 49.57 72.71 116.90 142.60 11.25
1025 49.69 47.73 89.36 166.02 11.66
1026 49.56 57.64 112.65 162.65 12.78
1027 49.57 63.42 131.65 169.19 13.50
1028 49.85 19.61 71.44 117.21 7.32
1029 49.86 75.18 108.47 130.27 10.96
1030 49.83 89.45 62.89 84.36 6.57
1031 49.94 11.67 39.88 83.02 5.30
1032 50.00 36.81 76.77 143.90 10.09
1033 49.97 44.05 92.75 156.46 11.73
1034 49.91 68.77 121.26 158.09 13.41
1035 49.99 81.27 91.68 106.94 9.19
1036 50.07 32.39 77.54 142.84 9.25
1037 49.98 78.10 91.67 118.65 10.40
1038 50.19 92.42 52.59 75.17 4.87
1039 50.11 34.64 78.58 139.30 9.40
1040 50.03 53.66 118.15 164.23 11.58
1041 50.12 28.56 75.97 141.92 8.21
1042 50.23 51.45 110.05 165.02 12.38
1043 50.19 64.87 129.98 167.20 12.91
1044 50.20 8.35 39.93 76.74 4.24
1045 50.16 41.24 95.64 163.72 11.26
1046 50.18 66.82 120.08 165.49 13.63
1047 50.31 17.19 57.10 101.64 6.27
1048 50.24 39.14 96.20 154.61 10.93
1049 50.25 46.05 101.31 170.16 11.43
1050 50.24 56.15 124.30 166.66 11.94
1051 50.25 59.68 126.48 173.91 12.77
1052 50.33 95.60 30.58 48.52 2.33
1053 50.49 26.41 87.26 138.98 9.26
1054 50.33 71.08 118.11 150.17 11.80
1055 50.49 21.64 72.62 131.06 8.15
1056 50.61 86.75 58.23 90.44 7.39
1057 50.88 97.83 11.20 24.47 0.72
1058 50.59 58.17 130.98 167.10 12.14
1059 50.77 83.55 69.33 99.58 8.56
1060 50.73 4.90 28.98 64.96 3.33
1061 50.72 14.26 41.05 92.98 5.68
1062 50.68 24.09 76.15 132.06 7.78
1063 50.67 49.27 112.47 165.48 11.52
1064 50.82 30.79 74.95 136.40 9.14
1065 50.84 63.13 128.00 181.73 12.50
1066 50.83 73.44 106.00 141.60 11.57
1067 50.89 76.42 101.64 131.19 9.92
1068 50.96 42.49 105.69 158.05 11.16
1069 50.90 68.15 123.40 166.40 12.02
1070 50.99 54.97 119.56 160.40 11.71
1071 51.13 19.71 60.97 114.49 7.25
1072 51.06 37.79 88.73 146.54 10.43
1073 51.08 79.76 76.04 115.38 9.48
1074 51.12 33.44 75.91 141.95 10.26
1075 51.16 35.72 84.26 144.44 9.81
1076 51.13 44.75 107.72 163.28 11.77
1077 51.12 47.28 108.03 162.72 11.15
1078 51.12 52.79 122.54 166.61 11.76
1079 51.20 89.67 52.06 85.54 6.09
1080 51.31 11.13 31.65 81.38 5.39
1081 51.23 28.82 71.09 144.81 8.60
1082 51.39 40.12 95.80 155.46 11.14
1083 51.25 60.12 121.89 165.84 13.27
1084 51.22 69.92 113.80 154.26 11.35
1085 51.33 57.11 112.81 170.46 13.06
1086 51.44 7.96 29.35 74.39 3.93
1087 51.33 66.21 115.09 166.00 13.32
1088 51.46 92.87 43.08 72.00 4.72
1089 51.50 17.16 48.01 102.35 6.28
1090 51.54 50.68 116.60 162.14 11.88
1091 51.66 95.42 27.75 48.47 2.83
1092 51.56 26.82 69.37 142.22 8.76
1093 51.50 64.46 107.65 171.14 13.54
1094 51.59 22.24 58.76 123.34 7.47
1095 51.65 71.78 112.72 153.19 11.26
1096 51.76 62.18 110.53 171.57 12.84
1097 51.77 74.49 101.13 141.34 10.38
1098 51.87 24.58 56.71 131.48 8.71
1099 51.83 86.08 48.41 91.34 7.78
1100 51.92 31.95 64.56 141.39 9.59
1101 51.95 14.28 35.84 93.29 5.44
1102 51.89 77.09 83.71 139.36 11.07
1103 52.00 82.84 57.66 101.07 8.48
1104 51.86 54.41 107.40 168.53 11.45
1105 52.08 5.18 23.94 69.47 3.53
1106 52.09 48.63 96.10 168.27 11.68
1107 52.00 68.01 97.95 160.39 11.86
1108 52.05 42.15 87.93 157.39 11.46
1109 52.06 58.56 98.18 169.67 12.36
1110 52.12 34.80 73.17 149.15 10.40
1111 52.13 37.85 76.92 149.31 10.31
1112 52.09 44.42 93.58 159.50 11.37
1113 52.15 97.06 11.93 31.24 1.28
1114 52.17 29.49 56.30 143.08 9.16
1115 52.20 46.61 92.38 166.44 11.46
1116 52.23 79.78 63.49 109.48 9.51
1117 52.21 60.54 106.50 171.20 12.78
1118 52.33 19.76 46.99 110.33 6.85
1119 52.28 56.56 102.42 173.44 12.96
1120 52.39 52.54 100.79 167.76 12.23
1121 52.37 63.85 91.95 164.82 13.57
1122 52.53 88.93 41.72 86.17 5.73
1123 52.47 70.15 93.80 152.15 11.76
1124 52.54 39.93 71.25 151.12 10.30
1125 52.52 65.85 83.53 169.14 13.53
1126 52.67 11.79 27.60 80.96 5.07
1127 52.60 26.46 49.63 132.93 8.31
1128 52.64 22.56 48.40 124.81 7.88
1129 52.57 50.51 92.55 165.26 11.94
1130 52.61 72.70 84.61 143.14 11.02
1131 52.80 8.48 25.86 74.85 4.40
1132 52.72 16.86 35.60 102.89 6.11
1133 52.64 92.65 33.17 74.73 5.19
1134 52.90 36.39 64.92 149.78 9.64
1135 52.78 54.73 90.12 166.74 11.96
1136 52.80 75.56 75.18 129.60 10.90
1137 52.89 33.27 55.09 143.02 9.35
1138 52.93 62.29 83.55 171.92 12.24
1139 53.11 28.43 47.72 133.02 8.74
1140 53.04 30.91 48.43 139.57 8.82
1141 52.96 59.43 83.20 171.80 13.17
1142 53.04 42.73 71.48 154.61 11.00
1143 53.01 45.09 71.96 161.29 10.85
1144 52.99 68.06 79.79 157.88 12.85
1145 53.01 85.49 43.35 91.19 7.51
1146 53.13 95.83 16.37 43.69 2.40
1147 53.19 24.51 44.67 128.81 8.71
1148 53.19 82.24 51.77 106.75 8.42
1149 53.34 98.11 6.73 21.29 0.60
1150 53.23 78.65 63.20 115.09 9.24
1151 53.26 4.94 20.23 64.17 3.46
1152 53.26 47.22 68.15 161.39 11.80
1153 53.23 57.38 76.23 173.34 12.53
1154 53.39 14.54 30.01 89.78 5.50
1155 53.46 19.03 40.65 104.19 6.42
1156 53.51 38.44 59.00 150.14 10.05
1157 53.45 49.95 73.98 166.65 12.05
1158 53.44 52.34 79.39 162.49 12.10
1159 53.44 64.52 70.60 167.18 12.74
1160 53.59 21.61 43.80 112.82 7.55
1161 53.56 40.77 62.18 150.29 11.29
1162 53.50 70.83 70.90 150.92 11.18
1163 53.62 60.88 71.78 174.22 13.36
1164 53.60 73.33 69.12 138.23 10.08
1165 53.66 90.43 34.61 77.45 5.87
1166 53.71 34.76 56.18 139.34 9.62
1167 53.65 54.44 70.47 169.39 13.29
1168 53.86 10.65 26.38 78.87 5.05
1169 53.86 26.47 45.12 133.27 8.24
1170 53.80 66.50 67.83 158.09 12.03
1171 53.83 93.56 26.64 64.00 4.61
1172 53.77 75.94 60.31 123.38 9.92
1173 53.94 32.54 50.29 140.68 8.73
1174 53.92 87.32 38.52 87.81 7.48
1175 53.91 44.39 58.62 155.52 10.38
1176 53.87 68.66 69.05 154.17 12.26
1177 53.96 62.84 67.41 169.59 11.64
1178 54.05 30.32 48.94 136.54 8.70
1179 54.05 48.31 63.02 159.44 11.50
1180 54.06 58.83 67.20 163.33 12.41
1181 54.20 7.10 21.91 67.75 3.73
1182 54.17 36.54 52.80 141.55 9.50
1183 54.10 56.35 73.02 170.59 12.37
1184 54.22 81.18 47.72 103.56 8.61
1185 54.39 16.94 35.57 90.30 6.05
1186 54.30 24.37 45.05 125.10 7.74
1187 54.32 28.49 50.59 129.74 8.31
1188 54.46 84.28 42.49 95.73 7.76
1189 54.42 42.19 55.90 148.88 11.25
1190 54.32 51.58 64.10 163.78 11.10
1191 54.36 78.23 52.86 109.30 8.87
1192 54.53 46.33 64.58 155.26 11.40
1193 54.56 13.79 31.02 81.38 5.19
1194 54.57 39.76 56.98 146.10 10.02
1195 54.56 20.10 42.67 100.99 7.38
1196 54.54 53.82 64.32 166.24 12.16
1197 54.53 64.75 66.54 154.35 12.60
1198 54.55 70.01 59.40 145.85 11.94
1199 54.53 72.27 56.36 138.34 10.44
1200 54.61 60.85 66.26 158.81 12.30
1201 54.73 22.56 43.30 109.12 7.45
1202 54.68 74.92 59.51 125.24 10.34
1203 54.80 49.88 67.31 157.89 11.98
1204 54.87 33.95 54.96 136.18 9.21
1205 54.85 91.64 30.12 72.05 5.22
1206 54.84 67.60 63.44 152.65 13.41
1207 55.02 26.22 51.48 120.04 7.79
1208 54.96 31.65 62.56 136.51 8.89
1209 55.03 37.70 59.00 145.05 9.86
1210 54.95 44.14 61.17 150.72 10.65
1211 54.92 57.43 63.54 165.17 11.91
1212 54.93 94.28 22.92 55.07 4.04
1213 55.01 62.60 64.63 158.15 12.11
1214 55.11 87.66 40.10 82.29 7.02
1215 55.12 10.65 31.25 70.78 4.61
1216 55.30 47.93 66.56 151.78 11.58
1217 55.22 55.42 64.91 158.94 12.76
1218 55.22 59.27 68.78 155.87 11.78
1219 55.34 27.99 58.64 118.57 8.08
1220 55.44 35.54 65.77 142.77 10.08
1221 55.31 52.17 67.74 157.96 11.72
1222 55.32 80.64 51.41 107.74 8.89
1223 55.41 7.34 26.82 65.73 3.97
1224 55.41 77.48 56.43 110.70 9.77
1225 55.55 30.02 65.42 125.32 8.28
1226 55.42 65.67 72.15 152.79 11.50
1227 55.50 41.26 71.60 143.76 10.51
1228 55.52 69.58 64.83 143.18 10.95
1229 55.53 19.24 44.93 91.02 6.25
1230 55.59 24.48 55.27 106.73 7.81
1231 55.57 72.06 61.21 135.36 10.30
1232 55.67 16.40 43.52 79.62 5.50
1233 55.67 84.53 43.94 90.53 8.13
1234 55.71 45.59 71.11 141.53 9.58
1235 55.72 74.52 64.69 124.99 10.46
1236 55.88 13.49 35.53 75.55 5.23
1237 55.81 63.86 73.59 146.76 12.59
1238 55.83 22.04 50.29 94.34 6.97
1239 55.84 39.00 69.29 139.00 9.36
1240 55.83 61.28 76.56 152.70 11.95
1241 55.90 43.19 74.75 142.72 10.26
1242 55.82 50.06 79.14 147.72 11.14
1243 55.94 53.85 75.15 154.27 10.92
1244 55.93 32.67 66.69 131.64 9.33
1245 55.91 93.28 30.49 58.14 4.13
1246 55.94 67.43 72.87 146.70 12.06
1247 55.94 57.32 70.65 150.67 12.35
1248 56.30 82.47 52.27 96.07 8.49
1249 56.33 90.67 41.98 78.02 5.72
1250 56.28 10.29 35.59 66.00 4.72
1251 56.19 59.41 80.17 147.94 11.61
1252 56.27 36.94 69.83 127.32 10.08
1253 56.37 47.20 78.31 143.27 11.08
1254 56.35 87.57 43.67 78.56 5.85
1255 56.45 26.22 68.70 103.23 7.43
1256 56.34 28.17 72.43 116.21 8.09
1257 56.42 51.97 90.16 148.48 11.55
1258 56.49 55.48 84.67 149.61 12.22
1259 56.54 34.66 77.44 124.59 9.56
1260 56.43 76.87 77.78 116.22 9.06
1261 56.63 79.57 67.55 99.04 8.93
1262 56.56 5.77 30.69 57.23 3.42
1263 56.52 65.42 79.27 137.86 12.42
1264 56.53 69.50 79.66 139.77 11.45
1265 56.64 19.15 46.69 74.23 5.64
1266 56.61 30.49 75.27 113.41 8.73
1267 56.61 40.18 82.11 135.84 9.76
1268 56.65 62.84 89.16 143.27 12.36
1269 56.66 71.93 85.44 132.56 10.71
1270 56.72 49.54 81.60 145.11 11.07
1271 56.76 24.32 64.87 91.16 6.75
1272 56.79 44.58 87.11 137.60 10.45
1273 56.81 74.27 81.57 119.83 10.00
1274 56.89 42.37 89.87 127.16 10.36
1275 56.98 16.02 44.48 65.21 5.52
1276 56.91 21.96 53.20 83.05 7.05
1277 56.94 57.41 85.38 142.44 11.21
1278 56.96 61.04 97.62 144.77 11.34
1279 57.00 32.62 67.12 116.46 8.49
1280 57.29 8.29 36.54 56.77 3.47
1281 57.10 12.84 44.69 62.44 4.67
1282 57.07 67.74 86.11 136.53 11.85
1283 57.22 85.59 54.30 82.22 6.56
1284 57.14 93.72 34.50 54.55 4.08
1285 57.25 53.69 96.65 137.29 11.51
1286 57.25 37.05 76.91 114.51 9.40
1287 57.21 59.21 99.18 141.68 12.10
1288 57.28 28.37 72.21 100.19 8.47
1289 57.30 47.82 84.02 132.74 10.72
1290 57.39 82.22 74.41 91.88 7.66
1291 57.50 39.03 81.58 116.79 9.51
1292 57.40 64.07 97.10 137.90 12.10
1293 57.41 70.57 100.66 127.00 10.59
1294 57.49 51.77 94.91 136.59 11.06
1295 57.44 76.91 85.28 110.18 9.70
1296 57.60 45.71 90.07 128.28 11.07
1297 57.60 89.99 52.06 64.86 5.32
1298 57.52 66.03 100.75 138.67 11.19
1299 57.62 26.11 60.42 85.65 8.11
1300 57.68 35.02 72.34 104.12 8.70
1301 57.63 55.67 99.96 140.79 11.29
1302 57.69 30.44 60.96 95.50 7.39
1303 57.78 5.28 30.51 42.19 2.83
1304 57.75 41.29 94.40 117.11 10.28
1305 57.77 18.65 46.59 65.74 6.08
1306 57.78 49.81 83.51 127.82 11.53
1307 57.78 73.45 101.87 115.18 9.79
1308 57.93 23.89 52.99 72.27 6.65
1309 57.85 61.71 102.91 133.22 11.35
1310 58.07 10.54 36.97 52.23 4.52
1311 58.04 21.28 48.97 69.99 6.82
1312 57.99 43.47 95.34 116.09 10.50
1313 58.00 32.62 68.57 99.66 8.59
1314 58.08 69.19 113.20 125.29 11.02
1315 58.07 57.66 101.22 131.44 10.89
1316 58.08 59.68 106.07 124.84 11.79
1317 58.30 13.58 37.31 51.90 4.83
1318 58.35 80.78 77.38 87.05 7.90
1319 58.44 16.50 38.80 56.30 5.24
1320 58.32 47.72 85.82 120.10 10.65
1321 58.30 53.96 96.63 127.87 11.24
1322 58.23 71.59 114.50 115.58 10.84
1323 58.32 78.15 98.35 91.47 8.43
1324 58.35 84.14 60.98 75.22 7.40
1325 58.35 87.36 57.83 66.66 6.24
1326 58.33 93.15 42.83 49.73 3.99
1327 58.35 28.03 55.78 78.78 7.63
1328 58.35 37.39 73.40 104.37 8.23
1329 58.35 63.40 101.24 129.96 10.66
1330 58.41 67.31 112.67 126.76 12.02
1331 58.50 39.97 86.95 102.98 9.13
1332 58.49 65.37 116.69 121.00 10.52
1333 58.59 75.28 109.02 93.68 8.78
1334 58.58 51.93 91.33 120.02 11.26
1335 58.75 8.05 30.12 38.17 3.25
1336 58.72 30.16 54.93 77.55 6.97
1337 58.58 45.47 94.17 116.21 9.74
1338 58.67 55.60 97.89 122.46 11.70
1339 58.66 34.65 74.17 90.00 8.33
1340 58.85 6.39 30.87 37.61 2.83
1341 58.87 26.04 44.86 61.54 6.83
1342 58.79 49.71 83.26 110.39 9.78
1343 58.87 42.23 91.41 99.69 9.02
1344 59.05 90.69 54.22 54.23 4.47
1345 58.67 89.43 65.57 51.71 6.57
1346 58.99 19.04 37.14 49.70 5.52
1347 59.01 32.19 57.09 76.62 7.65
1348 58.91 61.22 100.93 116.14 11.14
1349 59.11 73.06 114.62 97.74 10.18
1350 59.12 21.89 43.21 52.34 6.34
1351 59.05 23.99 45.79 55.60 6.79
1352 59.03 58.99 106.95 113.65 11.91
1353 59.04 70.50 116.26 108.44 9.67
1354 59.13 95.05 29.93 34.95 2.31
1355 59.17 57.15 111.56 112.44 11.02
1356 59.26 36.50 72.78 87.12 9.00
1357 59.29 44.17 90.67 94.80 9.98
1358 59.26 10.62 29.72 38.27 4.16
1359 59.30 38.61 81.19 96.06 9.08
1360 59.30 46.76 92.49 99.26 8.47
1361 59.45 14.46 31.65 40.89 4.51
1362 59.34 63.63 98.09 115.09 11.40
1363 59.31 67.67 106.54 111.09 11.35
1364 59.42 83.92 72.55 69.12 7.42
1365 59.40 77.65 98.51 80.53 8.93
1366 59.49 27.84 46.57 59.48 7.82
1367 59.49 54.11 97.42 101.98 10.98
1368 59.53 87.76 68.69 60.37 5.78
1369 59.61 80.71 77.93 74.76 7.69
1370 59.55 51.99 89.72 108.92 9.96
1371 59.61 33.76 59.09 69.51 8.67
1372 59.67 40.92 80.06 82.81 9.41
1373 59.63 65.58 96.77 109.19 10.27
1374 59.69 29.86 50.36 58.93 7.10
1375 59.74 49.87 81.57 92.21 9.62
1376 59.88 17.28 31.41 36.72 5.23
1377 59.88 69.45 104.54 94.57 9.46
1378 59.95 74.99 95.59 83.42 9.01
1379 60.02 92.19 46.67 44.98 4.38
1380 59.98 48.01 87.86 86.63 9.92
1381 59.85 61.54 94.87 104.47 10.19
1382 59.77 93.32 41.79 43.21 3.79
1383 59.98 7.66 28.30 29.21 2.94
1384 59.98 56.03 96.04 101.18 10.67
1385 59.93 59.66 96.98 99.80 10.46
1386 60.04 25.51 40.73 45.75 7.56
1387 60.01 35.40 60.82 65.40 7.84
1388 60.07 22.82 38.48 42.44 6.01
1389 60.12 31.85 54.00 57.48 7.70
1390 60.14 43.00 88.02 70.50 7.94
1391 60.12 45.37 91.96 75.69 8.92
1392 60.28 11.74 26.97 30.35 3.94
1393 60.17 71.96 96.73 92.18 9.17
1394 60.31 85.80 66.46 58.51 6.20
1395 60.32 19.98 36.38 36.87 5.72
1396 60.19 39.16 80.11 74.20 9.27
1397 60.30 57.91 93.20 98.35 10.54
1398 60.32 63.31 83.33 95.88 10.64
1399 60.40 67.03 89.19 95.64 9.96
1400 60.43 77.92 85.21 69.29 8.06
1401 60.53 37.09 65.87 56.89 8.68
1402 60.47 53.24 83.06 85.37 10.24
1403 60.46 28.28 42.46 47.72 7.96
1404 60.50 51.19 75.48 82.83 9.52
1405 60.65 89.86 52.33 41.96 4.63
1406 60.65 82.68 72.90 56.44 7.12
1407 60.72 15.01 29.57 28.37 4.54
1408 60.72 30.26 48.87 49.72 6.89
1409 60.74 33.49 56.20 47.77 7.20
1410 60.74 65.13 83.85 92.17 10.53
1411 60.77 41.30 76.87 56.60 9.02
1412 60.87 55.28 82.72 81.46 10.58
1413 60.93 69.21 86.23 81.26 9.24
1414 60.90 46.97 89.31 69.50 9.86
1415 60.96 9.20 24.73 24.01 3.59
1416 61.06 26.82 42.95 34.45 7.00
1417 60.98 49.32 81.19 70.68 9.81
1418 60.92 59.48 81.93 85.40 11.04
1419 60.96 61.50 74.95 87.16 10.84
1420 61.04 24.53 41.05 35.09 6.33
1421 61.01 44.46 74.04 58.28 8.89
1422 61.09 74.52 80.54 71.00 8.52
1423 61.13 17.80 32.99 26.64 5.47
1424 61.07 22.44 37.71 32.50 6.62
1425 61.09 39.14 67.00 55.96 8.40
1426 61.26 35.36 60.16 46.69 8.47
1427 61.38 80.57 73.54 57.44 6.99
1428 61.23 57.40 77.43 76.74 9.91
1429 61.29 71.88 82.78 77.26 9.05
1430 61.46 92.83 29.55 31.73 3.46
1431 61.37 63.36 77.02 80.33 9.93
1432 61.44 86.70 56.87 40.40 5.84
1433 61.46 12.22 25.01 20.86 4.29
1434 61.42 31.67 52.45 40.45 8.09
1435 61.45 51.29 79.52 63.34 9.60
1436 61.43 53.44 82.36 67.20 10.54
1437 61.42 77.50 81.51 65.46 7.86
1438 61.55 42.86 73.72 50.33 9.46
1439 61.49 67.07 76.15 77.22 9.42
1440 61.57 28.80 47.21 31.18 8.16
1441 61.79 37.04 66.59 40.41 8.72
1442 61.83 14.50 28.90 18.40 4.46
1443 61.72 46.13 71.11 51.82 9.00
1444 61.85 33.68 58.10 33.40 8.69
1445 61.98 83.69 64.94 44.67 6.03
1446 61.67 29.96 52.75 40.83 7.75
1447 61.90 48.47 74.60 54.50 10.34
1448 61.94 89.87 44.36 33.91 4.22
1449 62.00 41.22 78.42 40.79 8.61
1450 61.86 56.01 75.84 66.55 10.61
1451 61.85 59.41 73.79 64.68 10.47
1452 62.10 9.95 27.91 17.42 4.22
1453 62.14 25.24 47.62 24.66 7.60
1454 61.90 61.57 68.17 63.34 9.71
1455 62.25 65.57 72.48 65.15 9.51
1456 61.90 69.49 74.11 69.41 8.76
1457 62.10 23.14 44.45 25.71 7.43
1458 62.18 39.17 68.59 38.85 9.59
1459 62.27 18.09 33.64 20.81 5.41
1460 62.30 73.72 75.99 59.37 8.48
1461 62.29 76.13 69.85 54.69 7.81
1462 62.23 27.56 54.34 29.71 8.26
1463 62.35 44.58 78.85 41.86 10.08
1464 62.31 31.37 63.60 34.05 8.55
1465 62.43 50.49 80.30 49.41 10.34
1466 62.28 54.38 77.52 58.30 9.58
1467 62.44 52.55 78.63 50.87 10.52
1468 62.48 71.38 71.08 57.44 8.52
1469 62.42 79.24 72.20 49.38 7.26
1470 62.46 57.73 72.98 55.63 9.86
1471 62.72 12.17 31.77 15.97 4.56
1472 62.60 29.57 63.26 26.66 9.02
1473 62.61 46.84 70.04 42.13 10.56
1474 62.62 62.42 66.68 52.22 9.32
1475 62.69 87.06 51.72 35.09 5.23
1476 62.69 34.89 60.57 30.31 8.74
1477 62.89 15.36 32.75 16.02 5.87
1478 62.91 32.95 70.77 27.79 9.84
1479 62.68 36.94 67.95 32.79 9.61
1480 62.71 59.96 72.35 48.68 9.82
1481 62.88 43.04 84.73 36.31 10.98
1482 63.20 69.40 69.96 51.12 9.19
1483 63.01 81.86 61.38 40.27 6.92
1484 62.93 8.09 25.25 11.79 3.53
1485 62.86 20.64 40.15 18.29 6.17
1486 62.85 55.43 72.37 47.66 10.24
1487 62.97 64.17 68.50 51.90 9.50
1488 62.98 48.88 75.73 39.04 9.89
1489 63.04 90.83 36.82 26.75 4.11
1490 63.09 41.00 82.83 31.25 10.63
1491 63.09 26.49 59.94 21.64 8.62
1492 63.09 13.38 33.21 14.29 4.29
1493 63.22 24.22 51.91 22.40 8.40
1494 63.53 38.45 80.62 29.54 10.81
1495 63.43 61.13 75.42 41.80 9.48
1496 63.29 75.88 64.78 44.05 7.87
1497 63.45 84.86 51.54 32.59 5.80
1498 63.46 28.41 70.97 23.11 10.47
1499 63.36 52.49 88.12 39.10 10.20
1500 63.49 57.37 78.18 42.19 10.60
1501 63.55 31.14 75.38 24.51 11.51
1502 63.57 36.04 74.62 27.34 10.03
1503 63.57 44.82 82.89 30.30 11.57
1504 63.56 46.99 80.04 32.87 10.59
1505 63.52 72.54 63.17 43.14 7.77
1506 63.37 65.41 68.08 48.08 9.92
1507 63.52 66.85 64.79 48.57 9.17
1508 63.57 79.05 64.03 38.80 6.49
1509 63.74 50.50 90.51 36.98 11.88
1510 63.88 33.90 84.81 25.10 10.56
1511 63.93 88.66 39.04 27.21 4.26
1512 63.96 20.32 45.16 15.99 8.07
1513 64.12 64.20 72.01 39.04 9.54
1514 63.94 42.67 86.40 27.42 12.19
1515 63.97 11.80 38.88 12.21 4.98
1516 63.91 7.85 27.75 10.06 4.53
1517 64.15 91.80 28.28 21.76 4.10
1518 64.21 15.39 38.40 13.01 6.82
1519 64.27 22.60 51.20 16.17 9.81
1520 63.98 25.17 58.92 18.78 11.12
1521 64.15 40.43 90.55 26.42 13.19
1522 64.19 48.59 91.85 31.22 11.00
1523 64.29 74.51 63.29 33.73 7.89
1524 64.17 81.66 62.26 28.64 6.29
1525 64.41 29.70 77.28 20.03 12.91
1526 64.35 67.57 70.59 39.12 8.61
1527 64.48 52.30 100.41 31.56 11.29
1528 64.34 76.94 63.71 32.72 7.48
1529 64.41 83.20 56.51 29.84 6.16
1530 64.56 26.95 72.56 18.39 12.87
1531 64.48 56.37 91.80 32.48 10.32
1532 64.53 58.73 83.39 32.58 11.07
1533 64.32 60.56 75.61 34.00 10.48
1534 64.63 46.44 97.46 27.73 15.02
1535 64.72 18.01 47.97 13.87 9.20
1536 64.64 36.14 91.06 23.55 13.74
1537 64.71 54.71 101.23 30.72 11.49
1538 64.62 72.24 67.82 32.50 8.98
1539 64.67 86.40 47.70 24.03 5.23
1540 64.73 44.43 94.25 26.88 15.12
1541 64.80 31.90 77.03 21.68 15.40
1542 64.75 69.75 71.73 33.41 8.82
1543 64.81 79.56 64.77 28.09 6.50
1544 64.88 50.02 97.35 28.23 15.02
1545 64.64 61.49 77.83 32.06 9.83
1546 64.98 9.15 30.65 7.95 5.53
1547 64.85 38.27 94.48 23.02 14.64
1548 65.08 24.50 57.87 17.41 15.68
1549 64.95 34.01 91.13 22.16 15.69
1550 65.14 13.05 42.98 10.49 7.52
1551 65.03 42.49 96.51 23.28 19.55
1552 65.08 62.89 83.11 32.11 10.34
1553 65.07 89.73 37.28 21.25 3.77
1554 65.27 20.50 59.47 15.49 13.29
1555 65.14 40.55 93.42 24.21 17.90
1556 65.30 65.04 80.02 32.51 10.54
1557 65.41 47.88 100.11 24.84 18.04
1558 65.33 60.49 86.74 32.50 12.74
1559 65.57 15.53 46.84 11.06 9.85
1560 65.38 67.80 76.45 30.00 10.51
1561 65.43 77.03 69.76 25.91 7.62
1562 65.49 81.84 63.49 24.71 6.95
1563 65.63 84.87 52.63 20.97 4.97
1564 65.52 28.22 70.10 18.15 19.00
1565 65.47 51.75 99.97 26.39 15.47
1566 65.53 56.38 100.57 28.89 13.15
1567 65.55 74.15 71.86 25.90 8.32
1568 65.50 53.62 100.51 27.96 14.62
1569 65.57 58.40 102.94 29.45 12.87
1570 65.73 45.64 91.03 23.62 19.30
1571 65.86 35.79 88.87 21.11 21.68
1572 65.76 71.28 76.49 29.08 8.49
1573 65.86 37.65 96.70 21.41 21.09
1574 66.13 17.98 54.79 12.03 12.28
1575 65.88 22.70 52.30 13.53 17.80
1576 66.05 88.53 42.88 19.66 4.29
1577 66.04 25.72 61.01 15.99 21.65
1578 65.98 43.37 91.60 23.08 24.66
1579 65.97 33.81 86.54 21.26 21.33
1580 66.08 39.67 95.29 22.15 24.42
1581 66.02 49.96 97.87 26.43 20.57
1582 66.23 10.22 34.52 7.44 8.29
1583 66.16 61.95 94.73 27.13 13.21
1584 66.22 66.50 88.10 26.40 10.63
1585 66.28 41.70 88.76 21.96 28.22
1586 66.29 59.87 102.04 25.64 13.90
1587 66.26 63.88 86.85 27.29 13.25
1588 66.31 79.43 69.72 21.32 6.57
1589 66.43 55.49 102.62 24.08 16.62
1590 66.41 31.96 70.89 18.67 29.00
1591 66.29 68.84 85.39 26.80 10.50
1592 66.47 13.11 37.54 8.40 12.38
1593 66.43 48.26 90.61 23.50 23.67
1594 66.53 51.62 104.55 23.67 22.88
1595 66.50 53.73 96.88 24.22 20.37
1596 66.49 57.56 104.50 23.66 17.80
1597 66.50 76.33 79.24 21.53 7.52
1598 66.75 27.24 59.93 15.51 26.27
1599 66.49 29.87 69.75 17.59 26.37
1600 66.71 20.72 50.02 12.18 19.84
1601 66.64 73.38 84.48 22.34 9.67
1602 66.65 82.54 64.91 18.84 5.79
1603 66.72 44.61 89.15 22.07 31.67
1604 66.80 46.54 88.41 21.89 34.35
1605 66.87 86.78 51.94 15.26 4.36
1606 66.85 23.80 57.41 13.87 28.40
1607 66.88 70.72 95.41 22.00 10.80
1608 66.79 85.04 54.56 13.22 5.64
1609 66.80 14.41 41.48 8.00 13.29
1610 66.86 16.21 44.75 9.49 18.00
1611 66.88 38.61 92.73 19.38 31.33
1612 66.98 36.53 91.25 18.94 35.71
1613 67.11 34.29 80.73 19.06 32.27
1614 67.01 65.18 87.82 22.98 13.32
1615 67.23 40.76 81.02 19.91 38.25
1616 67.21 61.32 96.40 23.60 17.27
1617 67.36 59.25 102.19 23.88 20.92
1618 67.50 10.38 28.38 6.17 14.17
1619 67.33 48.87 85.60 20.77 35.65
1620 67.36 67.70 104.84 22.46 12.90
1621 67.36 89.45 38.48 14.35 3.86
1622 67.47 42.83 83.38 20.29 42.09
1623 67.45 78.20 79.61 18.52 7.98
1624 67.51 29.14 61.14 14.96 35.56
1625 67.36 15.30 43.36 9.89 20.43
1626 67.49 31.12 62.16 16.77 37.79
1627 67.49 50.71 86.60 20.69 34.76
1628 67.41 52.82 91.79 21.42 33.07
1629 67.49 55.33 93.98 21.16 29.07
1630 67.46 63.36 92.57 23.20 18.31
1631 67.59 18.96 47.77 10.96 25.49
1632 67.56 57.43 101.72 22.95 24.65
1633 67.62 75.02 96.24 20.85 10.16
1634 67.66 81.15 78.79 16.47 7.14
1635 67.76 44.78 83.94 20.31 48.67
1636 67.72 21.97 50.69 11.43 34.45
1637 67.78 33.03 71.63 16.80 39.51
1638 67.82 38.56 84.42 17.81 40.69
1639 67.76 46.95 81.77 20.48 48.30
1640 67.83 84.55 62.81 14.21 5.51
1641 67.92 24.32 55.91 13.00 38.41
1642 67.98 26.43 56.46 13.85 35.54
1643 67.96 35.86 80.02 18.68 52.95
1644 67.94 72.43 102.20 19.28 11.77
1645 68.24 13.03 34.93 7.32 24.37
1646 67.89 17.06 42.69 9.97 22.79
1647 67.90 69.81 102.21 21.00 14.81
1648 68.08 53.76 92.21 21.00 38.04
1649 68.21 65.28 89.16 20.11 20.03
1650 68.33 87.55 51.61 11.57 4.57
1651 68.22 60.91 100.55 22.62 26.48
1652 68.22 21.08 47.79 12.82 30.94
1653 68.33 41.03 82.51 17.03 48.06
1654 68.29 15.86 41.00 8.60 25.62
1655 68.33 48.79 86.96 19.16 56.29
1656 68.44 56.42 96.90 20.84 39.69
1657 68.36 51.18 87.90 20.56 49.71
1658 68.40 62.85 92.22 20.49 27.04
1659 68.39 67.36 96.58 19.15 20.34
1660 68.54 77.17 90.79 17.07 11.21
1661 68.59 31.56 61.76 16.03 50.65
1662 68.50 58.71 90.60 19.81 40.44
1663 68.60 29.24 60.58 15.02 53.23
1664 68.78 43.03 90.54 18.61 61.61
1665 68.70 34.16 75.90 16.28 55.84
1666 68.79 79.84 81.38 14.63 8.89
1667 68.77 18.88 40.00 10.87 40.31
1668 68.75 37.04 76.31 16.90 65.63
1669 68.76 46.45 86.62 19.23 66.29
1670 68.75 82.85 72.36 13.07 7.63
1671 68.97 10.14 27.96 5.55 21.99
1672 68.85 25.60 58.17 14.40 61.45
1673 69.03 44.63 87.41 17.76 66.76
1674 68.99 23.11 51.75 11.77 48.03
1675 68.89 70.16 108.36 19.55 19.14
1676 69.03 54.48 91.57 18.78 54.63
1677 69.10 75.08 96.51 17.45 14.02
1678 69.06 39.08 84.30 17.92 64.49
1679 68.98 52.59 89.56 20.30 59.74
1680 69.10 72.73 97.95 18.10 15.14
1681 69.21 64.17 87.05 19.85 32.15
1682 69.28 15.37 37.39 8.36 34.90
1683 69.17 50.16 91.96 18.30 59.74
1684 69.01 59.95 85.11 17.84 35.32
1685 69.35 27.55 60.88 13.37 54.83
1686 69.33 48.09 86.59 19.70 73.15
1687 69.46 85.18 59.13 10.58 6.55
1688 69.45 61.78 80.51 18.55 37.96
1689 69.33 67.55 96.89 18.61 26.13
1690 69.60 21.07 47.27 11.48 50.63
1691 69.52 40.78 96.68 18.19 80.00
1692 69.41 56.26 92.12 18.61 53.12
1693 69.49 58.47 81.67 18.12 46.40
1694 69.55 32.81 74.26 15.76 67.69
1695 69.54 35.50 86.95 16.78 69.77
1696 69.62 88.46 47.38 8.94 3.95
1697 69.91 11.96 35.20 6.09 29.26
1698 69.69 30.36 71.90 15.19 67.14
1699 69.84 78.51 87.99 13.47 13.17
1700 69.93 66.01 86.00 17.94 35.73
1701 69.94 24.83 56.38 12.13 68.22
1702 69.96 42.60 98.52 17.14 80.30
1703 69.85 45.87 97.57 18.50 82.07
1704 70.02 18.41 43.29 9.09 47.49
1705 69.95 37.77 85.56 16.51 81.76
1706 69.81 52.09 96.59 18.05 72.95
1707 69.90 81.79 80.38 10.88 9.06
1708 70.00 69.32 93.72 16.90 29.82
1709 69.86 71.19 87.26 15.74 20.65
1710 70.24 50.30 98.15 17.53 74.97
1711 70.16 60.52 83.83 17.50 50.21
1712 70.16 54.43 95.25 18.42 70.87
1713 70.24 75.48 95.19 15.12 17.08
1714 70.37 28.96 67.83 14.46 74.92
1715 70.35 47.77 112.02 18.79 83.49
1716 70.33 56.83 93.38 18.60 65.95
1717 70.38 15.68 40.69 8.08 43.45
1718 70.65 73.00 87.49 15.32 24.66
1719 70.55 31.69 72.28 14.83 75.67
1720 70.47 39.47 99.76 16.37 85.88
1721 70.54 26.68 60.44 12.13 71.29
1722 70.50 34.09 83.26 16.28 76.37
1723 70.51 44.23 100.60 16.64 91.51
1724 70.69 23.01 51.01 11.26 67.62
1725 70.44 58.64 86.50 18.68 64.07
1726 70.60 86.98 48.02 8.48 6.34
1727 70.64 36.05 86.46 14.64 88.50
1728 70.68 52.43 100.31 17.51 82.94
1729 70.83 41.24 98.98 16.70 83.30
1730 70.86 68.09 79.77 16.38 43.51
1731 70.92 20.48 50.71 10.04 58.46
1732 70.84 61.94 82.49 17.47 60.61
1733 70.92 83.94 65.00 8.66 9.18
1734 70.95 77.77 92.99 12.70 16.47
1735 70.99 46.01 108.48 18.22 88.72
1736 71.01 49.18 114.43 17.43 87.02
1737 71.21 80.84 81.94 10.74 12.89
1738 71.13 10.80 38.79 5.80 31.62
1739 71.10 70.61 86.41 15.28 42.14
1740 71.22 55.74 102.11 17.02 78.63
1741 71.25 59.61 90.34 17.11 65.63
1742 71.27 13.64 38.77 6.48 39.82
1743 71.28 66.22 79.91 15.67 55.67
1744 71.34 37.89 85.77 15.66 90.29
1745 71.19 63.91 78.62 16.84 51.55
1746 71.43 17.58 41.91 7.68 53.27
1747 71.35 53.98 109.38 16.83 77.66
1748 71.59 33.17 66.60 13.69 84.40
1749 71.43 42.94 103.40 16.75 87.65
1750 71.48 25.47 59.87 12.41 80.24
1751 71.56 28.46 60.81 12.75 73.58
1752 71.58 30.85 62.91 13.50 78.30
1753 71.55 57.61 97.73 17.29 74.60
1754 71.79 35.49 72.52 15.23 91.97
1755 71.65 52.02 104.27 16.84 81.47
1756 71.79 75.62 86.64 12.18 26.46
1757 71.82 87.03 49.81 7.45 7.06
1758 71.79 39.64 87.53 16.00 97.30
1759 71.69 47.70 114.86 17.45 92.23
1760 71.78 50.06 112.96 16.04 88.47
1761 71.95 44.95 101.98 16.38 95.13
1762 71.85 61.67 79.53 16.68 67.79
1763 71.95 23.11 46.97 11.35 64.68
1764 71.95 73.01 78.21 12.96 43.31
1765 72.15 41.33 94.71 16.85 99.52
1766 72.05 70.36 87.20 14.04 51.09
1767 72.17 20.34 43.57 9.24 58.61
1768 72.28 68.15 85.87 15.15 57.69
1769 72.16 78.69 77.35 10.21 22.87
1770 72.23 63.69 79.70 15.17 63.54
1771 72.30 84.19 63.72 7.76 11.19
1772 72.21 54.71 112.72 17.23 88.37
1773 72.39 15.12 35.47 6.69 46.07
1774 72.40 65.86 88.66 14.79 67.74
1775 72.43 58.50 105.55 15.18 81.55
1776 72.48 26.59 52.17 13.20 80.12
1777 72.52 37.38 72.78 16.08 95.73
1778 72.63 46.82 105.05 16.46 94.26
1779 72.62 60.15 102.00 16.00 72.51
1780 72.59 43.27 92.84 15.04 95.38
1781 72.58 56.41 117.64 16.57 83.83
1782 72.61 48.97 109.89 17.04 85.85
1783 72.85 17.72 36.91 7.70 56.43
1784 72.78 28.62 47.52 13.05 77.45
1785 72.68 30.90 59.16 13.50 85.75
1786 72.61 33.84 62.00 14.08 93.08
1787 72.67 51.22 111.74 17.54 84.61
1788 72.81 53.10 115.53 16.28 89.60
1789 72.87 81.37 61.45 8.27 18.00
1790 72.95 24.41 45.00 11.50 71.16
1791 72.96 61.95 92.58 14.73 82.33
1792 72.93 39.39 73.29 15.90 99.25
1793 73.07 72.93 73.73 12.36 50.17
1794 73.09 75.62 70.33 10.54 37.05
1795 73.29 70.64 79.20 12.52 48.83
1796 73.22 21.80 37.63 9.18 63.86
1797 73.18 35.58 60.69 14.33 96.38
1798 73.12 44.94 89.75 17.19 102.12
1799 73.22 41.65 74.10 15.88 98.92
1800 73.42 78.56 59.94 9.84 31.76
1801 73.48 32.38 51.44 13.53 87.90
1802 73.38 63.83 95.70 14.32 77.07
1803 73.57 48.40 101.43 15.84 98.33
1804 73.55 55.14 109.67 15.55 90.04
1805 73.52 57.57 113.85 16.10 85.93
1806 73.55 66.49 110.47 13.91 71.65
1807 73.61 68.64 100.62 13.22 65.12
1808 73.61 13.59 25.60 5.25 44.34
1809 73.73 85.20 45.49 6.65 13.66
1810 73.65 26.55 44.07 12.52 76.34
1811 73.66 50.68 100.68 16.07 98.09
1812 73.46 83.57 52.45 6.86 11.14
1813 73.66 29.74 46.61 13.05 82.66
1814 73.69 37.48 60.61 13.86 87.63
1815 73.86 19.11 30.07 7.55 53.86
1816 73.66 59.60 109.17 15.89 83.32
1817 73.93 46.43 85.21 16.07 99.09
1818 74.08 16.21 25.81 6.59 47.92
1819 73.97 34.30 53.02 14.02 92.57
1820 73.95 39.93 58.98 15.43 95.41
1821 74.06 52.97 98.46 16.60 100.35
1822 73.99 42.69 65.86 15.39 106.90
1823 74.15 23.97 34.90 11.48 70.04
1824 74.10 61.48 102.56 15.00 85.44
1825 74.17 82.06 53.95 7.14 22.62
1826 74.23 44.50 71.89 14.82 102.27
1827 74.18 76.14 60.83 8.94 45.61
1828 74.30 65.23 101.57 13.23 75.46
1829 74.44 77.59 52.43 9.70 49.39
1830 74.52 21.09 29.48 8.65 58.65
1831 74.47 28.13 37.82 12.50 75.62
1832 74.43 56.77 94.90 15.72 98.46
1833 74.62 30.60 41.23 12.98 81.64
1834 74.60 49.35 73.58 15.56 102.64
1835 74.68 35.82 48.21 14.04 82.64
1836 74.69 59.35 102.62 15.68 102.29
1837 74.75 70.54 92.63 12.21 60.83
1838 74.81 32.89 43.34 13.61 85.09
1839 74.74 37.75 49.75 14.34 94.58
1840 74.71 51.31 78.92 15.18 101.00
1841 74.71 63.16 103.87 14.22 93.89
1842 74.82 67.90 106.53 12.51 73.55
1843 74.72 54.48 78.72 14.40 97.19
1844 74.94 25.89 35.68 10.95 67.88
1845 74.90 41.37 55.11 15.44 91.67
1846 74.88 80.59 55.00 7.51 34.73
1847 74.89 47.40 71.80 15.45 105.26
1848 75.10 39.41 49.88 15.70 92.62
1849 75.35 72.83 82.18 10.77 60.20
1850 75.25 18.43 24.25 7.01 48.96
1851 75.19 43.15 63.30 15.04 92.33
1852 75.26 75.52 69.94 9.03 51.68
1853 75.26 45.41 58.70 15.40 95.88
1854 75.34 58.03 86.43 14.36 91.64
1855 75.32 15.75 22.33 5.79 43.30
1856 75.32 65.56 102.48 12.58 86.85
1857 75.39 22.84 27.97 9.24 60.61
1858 75.42 61.18 87.99 14.12 92.47
1859 75.39 55.98 74.63 15.07 99.20
1860 75.62 84.15 47.32 5.08 22.49
1861 75.59 52.45 55.75 14.73 97.02
1862 75.54 28.49 38.22 11.02 66.60
1863 75.63 34.35 47.77 13.25 72.04
1864 75.74 78.00 64.56 8.06 39.51
1865 75.46 82.68 57.15 6.50 22.85
1866 75.72 31.10 42.03 12.69 69.21
1867 75.79 48.81 56.37 15.27 103.69
1868 75.66 54.17 60.19 14.89 91.70
1869 75.81 63.72 98.56 13.22 95.15
1870 75.89 36.44 44.21 12.93 70.74
1871 75.73 50.61 58.98 15.20 99.25
1872 75.99 69.23 104.31 12.46 74.67
1873 75.99 20.46 28.22 8.59 49.12
1874 75.94 46.91 52.09 14.56 91.62
1875 76.09 81.18 59.56 6.83 35.40
1876 76.11 24.52 32.17 9.79 60.28
1877 76.10 40.49 50.65 14.47 74.26
1878 76.20 38.35 47.91 14.09 69.36
1879 76.16 44.24 53.96 14.29 86.24
1880 76.36 42.37 55.17 13.69 77.96
1881 76.42 66.91 96.44 12.32 79.45
1882 76.44 26.50 36.20 9.92 56.60
1883 76.29 56.90 68.02 15.18 98.70
1884 76.46 71.49 92.46 10.55 69.05
1885 76.15 33.04 45.76 13.24 59.41
1886 76.53 58.77 75.13 14.51 98.92
1887 76.58 60.72 78.14 14.34 97.95
1888 76.66 15.31 20.53 5.94 40.31
1889 76.61 55.06 52.98 14.14 94.13
1890 76.60 74.52 79.15 9.64 58.58
1891 76.62 28.57 37.85 10.36 57.57
1892 76.66 17.92 24.13 6.94 41.10
1893 76.76 50.78 48.67 14.22 90.21
1894 76.76 62.79 85.06 13.12 93.30
1895 76.82 22.04 28.84 8.20 44.47
1896 76.81 52.70 52.08 14.47 91.10
1897 76.82 30.62 42.59 11.98 48.97
1898 76.77 34.79 48.85 12.57 59.26
1899 76.87 77.36 71.52 6.94 51.18
1900 77.05 64.92 85.67 11.76 90.85
1901 76.74 32.83 45.06 12.10 58.23
1902 76.80 45.43 49.55 14.00 80.45
1903 76.98 47.16 53.21 15.08 90.91
1904 76.92 48.91 48.34 15.17 96.54
1905 77.05 36.67 56.15 13.19 61.49
1906 77.28 83.03 50.87 5.45 24.23
1907 77.12 38.74 56.06 13.22 66.16
1908 77.38 68.85 89.26 10.60 83.77
1909 77.38 24.04 37.53 9.77 43.10
1910 77.52 72.51 88.75 9.46 65.84
1911 77.61 79.92 61.02 5.73 36.66
1912 77.62 18.89 31.17 6.57 31.67
1913 77.35 43.06 60.56 15.18 68.15
1914 77.40 56.92 52.76 13.47 95.67
1915 77.31 32.21 54.82 13.41 43.71
1916 77.53 54.12 47.96 14.42 92.16
1917 77.57 59.57 58.94 12.78 97.62
1918 77.62 26.66 46.71 10.31 39.79
1919 77.71 44.74 69.09 14.58 70.21
1920 77.57 28.77 46.56 10.91 39.41
1921 77.46 81.34 65.38 6.19 31.38
1922 77.61 33.81 62.50 11.69 37.38
1923 78.12 35.29 74.99 12.37 37.74
1924 77.87 62.21 70.13 12.37 91.81
1925 77.62 39.49 66.44 14.31 40.06
1926 78.05 41.30 77.30 13.76 49.49
1927 77.87 50.84 52.58 14.29 90.62
1928 77.93 31.92 59.94 11.30 36.81
1929 77.90 49.04 51.77 13.29 84.73
1930 78.05 66.74 71.35 10.95 83.01
1931 78.15 70.52 80.12 10.00 63.29
1932 77.99 15.78 21.51 5.15 29.25
1933 77.99 20.97 38.65 7.62 31.43
1934 77.84 82.37 54.71 5.43 24.79
1935 78.05 46.84 58.36 14.38 74.04
1936 78.14 77.06 68.97 7.29 61.05
1937 78.28 52.72 44.96 13.58 82.31
1938 78.36 24.93 57.01 9.45 27.91
1939 78.70 30.40 67.65 11.74 27.79
1940 78.28 55.42 47.21 13.71 91.08
1941 78.35 43.14 72.78 14.62 54.16
1942 78.35 57.88 52.12 12.97 91.22
1943 78.43 64.42 60.74 11.33 86.26
1944 78.69 39.50 82.90 13.13 45.64
1945 78.16 28.58 51.62 12.00 33.50
1946 78.74 22.46 48.95 7.68 25.01
1947 78.68 60.73 52.00 12.66 83.53
1948 78.87 37.36 86.33 12.94 35.21
1949 78.68 27.48 60.72 10.42 28.98
1950 79.04 44.79 80.39 13.85 52.76
1951 78.91 74.95 68.63 7.69 58.14
1952 78.89 18.54 39.55 5.72 23.35
1953 78.77 48.55 57.71 14.47 70.65
1954 79.01 33.04 75.70 12.39 31.31
1955 78.91 51.21 59.19 14.30 83.06
1956 79.14 79.42 61.07 5.55 39.17
1957 78.99 81.53 57.07 5.53 35.29
1958 79.16 77.72 68.92 6.56 42.83
1959 79.06 46.78 73.44 13.41 62.33
1960 79.16 72.38 68.19 8.61 64.71
1961 79.03 35.30 91.77 11.54 31.58
1962 79.16 54.22 45.40 13.42 74.11
1963 79.23 56.44 46.00 13.35 77.55
1964 79.21 67.56 56.96 10.14 73.69
1965 79.26 41.72 89.69 12.18 40.18
1966 79.27 59.10 44.21 11.98 82.92
1967 79.39 69.94 58.99 9.68 72.66
1968 79.27 25.36 62.02 9.20 25.07
1969 79.47 62.85 56.04 11.10 84.56
1970 79.65 28.29 75.30 10.37 25.05
1971 79.46 49.96 69.39 13.37 57.51
1972 79.65 65.26 55.66 10.97 76.13
1973 79.80 20.29 54.74 6.96 21.07
1974 79.72 52.58 53.11 12.02 69.31
1975 79.79 34.76 92.77 12.45 27.87
1976 80.05 48.33 83.85 13.03 44.95
1977 79.92 23.45 62.19 7.90 21.01
1978 79.70 16.68 39.59 4.69 14.62
1979 80.01 26.07 70.88 8.98 20.92
1980 80.02 36.66 103.77 12.47 28.56
1981 79.91 38.96 102.48 12.87 35.17
1982 80.19 30.28 89.48 11.30 23.75
1983 80.09 42.83 98.27 13.78 37.85
1984 80.13 45.92 88.57 13.19 41.17
1985 80.14 60.98 48.13 11.26 72.03
1986 80.32 58.60 46.24 11.73 64.18
1987 80.25 74.80 56.45 7.06 59.11
1988 80.21 32.78 87.68 11.74 25.81
1989 80.22 54.49 51.27 12.16 67.59
1990 80.24 80.97 42.06 4.78 29.19
1991 80.22 40.91 102.17 12.74 36.31
1992 80.41 56.50 55.91 12.97 62.63
1993 80.26 50.82 77.05 12.16 49.35
1994 80.58 77.87 52.88 5.30 49.54
1995 80.61 71.88 42.22 7.95 58.34
1996 80.50 17.61 47.26 5.34 15.30
1997 80.57 69.23 40.47 9.00 64.38
1998 80.65 66.79 42.86 9.68 69.66
1999 80.84 63.86 42.61 10.93 68.20
2000 80.97 22.22 61.24 6.60 16.22
2001 80.78 44.33 101.95 12.40 36.28
2002 80.86 52.95 73.92 13.74 51.55
2003 80.91 34.72 91.78 11.64 27.28
2004 80.84 27.95 80.46 9.28 18.22
2005 80.98 19.92 56.97 6.07 15.19
2006 80.94 38.48 108.83 12.65 29.54
2007 81.43 25.87 75.61 9.37 18.67
2008 81.14 36.61 101.08 11.32 27.52
2009 81.07 42.33 107.18 12.75 30.43
2010 81.40 47.51 99.49 12.56 35.52
2011 81.13 40.29 120.89 11.68 27.80
2012 81.27 61.56 42.75 10.67 64.00
2013 81.12 23.92 67.91 8.35 18.57
2014 81.34 31.54 92.20 11.20 20.09
2015 81.18 51.23 77.60 12.40 40.24
2016 81.21 55.30 67.09 12.50 49.41
2017 81.54 59.56 49.16 11.15 53.87
2018 81.58 75.09 45.97 5.82 56.38
2019 81.65 15.92 50.79 4.66 11.55
2020 81.74 66.04 39.61 9.86 61.06
2021 81.83 45.77 118.94 12.05 27.86
2022 82.40 29.82 87.48 9.70 18.46
2023 81.77 43.72 114.69 12.80 30.58
2024 81.83 69.23 35.01 8.83 62.60
2025 81.99 72.60 31.81 6.80 58.51
2026 82.21 77.72 38.45 5.17 40.93
2027 82.13 38.12 107.98 12.09 22.60
2028 81.89 53.44 75.14 12.10 40.93
2029 82.42 21.13 58.96 5.98 13.52
2030 81.99 50.21 86.29 12.61 33.42
2031 82.42 56.13 78.51 11.06 38.50
2032 82.29 39.93 108.92 11.97 25.81
2033 82.21 41.74 113.61 12.04 27.55
2034 82.23 63.19 40.73 9.88 58.15
2035 82.46 24.28 67.33 8.06 16.74
2036 82.20 34.45 94.51 11.58 22.23
2037 82.29 19.45 59.61 6.59 16.20
2038 82.22 36.33 96.74 11.28 26.02
2039 82.54 58.42 61.06 10.82 37.83
2040 82.28 17.23 51.94 5.06 13.53
2041 82.67 27.75 72.61 9.21 16.49
2042 82.16 60.39 60.67 10.67 40.67
2043 82.73 44.60 118.85 12.56 29.44
2044 82.89 68.10 34.44 8.26 50.67
2045 82.71 46.96 115.62 13.18 27.71
2046 82.72 49.02 103.02 11.91 27.10
2047 82.80 61.01 45.57 10.57 48.06
2048 82.84 52.27 86.69 12.61 29.20
2049 82.93 71.53 29.41 7.11 53.80
2050 82.93 32.44 82.83 10.28 18.27
2051 83.46 54.35 85.29 11.08 30.90
2052 83.10 65.17 38.06 8.70 50.59
2053 83.18 75.56 28.79 5.23 46.28
2054 83.06 42.57 112.67 12.12 23.92
2055 83.27 34.66 89.22 11.35 20.30
2056 83.33 17.76 51.71 4.92 11.45
2057 83.28 50.80 98.14 12.10 27.24
2058 83.35 36.73 87.91 10.83 20.19
2059 83.68 62.74 47.22 9.26 41.33
2060 83.32 25.92 57.04 8.92 17.69
2061 83.59 23.22 55.98 6.42 13.23
2062 83.60 40.40 98.23 11.15 20.47
2063 83.70 45.93 109.88 11.16 19.91
2064 83.50 18.95 52.00 4.71 13.18
2065 83.58 38.47 94.47 11.13 18.30
2066 83.68 48.01 99.64 11.71 23.89
2067 83.57 59.20 60.47 11.53 34.92
2068 83.83 57.00 76.50 10.70 28.13
2069 84.00 19.95 48.81 5.21 12.52
2070 83.94 28.01 61.54 8.53 14.91
2071 83.95 70.64 29.31 6.71 46.53
2072 83.94 43.79 105.23 11.71 20.00
2073 84.01 32.50 67.48 9.90 16.44
2074 84.14 67.18 36.82 7.96 42.59
2075 84.23 73.86 26.13 4.93 47.84
2076 84.06 52.27 99.76 11.68 21.31
2077 84.23 25.38 50.45 8.23 14.73
2078 84.27 60.49 61.23 9.44 24.09
2079 84.30 41.86 95.84 11.86 20.16
2080 84.25 49.69 99.98 11.39 22.27
2081 84.35 34.58 69.93 10.55 17.25
2082 84.49 21.35 48.21 5.98 11.96
2083 84.56 36.63 73.78 10.38 16.30
2084 84.64 65.00 43.13 7.89 36.57
2085 84.61 38.85 81.23 11.67 18.03
2086 84.85 30.48 55.99 9.24 13.97
2087 84.76 47.03 90.62 11.39 20.02
2088 84.99 58.19 76.34 9.90 23.25
2089 84.98 69.61 31.72 6.51 43.66
2090 85.33 23.32 41.35 6.21 11.61
2091 84.96 45.15 94.82 11.45 19.51
2092 85.07 53.07 98.47 11.45 19.31
2093 85.19 62.99 58.09 8.10 28.41
2094 85.17 28.34 47.65 8.70 13.03
2095 85.13 50.91 95.81 11.31 18.67
2096 85.14 40.47 73.53 11.53 16.22
2097 85.14 43.15 86.93 11.13 18.07
2098 85.27 48.80 83.21 11.06 21.17
2099 85.42 72.81 24.18 4.89 42.00
2100 85.63 34.31 53.16 9.79 14.29
2101 85.20 60.73 68.00 9.39 22.42
2102 85.38 19.74 33.59 4.70 8.63
2103 85.61 67.58 40.43 6.98 25.38
2104 85.47 37.38 57.37 10.53 14.39
2105 85.83 54.54 88.10 9.94 19.33
2106 85.95 46.84 85.78 10.33 17.45
2107 86.05 44.54 78.82 11.04 15.38
2108 85.99 66.15 49.98 6.70 23.74
2109 86.07 38.97 57.59 10.73 15.47
2110 86.01 41.57 68.45 10.16 15.55
2111 86.23 56.50 79.88 9.37 18.33
2112 86.14 61.41 71.42 9.01 21.76
2113 86.43 31.20 39.09 8.89 13.31
2114 86.11 59.24 78.65 9.31 22.47
2115 86.09 20.38 29.24 4.56 9.93
2116 86.16 51.66 87.80 10.27 17.56
2117 86.33 28.85 41.30 8.54 12.09
2118 86.32 70.53 29.02 5.29 34.42
2119 86.07 37.09 52.62 9.44 12.81
2120 86.32 49.30 73.91 10.93 16.00
2121 86.56 64.08 60.57 7.62 20.62
2122 86.42 35.20 51.14 8.96 14.10
2123 86.89 32.89 35.27 9.16 10.53
2124 86.57 24.08 27.58 5.79 11.21
2125 86.63 26.07 31.06 6.77 11.53
2126 86.43 39.93 54.33 10.17 13.00
2127 86.99 42.67 52.15 9.93 13.23
2128 87.01 66.48 51.92 6.08 22.50
2129 86.86 36.97 44.45 10.00 12.77
2130 86.95 53.97 78.06 9.76 15.00
2131 87.07 46.72 67.39 10.13 14.25
2132 87.29 44.60 55.06 10.03 13.59
2133 86.99 68.51 40.04 5.84 23.20
2134 87.22 58.52 71.94 9.35 17.99
2135 87.16 40.21 41.77 10.60 12.44
2136 87.19 51.71 71.87 9.30 14.60
2137 87.12 49.22 70.97 10.42 16.19
2138 87.26 23.04 20.84 4.66 8.22
2139 87.44 61.81 74.63 8.16 17.94
2140 87.33 34.93 38.98 8.93 10.86
2141 87.62 38.65 37.07 8.80 12.50
2142 87.69 56.15 72.85 8.98 16.01
2143 87.61 26.84 24.67 6.73 9.10
2144 87.61 25.02 25.00 6.16 8.11
2145 87.54 69.52 31.86 4.77 25.03
2146 87.52 37.26 39.00 8.44 11.06
2147 87.48 41.15 38.50 10.62 11.00
2148 87.90 48.64 56.03 9.16 13.55
2149 87.81 65.17 62.19 6.13 15.55
2150 88.34 71.20 28.74 4.12 18.81
2151 88.17 50.86 56.11 8.87 15.82
2152 88.19 53.98 65.17 8.63 15.37
2153 87.96 29.47 25.19 8.34 9.29
2154 88.04 34.31 28.61 8.70 9.84
2155 88.10 22.82 18.94 5.55 7.98
2156 88.29 64.27 66.25 6.16 17.13
2157 87.96 27.77 25.78 6.22 10.44
2158 88.16 67.31 52.29 5.51 14.76
2159 88.39 59.78 75.53 8.13 14.33
2160 88.53 68.88 40.62 5.00 15.30
2161 88.36 40.10 31.89 9.17 12.43
2162 88.57 44.61 37.06 9.25 12.15
2163 88.61 36.99 29.72 9.32 10.77
2164 88.66 28.08 20.54 6.60 7.97
2165 88.81 57.62 68.99 8.24 13.44
2166 89.08 61.87 67.74 6.58 14.06
2167 88.98 26.42 18.77 5.81 8.34
2168 88.70 32.40 25.19 7.56 8.97
2169 88.93 52.33 53.46 8.56 13.25
2170 89.04 48.92 41.83 8.97 12.33
2171 89.10 35.22 26.28 8.35 9.07
2172 88.83 39.06 32.00 7.00 14.00
2173 89.50 66.77 56.02 4.54 12.68
2174 89.42 55.62 55.72 8.16 11.93
2175 89.32 38.55 28.05 8.30 8.98
2176 89.26 40.76 28.02 7.98 9.69
2177 89.51 64.46 68.51 5.91 14.33
2178 89.69 28.95 21.42 6.79 8.16
2179 89.90 45.36 28.28 8.70 11.15
2180 89.42 52.57 60.50 8.38 14.25
2181 89.76 25.06 18.22 5.10 6.50
2182 89.91 50.46 37.85 8.21 12.82
2183 89.86 59.59 61.26 7.39 11.53
2184 90.27 53.64 42.85 7.95 12.80
2185 90.57 33.51 22.64 7.74 7.69
2186 90.23 41.96 25.69 7.58 7.57
2187 89.97 37.98 24.70 9.10 7.10
2188 89.96 39.59 27.75 9.62 8.38
2189 90.51 57.86 52.88 7.10 10.59
2190 90.58 63.40 54.17 5.53 12.48
2191 90.79 40.05 23.72 8.00 7.86
2192 90.72 43.89 26.43 7.96 8.06
2193 90.98 61.40 48.00 6.04 11.13
2194 91.13 51.39 29.57 7.68 10.10
2195 91.03 55.50 36.83 7.19 11.08
2196 90.91 46.69 25.60 7.58 10.12
2197 91.37 37.85 21.46 7.49 7.67
2198 91.42 42.38 21.51 7.24 7.64
2199 91.66 59.55 41.39 6.25 9.35
2200 91.51 27.86 17.00 5.28 5.52
2201 91.77 33.58 20.56 6.97 6.00
2202 91.60 58.51 40.64 6.36 8.36
2203 91.78 47.31 25.17 7.34 8.07
2204 92.04 35.39 21.23 6.87 6.61
2205 92.14 57.51 34.69 6.24 9.62
2206 92.14 60.75 41.33 5.47 7.42
2207 92.29 36.83 20.52 7.00 6.07
2208 92.60 62.22 35.99 5.10 8.54
2209 92.39 39.34 24.44 6.94 6.22
2210 92.66 28.59 17.02 5.18 4.71
2211 92.33 32.80 18.55 6.91 5.18
2212 92.61 34.59 21.00 7.27 5.27
2213 93.30 56.65 22.05 5.77 7.96
2214 92.84 50.06 21.51 6.73 7.32
2215 92.76 27.34 17.08 5.00 7.23
2216 92.77 51.38 23.60 6.60 9.35
2217 92.89 52.87 24.24 6.89 7.47
2218 93.14 32.91 17.82 5.81 5.56
2219 92.85 37.63 20.22 7.56 5.78
2220 93.31 59.63 27.48 4.63 6.82
2221 93.21 39.05 20.78 6.92 6.42
2222 93.25 35.54 18.99 6.89 6.33
2223 92.96 57.51 26.60 6.00 6.60
2224 93.36 48.50 21.63 6.22 7.67
2225 93.30 30.82 17.56 5.52 5.37
2226 93.23 46.31 21.25 6.81 7.88
2227 93.62 53.12 21.39 5.61 7.33
2228 93.79 50.03 20.03 5.65 7.42
2229 93.80 41.08 19.11 6.26 6.30
2230 94.10 54.29 19.98 5.96 7.93
2231 93.93 36.21 20.09 5.37 4.72
2232 94.72 45.71 18.84 6.03 5.42
2233 94.11 37.73 19.34 5.93 5.49
2234 94.14 39.33 20.93 5.21 4.64
2235 94.67 52.58 17.18 5.08 5.87
2236 94.94 39.53 17.87 6.27 5.79
2237 95.51 42.24 18.22 6.23 4.91
2238 95.29 50.82 17.49 4.71 5.83
2239 95.19 41.23 18.89 5.78 5.11
2240 95.28 35.86 18.10 6.00 5.85
2241 95.47 48.50 18.09 5.25 5.56
2242 95.73 37.78 18.03 5.38 4.23
2243 96.00 34.81 14.97 4.61 4.38
2244 95.60 52.13 15.89 4.28 5.94
2245 96.12 46.70 16.53 4.90 4.63
2246 96.16 50.21 16.67 4.14 5.03
2247 96.43 39.03 16.42 5.31 4.33
2248 96.62 41.97 17.97 5.54 5.29
2249 96.76 50.94 14.92 4.83 4.71
2250 97.09 46.60 15.12 4.81 4.75
2251 96.89 35.36 14.12 4.38 3.88
2252 97.15 43.83 15.64 4.75 4.21
2253 97.59 42.32 15.00 4.00 3.60

