#<Embryo name> <Cleavage cycle> <Temporal class> <Genes>
rge4 14A 4 even-skipped Kruppel giant

#Quantitative data
#<Nucleus number> <A-P coordinate> <D-V coordinate> <Fluorescence intensity: channel 1 - eve, channel 2 - Kr, channel 3 - gt>
0 1.72 44.22 17.71 10.94 5.18
1 2.36 42.72 19.57 12.99 5.49
2 3.09 47.05 19.34 12.48 4.70
3 3.23 43.95 20.76 14.49 5.90
4 3.49 50.59 19.24 10.12 4.60
5 4.17 40.28 20.75 13.88 7.08
6 4.17 42.17 20.34 15.64 5.45
7 4.44 45.46 20.27 15.59 6.23
8 4.27 49.77 20.12 12.47 5.33
9 4.98 39.09 21.28 17.80 5.72
10 5.11 35.32 20.08 16.47 5.47
11 5.12 48.17 22.23 14.40 7.60
12 5.26 51.23 22.43 13.67 5.83
13 5.84 39.44 22.85 16.05 8.10
14 5.84 32.94 19.59 16.19 6.68
15 5.87 44.24 23.51 17.00 7.51
16 6.22 35.39 22.20 16.89 6.41
17 5.99 46.60 26.00 16.97 7.60
18 6.34 51.69 22.19 13.00 7.41
19 6.50 33.75 23.00 17.83 7.07
20 6.50 41.51 24.21 17.77 8.38
21 6.61 44.57 25.60 21.55 7.69
22 6.57 39.51 23.40 18.50 7.60
23 6.83 47.08 25.52 19.56 7.02
24 7.14 40.58 25.26 17.17 8.49
25 7.81 52.96 24.30 14.38 7.74
26 7.87 35.40 24.79 18.93 8.02
27 7.61 30.36 20.12 14.62 7.96
28 7.62 47.48 21.95 18.64 7.23
29 8.10 31.49 22.44 18.88 6.83
30 8.00 42.58 24.74 19.76 9.26
31 8.08 56.89 21.97 12.63 9.00
32 8.20 60.61 20.16 10.50 8.32
33 8.33 33.17 24.03 17.00 8.00
34 8.49 49.50 28.33 14.71 9.31
35 8.36 47.77 24.79 16.84 8.95
36 8.97 51.13 24.78 16.62 9.11
37 8.80 37.12 27.82 17.60 8.20
38 8.69 52.64 28.25 12.75 8.25
39 9.14 44.01 27.95 18.58 9.05
40 9.32 53.48 24.37 16.96 8.94
41 9.17 59.43 22.24 11.49 8.37
42 9.26 31.35 23.60 18.31 7.83
43 9.44 38.73 27.29 20.68 8.44
44 9.43 56.41 23.46 13.88 9.70
45 9.65 27.61 20.44 15.69 7.75
46 9.75 29.32 21.47 17.71 7.24
47 9.62 41.37 27.70 20.33 9.65
48 9.57 52.22 29.00 17.50 10.12
49 9.71 32.74 24.72 18.06 9.28
50 9.72 45.50 28.19 18.69 10.12
51 9.97 61.41 22.49 10.21 11.17
52 10.45 51.68 28.62 19.37 12.30
53 10.12 36.79 27.18 19.87 8.73
54 10.24 55.06 25.95 15.77 11.86
55 10.62 57.91 25.74 13.47 13.32
56 10.56 35.15 27.73 21.02 9.16
57 10.29 30.72 25.32 17.64 8.59
58 10.41 32.33 24.52 17.41 9.83
59 10.41 39.40 28.07 19.02 10.16
60 10.49 46.05 29.07 18.75 9.77
61 10.19 47.28 27.14 15.29 10.14
62 10.46 63.91 21.85 9.39 12.24
63 10.40 48.98 27.59 17.57 10.89
64 10.68 26.84 22.13 15.77 7.23
65 10.65 50.56 29.30 16.50 11.00
66 11.33 29.38 25.41 16.40 9.53
67 10.87 59.96 27.06 10.75 9.38
68 11.17 37.09 29.54 21.08 9.42
69 11.40 45.10 29.83 18.95 12.78
70 11.35 55.34 27.46 16.57 15.28
71 11.37 63.34 22.11 10.66 20.66
72 11.54 61.14 23.68 11.60 22.22
73 11.51 42.50 29.21 19.15 11.22
74 11.46 46.78 29.42 18.50 11.97
75 11.35 50.98 27.86 13.57 12.57
76 11.81 33.13 27.60 20.02 9.18
77 11.62 31.43 24.74 15.53 10.05
78 11.76 58.00 28.39 13.10 18.16
79 12.78 34.32 28.56 18.38 11.94
80 12.03 30.42 27.44 19.56 8.67
81 12.55 51.45 31.87 17.11 18.66
82 12.37 25.68 21.59 14.98 9.67
83 12.65 64.74 25.77 9.97 27.34
84 12.58 44.63 29.77 17.95 14.65
85 12.30 48.02 31.47 18.18 15.35
86 12.64 57.08 30.36 13.69 24.00
87 12.79 40.42 30.80 19.59 14.24
88 12.88 30.87 26.51 16.44 11.04
89 13.14 62.48 25.45 11.47 33.78
90 13.02 37.62 30.10 22.12 12.22
91 13.04 59.98 27.90 12.42 34.74
92 13.14 22.64 20.24 14.43 9.23
93 13.11 47.16 32.46 18.71 17.13
94 13.31 66.89 22.81 9.19 31.14
95 13.09 32.22 27.32 20.26 11.32
96 13.59 36.19 30.73 19.06 15.11
97 13.41 42.78 31.02 19.02 14.98
98 13.66 27.81 25.87 17.81 11.36
99 13.81 49.85 31.02 18.18 25.15
100 13.80 55.44 27.42 16.42 36.56
101 13.93 57.96 27.73 15.12 40.85
102 13.83 41.33 31.92 18.20 13.56
103 14.08 52.49 31.02 17.48 39.04
104 13.94 31.91 28.04 18.65 14.62
105 14.16 24.17 23.07 13.27 10.53
106 14.60 59.97 28.36 13.87 53.90
107 14.51 65.31 24.41 11.29 46.62
108 14.60 62.84 27.27 13.49 54.48
109 14.65 25.14 25.06 15.07 13.69
110 14.28 35.77 29.50 19.00 20.00
111 14.58 39.24 31.30 18.52 17.18
112 14.72 68.08 24.93 10.15 43.74
113 14.84 44.81 29.14 20.03 33.08
114 14.96 20.98 21.41 12.54 11.51
115 14.79 42.76 32.38 20.84 24.13
116 15.24 33.17 29.39 19.77 18.70
117 14.90 48.82 31.07 17.07 44.73
118 15.01 54.79 30.18 16.48 60.68
119 14.96 37.26 29.64 17.09 16.98
120 15.03 31.34 31.38 19.32 16.09
121 15.26 51.01 31.77 17.33 60.37
122 15.17 57.37 28.65 16.02 63.23
123 15.28 71.16 22.58 9.00 34.64
124 15.59 46.80 33.04 17.95 49.22
125 15.55 40.09 32.16 19.08 26.52
126 15.40 25.00 24.64 15.59 14.64
127 15.52 26.93 28.30 15.55 19.65
128 15.85 53.10 31.48 18.76 84.17
129 15.77 61.01 30.31 15.74 70.06
130 15.96 65.49 25.70 12.63 63.70
131 15.75 22.13 22.71 12.35 18.24
132 15.97 36.71 31.00 20.30 25.16
133 16.27 42.48 33.99 19.94 47.12
134 16.10 68.14 24.72 11.03 58.01
135 16.06 23.38 25.39 14.93 21.11
136 16.37 49.10 32.43 18.64 73.61
137 16.51 34.85 31.14 20.28 26.69
138 16.31 63.30 28.31 13.78 78.78
139 16.29 44.77 31.79 19.74 60.93
140 16.34 55.94 30.94 15.96 93.37
141 16.38 20.60 21.26 13.89 18.49
142 16.25 30.43 28.65 17.98 23.89
143 16.39 58.56 30.72 16.09 88.10
144 16.15 27.51 27.21 16.21 25.33
145 16.54 25.79 25.28 16.38 29.50
146 16.74 32.48 30.69 19.78 35.47
147 16.90 51.31 33.25 20.12 97.25
148 16.64 38.99 32.55 20.47 37.39
149 16.91 69.96 25.97 9.78 57.18
150 17.15 72.31 25.62 8.42 50.30
151 17.29 46.87 32.92 18.18 87.84
152 17.18 53.81 31.93 17.78 112.56
153 17.18 61.03 32.54 15.50 99.20
154 17.37 23.18 24.60 15.38 40.69
155 17.34 29.63 27.91 19.14 35.66
156 17.30 37.15 32.51 20.03 44.85
157 17.34 40.81 33.62 19.75 62.73
158 17.35 66.65 27.75 12.91 76.70
159 17.67 44.21 33.89 19.37 85.74
160 17.61 63.63 30.10 14.06 98.74
161 17.46 24.64 23.64 15.40 37.12
162 17.70 56.16 31.89 17.00 118.18
163 17.78 58.65 31.15 16.43 114.48
164 17.89 27.18 26.08 17.38 42.61
165 18.02 21.05 22.05 13.92 49.89
166 18.09 49.34 34.12 19.10 114.06
167 18.07 32.49 30.21 18.93 52.85
168 18.08 35.20 32.60 21.10 58.75
169 18.18 38.78 32.20 20.35 69.59
170 18.35 68.54 30.63 12.07 81.06
171 18.41 51.55 32.44 18.47 132.19
172 18.43 18.15 19.23 12.86 54.64
173 18.55 42.20 34.32 20.39 90.99
174 18.46 53.90 33.83 18.73 132.57
175 18.56 65.52 31.10 14.33 104.76
176 18.57 71.19 31.84 11.54 72.15
177 18.55 60.64 33.81 15.67 117.20
178 18.76 24.66 25.31 16.62 63.47
179 18.72 74.00 29.04 9.44 58.30
180 18.77 30.23 31.23 19.31 65.41
181 18.64 47.11 36.82 20.41 122.23
182 18.88 56.94 33.65 17.55 129.97
183 18.89 63.10 34.20 16.78 114.27
184 19.08 44.82 35.38 20.09 105.34
185 19.34 36.88 33.20 19.98 95.81
186 19.27 34.13 32.45 20.03 84.51
187 19.32 39.58 35.04 20.07 99.18
188 19.30 27.50 29.46 18.02 77.44
189 19.39 22.45 25.47 16.52 77.47
190 19.45 76.28 30.60 8.64 59.36
191 19.53 48.57 36.20 19.47 136.76
192 19.70 16.99 20.90 12.21 66.98
193 19.66 52.41 35.35 20.04 149.27
194 19.73 54.74 36.07 19.53 137.81
195 19.76 59.57 36.30 18.46 130.20
196 19.71 67.06 35.94 14.67 103.67
197 19.79 20.13 22.48 13.60 78.13
198 19.82 41.56 37.38 20.58 115.72
199 19.89 71.99 36.70 11.23 82.45
200 20.10 50.40 38.71 20.32 145.56
201 19.97 61.62 36.30 17.70 134.35
202 20.02 69.25 37.89 12.88 99.61
203 19.92 64.57 35.69 15.18 123.26
204 20.07 29.85 30.23 18.45 99.20
205 20.22 32.34 32.13 19.97 107.60
206 20.13 46.54 37.35 21.13 131.97
207 19.97 57.40 39.26 18.30 139.89
208 20.20 43.73 40.06 19.77 123.50
209 20.34 24.98 28.26 17.60 100.26
210 20.59 74.00 36.51 10.43 76.85
211 20.59 34.82 33.60 19.96 125.02
212 20.56 38.38 34.68 21.34 124.39
213 20.80 27.33 29.58 19.33 116.75
214 20.75 76.81 43.24 9.80 75.05
215 20.92 22.86 27.97 16.42 102.99
216 21.03 41.10 36.34 20.50 138.81
217 21.05 53.52 40.59 20.14 151.97
218 20.99 55.88 39.24 19.31 151.93
219 21.00 62.78 39.60 17.83 134.15
220 21.08 19.49 22.90 14.80 90.51
221 21.18 48.64 37.90 20.42 149.08
222 21.11 58.60 40.00 19.50 141.87
223 21.15 16.58 20.55 11.89 84.07
224 21.12 64.88 39.88 16.64 135.94
225 21.13 70.38 43.56 12.72 100.66
226 21.29 51.34 40.72 20.68 159.80
227 21.32 66.97 41.33 16.43 116.49
228 21.42 36.42 37.18 20.85 132.20
229 21.39 60.65 39.86 17.67 150.18
230 21.47 29.17 31.46 20.32 128.32
231 21.42 45.98 38.95 21.68 150.38
232 21.57 31.51 31.30 21.60 131.25
233 21.53 43.58 37.54 21.25 141.76
234 21.87 78.09 70.73 9.05 81.78
235 21.92 38.61 37.54 21.07 142.18
236 21.80 72.51 51.13 11.86 105.30
237 22.08 33.86 34.66 20.79 145.09
238 22.03 21.94 27.28 16.54 113.22
239 22.11 26.53 31.63 18.93 132.99
240 22.07 75.09 61.51 10.86 94.15
241 22.12 56.99 40.94 18.87 153.86
242 22.10 68.48 46.61 14.63 120.18
243 22.25 54.53 36.40 19.59 157.19
244 22.23 40.89 36.17 21.28 151.45
245 22.28 64.40 46.07 17.36 134.92
246 22.54 47.24 41.90 20.75 160.62
247 22.52 61.62 44.32 18.33 144.78
248 22.52 49.54 43.05 20.91 163.00
249 22.44 51.94 40.24 21.56 160.56
250 22.54 16.63 23.28 12.65 99.76
251 22.59 19.36 24.75 14.61 109.49
252 22.70 24.31 28.45 19.40 129.12
253 22.60 59.01 43.49 19.62 158.90
254 22.61 44.64 39.02 22.54 155.52
255 22.70 29.79 35.73 20.42 147.02
256 22.79 70.63 64.15 13.48 125.54
257 22.79 36.26 34.94 21.17 152.94
258 22.99 79.52 105.89 9.16 83.42
259 23.17 32.04 37.00 20.83 155.68
260 23.13 42.04 39.15 21.42 158.17
261 23.24 65.92 53.32 16.67 139.70
262 23.27 72.85 85.03 13.70 123.66
263 23.21 56.08 45.20 19.65 152.87
264 23.24 39.01 39.69 22.63 156.02
265 23.25 75.82 95.37 10.42 103.72
266 23.33 14.09 21.61 11.07 85.44
267 23.36 21.86 31.75 17.75 125.55
268 23.33 63.08 50.54 17.54 144.02
269 23.29 68.25 61.58 14.75 134.74
270 23.40 26.88 34.02 21.63 141.19
271 23.39 53.26 45.25 20.45 157.21
272 23.71 34.36 37.49 21.74 156.81
273 23.69 46.11 40.77 22.42 166.29
274 23.72 50.96 42.11 20.40 155.46
275 23.65 59.71 51.25 18.33 157.94
276 23.80 48.66 41.55 22.18 162.20
277 23.90 43.64 41.75 21.43 162.70
278 23.90 83.00 89.46 7.92 40.40
279 23.82 29.29 35.52 20.53 146.53
280 24.01 17.07 25.51 13.86 108.21
281 24.05 24.16 32.41 18.37 135.97
282 24.04 36.86 38.52 23.28 160.83
283 24.08 19.84 26.91 15.94 117.93
284 24.11 40.66 40.70 21.11 155.54
285 24.16 57.27 48.71 19.66 158.47
286 24.16 70.47 97.48 15.18 129.82
287 24.29 80.49 125.66 9.30 75.73
288 24.35 54.85 49.28 21.93 163.26
289 24.28 61.28 57.74 20.68 156.90
290 24.24 77.27 137.18 10.48 99.59
291 24.41 63.55 62.96 18.44 148.77
292 24.42 73.93 129.77 13.27 124.18
293 24.40 32.10 37.56 20.52 157.24
294 24.44 67.60 93.39 16.22 148.06
295 24.82 38.92 45.94 22.29 159.64
296 24.73 65.56 86.54 18.02 146.98
297 24.63 26.45 33.59 20.64 143.97
298 24.77 52.18 48.42 21.36 164.07
299 24.76 14.58 22.07 12.38 99.01
300 24.85 22.13 32.82 17.34 130.13
301 24.90 47.46 47.11 23.11 177.44
302 24.83 45.22 42.96 22.24 173.16
303 24.90 58.79 56.76 20.31 151.39
304 24.87 29.65 39.34 21.14 160.52
305 25.08 49.94 51.80 22.49 165.36
306 25.03 34.53 41.94 22.63 160.65
307 24.94 42.69 45.02 22.55 164.02
308 25.31 71.50 152.34 15.66 133.03
309 25.29 36.79 41.94 21.94 159.78
310 25.30 68.94 128.73 17.29 149.14
311 25.30 19.48 29.58 15.61 123.77
312 25.52 40.96 48.39 23.15 165.31
313 25.43 53.98 56.26 21.45 172.43
314 25.44 24.31 39.31 19.29 143.46
315 25.49 56.25 57.17 21.43 161.94
316 25.40 62.51 87.75 20.82 157.57
317 25.43 76.16 166.51 12.76 110.32
318 25.45 83.01 105.73 8.10 61.12
319 25.57 17.04 27.54 14.54 117.16
320 25.60 78.94 151.50 11.21 100.79
321 25.62 60.36 85.96 20.98 155.42
322 25.62 27.39 40.05 21.44 157.44
323 25.55 32.05 42.20 21.80 160.40
324 25.82 12.40 22.60 11.38 90.13
325 25.89 73.80 169.76 14.82 119.34
326 25.89 64.82 122.48 19.10 161.94
327 25.98 43.71 52.65 24.67 178.58
328 25.96 46.15 51.83 23.19 174.77
329 26.03 29.78 40.44 20.98 162.00
330 26.07 48.40 53.46 22.90 168.79
331 26.04 52.23 58.43 22.91 175.11
332 26.10 58.13 84.88 20.86 160.37
333 26.18 66.94 155.23 18.28 151.25
334 26.34 15.24 29.49 13.27 110.56
335 26.33 22.61 38.14 18.38 152.77
336 26.30 35.60 44.44 23.94 163.75
337 26.26 38.64 44.89 22.77 159.23
338 26.41 81.00 142.16 11.06 90.81
339 26.42 33.38 42.59 21.59 161.86
340 26.47 50.44 63.52 22.58 170.62
341 26.46 20.37 37.95 16.80 138.10
342 26.48 69.60 169.90 17.15 146.65
343 26.56 25.37 41.21 19.85 152.49
344 26.54 62.68 139.12 21.74 163.60
345 26.67 54.14 72.64 22.08 167.16
346 26.82 84.52 89.30 9.01 48.91
347 26.73 60.62 125.12 21.21 165.30
348 26.80 71.92 183.31 15.67 134.79
349 26.77 76.11 171.66 13.89 114.58
350 26.70 41.05 51.65 23.08 167.41
351 26.82 56.21 85.75 20.51 166.68
352 26.86 27.82 44.76 21.84 156.02
353 27.00 18.16 32.90 15.41 120.94
354 27.10 30.54 48.75 21.12 166.64
355 27.01 45.45 59.20 23.04 186.69
356 27.16 64.29 170.84 20.53 158.92
357 27.20 13.26 33.01 11.84 105.66
358 27.23 47.76 70.09 24.75 178.66
359 27.34 37.57 55.47 23.28 172.17
360 27.25 58.51 125.38 22.60 164.70
361 27.39 78.63 155.43 13.20 98.56
362 27.37 67.90 185.17 18.02 155.38
363 27.39 52.42 88.56 23.12 183.38
364 27.44 35.49 52.47 22.27 162.67
365 27.63 23.72 49.27 20.95 152.90
366 27.51 32.52 51.70 22.50 161.57
367 27.66 73.64 175.08 16.57 131.90
368 27.72 39.71 62.24 23.22 179.54
369 27.69 21.01 42.52 18.66 145.17
370 27.68 50.02 83.52 23.60 179.06
371 27.76 65.77 184.02 21.21 151.04
372 27.69 81.71 118.74 10.83 82.20
373 27.84 25.97 56.09 20.43 157.43
374 27.80 62.17 177.84 21.73 157.41
375 27.85 16.18 37.66 14.82 115.25
376 27.84 70.23 186.44 19.10 148.76
377 27.93 41.89 67.43 23.79 172.79
378 28.04 44.11 78.75 22.77 181.71
379 27.89 56.54 124.39 23.52 176.00
380 28.06 28.22 59.96 22.33 158.10
381 28.17 54.32 121.41 23.77 171.88
382 27.97 59.93 169.12 23.12 159.71
383 28.22 85.45 67.79 8.75 43.60
384 28.23 76.11 161.97 13.84 111.03
385 28.26 34.18 62.22 22.63 169.33
386 28.44 46.01 90.86 24.19 178.26
387 28.47 18.72 51.42 17.63 136.54
388 28.31 30.39 68.18 21.65 170.00
389 28.37 48.16 99.28 23.67 186.98
390 28.61 37.90 73.69 23.22 165.20
391 28.50 52.09 121.38 26.47 183.36
392 28.53 13.79 43.92 13.76 107.43
393 28.65 22.54 64.75 20.02 153.85
394 28.69 63.78 183.48 21.52 167.88
395 28.67 67.09 187.24 19.30 154.02
396 28.77 71.79 171.96 17.74 128.26
397 28.78 58.26 174.71 22.80 171.53
398 28.75 78.96 127.33 12.42 96.65
399 28.91 35.95 76.69 23.82 162.66
400 28.95 82.29 105.73 11.43 72.50
401 28.94 32.55 76.54 21.36 170.34
402 28.88 61.16 183.04 23.50 164.38
403 28.90 50.07 127.33 23.52 182.54
404 29.02 69.20 181.68 19.95 145.67
405 29.05 11.43 64.09 12.65 103.94
406 28.97 39.95 91.78 23.44 171.44
407 28.91 56.05 159.40 24.00 174.52
408 28.96 25.89 80.61 21.26 162.28
409 29.18 74.12 159.73 16.23 123.76
410 29.19 16.70 69.06 15.94 123.04
411 29.20 42.00 100.02 24.41 166.68
412 29.36 20.51 82.72 18.48 146.83
413 29.29 28.11 97.63 22.49 168.63
414 29.27 44.06 117.57 27.49 179.81
415 29.48 24.13 94.59 23.06 159.37
416 29.45 47.59 136.79 24.98 182.04
417 29.56 65.46 179.63 22.04 157.06
418 29.51 30.28 109.57 22.51 165.84
419 29.52 52.86 165.35 25.33 183.78
420 29.73 86.73 52.08 9.09 36.31
421 29.77 59.33 193.53 23.43 175.57
422 29.74 76.68 126.94 14.68 105.95
423 29.79 54.95 191.98 23.93 175.84
424 29.86 84.19 77.68 11.53 58.53
425 29.86 14.33 84.31 14.16 113.81
426 29.95 34.76 112.56 22.60 166.98
427 29.89 63.37 187.04 22.26 160.61
428 29.98 37.27 122.38 24.68 169.36
429 30.03 45.47 158.67 25.89 178.86
430 29.89 50.26 161.27 25.59 189.84
431 29.95 61.34 195.20 23.66 175.96
432 30.12 79.45 107.96 13.88 84.60
433 30.10 57.13 190.06 24.04 169.57
434 30.12 67.32 161.71 20.93 146.98
435 30.19 26.31 138.07 23.19 167.47
436 30.13 32.51 125.88 24.46 175.83
437 30.13 39.55 144.83 25.15 168.37
438 30.21 69.63 155.43 19.07 138.13
439 30.17 72.16 149.29 18.08 134.28
440 30.31 22.67 122.33 22.19 154.86
441 30.41 17.23 117.97 17.29 130.67
442 30.37 42.12 155.61 23.98 174.31
443 30.44 11.04 88.58 13.26 88.08
444 30.50 48.02 171.80 26.35 184.20
445 30.61 20.08 136.57 18.93 135.28
446 30.64 28.37 162.37 24.90 169.00
447 30.72 81.68 96.82 13.46 71.24
448 30.67 53.40 201.78 27.61 176.26
449 30.69 74.60 121.60 17.42 115.97
450 30.73 51.51 188.19 26.12 180.69
451 30.77 30.60 170.42 24.73 165.27
452 30.91 64.46 164.82 22.48 142.12
453 30.95 43.88 184.86 25.16 175.30
454 31.00 55.33 200.39 24.51 170.37
455 30.91 58.88 193.82 26.57 176.84
456 31.14 13.58 111.10 13.50 106.27
457 30.99 61.72 186.04 22.67 162.85
458 31.13 36.15 170.96 25.47 165.06
459 31.20 77.02 111.11 16.25 93.99
460 31.18 87.36 55.99 10.22 24.16
461 31.24 25.45 176.78 22.75 152.35
462 31.19 33.97 163.61 25.33 171.08
463 31.15 46.05 187.29 26.02 187.20
464 31.17 49.69 185.64 25.83 179.87
465 31.28 84.59 79.16 12.06 47.91
466 31.30 38.31 192.21 26.04 170.16
467 31.27 40.57 189.98 26.77 180.60
468 31.27 66.79 142.66 22.75 148.13
469 31.27 70.23 136.79 21.52 129.85
470 31.52 23.38 174.86 23.31 149.74
471 31.59 72.33 129.91 20.54 114.35
472 31.60 15.96 139.37 16.64 120.54
473 31.65 18.70 159.53 18.09 134.09
474 31.63 56.93 187.57 25.83 169.62
475 31.68 31.98 190.14 24.94 174.62
476 31.86 79.22 100.72 15.51 63.91
477 31.84 27.77 178.04 24.27 169.50
478 31.96 42.44 195.31 25.09 176.38
479 31.84 52.09 184.86 28.09 179.52
480 31.86 60.13 186.54 25.65 172.40
481 31.97 47.52 184.22 26.33 185.46
482 32.07 21.34 177.43 20.84 145.79
483 32.00 62.87 148.32 25.22 157.60
484 32.00 68.53 133.53 22.88 133.39
485 32.06 81.93 90.67 14.96 54.82
486 32.09 11.80 122.90 13.93 93.28
487 32.04 74.56 113.26 18.85 107.52
488 32.22 29.95 185.98 23.93 169.22
489 32.11 54.23 185.74 25.68 170.89
490 32.18 44.87 195.11 28.91 181.34
491 32.14 65.08 127.82 23.39 156.02
492 32.38 35.11 197.00 24.88 172.18
493 32.29 49.79 184.04 26.51 187.74
494 32.35 37.39 199.31 26.58 172.04
495 32.49 40.16 200.70 24.81 184.25
496 32.50 58.50 182.51 25.64 172.16
497 32.46 86.05 73.81 12.22 25.18
498 32.53 25.67 193.74 23.49 162.93
499 33.03 88.72 59.60 11.70 12.84
500 32.69 70.38 119.88 21.38 117.70
501 32.73 32.95 204.98 26.00 170.15
502 32.76 66.73 125.04 24.70 147.81
503 32.82 77.31 104.03 18.84 72.10
504 32.78 16.72 156.88 17.29 121.12
505 32.83 56.51 173.57 26.33 174.63
506 33.10 14.10 137.85 14.75 109.30
507 32.94 23.67 186.90 21.78 160.66
508 32.85 61.63 143.46 24.53 168.63
509 32.85 8.98 120.74 11.88 83.81
510 33.02 83.24 93.03 16.13 42.21
511 33.02 19.50 178.19 19.67 135.55
512 32.92 51.75 166.86 27.16 169.92
513 33.02 27.91 196.09 23.47 168.51
514 33.17 72.44 117.00 21.46 108.87
515 33.07 43.33 187.67 26.88 183.14
516 33.14 48.11 184.63 26.55 176.98
517 33.18 74.90 104.71 19.93 93.31
518 33.30 45.96 177.09 27.86 173.16
519 33.22 63.98 114.82 24.69 152.30
520 33.23 54.61 163.57 26.74 182.29
521 33.35 79.85 103.14 18.50 48.73
522 33.43 31.02 198.88 26.22 179.02
523 33.42 59.83 140.88 25.04 165.72
524 33.60 11.21 137.80 13.31 98.08
525 33.48 37.15 189.70 26.44 179.30
526 33.50 68.14 115.29 24.37 123.90
527 33.58 21.84 175.10 20.90 139.19
528 33.61 39.37 185.17 25.98 177.04
529 33.80 41.56 175.74 25.10 178.21
530 33.92 35.22 191.00 25.46 167.09
531 33.82 50.20 162.14 27.71 172.56
532 33.87 26.20 192.71 23.36 160.86
533 33.85 52.92 160.36 28.49 178.67
534 33.89 65.76 108.26 24.06 127.84
535 34.02 29.19 193.07 25.57 165.64
536 33.99 33.07 193.72 25.68 170.42
537 34.00 17.72 156.42 19.10 138.00
538 33.97 56.67 142.59 27.25 168.57
539 34.01 61.86 123.02 26.29 151.15
540 34.07 69.86 119.71 23.65 103.59
541 34.08 84.18 107.03 17.31 27.66
542 34.12 76.84 114.84 20.79 57.24
543 34.21 43.74 161.32 27.94 173.21
544 34.43 86.53 110.26 17.49 19.65
545 34.40 24.37 175.43 23.17 151.91
546 34.31 48.03 162.59 28.12 172.74
547 34.34 58.58 133.40 26.44 159.60
548 34.40 81.48 105.84 18.60 32.99
549 34.35 74.14 120.71 23.25 77.83
550 34.54 71.76 130.90 24.90 85.10
551 34.63 19.90 156.59 21.00 131.48
552 34.60 12.99 132.13 14.31 104.24
553 34.52 54.80 141.54 28.10 166.48
554 34.69 16.10 136.82 16.63 125.25
555 34.61 45.82 160.23 27.64 174.45
556 34.56 63.61 128.90 26.15 135.48
557 34.81 78.94 130.65 21.94 39.10
558 34.85 89.62 85.25 17.22 9.05
559 34.78 38.59 163.27 26.38 171.66
560 34.89 9.46 109.71 12.74 85.73
561 34.86 31.21 171.05 24.91 165.17
562 34.83 51.85 137.37 28.25 165.78
563 34.78 67.50 129.36 24.23 98.94
564 34.94 22.43 158.90 22.85 149.54
565 34.91 27.94 166.98 24.95 152.75
566 35.06 36.44 169.57 26.46 161.25
567 34.95 60.20 121.92 25.35 133.81
568 35.12 40.69 151.66 27.59 165.22
569 35.14 49.72 137.90 28.92 165.62
570 35.17 65.24 129.06 25.96 100.13
571 35.20 33.90 160.34 25.71 157.27
572 35.25 56.77 119.26 26.87 148.67
573 35.34 42.79 142.98 27.74 170.98
574 35.38 69.63 140.21 26.26 70.92
575 35.34 76.19 142.07 24.07 47.11
576 35.56 26.17 148.50 25.29 139.53
577 35.48 83.68 133.12 21.79 19.77
578 35.55 53.97 115.83 29.52 153.58
579 35.55 62.31 139.13 28.09 103.94
580 35.50 73.65 139.20 26.59 64.76
581 35.60 47.67 125.55 28.24 159.78
582 35.87 11.48 98.63 13.83 93.94
583 35.91 30.38 134.36 25.15 156.02
584 35.82 45.62 133.18 29.64 164.46
585 35.76 14.70 109.52 15.93 115.22
586 35.94 80.78 136.71 24.65 24.75
587 35.93 86.76 129.18 22.17 13.23
588 35.98 19.55 120.61 20.82 131.37
589 36.01 24.26 132.61 23.97 134.93
590 36.06 71.45 162.98 27.70 57.21
591 36.26 17.18 107.75 19.99 121.64
592 36.02 38.33 136.86 26.86 150.49
593 36.02 51.71 122.20 28.35 151.18
594 35.98 67.13 151.81 28.28 67.52
595 36.14 57.94 118.41 30.96 131.90
596 36.19 22.01 126.35 22.95 128.41
597 36.19 32.49 138.27 25.95 151.62
598 36.02 59.96 139.14 29.02 117.00
599 36.18 8.00 71.98 11.29 56.90
600 36.20 28.32 131.33 25.49 139.49
601 36.23 77.90 159.34 27.57 29.63
602 36.35 34.68 127.34 26.12 148.62
603 36.25 64.69 139.28 28.20 75.78
604 36.34 43.79 121.17 27.87 143.98
605 36.40 40.29 123.80 29.84 137.96
606 36.35 49.45 121.32 28.26 151.17
607 36.40 55.77 113.11 30.64 125.60
608 36.57 89.60 92.28 24.79 7.08
609 36.53 74.93 171.66 29.84 37.48
610 36.74 36.69 129.70 28.68 134.39
611 36.62 68.97 161.38 29.83 53.25
612 36.70 62.08 152.74 29.00 82.70
613 36.78 53.34 117.57 30.57 128.58
614 36.77 83.76 144.75 28.90 13.88
615 36.98 42.00 114.09 29.22 128.62
616 36.90 47.19 115.37 30.24 137.11
617 36.94 13.52 81.89 17.01 95.47
618 37.12 10.49 74.35 13.92 82.23
619 37.15 25.63 104.70 24.69 119.07
620 37.13 72.83 185.10 32.92 33.47
621 37.12 60.00 154.73 32.90 78.62
622 37.28 20.91 98.48 22.07 110.69
623 37.30 30.10 114.18 27.67 124.44
624 37.20 66.55 157.15 32.09 51.89
625 37.23 50.62 122.81 33.48 113.02
626 37.31 64.01 165.42 31.62 62.47
627 37.42 78.90 169.46 37.19 22.09
628 37.44 81.27 154.72 34.31 15.69
629 37.37 27.66 118.20 26.33 114.69
630 37.28 45.01 113.98 31.53 123.02
631 37.37 57.67 143.93 31.98 93.65
632 37.45 86.38 127.42 32.31 11.39
633 37.46 23.31 109.06 24.85 105.44
634 37.44 32.39 129.68 27.89 128.89
635 37.48 39.27 115.51 30.35 118.00
636 37.48 70.65 187.17 36.67 35.94
637 37.54 76.46 182.10 37.52 26.20
638 37.72 18.74 88.61 21.43 100.36
639 37.68 8.40 63.23 12.84 58.67
640 37.63 16.12 84.14 19.00 91.68
641 37.60 34.85 113.64 28.65 118.96
642 37.51 55.15 135.88 33.73 99.55
643 37.82 48.33 134.83 30.94 99.77
644 37.85 68.36 172.40 34.44 35.65
645 38.00 37.16 115.43 27.70 102.32
646 37.90 52.62 142.79 34.33 90.02
647 38.15 74.43 191.58 42.33 23.30
648 38.11 61.33 173.06 37.52 53.06
649 38.20 12.32 68.69 15.36 73.69
650 38.07 42.22 112.49 29.98 101.60
651 38.30 65.58 186.34 38.23 37.53
652 38.31 83.59 141.54 41.38 12.26
653 38.33 88.63 101.53 42.93 7.98
654 38.43 44.28 118.77 32.50 85.38
655 38.34 59.06 172.07 36.33 56.11
656 38.46 46.53 134.04 31.15 83.26
657 38.41 50.19 156.27 33.22 65.87
658 38.39 63.40 190.96 38.32 41.30
659 38.47 28.52 112.35 28.82 90.98
660 38.56 40.09 114.51 31.58 89.73
661 38.55 72.10 189.89 44.07 22.68
662 38.63 26.22 97.62 28.16 81.76
663 38.69 30.59 116.95 29.19 86.46
664 38.51 32.88 122.85 29.68 97.36
665 38.53 56.54 162.22 36.37 61.29
666 38.62 21.10 94.07 24.22 78.81
667 38.63 23.75 93.87 25.53 79.12
668 38.69 78.49 167.38 49.89 14.82
669 38.69 54.42 160.94 37.72 63.00
670 38.77 14.63 70.43 20.11 68.13
671 38.78 69.75 190.29 46.49 25.22
672 38.93 17.21 88.11 22.61 63.44
673 38.82 34.97 123.24 30.40 89.58
674 38.99 80.83 148.96 55.44 13.64
675 38.98 38.29 111.52 32.04 75.98
676 39.07 9.82 57.12 15.28 48.74
677 39.00 67.46 188.69 47.05 26.91
678 39.01 52.18 170.17 36.04 53.90
679 39.15 76.23 173.06 57.45 17.86
680 39.24 85.92 114.23 51.69 8.78
681 39.31 41.47 117.56 33.39 64.76
682 39.43 48.04 170.55 38.28 51.30
683 39.33 62.24 193.35 44.27 32.39
684 39.40 92.10 47.39 41.73 4.80
685 39.44 57.79 179.35 45.28 42.59
686 39.40 60.08 187.24 43.75 38.25
687 39.53 19.35 99.29 24.86 51.86
688 39.59 36.44 124.36 32.04 65.18
689 39.48 64.86 196.06 52.27 29.24
690 39.58 73.94 170.62 60.97 17.40
691 39.67 89.22 86.42 55.15 7.48
692 39.61 32.35 126.82 32.56 67.52
693 39.71 43.69 138.38 35.23 52.34
694 39.70 45.80 161.30 37.09 48.94
695 39.81 12.22 64.29 18.80 38.90
696 39.68 25.00 104.19 30.69 56.96
697 39.61 28.12 109.12 29.94 60.12
698 39.63 50.18 177.25 37.73 43.79
699 39.73 71.11 172.80 62.49 19.47
700 39.81 82.80 121.65 61.47 11.05
701 39.84 53.93 191.94 43.08 36.22
702 39.89 55.86 187.94 48.20 37.38
703 39.84 22.42 101.12 27.33 54.17
704 39.92 15.18 76.79 21.09 43.80
705 40.05 30.33 125.30 32.52 55.33
706 40.07 34.62 133.92 35.68 55.64
707 40.21 79.24 128.50 72.46 13.70
708 40.17 6.98 49.66 13.91 25.60
709 40.15 38.35 132.95 38.63 47.71
710 40.07 66.90 185.65 64.00 22.33
711 40.26 69.11 179.52 69.91 17.94
712 40.35 51.98 187.37 46.84 32.53
713 40.38 76.89 139.00 74.95 14.61
714 40.54 26.61 117.04 31.94 40.24
715 40.37 41.69 140.18 40.63 42.75
716 40.35 62.54 195.72 59.25 25.33
717 40.76 9.83 62.84 16.52 24.69
718 40.44 59.69 194.05 59.67 27.31
719 40.68 84.60 90.89 72.96 8.94
720 40.77 18.08 100.20 24.72 32.89
721 40.64 20.52 109.25 28.27 38.12
722 40.67 64.92 185.44 71.22 20.44
723 40.67 72.87 148.80 79.63 14.78
724 40.82 32.90 144.32 36.26 40.03
725 40.73 49.49 180.00 44.68 30.57
726 40.72 57.66 192.10 56.26 27.38
727 40.82 24.35 116.34 35.42 38.66
728 40.82 47.38 183.85 43.87 31.77
729 40.85 87.28 75.91 71.92 7.92
730 40.86 28.67 138.69 37.51 38.57
731 40.96 39.87 148.56 43.06 33.93
732 40.88 90.48 58.00 65.38 6.60
733 40.98 45.16 178.57 45.77 32.21
734 40.98 81.36 103.28 80.74 11.14
735 41.01 12.88 78.75 21.59 27.63
736 40.93 15.91 88.76 25.51 29.93
737 41.11 35.75 163.80 43.86 34.52
738 41.04 75.08 128.60 90.94 14.83
739 41.15 70.98 148.14 83.76 14.12
740 41.23 54.16 192.68 61.82 25.78
741 41.25 43.03 169.33 47.17 28.67
742 41.15 67.31 166.29 83.90 17.75
743 41.41 92.93 28.63 48.79 3.53
744 41.28 30.80 151.14 40.02 32.67
745 41.36 22.44 119.86 34.92 32.94
746 41.31 60.83 183.96 72.46 20.67
747 41.37 37.79 163.02 49.29 33.69
748 41.40 51.74 192.31 55.96 22.62
749 41.48 56.20 189.90 70.22 22.10
750 41.44 63.12 182.39 79.57 18.43
751 41.55 6.86 55.77 15.07 13.95
752 41.69 78.66 106.54 100.34 12.14
753 41.77 69.35 146.20 105.61 15.98
754 41.76 25.59 139.12 38.29 25.73
755 41.86 19.94 120.96 35.33 25.56
756 41.83 48.99 186.19 55.00 23.09
757 41.86 65.25 162.19 101.19 17.66
758 41.92 14.57 92.00 26.53 21.62
759 41.91 73.56 119.73 112.33 14.12
760 42.02 27.66 146.88 44.43 26.22
761 42.02 76.22 105.20 112.72 14.44
762 41.88 84.35 75.31 89.01 9.32
763 41.89 88.51 66.35 80.75 6.96
764 42.09 34.30 165.90 48.42 24.94
765 42.10 58.19 174.40 88.77 20.92
766 42.10 41.14 165.05 56.57 23.02
767 42.03 46.17 189.38 59.89 22.60
768 42.14 11.55 84.52 21.27 18.70
769 42.16 32.34 151.32 50.53 24.81
770 42.39 8.63 72.00 20.10 13.25
771 42.16 81.67 86.91 103.58 10.58
772 42.39 17.81 121.41 32.04 18.52
773 42.32 29.70 160.62 50.64 21.91
774 42.35 38.68 174.61 56.10 22.57
775 42.26 67.46 141.32 108.83 16.78
776 42.36 43.64 182.35 63.89 21.24
777 42.39 60.06 167.74 98.57 18.26
778 42.38 71.53 114.22 126.53 13.91
779 42.49 36.49 165.04 60.51 21.39
780 42.41 62.13 163.76 109.47 16.00
781 42.40 51.95 179.50 77.40 21.50
782 42.54 54.22 173.16 85.90 18.69
783 42.54 22.11 142.41 42.38 20.11
784 42.81 24.47 141.98 48.00 19.74
785 42.73 91.88 50.88 67.00 5.08
786 42.68 56.29 171.06 98.89 19.93
787 42.74 86.28 77.67 93.39 8.55
788 42.94 47.28 177.00 75.56 20.98
789 42.87 49.94 177.41 81.23 18.02
790 42.84 63.82 147.98 121.45 16.32
791 42.99 69.92 113.30 139.95 15.72
792 43.04 77.72 92.03 130.21 13.34
793 42.99 80.02 84.67 123.74 11.38
794 43.07 26.63 151.00 48.61 18.49
795 43.14 89.61 72.67 88.83 6.53
796 43.06 15.24 108.79 29.96 16.33
797 43.04 66.00 138.46 132.85 16.97
798 43.09 73.18 98.61 135.52 13.32
799 43.25 30.99 158.32 66.06 18.21
800 43.17 39.84 166.43 76.90 18.95
801 43.29 75.45 92.80 137.54 13.57
802 43.31 20.34 135.47 41.97 16.93
803 43.29 45.01 175.86 77.21 18.54
804 43.31 83.64 85.83 105.52 9.44
805 43.34 12.41 94.14 28.35 15.07
806 43.29 34.73 161.72 69.98 17.62
807 43.31 42.03 172.21 78.98 17.81
808 43.43 59.17 134.05 132.82 18.42
809 43.51 28.68 158.12 63.39 17.41
810 43.55 32.90 151.30 75.67 18.58
811 43.40 52.29 163.74 109.68 17.34
812 43.42 68.05 115.46 148.42 15.16
813 43.64 6.94 78.26 22.36 7.87
814 43.67 9.66 92.85 27.47 11.05
815 43.70 36.90 168.83 86.44 17.12
816 43.76 17.72 117.96 42.16 15.66
817 43.70 22.89 150.92 60.71 16.73
818 43.69 57.20 136.19 127.27 16.21
819 43.73 48.65 161.41 100.70 17.59
820 43.65 54.78 133.72 125.00 17.80
821 43.93 81.46 91.14 123.38 9.98
822 43.86 64.64 119.88 154.90 15.83
823 43.97 71.14 102.07 150.07 15.18
824 43.96 87.08 92.41 96.05 7.16
825 44.10 38.79 157.75 92.79 15.85
826 44.02 62.65 101.13 149.54 15.41
827 44.02 94.71 26.19 39.00 1.74
828 44.13 50.78 135.93 131.82 16.30
829 44.16 43.51 161.09 103.04 16.17
830 44.12 92.37 54.33 66.36 3.99
831 44.24 26.68 143.82 74.27 14.90
832 44.25 78.49 102.36 140.41 11.94
833 44.22 46.30 148.16 112.14 16.71
834 44.24 73.47 99.41 152.55 14.29
835 44.37 15.29 110.18 44.60 12.78
836 44.39 24.70 140.08 72.11 14.32
837 44.42 41.05 146.98 97.06 15.96
838 44.39 66.51 108.58 158.28 16.04
839 44.55 19.70 120.82 55.12 13.94
840 44.47 29.78 141.36 80.80 15.18
841 44.43 35.29 146.86 101.26 15.69
842 44.38 60.19 102.82 155.12 16.41
843 44.41 68.66 113.56 161.11 15.82
844 44.42 76.00 107.33 149.26 12.50
845 44.57 12.39 94.00 41.84 11.02
846 44.44 53.50 118.56 144.64 17.30
847 44.67 84.94 111.16 109.24 8.82
848 44.65 31.60 137.00 96.31 15.00
849 44.54 55.99 122.26 152.59 18.13
850 44.76 89.53 92.19 85.17 6.23
851 44.78 22.02 129.47 70.69 14.14
852 44.85 33.46 133.27 109.63 14.27
853 44.67 48.57 128.68 129.97 16.63
854 45.03 7.27 72.87 34.54 7.20
855 45.00 58.00 106.31 163.04 16.43
856 45.12 82.68 124.46 118.97 9.68
857 44.99 63.75 105.39 166.51 17.37
858 45.15 9.96 79.70 39.93 8.52
859 45.00 28.11 129.30 92.22 14.50
860 45.13 37.13 126.24 125.48 14.69
861 45.17 45.12 119.04 139.40 16.17
862 45.13 51.72 101.81 157.45 15.83
863 45.16 61.79 105.63 167.61 15.46
864 45.13 71.98 120.11 167.72 13.70
865 45.20 17.84 100.30 60.02 12.75
866 45.13 39.05 133.41 125.05 15.77
867 45.09 42.78 127.94 128.33 15.47
868 45.19 69.82 130.44 168.38 15.07
869 45.19 80.05 130.68 129.19 10.83
870 45.31 93.64 34.17 56.26 2.91
871 45.40 74.50 141.64 161.98 13.05
872 45.40 65.43 118.15 171.72 16.48
873 45.46 23.85 125.39 94.06 13.45
874 45.49 47.49 100.66 145.41 16.61
875 45.50 49.84 98.19 158.77 15.98
876 45.51 55.87 103.64 165.31 16.11
877 45.51 59.83 103.90 172.00 15.00
878 45.55 67.43 121.20 173.11 14.89
879 45.53 76.85 134.73 160.12 12.42
880 45.52 35.26 104.61 135.56 13.92
881 45.53 53.72 103.00 166.18 16.29
882 45.73 13.00 83.98 58.50 10.84
883 45.62 15.45 99.75 63.58 10.55
884 45.62 26.79 101.00 112.29 12.58
885 45.66 40.82 109.33 137.49 14.82
886 45.78 86.32 116.71 104.71 8.08
887 45.80 31.46 101.88 124.58 14.42
888 45.76 20.85 111.79 88.83 11.98
889 45.83 29.34 104.59 124.82 13.39
890 46.00 33.28 95.59 146.95 14.35
891 46.06 89.20 96.21 96.46 6.56
892 46.14 78.51 161.80 150.26 10.64
893 46.29 91.80 64.91 81.76 5.16
894 46.13 8.25 69.51 52.62 6.55
895 46.17 42.49 92.92 155.28 14.35
896 46.19 72.67 176.84 170.76 14.37
897 46.23 38.91 97.91 153.94 14.57
898 46.22 63.45 141.02 178.55 16.32
899 46.25 70.63 172.98 181.43 14.74
900 46.27 25.46 86.69 123.24 13.16
901 46.32 44.36 95.61 159.96 14.92
902 46.43 83.43 136.65 123.65 9.35
903 46.41 11.00 68.00 66.34 8.34
904 46.33 18.41 89.44 94.25 11.55
905 46.32 36.83 91.80 147.22 14.78
906 46.39 46.38 92.94 164.85 15.70
907 46.37 61.32 137.41 182.24 15.54
908 46.38 58.65 132.02 174.91 16.29
909 46.39 68.70 154.72 178.17 14.40
910 46.48 5.82 50.73 50.59 5.91
911 46.43 52.52 106.93 180.24 15.22
912 46.49 80.84 157.15 137.43 9.77
913 46.48 23.10 87.92 117.94 11.96
914 46.59 48.47 98.65 167.04 15.90
915 46.56 56.67 133.12 174.90 16.04
916 46.47 65.52 144.76 177.74 15.43
917 46.63 50.50 106.35 174.08 14.67
918 46.63 54.52 117.84 179.74 16.31
919 46.66 75.96 161.31 161.88 13.22
920 46.70 34.72 92.43 160.92 14.19
921 46.74 27.93 80.98 139.51 13.40
922 46.70 15.87 79.65 85.32 10.68
923 46.77 20.66 85.23 111.67 12.31
924 46.84 30.38 92.12 152.79 13.12
925 46.94 40.86 89.74 170.65 14.72
926 46.98 73.90 177.44 174.08 13.00
927 47.11 32.31 89.46 160.89 14.28
928 47.13 85.68 130.60 117.89 8.01
929 47.29 13.33 63.52 84.06 8.78
930 47.17 67.26 172.50 185.86 14.68
931 47.27 59.90 165.46 192.39 17.30
932 47.25 78.07 161.67 156.72 11.84
933 47.28 8.12 47.65 71.61 6.38
934 47.27 37.68 98.19 172.33 14.98
935 47.26 88.71 96.27 100.42 6.87
936 47.32 25.46 73.89 142.31 11.82
937 47.31 71.29 181.90 176.31 13.27
938 47.40 42.89 115.04 174.77 15.27
939 47.39 62.70 171.36 186.17 15.28
940 47.48 45.04 116.12 171.67 16.29
941 47.61 18.65 68.19 115.13 10.85
942 47.53 51.80 136.11 188.39 15.16
943 47.49 65.01 181.41 184.84 15.41
944 47.68 23.48 71.64 136.17 11.57
945 47.65 35.48 104.15 177.40 13.71
946 47.61 57.95 178.60 187.94 15.96
947 47.64 80.66 145.84 148.81 10.88
948 47.59 92.34 50.80 80.13 4.48
949 47.67 47.48 114.29 180.02 15.58
950 47.72 55.89 164.79 185.62 15.55
951 47.68 69.08 176.57 186.32 15.53
952 47.85 10.89 49.68 87.35 7.31
953 47.76 21.21 76.39 134.92 11.86
954 47.73 39.56 104.43 181.64 13.85
955 47.80 5.81 35.92 66.02 5.38
956 47.87 15.87 54.96 103.00 9.86
957 47.77 27.26 80.12 156.92 12.85
958 47.83 49.70 131.54 190.67 15.83
959 47.79 53.79 152.85 190.85 15.98
960 47.83 29.44 91.85 165.43 13.26
961 47.87 75.73 171.66 167.66 13.19
962 47.92 83.13 135.13 136.48 10.11
963 47.98 33.17 104.34 181.55 15.09
964 48.05 72.92 176.88 179.74 14.42
965 48.10 61.05 192.36 193.83 15.67
966 48.24 86.72 99.06 113.83 7.06
967 48.28 66.69 168.41 193.33 15.30
968 48.30 78.56 143.54 160.72 11.58
969 48.31 42.11 134.98 185.43 14.77
970 48.35 64.09 175.17 191.24 15.27
971 48.42 37.26 111.57 183.49 14.41
972 48.38 70.78 165.38 191.93 14.31
973 48.49 89.88 67.45 97.71 6.46
974 48.55 8.30 37.50 86.83 6.32
975 48.57 25.48 82.31 157.29 12.52
976 48.48 46.13 131.70 190.33 15.26
977 48.64 13.45 50.20 102.94 7.99
978 48.67 30.63 112.02 177.06 14.12
979 48.61 51.87 153.78 192.65 14.71
980 48.74 22.18 73.02 151.26 11.67
981 48.68 57.39 190.02 189.57 15.34
982 48.77 59.42 178.95 198.75 15.45
983 48.76 68.78 163.29 194.68 15.05
984 48.86 17.22 60.45 127.88 8.71
985 48.85 19.68 68.25 133.00 10.76
986 48.76 34.90 120.93 183.20 15.30
987 48.77 39.87 138.12 190.56 14.70
988 48.77 54.80 177.02 189.44 15.47
989 48.80 74.32 157.65 179.70 13.18
990 48.92 92.91 28.26 72.94 3.91
991 48.88 27.74 96.84 169.55 12.54
992 48.98 44.11 143.93 192.34 14.76
993 48.86 48.63 143.66 191.43 14.98
994 48.89 80.69 107.91 152.12 10.49
995 48.90 62.29 181.40 198.60 15.95
996 48.96 76.63 133.45 173.13 12.83
997 49.00 32.58 119.95 184.20 13.90
998 49.23 95.42 12.57 40.33 1.61
999 49.13 83.07 84.85 142.31 9.47
1000 49.22 10.56 45.64 103.43 6.98
1001 49.33 23.77 91.26 166.59 11.37
1002 49.24 85.61 75.13 125.12 8.84
1003 49.27 66.78 147.47 201.21 15.03
1004 49.32 72.46 146.95 184.84 13.00
1005 49.34 41.61 150.02 190.74 15.47
1006 49.45 6.12 36.81 89.28 6.09
1007 49.43 38.27 135.25 192.10 14.50
1008 49.40 64.62 138.30 196.43 15.68
1009 49.50 50.70 142.18 199.00 15.18
1010 49.48 53.26 163.85 200.22 16.65
1011 49.49 70.54 144.74 196.56 14.13
1012 49.64 29.38 105.26 174.37 12.74
1013 49.52 46.35 136.12 194.58 14.24
1014 49.61 78.48 96.69 161.86 11.47
1015 49.57 88.34 55.94 112.22 6.61
1016 49.68 15.35 62.25 132.35 9.12
1017 49.70 36.37 128.86 187.20 13.56
1018 49.62 56.09 174.17 194.33 15.71
1019 49.72 60.42 154.80 196.50 16.15
1020 49.88 12.69 66.69 119.89 8.48
1021 49.80 58.20 146.50 197.00 15.79
1022 49.84 21.23 90.30 151.52 11.91
1023 49.90 25.48 109.39 173.80 12.47
1024 49.81 34.04 131.26 182.35 13.11
1025 49.88 68.63 126.46 196.77 15.82
1026 49.86 74.74 111.49 179.53 13.18
1027 50.09 8.13 45.51 102.26 6.16
1028 49.98 31.32 118.35 187.39 13.57
1029 49.91 62.61 137.16 202.30 14.78
1030 49.99 18.62 77.04 141.66 10.55
1031 50.00 48.78 119.81 197.93 14.40
1032 50.07 91.05 39.43 93.71 6.22
1033 50.09 43.07 142.70 197.14 15.43
1034 50.18 27.48 112.27 177.64 12.69
1035 50.09 39.93 126.24 196.44 14.32
1036 50.17 80.74 72.36 150.66 10.02
1037 50.24 65.90 104.90 198.40 14.75
1038 50.41 52.06 132.26 193.98 15.74
1039 50.41 54.38 136.07 198.93 15.34
1040 50.41 76.59 83.20 176.76 11.96
1041 50.41 83.08 58.22 140.10 9.75
1042 50.43 85.63 49.68 124.03 8.02
1043 50.41 72.20 96.53 186.28 14.81
1044 50.50 23.15 105.71 170.84 11.65
1045 50.47 95.86 8.41 34.44 0.98
1046 50.54 46.86 108.08 199.45 15.21
1047 50.72 93.26 19.38 62.43 3.43
1048 50.60 44.89 106.75 195.25 15.35
1049 50.72 10.62 59.19 110.86 6.51
1050 50.74 16.56 81.73 138.66 9.17
1051 50.73 32.62 112.42 191.03 13.89
1052 50.70 56.47 118.24 194.83 15.91
1053 50.70 63.69 96.11 197.80 15.44
1054 50.79 38.43 97.30 192.61 14.18
1055 50.75 59.02 109.70 193.20 15.91
1056 50.73 70.05 92.13 193.02 14.73
1057 50.75 88.64 42.16 107.36 6.80
1058 50.81 29.34 101.45 186.64 13.00
1059 50.87 36.51 99.00 191.68 14.93
1060 50.87 49.98 100.08 194.02 16.33
1061 50.81 61.16 105.62 200.35 14.90
1062 50.89 20.18 89.85 154.32 9.90
1063 50.86 41.31 110.40 197.05 14.88
1064 50.86 67.63 91.20 195.20 14.27
1065 50.87 78.86 73.85 165.63 11.22
1066 50.95 34.61 99.98 196.51 13.63
1067 50.92 74.31 75.60 179.45 13.12
1068 51.07 13.90 75.13 125.88 8.22
1069 51.05 25.73 93.30 181.21 11.98
1070 51.38 30.93 96.07 192.64 14.57
1071 51.36 43.16 98.78 200.35 14.46
1072 51.35 47.92 83.58 198.91 14.70
1073 51.33 65.12 83.76 199.27 14.46
1074 51.42 53.42 95.43 194.36 15.57
1075 51.52 27.67 81.42 183.06 12.64
1076 51.47 81.84 61.56 144.85 10.00
1077 51.60 24.00 93.93 179.54 11.15
1078 51.53 76.81 66.87 167.74 11.43
1079 51.64 8.44 54.82 112.05 6.30
1080 51.61 39.70 90.93 202.14 14.67
1081 51.60 72.57 80.38 184.81 13.53
1082 51.60 84.50 52.27 129.25 8.75
1083 51.66 17.86 78.52 152.34 9.27
1084 51.69 21.86 76.12 174.19 10.67
1085 51.71 57.64 84.44 191.23 15.44
1086 51.67 62.14 85.86 195.65 15.30
1087 51.70 45.65 79.94 197.30 15.06
1088 51.72 51.18 91.24 195.20 14.56
1089 51.77 90.50 36.27 92.47 5.82
1090 51.75 70.65 85.67 186.86 14.55
1091 51.81 55.40 89.24 193.04 15.65
1092 51.79 87.28 48.13 110.55 7.16
1093 51.83 33.14 92.78 196.15 12.98
1094 51.85 59.76 86.73 197.05 14.93
1095 51.86 68.67 82.36 191.97 13.95
1096 51.89 66.65 74.45 189.08 14.62
1097 51.95 11.79 58.97 124.34 7.70
1098 51.96 37.33 80.00 195.21 15.16
1099 51.97 79.58 75.09 156.79 10.63
1100 52.05 15.10 69.87 135.67 8.56
1101 52.07 74.72 76.36 173.87 12.53
1102 52.17 35.18 80.80 198.09 14.22
1103 52.20 19.74 68.33 164.29 10.00
1104 52.19 41.46 86.04 199.35 14.57
1105 52.26 29.39 76.84 188.74 12.26
1106 52.25 63.79 78.53 196.11 15.33
1107 52.26 48.41 79.32 195.98 14.43
1108 52.38 26.04 70.22 179.52 12.02
1109 52.43 92.58 28.86 69.95 4.45
1110 52.45 6.38 44.62 109.72 5.61
1111 52.39 43.96 73.54 199.12 13.78
1112 52.55 31.21 70.93 191.57 12.77
1113 52.60 52.52 89.66 196.92 16.55
1114 52.56 82.82 67.07 128.30 9.39
1115 52.64 23.21 63.00 178.04 11.17
1116 52.67 38.95 74.16 194.49 13.80
1117 52.69 76.64 98.77 166.86 11.59
1118 52.73 61.01 92.00 188.46 15.12
1119 52.77 72.91 93.64 172.32 13.30
1120 52.83 46.14 80.00 197.96 15.83
1121 52.82 50.29 85.30 192.72 15.26
1122 52.87 56.75 93.96 189.62 15.28
1123 52.82 65.57 89.89 194.07 15.33
1124 52.89 16.92 49.25 147.13 9.85
1125 52.88 54.57 89.86 191.18 14.59
1126 52.87 67.95 110.93 182.87 14.04
1127 52.83 70.58 115.30 180.10 13.96
1128 52.84 88.26 61.45 103.50 6.38
1129 52.95 9.16 38.62 115.55 5.85
1130 52.97 27.91 72.63 191.40 12.51
1131 52.93 33.26 70.82 191.58 12.73
1132 52.96 58.86 98.10 189.22 15.37
1133 53.01 21.07 57.21 172.98 10.54
1134 53.06 85.87 73.67 122.77 7.72
1135 53.07 36.73 72.88 193.54 14.88
1136 53.10 12.03 41.92 122.16 7.47
1137 53.12 78.84 100.72 149.96 11.49
1138 53.14 42.35 82.62 196.43 15.31
1139 53.28 90.19 60.16 89.49 5.76
1140 53.20 62.73 96.26 193.31 13.82
1141 53.38 81.07 101.07 138.83 10.55
1142 53.29 14.47 45.96 132.75 8.54
1143 53.35 24.74 59.34 183.83 11.63
1144 53.33 94.34 25.40 42.20 2.17
1145 53.32 48.02 92.17 191.95 15.07
1146 53.50 18.74 52.09 156.07 10.16
1147 53.45 40.19 79.23 192.23 14.98
1148 53.48 4.88 24.04 84.04 4.44
1149 53.56 35.05 78.98 190.15 12.70
1150 53.53 74.48 104.35 161.12 12.22
1151 53.62 44.24 88.09 194.04 14.56
1152 53.60 31.42 68.25 192.30 12.45
1153 53.75 29.23 70.98 183.64 11.60
1154 53.72 53.08 124.35 189.44 14.40
1155 53.79 64.38 118.42 188.46 14.00
1156 53.74 69.05 132.31 179.90 13.55
1157 53.81 22.72 58.35 173.60 11.47
1158 53.82 26.56 63.74 179.51 11.47
1159 53.78 71.58 120.04 174.56 13.49
1160 53.81 83.64 96.83 127.62 9.15
1161 53.82 38.01 91.07 192.61 14.32
1162 53.85 50.94 113.58 186.38 15.29
1163 53.81 66.31 120.67 184.14 13.78
1164 53.92 55.40 114.63 187.73 14.95
1165 53.90 76.98 112.92 156.18 11.02
1166 54.12 92.18 63.77 69.97 4.57
1167 54.02 7.16 30.53 105.26 5.59
1168 53.95 59.50 123.09 186.02 15.30
1169 54.06 61.49 118.64 182.13 14.20
1170 54.07 46.13 100.94 185.08 15.40
1171 54.18 57.50 127.17 187.33 15.19
1172 54.16 10.48 33.34 115.54 6.33
1173 54.18 16.23 46.78 144.53 8.77
1174 54.21 20.59 58.67 166.21 10.06
1175 54.16 33.19 88.86 185.71 13.33
1176 54.19 41.56 95.47 186.24 13.93
1177 54.23 48.82 122.49 184.49 14.04
1178 54.24 87.07 95.69 96.71 7.21
1179 54.42 13.28 41.64 124.86 7.70
1180 54.61 73.00 142.20 162.70 13.17
1181 54.60 79.57 137.53 128.94 10.00
1182 54.60 24.08 70.55 172.02 10.37
1183 54.59 67.49 148.04 178.43 14.00
1184 54.62 30.64 90.58 177.07 12.42
1185 54.63 39.17 121.86 187.57 13.81
1186 54.76 36.97 124.04 185.34 13.55
1187 54.73 43.43 120.64 179.53 14.40
1188 54.68 63.17 152.88 181.93 13.71
1189 54.70 75.17 133.80 156.17 12.04
1190 54.76 53.44 158.14 172.98 14.40
1191 54.77 69.94 152.81 166.29 13.73
1192 54.75 82.18 129.92 119.26 9.36
1193 54.92 89.34 101.94 76.08 6.33
1194 54.84 27.87 79.84 169.90 11.35
1195 54.79 34.90 111.02 183.75 13.41
1196 54.87 18.65 51.62 143.56 9.51
1197 54.96 25.94 80.60 171.89 10.31
1198 55.01 65.37 150.72 175.62 13.86
1199 54.95 93.94 34.85 47.25 2.67
1200 55.00 47.38 142.18 178.49 15.10
1201 55.03 59.91 148.41 175.65 14.35
1202 55.12 85.08 114.36 101.13 7.40
1203 55.04 51.33 157.94 170.20 15.00
1204 55.11 55.77 149.44 178.60 15.02
1205 55.12 77.37 141.06 144.06 11.13
1206 55.11 22.01 64.09 162.96 10.28
1207 55.20 8.52 32.85 111.06 5.84
1208 55.19 45.21 127.91 177.07 13.93
1209 55.17 32.56 103.98 177.85 11.63
1210 55.23 41.26 116.92 182.68 13.08
1211 55.39 6.22 25.57 89.87 4.13
1212 55.44 49.29 163.13 160.96 13.80
1213 55.39 16.25 51.37 132.78 8.48
1214 55.43 57.69 148.62 176.06 13.78
1215 55.45 10.88 37.85 114.93 6.38
1216 55.51 29.43 92.74 168.56 10.87
1217 55.63 61.70 171.39 169.78 13.33
1218 55.59 71.56 159.71 153.24 12.92
1219 55.58 13.60 43.48 120.67 7.13
1220 55.65 39.38 134.58 176.72 12.97
1221 55.68 67.45 161.58 158.12 13.50
1222 55.86 92.22 70.23 53.82 4.36
1223 55.88 20.46 73.61 152.14 10.02
1224 55.81 24.38 91.68 161.96 11.56
1225 55.77 35.63 121.49 169.10 13.49
1226 55.86 63.60 161.46 163.56 13.77
1227 55.82 74.68 156.55 140.11 11.92
1228 55.84 43.18 134.92 175.42 13.67
1229 55.84 53.86 172.52 163.34 13.32
1230 55.86 79.78 140.62 121.09 9.64
1231 55.96 37.46 138.69 166.07 13.64
1232 55.97 69.33 157.26 156.28 12.77
1233 55.93 82.50 130.94 102.25 8.66
1234 56.06 31.40 120.57 162.77 12.89
1235 56.03 46.31 159.20 160.38 14.48
1236 56.11 33.64 131.89 162.19 12.94
1237 56.23 18.24 75.51 130.84 9.79
1238 56.17 26.37 105.96 159.50 11.67
1239 56.16 51.63 169.31 141.41 13.63
1240 56.23 86.33 128.21 82.93 7.00
1241 56.15 76.99 153.80 131.14 11.24
1242 56.23 89.39 116.46 71.64 5.53
1243 56.28 59.61 166.42 154.40 13.23
1244 56.29 65.44 159.57 157.87 12.83
1245 56.37 5.01 28.27 70.64 3.84
1246 56.43 22.31 85.76 144.47 10.24
1247 56.33 41.38 128.17 161.76 14.19
1248 56.42 28.27 107.05 161.37 10.77
1249 56.47 72.91 153.43 136.90 11.65
1250 56.48 48.14 164.39 145.35 13.86
1251 56.51 44.41 147.41 161.24 14.06
1252 56.57 10.02 47.31 106.06 6.09
1253 56.58 15.60 71.75 112.26 7.91
1254 56.54 57.49 163.61 159.86 14.96
1255 56.92 7.36 43.85 92.28 4.67
1256 56.66 12.88 52.28 105.88 6.81
1257 56.69 39.24 127.73 149.42 13.20
1258 56.82 70.41 156.49 128.28 11.28
1259 56.86 61.54 175.35 151.22 13.78
1260 56.80 67.35 149.20 137.25 12.22
1261 57.06 93.74 38.07 35.40 2.37
1262 56.92 29.94 108.38 147.62 11.00
1263 56.87 35.47 125.40 152.90 12.00
1264 56.89 50.14 145.44 134.02 13.50
1265 56.97 78.36 138.09 119.50 9.98
1266 56.99 24.23 96.94 139.16 10.56
1267 57.03 63.52 151.34 148.04 13.23
1268 57.01 75.42 144.31 126.12 11.04
1269 57.03 81.03 133.85 95.34 9.25
1270 57.00 83.82 125.92 84.40 7.21
1271 57.03 52.97 145.63 144.05 12.95
1272 57.23 19.96 81.15 124.65 8.98
1273 57.22 37.28 120.93 142.34 12.30
1274 57.20 31.84 114.46 143.74 11.26
1275 57.22 43.03 129.87 142.18 13.29
1276 57.22 45.98 137.78 135.63 13.52
1277 57.30 90.80 83.11 58.94 5.33
1278 57.33 27.06 103.17 139.63 10.72
1279 57.35 33.68 115.96 137.39 10.57
1280 57.37 55.66 154.28 143.03 14.00
1281 57.45 17.11 84.17 112.02 7.91
1282 57.37 40.98 108.88 140.38 13.32
1283 57.48 65.68 133.31 127.31 12.79
1284 57.48 68.64 147.00 122.98 11.80
1285 57.61 71.86 143.56 124.46 10.98
1286 57.57 87.26 110.96 69.60 6.22
1287 57.58 47.78 114.60 134.86 12.05
1288 57.59 59.87 157.95 128.75 13.35
1289 57.74 4.98 33.26 55.90 3.21
1290 57.61 21.98 78.81 119.19 8.90
1291 57.68 57.87 148.07 130.96 13.98
1292 57.74 10.54 54.26 90.66 6.08
1293 57.73 73.85 144.76 130.93 11.31
1294 57.74 13.79 68.78 95.24 7.31
1295 57.73 39.05 89.85 124.46 11.18
1296 57.74 51.49 111.40 131.51 12.54
1297 57.89 25.38 95.02 117.31 10.31
1298 57.90 28.82 87.10 137.00 11.21
1299 58.03 76.58 127.84 105.85 9.61
1300 57.97 49.45 116.20 126.60 13.00
1301 57.99 35.53 83.24 122.41 10.12
1302 58.05 53.45 116.57 129.30 13.59
1303 58.05 79.28 126.18 94.32 9.37
1304 58.05 44.89 106.92 125.90 12.15
1305 58.14 61.79 138.13 115.61 12.98
1306 58.18 82.10 109.41 72.50 8.11
1307 58.15 30.54 83.81 134.92 10.97
1308 58.08 63.86 118.08 125.05 12.41
1309 58.26 84.79 98.37 66.66 6.57
1310 58.29 7.19 38.85 68.45 4.44
1311 58.29 18.55 80.04 102.76 9.44
1312 58.32 23.46 84.87 111.32 9.47
1313 58.32 42.91 98.05 124.90 12.85
1314 58.33 67.47 120.77 108.19 12.44
1315 58.29 70.02 138.86 105.90 11.35
1316 58.38 37.28 74.22 112.00 11.52
1317 58.43 32.20 76.49 118.31 10.36
1318 58.40 40.99 78.95 121.05 11.86
1319 58.38 55.78 125.16 116.71 13.18
1320 58.53 89.57 89.45 49.07 5.32
1321 58.54 33.97 72.21 107.16 11.14
1322 58.59 15.06 69.62 86.34 6.86
1323 58.65 20.83 68.09 94.80 9.04
1324 58.63 46.52 86.72 109.89 12.76
1325 58.60 27.34 73.31 113.51 10.71
1326 58.70 59.96 106.56 95.46 12.74
1327 58.72 65.59 102.60 105.47 12.20
1328 58.77 58.14 106.88 100.22 12.32
1329 58.70 73.89 123.75 107.41 10.86
1330 59.04 91.94 53.51 39.87 4.28
1331 58.77 11.88 60.85 83.40 5.82
1332 58.81 50.61 87.80 111.66 11.69
1333 58.88 39.15 69.07 104.33 12.44
1334 59.01 9.39 44.67 67.79 5.69
1335 59.01 48.57 79.02 103.82 12.11
1336 58.99 71.79 106.09 105.63 11.87
1337 59.07 52.37 84.30 101.65 12.80
1338 59.08 63.34 93.95 94.44 11.93
1339 59.15 77.91 100.07 81.57 9.41
1340 59.10 86.94 89.31 55.47 5.91
1341 59.14 25.24 75.26 88.58 9.62
1342 59.14 54.27 99.44 100.87 13.31
1343 59.20 80.24 93.27 72.70 8.67
1344 59.19 17.07 70.77 75.62 8.32
1345 59.17 29.94 66.10 101.60 12.00
1346 59.22 35.92 57.62 93.62 10.24
1347 59.34 75.71 104.58 89.02 10.07
1348 59.27 69.41 101.52 94.48 11.00
1349 59.35 22.88 66.13 80.13 10.08
1350 59.37 82.83 91.08 60.91 7.85
1351 59.43 61.46 82.35 85.00 12.09
1352 59.49 41.85 71.53 89.86 11.82
1353 59.44 67.48 100.02 91.84 11.05
1354 59.60 28.07 62.73 88.71 10.56
1355 59.60 31.99 62.54 94.00 11.31
1356 59.64 19.25 63.29 72.27 8.47
1357 59.63 33.98 63.95 84.75 11.55
1358 59.79 37.59 59.65 80.52 11.81
1359 59.76 7.16 31.14 55.42 4.40
1360 59.79 45.41 70.79 82.15 12.18
1361 59.81 12.02 42.28 61.60 6.09
1362 59.83 14.61 58.55 59.86 7.32
1363 59.83 47.20 66.32 73.10 12.39
1364 59.88 59.55 75.17 75.29 12.15
1365 59.85 65.32 80.07 82.18 12.57
1366 59.81 73.61 90.21 87.13 10.48
1367 59.85 39.74 66.11 74.28 10.89
1368 59.94 50.61 70.62 77.64 11.93
1369 60.07 85.31 76.88 46.38 6.03
1370 60.04 57.47 77.41 67.55 11.41
1371 60.03 70.86 84.18 81.92 12.12
1372 60.13 25.90 54.06 71.91 10.02
1373 60.13 88.96 70.51 44.00 4.97
1374 60.16 21.23 52.71 63.56 8.33
1375 60.14 55.05 78.22 72.28 12.60
1376 60.19 63.26 79.90 72.94 11.92
1377 60.21 48.88 66.41 72.50 11.82
1378 60.22 53.09 75.31 72.96 12.96
1379 60.38 77.45 80.00 65.83 9.05
1380 60.37 9.15 32.81 51.08 4.82
1381 60.39 43.49 67.09 64.76 12.27
1382 60.43 79.79 74.78 60.27 8.09
1383 60.42 92.10 33.51 26.78 3.55
1384 60.41 17.01 56.68 50.48 7.78
1385 60.44 35.42 56.90 67.02 11.57
1386 60.51 23.48 55.46 59.24 10.13
1387 60.59 66.88 77.88 68.19 11.19
1388 60.49 82.63 76.05 55.73 8.13
1389 60.56 41.26 68.40 61.25 12.10
1390 60.69 68.88 82.35 70.04 10.50
1391 60.64 60.74 74.87 63.13 12.60
1392 60.70 27.70 54.49 66.35 10.30
1393 60.74 31.64 61.85 72.31 12.15
1394 60.76 33.51 62.90 67.48 11.98
1395 60.89 45.24 73.70 54.82 12.30
1396 60.84 73.70 81.31 74.57 10.86
1397 60.97 12.31 43.41 42.90 5.78
1398 60.90 39.03 67.76 57.18 11.82
1399 60.93 51.64 74.56 62.42 12.11
1400 60.99 75.72 79.40 63.28 9.14
1401 60.97 19.36 51.42 51.31 7.92
1402 60.91 36.97 65.58 59.84 12.13
1403 61.01 71.67 72.13 72.04 10.44
1404 61.09 47.18 74.66 57.28 13.34
1405 60.94 57.93 82.59 55.57 11.73
1406 61.07 64.73 82.27 62.71 12.78
1407 61.14 24.86 50.91 53.54 11.52
1408 61.23 49.21 82.24 54.87 13.18
1409 61.26 14.78 50.45 41.41 6.26
1410 61.15 54.92 74.47 57.88 12.00
1411 61.28 86.97 68.05 38.08 5.40
1412 61.28 62.77 77.69 52.74 12.18
1413 61.30 90.15 44.59 29.86 4.69
1414 61.44 9.66 32.95 37.17 5.18
1415 61.45 21.33 51.98 44.82 9.36
1416 61.42 81.30 64.76 50.15 7.70
1417 61.64 83.89 62.09 39.24 6.16
1418 61.72 17.14 49.77 38.17 7.38
1419 61.72 69.99 78.07 53.44 10.44
1420 61.72 7.44 23.83 26.78 4.37
1421 61.67 30.57 75.38 52.45 11.60
1422 61.73 52.94 86.07 54.00 13.66
1423 61.71 56.65 83.95 51.21 13.26
1424 61.72 60.88 90.82 48.49 12.03
1425 61.69 26.86 58.05 49.36 10.64
1426 61.79 33.86 85.24 54.61 12.37
1427 61.79 35.82 75.18 47.76 13.37
1428 61.74 40.24 83.79 47.59 14.08
1429 61.79 44.00 90.46 46.29 13.59
1430 61.83 66.31 86.57 49.11 12.13
1431 61.85 77.05 73.61 50.04 9.27
1432 61.81 79.21 68.06 47.96 8.38
1433 61.85 37.93 85.13 45.47 14.08
1434 61.91 50.80 93.40 47.62 13.91
1435 62.00 73.97 74.22 51.75 10.35
1436 62.11 22.81 55.50 42.11 10.34
1437 62.02 68.05 83.86 51.32 12.14
1438 62.24 45.68 101.42 45.70 15.19
1439 62.15 12.44 41.40 32.89 5.89
1440 62.26 71.90 79.00 46.22 11.07
1441 62.27 24.70 57.12 41.90 12.18
1442 62.36 32.07 82.19 43.81 12.36
1443 62.31 54.53 97.27 45.60 14.58
1444 62.32 64.48 93.07 46.39 12.61
1445 62.47 18.77 47.00 36.70 9.03
1446 62.43 42.36 103.14 40.09 15.12
1447 62.45 9.69 31.48 26.54 5.41
1448 62.46 28.33 70.68 42.58 11.42
1449 62.46 62.71 97.70 47.22 14.10
1450 62.45 89.14 44.66 25.05 4.71
1451 62.47 14.64 46.81 32.21 6.72
1452 62.62 86.15 58.09 27.82 5.82
1453 62.65 49.13 106.87 43.68 16.70
1454 62.66 80.80 58.78 36.02 7.95
1455 62.71 39.74 106.83 35.98 17.21
1456 62.69 58.64 121.62 40.94 14.26
1457 62.76 29.95 83.45 43.90 13.32
1458 62.77 37.11 107.35 36.88 16.91
1459 62.74 56.65 112.60 43.97 17.03
1460 62.79 75.61 78.24 39.57 9.49
1461 62.73 26.30 64.36 39.33 12.89
1462 62.84 60.80 133.21 38.53 14.28
1463 62.83 83.44 55.47 33.20 6.83
1464 62.79 20.61 55.00 36.20 9.80
1465 62.88 35.04 102.23 40.39 16.75
1466 62.92 69.38 92.23 38.19 12.96
1467 62.92 51.11 109.11 41.27 16.97
1468 63.08 77.94 70.96 35.62 9.30
1469 63.11 53.01 118.19 38.06 17.60
1470 63.25 16.12 48.71 31.34 9.09
1471 63.22 67.30 109.51 39.38 13.64
1472 63.19 47.35 129.90 38.71 21.61
1473 63.20 22.64 59.57 32.62 11.74
1474 63.30 33.18 111.16 35.16 14.76
1475 63.27 65.41 114.62 40.43 16.68
1476 63.32 73.66 88.53 35.25 11.29
1477 63.33 43.37 119.38 36.46 20.72
1478 63.33 45.32 123.22 36.13 20.67
1479 63.36 71.42 98.98 36.21 11.43
1480 63.36 10.88 40.91 24.37 5.80
1481 63.41 41.29 116.90 36.18 20.74
1482 63.45 55.10 125.50 37.68 18.05
1483 63.51 24.79 66.25 37.72 14.81
1484 63.61 63.43 131.88 37.56 15.32
1485 63.86 13.45 42.75 24.03 8.35
1486 63.62 30.95 96.05 35.95 16.31
1487 63.63 38.50 123.90 34.19 22.29
1488 63.78 88.11 44.23 21.04 4.93
1489 63.74 8.32 33.59 19.24 5.55
1490 63.78 28.85 81.85 35.05 16.30
1491 63.78 59.26 144.48 36.25 18.60
1492 63.78 80.32 69.66 31.98 8.16
1493 63.89 18.17 54.03 27.16 10.89
1494 63.86 48.74 133.96 33.78 24.78
1495 63.92 57.01 141.64 33.56 22.98
1496 63.84 61.45 146.60 36.15 18.15
1497 63.91 20.42 58.59 32.10 14.10
1498 63.86 36.38 107.07 33.22 24.02
1499 64.03 82.55 62.93 26.21 6.87
1500 63.96 85.32 54.64 22.32 6.20
1501 63.94 50.82 120.85 35.68 24.62
1502 64.09 75.89 98.86 32.52 11.59
1503 64.16 69.40 113.87 33.62 15.19
1504 64.23 52.83 138.67 35.29 26.53
1505 64.26 78.29 83.63 27.70 10.31
1506 64.24 34.49 101.23 34.18 26.13
1507 64.36 22.71 69.36 29.49 18.55
1508 64.37 40.35 128.30 33.42 29.84
1509 64.33 32.43 101.46 33.11 21.16
1510 64.35 44.36 127.07 33.36 33.21
1511 64.40 46.71 122.98 33.06 37.60
1512 64.37 65.38 132.56 34.48 20.72
1513 64.40 42.32 128.51 33.31 29.43
1514 64.47 67.42 124.00 32.47 18.94
1515 64.45 71.45 111.35 30.17 16.29
1516 64.50 10.75 44.53 18.11 6.81
1517 64.57 73.86 103.78 29.65 13.33
1518 64.59 15.45 52.35 22.26 10.04
1519 64.50 54.68 138.74 32.82 26.59
1520 64.74 24.80 81.77 29.66 22.11
1521 64.85 89.91 36.94 13.55 4.18
1522 64.76 27.23 94.27 31.20 22.11
1523 64.72 30.11 92.62 32.26 23.62
1524 64.63 38.30 109.61 32.14 32.42
1525 64.77 58.50 142.49 31.95 29.90
1526 64.72 62.70 144.80 31.91 23.84
1527 64.84 8.38 37.93 15.32 5.29
1528 64.89 49.09 129.67 32.63 40.98
1529 65.02 36.43 91.93 29.47 38.47
1530 65.02 60.55 141.00 31.96 25.13
1531 65.05 20.13 62.88 23.11 18.64
1532 64.97 51.48 130.97 32.72 38.90
1533 65.04 56.30 149.55 30.22 31.12
1534 65.32 12.13 48.69 17.69 9.48
1535 65.16 80.60 87.27 24.05 9.44
1536 65.23 17.40 61.37 21.27 14.70
1537 65.16 83.55 79.16 20.88 8.47
1538 65.25 86.49 62.67 17.04 6.28
1539 65.28 77.37 103.67 24.21 12.34
1540 65.23 34.11 93.61 29.63 38.53
1541 65.27 44.89 118.35 31.15 53.94
1542 65.32 64.49 135.54 29.15 27.57
1543 65.38 32.05 94.72 28.49 36.19
1544 65.50 40.97 110.16 28.77 51.81
1545 65.41 42.76 114.40 30.43 50.30
1546 65.38 68.84 115.33 29.25 22.96
1547 65.46 54.03 123.20 30.71 39.46
1548 65.57 46.70 113.45 28.68 50.15
1549 65.53 70.97 122.94 27.84 21.54
1550 65.56 22.67 68.16 25.08 30.25
1551 65.53 39.05 105.38 28.40 54.28
1552 65.56 28.46 81.89 27.72 33.42
1553 65.60 73.26 113.93 23.81 21.72
1554 65.71 66.49 131.57 32.22 29.47
1555 65.78 14.56 52.06 18.61 13.67
1556 65.81 57.66 143.30 29.25 38.98
1557 65.90 75.34 113.39 24.39 16.51
1558 65.80 25.79 87.21 25.79 35.02
1559 65.89 50.35 123.83 29.51 57.20
1560 65.83 62.43 128.13 29.82 35.21
1561 65.86 48.53 118.06 31.22 57.50
1562 66.04 9.63 41.13 16.20 9.11
1563 66.02 30.48 88.24 27.02 43.04
1564 65.93 52.39 121.52 29.12 55.35
1565 66.08 35.58 93.08 28.25 56.58
1566 66.06 59.52 125.78 29.66 42.44
1567 66.21 37.44 95.86 28.28 66.14
1568 66.20 55.72 134.63 27.76 48.93
1569 66.16 20.05 67.07 21.16 28.08
1570 66.20 44.41 104.94 28.31 69.63
1571 66.30 33.76 91.76 28.93 61.34
1572 66.43 87.50 60.09 14.62 7.07
1573 66.30 23.65 67.36 25.29 40.00
1574 66.42 80.31 98.28 20.13 11.97
1575 66.34 83.05 101.75 18.13 12.03
1576 66.30 17.36 58.46 20.21 24.00
1577 66.40 68.01 119.50 26.68 37.89
1578 66.49 78.01 99.67 21.62 16.48
1579 66.50 27.07 76.33 25.18 53.23
1580 66.51 39.51 97.60 28.02 75.71
1581 66.46 64.17 107.35 26.54 44.09
1582 66.62 12.11 45.01 15.58 15.58
1583 66.48 42.61 106.60 28.43 81.92
1584 66.55 72.08 115.55 26.29 32.24
1585 66.59 61.22 115.38 28.92 48.88
1586 66.76 29.00 84.71 24.98 58.47
1587 66.78 47.79 112.02 27.63 76.15
1588 66.83 70.09 123.81 26.33 34.35
1589 66.81 32.24 90.54 27.00 72.17
1590 66.78 54.12 114.68 28.32 69.50
1591 66.89 45.91 109.32 27.41 83.07
1592 66.98 66.22 108.85 27.13 46.15
1593 66.92 15.07 48.62 15.89 21.33
1594 66.93 52.10 123.22 27.13 79.20
1595 66.99 49.77 123.28 29.95 80.91
1596 66.96 57.84 120.91 27.74 61.00
1597 67.03 41.29 98.15 29.13 84.77
1598 67.08 76.10 109.28 22.50 22.76
1599 67.24 85.25 84.17 14.32 11.02
1600 67.19 73.89 122.21 23.59 29.03
1601 67.20 24.93 69.47 25.02 61.59
1602 67.14 35.45 90.46 26.80 95.00
1603 67.19 18.72 60.64 20.42 42.60
1604 67.34 37.39 92.64 27.67 99.29
1605 67.35 30.61 87.29 26.39 78.97
1606 67.32 44.05 98.83 27.42 89.67
1607 67.39 55.97 110.94 28.12 79.41
1608 67.40 59.83 106.67 25.78 57.87
1609 67.42 62.48 105.26 25.35 67.09
1610 67.52 68.35 105.73 24.38 46.31
1611 67.55 82.13 92.27 14.48 16.11
1612 67.68 10.34 36.72 13.98 17.03
1613 67.62 22.70 62.80 22.87 53.24
1614 67.61 26.88 76.38 24.75 72.48
1615 67.55 39.21 92.72 26.97 104.41
1616 67.58 64.34 98.94 24.82 67.38
1617 67.75 79.66 87.14 17.69 20.15
1618 67.67 33.90 95.68 24.72 100.28
1619 67.90 16.57 49.28 16.62 38.88
1620 67.82 47.44 106.75 25.53 100.61
1621 67.82 71.77 119.67 21.96 39.88
1622 67.87 12.98 44.96 15.25 24.99
1623 67.90 42.60 94.72 26.17 121.25
1624 67.90 50.88 118.69 26.61 100.83
1625 67.98 28.95 83.68 23.92 89.58
1626 67.98 52.84 122.29 26.20 110.86
1627 68.08 54.66 126.81 26.55 101.21
1628 68.12 31.92 97.79 25.79 96.21
1629 68.04 77.19 94.58 18.08 28.53
1630 68.10 45.89 104.44 27.56 109.18
1631 68.04 57.69 101.15 24.64 89.42
1632 68.23 19.66 53.24 18.91 52.22
1633 68.17 40.78 93.66 25.77 124.77
1634 68.19 49.08 118.20 27.90 106.61
1635 68.19 66.14 101.59 24.30 65.43
1636 68.25 36.29 104.33 24.65 105.63
1637 68.27 61.28 101.80 23.39 76.44
1638 68.65 87.21 58.40 11.83 10.46
1639 68.38 70.02 108.52 22.24 57.67
1640 68.38 74.32 102.00 20.07 40.40
1641 68.46 24.71 68.51 21.68 72.36
1642 68.55 44.01 99.34 25.59 123.58
1643 68.55 59.33 105.24 25.89 86.62
1644 68.53 83.70 82.19 13.24 19.56
1645 68.51 64.02 90.58 23.72 91.22
1646 68.58 38.64 101.54 25.32 112.34
1647 68.67 68.13 95.87 22.58 65.93
1648 68.74 27.12 78.44 20.67 83.12
1649 68.75 34.01 109.56 24.00 113.18
1650 68.72 22.33 59.67 21.58 77.42
1651 68.77 56.31 124.89 27.22 105.78
1652 68.86 30.16 92.57 23.80 111.20
1653 68.94 14.46 47.54 13.99 37.81
1654 69.01 78.86 79.68 16.14 29.21
1655 68.96 11.68 43.55 12.76 32.02
1656 68.90 51.27 132.18 25.50 119.50
1657 69.06 72.33 99.47 19.19 52.60
1658 69.03 53.26 129.64 25.14 132.67
1659 69.11 76.03 89.75 17.65 39.65
1660 69.12 41.42 107.17 26.32 126.53
1661 69.14 45.76 113.90 26.56 131.02
1662 69.10 48.61 120.54 27.64 125.18
1663 69.13 62.45 102.15 22.98 99.15
1664 69.31 81.36 77.52 13.68 27.07
1665 69.22 17.53 52.30 16.49 56.35
1666 69.30 35.82 107.93 26.18 116.70
1667 69.30 66.65 102.56 22.28 86.72
1668 69.39 20.16 64.20 19.20 69.09
1669 69.41 32.07 106.72 23.38 120.20
1670 69.53 58.70 105.49 23.60 105.68
1671 69.51 64.57 110.63 23.12 99.00
1672 69.49 70.23 93.37 20.26 79.07
1673 69.55 25.39 70.81 20.81 94.51
1674 69.66 28.25 83.85 23.23 108.86
1675 69.63 37.67 109.96 25.64 120.20
1676 69.67 39.61 105.52 26.18 133.57
1677 69.61 43.29 103.02 25.80 137.22
1678 69.68 60.64 112.24 22.70 105.76
1679 69.60 54.80 133.38 24.78 124.62
1680 69.78 22.51 60.56 19.91 82.98
1681 69.77 47.38 118.03 27.24 142.08
1682 69.81 84.15 67.67 11.27 25.42
1683 69.79 50.28 132.79 26.36 129.04
1684 69.90 33.82 103.65 23.44 115.95
1685 69.88 56.90 120.70 24.63 112.63
1686 69.94 74.59 93.18 18.47 61.71
1687 69.98 30.42 106.07 24.98 119.51
1688 70.10 68.46 104.86 22.06 95.04
1689 70.04 52.68 130.26 24.71 134.21
1690 70.14 77.70 84.43 15.50 46.33
1691 70.23 86.86 48.44 10.25 17.48
1692 70.06 15.26 53.58 14.39 52.30
1693 70.14 11.95 46.00 12.39 40.58
1694 70.18 45.64 122.63 26.63 145.15
1695 70.25 41.40 101.82 25.74 140.66
1696 70.35 63.17 127.42 23.35 103.44
1697 70.31 72.54 97.04 18.98 84.70
1698 70.36 18.50 60.52 16.55 65.82
1699 70.35 65.87 126.17 21.35 93.60
1700 70.48 35.44 89.91 23.91 128.04
1701 70.54 80.27 80.76 12.96 37.93
1702 70.59 25.18 62.48 19.37 98.19
1703 70.62 43.82 107.71 26.83 150.22
1704 70.59 48.74 117.64 24.24 135.21
1705 70.58 55.34 125.73 24.64 131.43
1706 70.74 27.65 71.67 21.39 108.14
1707 70.70 70.49 103.43 19.98 96.39
1708 70.70 37.93 88.81 24.05 119.71
1709 70.67 61.24 127.46 22.27 121.16
1710 70.85 32.26 75.84 23.07 115.93
1711 70.85 22.38 57.11 18.63 87.61
1712 70.85 51.05 136.13 25.81 137.26
1713 70.82 58.18 108.19 24.07 123.07
1714 71.04 82.83 67.94 10.89 35.56
1715 70.94 76.30 90.64 15.57 65.25
1716 71.19 20.27 54.09 16.21 79.34
1717 71.01 30.03 74.59 22.43 115.09
1718 71.11 40.12 89.10 24.51 129.86
1719 71.00 53.48 130.32 26.24 146.68
1720 71.11 67.41 123.29 19.92 99.00
1721 71.19 16.17 54.61 14.97 60.14
1722 71.22 46.92 110.33 26.42 146.69
1723 71.16 59.80 126.39 23.27 125.76
1724 71.26 13.56 51.89 13.83 59.52
1725 71.33 42.21 97.93 25.53 143.82
1726 71.27 64.98 132.26 20.97 112.66
1727 71.35 73.81 103.35 16.29 91.43
1728 71.44 45.12 96.19 25.95 155.48
1729 71.53 36.13 69.83 23.77 120.85
1730 71.46 56.59 121.56 23.73 142.15
1731 71.49 62.67 142.47 22.19 113.08
1732 71.66 85.25 51.60 10.34 31.12
1733 71.60 23.73 60.00 20.56 99.50
1734 71.56 34.03 70.23 21.32 127.83
1735 71.63 38.29 77.66 24.08 138.97
1736 71.63 48.80 98.31 24.44 145.69
1737 71.70 69.28 108.06 19.00 114.65
1738 71.67 80.02 84.04 11.26 56.33
1739 71.73 71.69 104.48 17.70 101.50
1740 72.02 25.90 60.38 20.80 96.37
1741 71.92 27.88 58.45 22.20 102.54
1742 72.01 18.09 51.63 14.72 75.38
1743 71.87 50.55 109.87 24.69 137.23
1744 71.96 52.77 103.49 23.21 131.70
1745 72.02 54.71 104.12 23.49 141.78
1746 72.16 30.15 56.72 22.30 109.19
1747 71.97 75.96 96.20 15.14 87.35
1748 72.07 60.92 136.84 22.86 128.67
1749 72.13 58.63 118.90 21.54 146.44
1750 72.13 66.52 125.93 21.02 116.63
1751 72.37 32.06 50.02 23.67 114.68
1752 72.17 43.71 80.34 24.61 142.95
1753 72.19 64.13 128.31 19.94 120.42
1754 72.41 78.26 88.00 12.30 72.04
1755 72.40 22.12 54.84 16.80 95.27
1756 72.45 11.85 41.65 11.90 55.37
1757 72.50 39.74 72.02 23.89 128.14
1758 72.42 41.68 72.90 23.29 134.48
1759 72.57 82.52 65.28 10.10 53.92
1760 72.53 14.60 46.41 12.59 71.45
1761 72.47 47.69 78.56 23.07 141.91
1762 72.61 45.48 72.04 23.71 138.09
1763 72.53 56.68 99.62 22.87 142.97
1764 72.71 33.85 42.95 23.00 104.27
1765 72.72 35.76 53.71 22.56 110.42
1766 72.71 37.69 61.12 23.05 121.70
1767 72.75 19.93 51.86 17.00 95.80
1768 72.83 68.13 109.08 20.00 114.85
1769 72.82 72.49 107.33 16.80 103.63
1770 72.90 74.72 100.04 14.67 90.51
1771 72.79 51.57 87.69 23.54 136.69
1772 72.89 70.18 97.47 17.06 112.45
1773 72.97 49.58 70.51 23.02 137.40
1774 73.02 28.65 45.86 20.50 98.00
1775 72.99 62.92 110.28 21.38 125.57
1776 73.05 85.24 44.93 8.02 32.51
1777 73.02 24.06 44.17 17.54 88.39
1778 72.99 60.15 105.31 21.82 140.84
1779 73.20 16.32 38.20 13.00 80.34
1780 73.16 55.14 80.74 21.43 133.44
1781 73.07 65.21 114.34 20.52 121.73
1782 73.30 43.14 65.11 23.21 124.83
1783 73.40 80.37 83.53 10.75 62.13
1784 73.30 57.91 81.16 21.03 139.92
1785 73.50 26.57 45.34 18.97 87.07
1786 73.42 53.21 71.35 21.60 132.50
1787 73.47 46.81 58.60 22.90 130.86
1788 73.50 77.32 92.71 12.43 83.13
1789 73.64 30.78 41.84 19.98 94.02
1790 73.60 41.24 55.64 23.71 115.83
1791 73.64 39.18 54.33 22.33 103.77
1792 73.73 18.41 41.05 15.17 90.45
1793 73.71 21.39 38.35 16.60 88.60
1794 73.84 44.87 59.63 23.33 116.00
1795 73.78 67.06 96.09 17.83 117.15
1796 73.80 32.77 43.20 23.09 94.91
1797 73.87 37.06 51.67 22.12 96.85
1798 73.93 34.86 47.63 21.79 92.54
1799 73.80 61.68 96.67 22.14 128.49
1800 73.88 51.27 61.19 22.53 123.70
1801 73.94 71.41 95.13 15.36 119.07
1802 74.00 48.53 57.37 22.56 123.85
1803 74.07 73.50 96.57 14.04 100.06
1804 74.16 24.54 36.52 18.04 81.59
1805 74.06 59.34 75.27 20.73 131.51
1806 74.14 69.39 80.58 16.40 119.79
1807 74.33 28.51 41.12 18.91 75.89
1808 74.28 55.02 64.83 20.38 120.79
1809 74.22 57.05 61.80 20.92 128.10
1810 74.16 65.08 92.20 18.00 115.87
1811 74.34 14.40 29.18 12.26 65.68
1812 74.34 82.63 64.47 9.32 47.56
1813 74.36 75.77 91.15 13.66 94.61
1814 74.59 43.16 54.08 21.33 96.83
1815 74.59 63.15 78.62 18.68 120.32
1816 74.61 78.67 91.01 10.72 72.51
1817 74.62 40.27 51.13 22.60 98.51
1818 74.56 46.53 51.34 22.79 103.02
1819 74.63 53.26 61.93 21.82 119.53
1820 74.69 50.00 55.89 22.19 126.14
1821 74.78 22.17 40.49 16.83 76.90
1822 74.84 16.62 30.36 13.26 75.69
1823 74.92 26.70 40.48 17.24 69.12
1824 74.95 19.39 32.04 14.99 75.83
1825 74.96 32.88 48.16 21.78 69.20
1826 74.95 35.64 54.29 23.47 76.51
1827 74.89 38.28 52.75 22.57 81.64
1828 74.86 61.01 64.89 19.53 116.51
1829 74.93 30.51 44.58 20.98 66.00
1830 74.91 67.84 72.65 18.02 115.89
1831 75.08 58.57 63.04 20.78 114.98
1832 75.29 44.79 55.05 23.59 88.48
1833 75.27 48.48 61.86 23.64 98.98
1834 75.26 51.64 59.52 23.12 105.52
1835 75.23 65.84 64.59 17.57 113.92
1836 75.25 70.54 68.73 14.63 102.85
1837 75.26 73.13 79.69 13.88 106.77
1838 75.35 56.43 56.63 20.57 102.91
1839 75.35 41.62 60.48 23.98 82.22
1840 75.42 24.28 36.84 17.25 62.61
1841 75.46 80.82 76.88 9.51 70.05
1842 75.63 54.44 59.52 21.30 99.06
1843 75.47 76.27 76.97 12.55 83.68
1844 75.62 63.81 61.26 17.18 103.46
1845 75.68 46.68 60.60 22.48 86.83
1846 75.81 36.94 70.24 22.46 61.96
1847 75.75 34.03 66.00 22.07 58.78
1848 75.87 60.31 56.58 20.42 95.55
1849 75.94 14.82 26.77 11.83 57.80
1850 75.94 28.59 51.16 20.00 54.57
1851 75.92 39.70 72.93 22.75 63.45
1852 75.98 42.87 69.40 22.88 78.15
1853 76.07 68.38 52.58 15.42 95.38
1854 76.02 21.56 39.34 15.00 63.78
1855 75.99 50.06 72.29 22.74 87.92
1856 76.18 18.96 30.32 15.05 62.23
1857 76.29 25.91 49.00 19.65 46.30
1858 76.18 58.14 51.49 20.64 80.87
1859 76.27 78.49 66.77 10.58 74.97
1860 76.23 52.21 71.35 20.48 82.72
1861 76.32 62.07 46.98 18.56 89.40
1862 76.13 32.50 69.16 19.32 39.89
1863 76.38 66.30 45.87 17.33 94.63
1864 76.72 16.46 26.37 12.61 48.62
1865 76.49 75.32 56.56 11.15 81.39
1866 76.38 44.82 75.39 21.95 74.05
1867 76.49 70.35 48.39 14.25 84.91
1868 76.51 72.86 53.06 13.38 88.28
1869 76.54 48.15 81.62 22.00 71.74
1870 76.54 35.24 88.30 21.41 48.89
1871 76.59 56.18 58.39 19.89 72.84
1872 76.54 38.50 80.50 22.57 55.32
1873 76.76 23.24 49.63 15.95 47.37
1874 76.73 81.40 54.92 8.76 56.07
1875 76.79 64.21 49.08 17.82 89.80
1876 76.73 54.14 70.29 20.79 76.21
1877 76.93 30.33 61.87 19.57 40.26
1878 77.00 32.54 84.87 20.06 40.29
1879 76.95 46.43 90.33 22.72 65.13
1880 76.95 59.45 55.00 20.61 69.93
1881 77.17 27.86 59.73 17.78 35.75
1882 77.03 43.06 93.26 21.98 56.43
1883 77.10 50.02 92.56 22.00 62.20
1884 77.18 20.57 46.53 15.57 45.04
1885 77.22 52.18 95.49 22.23 62.09
1886 77.29 37.02 98.93 22.54 40.96
1887 77.48 67.48 36.40 15.40 78.57
1888 77.49 77.95 49.23 9.61 70.49
1889 77.42 61.37 51.07 18.62 73.86
1890 77.66 14.09 26.00 11.40 33.72
1891 77.73 18.07 40.22 13.31 38.18
1892 77.49 25.01 58.88 17.86 38.62
1893 77.61 39.34 105.92 22.04 44.96
1894 77.52 57.41 72.42 18.35 60.70
1895 77.64 34.45 107.13 22.74 40.91
1896 77.61 48.18 103.10 21.92 52.95
1897 77.73 69.53 36.57 14.31 68.28
1898 77.63 71.90 37.69 13.36 71.98
1899 77.61 54.80 95.80 21.29 54.34
1900 77.75 45.14 104.09 22.51 51.58
1901 77.85 65.63 40.96 15.29 77.29
1902 77.72 75.28 40.40 10.95 70.04
1903 77.81 63.40 48.43 18.85 72.59
1904 77.88 80.75 34.85 7.65 51.83
1905 78.18 29.81 83.79 19.34 29.91
1906 77.94 32.33 96.04 21.00 34.52
1907 78.06 43.29 117.05 20.51 43.56
1908 78.13 50.84 109.95 21.71 48.43
1909 78.06 59.32 69.21 19.07 56.02
1910 78.27 26.30 75.52 18.14 34.94
1911 78.27 52.72 112.26 21.21 50.16
1912 78.38 37.22 122.55 22.29 42.20
1913 78.44 56.19 101.10 22.18 47.73
1914 78.46 41.47 126.87 21.39 42.52
1915 78.44 47.19 124.31 22.55 48.81
1916 78.64 73.58 34.99 11.69 58.43
1917 78.75 35.07 116.94 19.89 34.22
1918 78.66 39.47 124.03 21.87 37.84
1919 78.63 61.77 63.20 17.65 52.22
1920 78.72 23.89 72.27 16.54 26.76
1921 78.87 31.62 110.56 18.88 29.04
1922 78.73 49.40 125.44 20.98 46.07
1923 78.90 79.00 30.42 8.72 49.09
1924 78.84 54.30 119.93 19.56 45.46
1925 78.88 68.80 34.36 13.55 55.89
1926 78.91 71.10 31.41 11.71 54.45
1927 79.07 27.92 92.04 18.31 26.64
1928 78.96 45.57 133.62 21.64 42.33
1929 78.99 57.79 106.04 20.63 45.02
1930 78.85 64.30 48.45 16.23 55.66
1931 79.16 17.33 48.12 12.53 22.81
1932 79.10 66.90 40.54 14.61 54.05
1933 79.09 76.28 33.18 9.56 58.18
1934 79.14 43.65 135.28 21.15 39.21
1935 79.07 59.81 85.97 20.00 50.50
1936 79.50 21.14 69.22 14.31 24.34
1937 79.61 33.26 117.56 19.65 29.80
1938 79.62 37.45 136.34 21.54 33.80
1939 79.47 52.45 133.23 20.61 43.02
1940 79.77 41.46 151.83 22.57 34.09
1941 79.66 47.53 139.60 22.64 36.88
1942 79.76 25.04 85.32 17.57 26.86
1943 79.83 39.36 134.00 20.56 32.73
1944 79.63 49.77 140.96 22.00 37.43
1945 79.75 62.98 71.44 16.77 41.27
1946 79.86 14.95 42.14 10.62 19.80
1947 79.82 29.72 99.54 19.35 26.58
1948 79.86 56.38 126.27 17.39 41.90
1949 79.94 65.26 55.08 15.55 44.26
1950 79.94 72.65 34.37 11.50 44.74
1951 80.07 35.55 127.13 20.82 28.78
1952 79.96 54.36 139.06 18.81 36.52
1953 80.03 60.87 98.20 17.86 39.26
1954 80.03 58.57 119.22 19.30 39.90
1955 80.22 45.41 150.15 21.40 33.62
1956 80.02 69.68 36.82 13.22 42.83
1957 80.37 18.31 66.17 12.10 21.48
1958 80.26 27.01 95.68 16.68 22.28
1959 80.24 43.21 138.62 22.71 33.05
1960 80.30 51.29 143.15 19.82 35.72
1961 80.36 75.32 30.68 9.54 45.86
1962 80.42 78.07 23.80 7.96 36.58
1963 80.64 67.47 53.27 14.13 40.05
1964 80.61 31.28 96.23 18.52 25.88
1965 80.83 47.26 150.20 21.36 27.86
1966 80.72 49.23 151.84 20.44 30.28
1967 80.69 23.44 82.50 15.83 22.17
1968 80.87 20.89 76.92 14.50 21.79
1969 80.97 33.92 107.56 20.56 26.04
1970 80.98 37.96 121.29 20.20 27.18
1971 80.93 40.39 138.72 21.85 28.12
1972 80.88 62.30 109.41 17.48 35.37
1973 81.16 28.27 90.53 18.64 21.51
1974 80.99 52.61 148.24 19.56 27.15
1975 81.03 54.68 147.50 20.83 32.72
1976 80.95 56.91 138.24 19.61 31.90
1977 81.06 59.25 135.14 18.84 32.98
1978 81.04 65.19 76.57 15.40 35.47
1979 81.30 24.83 84.21 15.86 19.93
1980 81.30 44.01 133.14 20.36 26.34
1981 81.10 70.30 42.03 11.88 33.09
1982 81.24 72.84 36.94 10.59 35.33
1983 81.41 35.89 114.29 19.98 24.31
1984 81.42 42.20 131.92 19.41 26.53
1985 81.59 50.46 145.20 19.51 24.56
1986 81.63 75.53 33.21 8.68 31.64
1987 81.49 18.59 67.59 12.38 19.76
1988 81.62 45.77 133.97 20.83 25.22
1989 81.83 30.32 80.62 18.96 21.79
1990 81.80 32.49 87.81 19.40 22.11
1991 81.71 60.99 125.45 17.49 28.11
1992 81.79 63.76 109.83 15.72 28.79
1993 82.04 22.04 74.32 14.40 19.87
1994 82.03 39.41 111.67 20.15 22.81
1995 81.94 48.58 136.45 19.49 22.39
1996 81.94 68.27 59.45 13.53 27.50
1997 82.04 52.12 140.52 19.80 24.45
1998 82.00 55.92 142.10 18.85 24.95
1999 82.08 57.99 146.49 19.65 27.12
2000 82.08 17.50 63.27 10.43 15.46
2001 82.29 26.27 81.00 16.87 18.94
2002 82.22 65.82 82.98 13.23 27.05
2003 82.78 53.54 127.65 18.67 22.45
2004 82.31 71.09 49.58 11.20 24.26
2005 82.34 37.40 94.38 19.67 20.25
2006 82.45 41.26 111.09 18.58 21.84
2007 82.76 19.33 65.37 11.94 16.71
2008 82.49 34.73 86.94 19.34 20.55
2009 82.20 73.28 45.07 10.40 25.33
2010 82.53 44.64 130.11 21.79 23.28
2011 82.50 46.82 120.88 20.06 23.53
2012 82.54 15.92 54.20 9.68 14.18
2013 82.68 28.83 71.73 16.73 19.33
2014 82.65 62.43 123.05 15.26 25.30
2015 82.77 59.94 126.80 16.62 23.42
2016 82.86 24.01 71.02 14.49 18.52
2017 82.87 50.65 123.42 19.15 21.64
2018 82.78 73.76 44.02 9.32 24.29
2019 82.95 32.38 68.05 17.52 17.39
2020 83.07 42.90 99.18 20.00 21.06
2021 83.01 76.01 31.76 7.38 20.39
2022 83.21 48.18 98.83 19.52 19.50
2023 83.15 55.44 130.24 17.43 22.98
2024 83.32 67.94 83.38 13.05 21.20
2025 83.14 57.90 137.30 16.55 22.02
2026 83.34 39.88 72.88 17.92 19.52
2027 83.47 70.15 71.65 10.57 21.30
2028 83.45 35.77 70.93 18.25 17.02
2029 83.72 37.82 73.96 18.54 16.87
2030 83.72 26.98 52.49 16.73 16.16
2031 83.51 45.70 94.42 19.02 18.19
2032 83.53 63.85 112.18 14.44 23.00
2033 83.55 65.98 98.23 14.35 21.27
2034 83.76 29.87 45.31 16.77 15.75
2035 83.88 73.10 54.48 9.01 18.34
2036 83.84 17.48 48.56 10.15 11.14
2037 83.84 61.70 121.26 15.90 20.31
2038 84.26 32.58 43.91 16.87 14.51
2039 83.93 49.86 89.88 17.98 17.24
2040 83.93 51.80 95.76 18.00 16.93
2041 84.05 59.47 125.91 15.69 18.70
2042 84.20 24.41 53.93 13.80 15.56
2043 83.97 41.52 57.78 19.05 16.59
2044 85.28 56.19 87.55 16.54 15.73
2045 84.30 43.76 65.51 17.70 15.62
2046 84.32 54.52 102.09 18.27 16.55
2047 84.44 34.56 48.95 17.74 14.23
2048 84.71 18.99 47.83 10.30 12.80
2049 84.51 46.23 62.40 18.58 16.07
2050 84.57 48.33 69.20 17.78 15.40
2051 84.89 21.43 49.93 12.05 13.37
2052 84.81 66.95 87.00 11.94 17.43
2053 84.91 71.23 80.49 9.30 18.12
2054 84.78 64.14 98.08 13.39 17.96
2055 84.85 36.57 45.12 17.46 15.90
2056 84.90 52.71 80.84 17.44 15.64
2057 84.74 26.44 40.92 13.92 16.00
2058 84.96 61.06 107.45 15.47 16.18
2059 85.22 28.42 31.40 15.20 14.12
2060 85.50 49.92 54.21 17.74 14.48
2061 85.13 58.30 104.37 17.13 16.81
2062 85.22 69.02 86.74 10.03 15.71
2063 85.32 73.74 65.86 7.54 14.98
2064 85.52 24.09 36.80 12.34 14.28
2065 85.48 38.31 34.83 17.83 12.89
2066 85.43 42.93 38.30 20.20 14.77
2067 85.60 47.11 44.62 16.76 12.60
2068 85.62 35.15 33.59 16.28 12.78
2069 85.87 62.91 78.75 12.94 15.38
2070 85.84 40.92 32.08 17.62 12.64
2071 86.06 53.52 52.76 16.32 12.89
2072 86.02 60.01 83.54 13.91 14.51
2073 85.97 65.62 81.46 11.97 15.78
2074 85.92 26.18 30.86 14.00 12.90
2075 86.09 44.69 36.79 17.07 13.00
2076 86.12 51.39 43.81 17.07 12.19
2077 86.12 31.37 26.50 17.08 12.22
2078 86.38 21.45 28.68 11.06 11.53
2079 86.40 28.44 27.81 14.44 12.10
2080 86.43 70.45 71.16 9.05 14.55
2081 86.57 58.06 62.77 15.08 12.45
2082 86.56 67.95 75.74 9.66 13.15
2083 86.41 38.87 27.27 17.81 10.50
2084 86.60 34.69 27.27 16.29 11.73
2085 86.64 48.14 32.18 17.48 12.36
2086 86.69 23.73 22.67 11.20 12.16
2087 87.03 45.83 29.23 16.69 11.41
2088 86.95 61.90 69.32 12.82 13.02
2089 87.00 40.71 27.00 16.41 10.78
2090 87.16 64.60 63.34 11.77 12.19
2091 87.19 50.10 32.67 17.20 10.87
2092 87.27 51.96 31.90 15.64 12.79
2093 87.25 54.13 34.27 15.16 11.69
2094 87.41 29.68 22.38 14.69 10.78
2095 87.55 39.00 25.13 16.42 10.58
2096 87.60 41.83 25.08 15.98 11.38
2097 87.75 59.83 45.81 12.82 11.52
2098 87.57 36.84 26.10 17.29 11.26
2099 87.83 47.48 26.19 16.71 10.64
2100 87.74 66.92 65.13 10.09 11.34
2101 87.71 23.80 19.94 11.34 8.89
2102 87.74 57.57 33.34 13.97 11.17
2103 87.47 34.37 26.75 17.00 11.75
2104 87.98 35.10 24.11 16.40 10.86
2105 88.11 49.90 25.22 16.30 11.46
2106 88.21 62.40 47.61 11.82 10.79
2107 88.45 69.32 57.85 8.26 8.94
2108 88.41 45.46 23.59 16.79 10.53
2109 88.60 64.47 39.84 10.57 9.37
2110 88.55 24.81 17.70 12.06 8.09
2111 88.56 30.32 22.02 15.02 9.78
2112 88.55 26.26 18.53 14.73 10.00
2113 88.78 38.78 23.29 16.93 9.48
2114 88.81 53.92 25.49 14.90 10.29
2115 89.02 60.92 31.02 12.98 10.43
2116 88.98 28.13 19.94 12.36 9.13
2117 89.15 66.87 40.94 9.40 9.90
2118 89.21 49.50 24.92 14.61 8.34
2119 88.89 48.33 29.50 13.00 9.00
2120 89.14 44.72 25.50 16.62 11.38
2121 89.54 23.67 16.18 10.02 7.49
2122 89.39 31.09 21.14 13.07 8.00
2123 89.40 36.22 22.60 15.98 8.64
2124 89.56 51.59 22.37 14.37 9.41
2125 89.65 55.76 23.06 13.42 9.69
2126 89.62 59.11 22.98 12.33 10.46
2127 89.52 43.39 23.28 15.22 8.28
2128 89.52 63.44 27.25 11.12 9.38
2129 89.62 38.93 22.11 14.00 8.56
2130 90.04 33.66 21.48 15.48 7.88
2131 89.83 27.45 18.18 10.94 7.47
2132 90.15 62.66 22.22 10.20 8.50
2133 90.23 65.19 24.74 8.82 8.58
2134 90.41 29.57 19.09 13.25 8.31
2135 90.15 31.62 19.15 14.04 9.73
2136 90.22 42.78 23.03 13.77 8.51
2137 90.45 36.10 21.54 14.81 8.23
2138 90.35 60.70 19.73 10.38 8.95
2139 90.44 38.90 20.62 14.51 8.68
2140 90.54 48.24 21.28 13.82 8.76
2141 90.53 55.28 23.02 12.86 7.56
2142 90.77 25.94 16.28 11.48 7.44
2143 90.63 50.79 21.45 13.45 9.37
2144 90.67 53.27 20.76 14.64 9.50
2145 90.96 43.99 21.10 14.13 7.98
2146 90.83 46.33 20.98 14.56 8.54
2147 90.99 33.15 21.12 12.36 7.58
2148 91.22 56.80 20.54 12.07 9.10
2149 90.95 60.78 18.71 10.43 7.71
2150 91.47 63.62 16.86 8.59 6.91
2151 91.39 38.59 20.44 14.42 8.83
2152 91.20 40.96 21.12 12.88 8.38
2153 91.48 28.51 16.46 12.82 6.77
2154 91.66 52.66 18.98 11.77 7.97
2155 91.52 60.14 16.47 10.12 7.38
2156 91.45 50.00 21.09 11.64 8.45
2157 91.66 34.04 18.77 13.62 8.41
2158 91.67 54.87 19.78 12.05 8.08
2159 91.70 46.14 21.17 13.52 8.30
2160 92.29 42.17 20.00 13.27 7.59
2161 92.14 47.33 20.37 14.39 8.41
2162 92.48 38.22 20.19 14.16 7.55
2163 92.21 50.09 19.78 14.00 8.51
2164 92.57 44.51 20.21 13.33 7.67
2165 92.32 35.85 18.51 11.91 6.79
2166 92.42 55.98 17.29 11.00 6.37
2167 92.52 57.92 16.58 10.60 6.50
2168 93.03 59.74 16.06 9.05 6.94
2169 92.75 53.44 19.90 11.59 7.95
2170 93.20 33.92 17.59 12.27 6.36
2171 92.75 48.12 21.40 15.40 6.40
2172 93.21 29.39 16.10 9.99 6.20
2173 93.15 40.52 19.19 12.65 8.30
2174 93.09 43.31 18.73 12.45 7.64
2175 93.29 48.83 17.57 11.93 6.78
2176 93.28 51.16 17.71 10.79 7.83
2177 93.42 46.90 19.69 11.34 7.38
2178 93.50 53.58 18.80 10.86 7.60
2179 93.86 39.04 17.44 12.51 6.47
2180 93.93 57.14 17.34 9.94 6.14
2181 94.19 41.15 18.25 11.85 7.71
2182 94.34 54.18 17.10 10.23 6.80
2183 94.74 34.00 16.39 11.21 6.27
2184 94.40 55.94 17.57 9.71 5.71
2185 94.50 38.47 17.28 10.11 6.11
2186 94.76 36.67 16.11 11.27 5.82
2187 95.68 44.26 16.96 10.58 6.07
2188 95.09 55.65 14.89 8.27 5.36
2189 95.22 38.84 16.47 10.89 6.21
2190 95.71 51.71 15.25 9.48 5.07
2191 95.44 41.00 14.92 11.11 6.05
2192 95.56 46.08 16.83 9.33 5.67
2193 95.77 54.20 14.52 8.30 5.12
2194 95.96 38.43 14.88 9.88 5.08
2195 96.26 47.59 16.62 10.48 5.52
2196 96.07 40.02 15.50 10.00 4.62
2197 96.59 41.91 16.70 10.05 5.30
2198 96.56 50.45 15.91 9.09 5.91
2199 97.23 44.20 14.32 9.75 5.38
2200 97.40 41.05 13.74 9.22 4.52
2201 97.49 43.00 14.25 8.75 6.50

