#<Embryo name> <Cleavage cycle> <Temporal class> <Genes>
tim3 14A 4 even-skipped Kruppel giant

#Quantitative data
#<Nucleus number> <A-P coordinate> <D-V coordinate> <Fluorescence intensity: channel 1 - eve, channel 2 - Kr, channel 3 - gt>
0 2.54 46.88 38.28 13.40 11.24
1 3.22 44.05 40.60 16.57 11.70
2 3.99 49.14 40.44 16.88 13.62
3 3.80 40.68 38.54 13.03 12.90
4 4.16 45.94 42.94 16.90 11.86
5 4.73 43.13 38.74 16.26 12.64
6 4.44 40.04 31.24 14.57 12.24
7 5.00 38.04 36.12 14.40 12.94
8 4.79 47.01 37.71 16.26 11.21
9 5.53 50.43 43.12 17.07 13.70
10 5.93 55.95 42.11 14.77 12.50
11 5.75 45.70 44.29 20.12 13.39
12 6.06 41.40 44.06 17.42 12.80
13 6.35 35.09 36.34 19.28 13.05
14 6.53 48.19 48.71 20.10 14.18
15 6.64 38.36 40.81 16.44 14.04
16 6.81 44.10 44.03 21.22 14.65
17 6.90 52.45 45.35 19.54 15.25
18 7.37 41.30 45.36 23.41 15.50
19 7.40 57.08 46.15 18.13 15.89
20 7.38 60.35 39.70 16.37 15.88
21 7.10 53.95 44.20 12.20 13.80
22 7.62 50.06 48.19 21.25 16.25
23 7.75 33.30 41.69 21.16 15.29
24 7.90 46.33 46.88 21.64 16.39
25 7.94 36.71 43.01 19.48 15.66
26 8.09 54.37 50.25 20.23 17.72
27 8.49 39.98 51.23 22.92 17.52
28 8.46 43.35 49.25 21.57 16.52
29 8.41 28.61 33.94 17.62 14.40
30 8.68 59.01 49.84 18.64 21.28
31 8.63 62.28 41.54 15.66 17.89
32 9.08 51.61 53.43 22.97 18.98
33 8.92 48.44 50.85 21.44 18.90
34 8.82 54.42 41.94 18.35 16.76
35 9.06 34.70 44.20 20.40 14.06
36 9.46 38.17 44.06 20.99 16.54
37 9.68 31.76 38.27 19.75 15.08
38 9.59 56.74 52.01 22.87 23.61
39 9.32 62.87 39.71 15.43 20.32
40 9.88 45.98 53.21 22.11 20.08
41 9.75 42.42 53.58 23.52 17.69
42 10.12 53.98 55.65 24.60 23.20
43 10.18 59.99 50.13 21.71 25.22
44 10.40 49.00 54.22 24.02 22.48
45 10.40 35.53 46.32 21.76 17.19
46 10.67 40.31 52.71 23.15 19.77
47 10.71 63.15 47.27 17.15 26.88
48 10.69 29.10 38.04 14.69 15.00
49 11.03 51.78 56.30 25.91 26.10
50 11.03 44.03 52.95 24.17 21.75
51 10.92 66.22 38.93 13.52 24.33
52 11.25 57.00 57.28 23.02 30.88
53 11.18 67.75 39.70 14.30 22.77
54 11.17 25.87 35.24 13.82 15.77
55 11.34 31.83 44.08 17.75 18.16
56 11.63 38.09 51.37 22.29 21.50
57 11.72 34.73 47.26 19.92 20.34
58 11.89 46.69 62.75 24.45 30.23
59 11.73 60.32 58.46 20.39 39.41
60 11.90 54.22 65.35 22.79 34.39
61 11.99 49.21 63.75 23.79 30.20
62 12.12 64.33 51.06 16.42 41.40
63 12.12 41.12 56.11 24.12 22.31
64 12.14 28.60 41.07 15.44 19.54
65 12.45 44.09 63.21 25.78 30.36
66 12.46 24.84 37.50 12.35 17.31
67 12.71 67.64 44.83 15.90 40.56
68 12.83 51.45 64.47 23.87 44.79
69 12.89 57.86 62.06 21.71 59.63
70 12.66 29.88 42.64 15.61 20.42
71 12.95 32.82 46.14 18.79 22.23
72 12.94 36.25 49.12 21.51 26.49
73 13.14 61.23 58.77 18.94 67.86
74 13.36 39.40 58.36 23.14 27.63
75 13.23 54.78 62.07 23.31 62.65
76 13.13 25.10 38.18 11.86 17.96
77 13.60 46.27 64.59 24.18 44.74
78 13.64 27.78 44.62 15.37 23.07
79 13.64 64.61 57.54 17.53 75.28
80 13.64 42.89 61.15 25.05 35.89
81 13.86 49.31 65.59 24.01 58.85
82 13.87 22.03 29.32 10.98 22.16
83 14.03 31.16 51.24 17.45 26.65
84 14.33 67.73 52.67 16.06 69.08
85 14.26 35.57 52.58 18.18 32.43
86 14.33 52.41 64.74 22.68 85.16
87 14.57 24.82 38.40 14.23 30.90
88 14.47 58.58 63.47 22.38 118.83
89 14.54 55.43 65.71 24.20 114.33
90 14.64 61.83 59.30 20.62 121.18
91 14.53 39.29 60.81 23.72 41.49
92 14.82 70.97 48.24 14.81 54.26
93 14.61 26.40 43.00 14.30 26.70
94 14.86 43.08 68.33 26.51 61.68
95 15.03 47.58 69.56 25.72 93.66
96 15.14 29.35 43.41 15.27 33.26
97 15.20 33.30 51.53 19.57 40.50
98 15.24 64.86 60.66 18.45 123.58
99 15.40 50.40 68.67 25.46 122.36
100 15.64 45.18 73.00 28.30 107.75
101 15.65 36.76 59.79 22.74 59.81
102 15.65 40.42 63.41 26.22 81.14
103 15.76 56.49 65.51 22.22 176.91
104 15.82 67.92 59.51 16.85 110.29
105 15.86 73.13 46.11 14.82 57.30
106 15.94 23.78 37.21 12.88 48.81
107 15.95 53.39 72.88 24.02 163.19
108 15.96 59.64 70.31 22.01 169.21
109 15.83 27.08 49.22 15.15 49.58
110 16.32 62.56 65.27 20.38 165.05
111 16.41 32.87 55.58 20.92 70.04
112 16.64 43.11 67.90 24.99 148.66
113 16.64 47.12 69.38 25.35 163.91
114 16.68 70.43 55.95 16.69 95.91
115 16.79 29.93 48.88 16.55 73.40
116 16.91 18.68 27.99 7.41 58.01
117 16.74 50.74 71.83 24.22 182.76
118 16.93 21.76 33.59 10.75 65.96
119 16.77 39.31 62.42 21.49 113.37
120 16.90 65.89 60.56 19.31 148.86
121 16.99 35.86 58.83 19.71 94.27
122 17.07 56.53 68.06 21.51 201.91
123 17.23 74.12 42.43 13.51 68.74
124 17.45 59.68 70.44 24.48 201.64
125 17.74 24.43 37.21 12.48 102.58
126 17.61 53.76 68.26 21.69 214.66
127 17.77 27.49 46.95 15.40 106.33
128 17.69 63.02 67.77 22.95 186.96
129 17.74 48.67 69.61 26.90 211.10
130 17.84 33.38 54.40 19.87 124.61
131 17.83 41.62 65.76 24.08 179.77
132 17.95 45.26 74.70 24.74 194.46
133 18.01 38.40 60.77 20.74 154.46
134 17.96 69.62 56.53 17.53 127.66
135 18.39 30.22 49.31 16.69 138.52
136 18.26 66.53 65.73 20.23 162.49
137 18.47 51.22 71.72 24.25 219.92
138 18.45 17.40 21.48 7.16 81.19
139 18.39 20.87 35.93 10.02 119.40
140 18.40 76.42 39.23 11.64 61.45
141 18.35 72.97 60.70 19.34 109.34
142 18.60 56.75 68.29 24.19 219.88
143 18.82 36.18 61.69 20.12 177.51
144 18.87 59.70 69.96 22.80 205.29
145 18.92 43.09 64.14 25.51 206.49
146 18.87 62.76 74.74 25.05 206.51
147 18.99 48.14 77.38 26.08 222.22
148 19.14 53.71 71.86 24.82 225.13
149 19.12 26.24 45.10 15.09 167.10
150 19.24 33.00 59.70 22.49 187.26
151 19.32 39.68 68.75 24.32 207.83
152 19.36 70.74 66.71 18.82 160.68
153 19.56 23.08 38.74 11.71 161.38
154 19.49 78.58 42.39 12.81 71.21
155 19.66 45.60 72.09 26.34 219.46
156 19.56 65.08 70.64 23.37 196.45
157 19.61 68.00 69.49 21.04 186.92
158 19.63 73.67 64.60 17.39 132.95
159 19.94 19.59 32.32 9.85 139.09
160 19.92 50.57 74.32 26.21 225.68
161 19.98 16.34 18.73 5.50 93.86
162 20.17 28.26 50.82 17.78 202.24
163 20.17 30.93 49.48 18.68 198.69
164 20.08 56.17 76.47 25.40 225.00
165 20.06 81.78 29.40 7.40 49.99
166 20.09 36.07 64.05 22.91 212.23
167 20.13 61.98 74.76 25.39 215.93
168 20.18 76.13 60.68 17.00 131.44
169 20.25 42.42 70.52 27.68 225.15
170 20.35 59.03 76.23 26.33 220.32
171 20.43 12.76 11.40 3.28 65.68
172 20.64 47.88 77.29 25.71 228.70
173 20.62 53.47 70.85 25.01 226.04
174 20.81 25.27 42.05 13.87 188.86
175 20.74 39.27 67.22 26.00 221.80
176 21.00 33.62 57.26 20.20 215.61
177 20.87 71.11 70.68 21.13 176.22
178 20.84 65.01 76.62 25.58 206.82
179 20.92 68.25 72.88 24.45 200.46
180 20.96 79.89 56.65 13.93 103.13
181 21.04 22.08 39.15 11.55 177.74
182 21.19 45.05 74.47 26.18 229.24
183 21.27 73.77 69.24 19.19 174.46
184 21.34 50.81 77.14 25.96 225.87
185 21.26 15.85 20.01 5.98 112.64
186 21.48 36.71 67.17 23.12 226.20
187 21.46 77.06 64.93 16.67 153.70
188 21.50 57.03 77.17 26.99 223.72
189 21.44 62.08 75.61 25.71 221.38
190 21.58 28.03 49.19 18.56 211.82
191 21.57 82.38 43.13 9.15 72.87
192 21.61 42.16 73.82 26.14 227.40
193 21.79 19.24 29.47 8.69 163.85
194 21.83 31.04 64.09 20.87 225.60
195 21.97 54.26 76.32 26.52 227.87
196 22.09 59.60 79.40 25.89 220.84
197 22.13 11.83 12.73 3.12 83.47
198 22.01 48.08 74.12 25.22 229.32
199 22.11 64.90 85.84 26.83 218.74
200 22.29 39.48 70.57 26.59 227.41
201 22.19 67.92 83.89 24.32 211.76
202 22.25 23.98 44.45 13.57 192.93
203 22.36 71.59 81.79 21.87 197.37
204 22.56 33.55 66.74 23.22 227.10
205 22.68 45.45 79.72 27.88 229.40
206 22.64 51.72 78.94 28.78 232.65
207 22.58 75.09 86.13 18.18 188.51
208 22.67 78.56 88.01 17.29 157.06
209 22.61 16.05 23.96 6.29 133.35
210 22.68 36.34 66.37 26.73 224.39
211 22.80 62.22 83.60 28.83 223.93
212 22.89 26.96 48.72 18.24 214.41
213 22.93 42.23 71.58 27.63 230.82
214 22.89 57.30 78.55 26.68 224.92
215 23.05 21.34 40.95 12.43 192.02
216 22.95 81.85 95.49 11.74 120.67
217 23.10 29.98 56.28 18.63 222.37
218 23.29 48.59 80.39 26.86 229.25
219 23.21 69.24 97.60 26.26 228.21
220 23.38 54.71 76.04 28.55 228.90
221 23.42 65.94 98.35 27.29 227.00
222 23.61 18.66 29.36 8.12 157.33
223 23.51 13.70 19.44 4.90 100.76
224 23.65 39.24 75.76 25.72 228.14
225 23.67 10.08 7.37 1.74 49.58
226 23.75 24.73 47.05 14.84 201.56
227 23.76 60.13 87.77 27.89 229.28
228 23.65 73.99 122.19 21.26 210.56
229 23.85 33.02 63.26 21.56 226.54
230 23.87 36.24 73.37 24.59 231.22
231 23.86 79.87 141.43 18.52 182.24
232 23.85 44.58 83.09 30.00 229.85
233 23.86 51.83 80.94 28.29 231.82
234 23.99 63.21 93.76 28.56 228.63
235 24.02 71.17 123.64 25.85 221.46
236 24.02 83.70 100.35 9.99 110.39
237 24.18 57.14 84.02 29.77 230.20
238 24.31 76.91 168.09 20.74 212.90
239 24.36 27.49 50.29 16.05 199.53
240 24.39 30.47 56.67 19.93 225.09
241 24.44 41.61 74.19 25.35 228.03
242 24.39 68.01 114.06 25.60 230.66
243 24.51 16.22 24.98 6.85 148.49
244 24.47 22.11 40.76 12.89 195.10
245 24.49 49.48 87.00 30.10 234.41
246 24.61 7.79 4.00 0.90 32.02
247 24.69 11.87 13.10 3.69 85.50
248 24.75 46.92 83.84 27.00 231.36
249 24.66 54.20 87.10 27.94 230.40
250 24.93 65.10 116.42 28.96 231.49
251 24.92 86.88 90.02 6.69 82.73
252 24.85 73.22 174.24 24.56 232.33
253 24.98 38.13 70.70 26.51 228.14
254 24.96 34.97 67.17 22.00 230.51
255 25.08 44.32 80.80 30.47 231.37
256 25.00 59.27 87.19 26.81 233.14
257 25.18 19.56 35.86 8.86 179.44
258 25.10 61.93 99.38 28.29 234.69
259 25.11 80.00 179.32 19.34 210.90
260 25.28 24.70 47.39 14.83 206.61
261 25.31 51.57 81.10 27.66 229.61
262 25.30 70.30 172.88 26.72 236.05
263 25.43 83.62 159.53 13.34 162.78
264 25.59 32.71 65.99 24.00 225.23
265 25.49 56.70 86.81 29.49 230.95
266 25.59 14.07 20.78 5.31 123.24
267 25.58 75.38 199.51 23.32 229.74
268 25.62 29.90 60.09 17.86 221.46
269 25.66 42.08 79.08 28.22 230.95
270 25.66 67.42 170.67 28.01 235.69
271 25.79 9.88 7.65 2.00 56.09
272 25.89 27.28 53.48 15.04 214.85
273 25.79 48.66 83.98 30.86 238.02
274 25.95 17.06 30.21 7.78 160.66
275 26.04 22.38 44.82 12.40 204.45
276 26.05 39.56 82.08 29.27 232.73
277 25.92 53.95 88.40 29.52 232.05
278 26.05 63.18 135.00 28.90 238.71
279 26.23 87.44 97.52 9.11 98.00
280 26.15 36.11 74.09 25.46 224.40
281 26.19 45.59 83.32 28.60 232.55
282 26.16 72.07 200.73 26.47 236.94
283 26.30 77.96 192.18 23.00 226.93
284 26.30 59.78 115.05 29.85 238.76
285 26.40 81.06 184.41 18.85 214.00
286 26.66 50.87 90.69 28.71 232.13
287 26.71 65.51 187.15 28.95 239.09
288 26.70 19.84 38.55 9.83 187.62
289 26.77 68.60 196.21 28.77 239.35
290 26.67 56.61 120.79 30.61 242.96
291 26.80 13.27 22.27 5.01 125.80
292 26.86 25.15 61.99 15.68 217.61
293 26.80 74.88 207.68 26.73 237.42
294 26.92 83.95 151.47 15.87 184.99
295 26.90 7.35 4.71 1.21 34.41
296 26.84 30.12 65.72 20.96 227.04
297 26.87 33.22 76.11 23.30 229.80
298 26.78 42.36 88.74 27.91 233.56
299 26.94 47.88 100.80 32.54 240.37
300 27.08 38.73 81.85 26.62 232.47
301 27.06 53.68 120.81 30.19 240.07
302 27.16 10.14 11.14 2.27 64.70
303 27.21 90.21 36.97 4.62 57.90
304 27.22 62.45 187.89 30.29 243.30
305 27.32 16.54 36.10 7.41 164.08
306 27.36 71.06 215.24 29.06 240.53
307 27.50 36.26 89.55 25.41 232.52
308 27.44 44.58 98.80 29.39 234.73
309 27.48 22.22 53.80 13.03 207.91
310 27.47 27.74 75.47 19.44 229.03
311 27.45 58.59 160.55 31.09 244.32
312 27.71 77.05 194.18 25.09 233.68
313 27.72 80.08 172.70 20.34 219.66
314 27.74 87.29 84.30 11.48 122.90
315 28.07 5.45 3.34 0.28 26.95
316 27.91 41.63 106.20 30.85 234.62
317 27.85 66.33 219.52 31.47 245.20
318 27.87 73.52 207.20 26.00 241.29
319 27.93 50.35 138.68 30.71 238.61
320 27.97 55.69 172.34 33.92 240.90
321 28.06 19.30 53.93 9.53 200.06
322 27.99 33.76 101.92 24.32 237.54
323 28.01 47.32 117.75 30.73 241.98
324 28.05 12.97 25.04 4.00 107.52
325 28.15 30.22 93.29 19.22 225.88
326 28.21 24.34 73.05 14.47 222.62
327 28.18 53.10 168.38 32.91 242.50
328 28.21 60.58 199.07 32.82 245.86
329 28.26 68.91 219.23 32.94 241.98
330 28.17 83.38 145.92 19.10 203.70
331 28.27 9.05 10.52 1.52 51.01
332 28.33 39.37 119.32 27.88 240.25
333 28.38 63.74 225.46 32.29 245.29
334 28.64 16.35 58.92 7.10 159.68
335 28.60 26.95 102.57 17.56 230.51
336 28.57 44.52 135.79 28.43 235.57
337 28.64 57.91 206.54 32.51 247.35
338 28.94 37.31 138.06 26.03 240.43
339 28.88 71.61 204.37 27.56 240.46
340 28.89 74.80 186.78 28.66 238.93
341 28.94 21.60 93.66 12.95 219.36
342 28.89 32.24 134.04 24.62 237.50
343 28.88 90.09 35.34 7.13 67.04
344 28.86 86.18 109.13 15.63 166.06
345 29.08 77.86 159.13 24.48 226.61
346 29.08 80.86 144.43 21.25 218.20
347 29.14 34.92 155.52 27.04 237.80
348 29.05 47.96 179.74 29.72 240.43
349 29.07 66.50 214.66 35.00 242.18
350 29.24 50.53 197.05 35.28 245.16
351 29.24 61.89 212.81 33.44 245.12
352 29.49 6.56 9.09 0.76 37.09
353 29.21 13.47 54.67 5.27 128.11
354 29.44 10.47 34.70 2.87 84.98
355 29.28 53.35 210.59 31.75 245.05
356 29.49 40.33 184.77 28.71 240.57
357 29.52 24.68 144.97 14.60 232.03
358 29.62 28.06 154.56 19.98 234.64
359 29.66 56.64 219.54 34.06 245.24
360 29.71 18.57 111.52 10.22 204.95
361 29.68 69.26 196.38 31.57 241.77
362 29.58 45.56 204.76 34.34 247.38
363 29.70 59.45 221.07 32.44 245.95
364 29.79 30.92 183.83 21.95 239.55
365 29.91 42.82 203.74 30.39 242.64
366 29.84 64.17 210.52 34.20 243.97
367 29.84 83.72 109.69 20.42 195.51
368 29.89 87.66 74.07 13.78 137.44
369 30.07 15.36 101.49 7.52 171.34
370 30.17 72.31 168.80 31.92 235.75
371 30.17 75.21 161.53 30.27 231.04
372 30.22 21.61 147.03 13.55 223.55
373 30.23 33.78 197.60 26.53 240.92
374 30.17 36.99 211.27 28.82 244.38
375 30.23 54.45 225.85 36.61 248.22
376 30.39 48.22 210.83 31.49 241.16
377 30.36 51.17 224.94 35.69 245.86
378 30.37 66.91 195.30 33.74 242.00
379 30.43 80.96 115.39 24.33 214.20
380 30.57 77.91 131.00 26.38 224.55
381 30.61 61.74 200.98 32.79 244.36
382 30.73 12.86 93.68 4.96 131.32
383 30.63 8.48 29.55 1.37 53.23
384 30.75 26.90 184.73 19.02 235.48
385 30.59 45.35 223.75 33.02 246.98
386 30.82 24.18 167.75 13.85 229.66
387 30.68 40.20 212.94 32.84 243.02
388 30.77 29.89 202.86 23.55 239.76
389 30.76 4.99 8.79 0.34 26.31
390 30.86 58.56 212.89 34.71 247.81
391 30.92 89.66 51.00 10.37 87.51
392 31.03 69.72 167.94 35.79 238.88
393 30.99 17.40 134.52 9.14 197.66
394 31.17 64.75 189.75 36.09 244.52
395 31.23 86.43 81.15 18.96 156.38
396 31.30 55.97 219.23 34.05 244.52
397 31.30 53.25 218.98 34.90 246.63
398 31.30 20.44 163.25 12.28 220.86
399 31.22 36.81 223.90 29.85 245.33
400 31.31 43.13 225.83 32.65 246.76
401 31.29 33.91 215.14 27.43 242.96
402 31.48 83.02 95.54 24.56 187.30
403 31.52 72.35 147.59 35.12 233.68
404 31.55 10.59 68.74 3.51 106.26
405 31.55 50.54 216.00 31.36 245.33
406 31.53 75.22 129.73 29.68 225.35
407 31.64 45.83 222.25 33.81 245.86
408 31.70 79.31 101.80 26.05 205.68
409 31.81 31.45 204.92 23.47 237.86
410 31.76 60.80 192.31 36.20 244.87
411 31.80 67.49 168.17 37.39 240.56
412 32.12 3.99 9.07 0.24 28.43
413 31.96 15.10 124.45 7.65 170.40
414 31.91 48.20 219.90 36.22 246.79
415 31.91 28.71 197.22 20.27 235.31
416 32.02 7.68 31.75 1.42 53.04
417 31.88 41.09 223.53 32.16 246.61
418 32.05 38.72 225.24 30.81 245.98
419 32.10 22.86 181.76 14.05 231.59
420 32.10 25.88 184.57 19.15 231.01
421 32.17 63.26 171.67 36.65 245.00
422 32.15 18.25 164.05 10.45 214.12
423 32.13 58.25 195.23 36.77 247.36
424 32.23 89.25 58.17 13.04 78.75
425 32.51 12.14 104.62 5.18 151.24
426 32.52 33.90 208.88 28.82 240.07
427 32.60 36.43 209.63 29.52 242.09
428 32.56 70.54 145.98 36.68 229.70
429 32.44 53.16 189.93 33.56 246.00
430 32.58 44.07 214.52 35.09 244.90
431 32.60 85.70 86.56 23.99 143.63
432 32.69 55.97 188.00 36.25 245.11
433 32.70 76.51 111.42 30.01 209.70
434 32.72 65.60 150.66 36.46 239.23
435 32.83 73.34 133.29 33.97 217.61
436 32.88 50.42 194.89 36.68 245.69
437 32.91 82.39 98.80 27.58 164.65
438 32.87 1.99 4.22 0.12 17.90
439 33.07 20.45 153.60 11.21 218.31
440 33.00 79.44 102.27 31.32 182.20
441 33.01 47.28 192.98 31.90 244.64
442 33.07 41.48 210.15 32.40 242.69
443 33.05 61.38 154.97 37.02 242.47
444 33.12 68.11 141.60 37.03 234.79
445 33.16 31.50 193.30 24.63 238.37
446 33.16 28.79 173.20 19.15 231.24
447 33.28 58.72 165.93 37.48 243.50
448 33.45 6.67 14.16 0.97 40.00
449 33.55 10.27 43.69 3.50 95.42
450 33.34 17.14 145.38 10.68 209.62
451 33.36 23.37 162.81 16.35 226.08
452 33.45 26.11 167.70 18.07 229.64
453 33.43 38.50 197.67 32.11 242.75
454 33.57 13.90 99.62 7.49 170.81
455 33.51 53.86 159.21 35.53 240.74
456 33.56 88.23 112.94 21.27 77.74
457 33.68 64.26 132.48 36.83 232.98
458 33.75 34.67 193.43 29.69 242.40
459 33.75 45.16 184.48 36.05 242.23
460 33.95 75.05 122.07 37.16 195.09
461 33.94 84.39 123.71 29.16 111.41
462 34.03 51.32 156.90 36.71 238.90
463 34.10 72.15 132.58 38.15 207.29
464 34.09 48.74 163.59 35.22 239.13
465 34.16 56.80 143.32 36.24 235.90
466 34.17 69.51 129.19 37.50 214.28
467 34.18 42.60 177.46 35.15 241.49
468 34.16 77.88 121.77 34.67 170.16
469 34.54 4.39 4.37 0.36 24.50
470 34.31 62.17 131.63 37.76 234.93
471 34.36 66.66 132.27 37.03 226.27
472 34.34 80.90 126.37 34.45 133.41
473 34.39 19.40 114.65 9.88 204.61
474 34.39 31.77 175.53 24.45 234.15
475 34.42 39.75 171.12 30.10 239.30
476 34.44 59.52 136.74 39.05 234.60
477 34.45 28.81 153.60 22.43 231.82
478 34.55 22.69 130.53 14.55 219.84
479 34.65 37.01 169.88 29.09 234.15
480 34.65 54.31 136.85 37.18 235.32
481 34.58 16.08 88.51 7.33 173.16
482 34.70 25.82 141.26 17.17 221.91
483 34.74 8.38 18.00 1.96 67.24
484 34.83 46.85 152.05 36.34 235.83
485 34.95 12.61 48.60 5.33 128.29
486 34.99 86.40 147.77 26.99 60.49
487 34.99 34.34 168.82 29.86 238.48
488 35.15 44.43 145.39 35.90 229.69
489 35.16 64.36 131.81 41.29 210.79
490 35.28 52.19 139.30 36.42 229.49
491 35.28 75.88 144.41 45.00 152.17
492 35.23 83.06 161.96 37.02 86.26
493 35.29 73.26 151.05 40.81 172.22
494 35.36 41.33 151.20 33.58 230.08
495 35.45 49.53 141.80 35.48 226.63
496 35.41 70.66 152.73 45.85 185.00
497 35.44 67.63 140.46 41.82 191.00
498 35.51 78.93 158.72 42.02 110.94
499 35.48 61.30 133.63 39.55 216.60
500 35.62 20.91 99.28 12.65 211.15
501 35.59 29.85 128.91 24.46 226.69
502 35.60 55.93 125.03 41.55 224.95
503 35.58 58.49 131.91 38.66 217.66
504 35.67 18.01 75.63 9.95 183.32
505 35.84 32.53 131.26 28.02 225.70
506 35.86 38.84 142.48 33.93 228.90
507 35.95 15.03 57.21 7.33 154.06
508 35.88 24.19 104.60 16.74 212.63
509 35.95 6.62 8.23 1.38 39.62
510 35.94 88.58 141.53 26.62 30.92
511 36.02 27.19 109.66 19.76 212.24
512 35.98 36.18 134.17 30.11 226.88
513 36.03 9.94 23.44 3.39 82.20
514 36.09 46.91 132.10 38.42 214.84
515 36.20 43.34 135.56 38.32 223.26
516 36.32 65.41 157.85 46.63 177.07
517 36.34 81.47 182.24 44.38 58.89
518 36.44 85.25 174.80 41.34 42.47
519 36.52 53.98 126.56 40.67 204.58
520 36.46 62.56 148.88 50.02 183.95
521 36.40 69.16 170.78 56.03 145.62
522 36.43 76.46 180.86 49.06 100.97
523 36.58 51.22 131.57 39.86 207.75
524 36.52 72.79 170.34 48.76 114.81
525 36.78 12.49 35.17 5.58 112.04
526 36.72 59.64 151.10 44.06 190.11
527 36.80 41.02 132.02 36.34 211.14
528 36.79 56.85 141.14 45.98 192.28
529 36.85 91.17 112.78 30.61 19.77
530 36.88 22.09 81.52 15.23 192.91
531 36.89 30.85 107.99 25.66 202.70
532 36.86 34.31 122.60 30.19 211.74
533 37.05 48.65 145.57 40.13 201.90
534 37.07 45.41 129.24 40.88 193.98
535 37.11 38.21 127.16 35.59 211.86
536 37.24 79.20 192.19 53.13 56.83
537 37.27 6.72 8.04 1.43 30.86
538 37.28 25.19 90.26 18.87 183.53
539 37.32 28.08 99.16 20.85 186.02
540 37.27 67.08 188.97 54.70 120.64
541 37.41 15.13 43.16 7.80 113.12
542 37.43 9.79 20.01 3.63 60.70
543 37.40 63.80 172.36 56.12 140.12
544 37.47 70.41 197.21 63.79 86.62
545 37.47 87.81 145.17 47.22 25.06
546 37.46 82.85 186.02 52.09 37.12
547 37.57 76.06 201.69 63.20 65.05
548 37.66 43.13 133.31 41.52 177.82
549 37.78 73.26 197.85 66.12 68.75
550 37.69 52.08 134.73 42.20 181.05
551 37.79 60.89 178.17 53.83 133.22
552 37.83 36.13 123.19 34.63 194.51
553 37.83 55.09 161.97 45.74 150.44
554 37.85 20.46 65.14 12.79 153.27
555 38.04 33.38 121.48 31.71 182.18
556 37.88 58.12 190.62 53.82 127.00
557 38.04 40.41 143.71 41.70 181.77
558 38.04 46.93 161.40 48.20 162.14
559 38.14 30.45 111.13 28.80 174.21
560 38.30 92.28 71.67 33.33 13.46
561 38.26 85.20 151.75 61.52 25.23
562 38.23 49.66 169.10 51.86 170.00
563 38.33 17.49 59.32 11.87 121.84
564 38.43 23.46 90.03 18.49 145.67
565 38.31 65.38 205.44 66.75 89.17
566 38.35 11.49 27.15 5.08 57.25
567 38.47 67.94 207.34 70.40 73.08
568 38.57 78.38 198.47 77.81 41.23
569 38.54 81.43 186.46 70.56 33.97
570 38.52 26.69 97.11 23.62 143.50
571 38.62 62.72 204.88 63.45 92.63
572 38.69 38.43 145.10 42.67 165.66
573 38.70 44.48 171.07 48.19 146.16
574 38.71 14.45 48.78 8.19 82.22
575 38.76 89.28 108.13 59.99 19.57
576 38.77 70.57 214.18 77.53 54.53
577 38.83 75.61 205.90 86.18 43.79
578 38.77 52.89 176.34 52.52 114.11
579 38.92 57.62 202.87 60.09 88.16
580 39.21 60.11 205.95 70.28 75.22
581 39.10 73.13 210.40 93.09 47.35
582 39.09 20.71 88.95 18.25 111.74
583 39.07 35.47 148.18 40.68 141.44
584 39.13 41.72 176.13 50.18 131.43
585 39.13 32.34 143.89 39.36 133.06
586 39.21 47.03 186.05 54.21 106.23
587 39.25 29.27 131.64 29.75 111.14
588 39.38 55.46 201.90 65.91 82.66
589 39.37 49.67 194.02 61.26 99.74
590 39.51 9.29 30.22 4.51 29.58
591 39.50 65.04 209.33 80.57 60.05
592 39.50 86.70 126.70 96.46 20.53
593 39.54 83.44 146.12 95.29 24.56
594 39.48 17.82 75.89 16.70 78.06
595 39.54 12.28 53.19 7.02 36.67
596 39.60 25.74 125.83 27.07 83.19
597 39.69 68.31 209.53 90.77 48.60
598 39.71 79.86 169.75 102.91 29.66
599 39.87 15.05 68.37 11.13 47.35
600 39.92 23.17 120.70 23.16 69.62
601 39.87 37.55 165.09 48.85 95.77
602 39.91 44.06 201.36 60.31 82.81
603 39.90 62.33 211.42 86.87 59.90
604 39.94 92.33 50.57 54.21 12.15
605 39.95 53.45 204.30 72.72 67.48
606 40.01 76.80 182.09 110.54 32.00
607 40.10 40.26 191.00 58.71 93.20
608 40.13 71.22 201.36 114.11 38.81
609 40.16 89.16 99.07 96.20 17.39
610 40.20 33.54 163.46 47.51 79.85
611 40.25 51.27 207.76 75.09 67.18
612 40.30 57.96 209.54 81.55 53.25
613 40.37 20.43 114.25 22.40 57.70
614 40.36 28.25 147.08 35.40 62.80
615 40.45 30.86 156.84 42.24 63.91
616 40.41 73.86 191.56 129.25 32.53
617 40.40 46.93 201.61 73.58 64.81
618 40.52 66.19 206.34 104.57 43.60
619 40.67 17.48 107.38 19.95 41.47
620 40.65 11.64 49.38 8.18 24.49
621 40.76 81.93 136.41 141.12 24.07
622 40.82 60.37 205.31 100.17 44.14
623 40.86 35.94 182.08 58.17 61.65
624 40.91 42.13 204.09 72.92 56.86
625 40.83 85.08 112.24 143.70 22.14
626 40.88 25.97 152.42 37.93 45.75
627 40.86 55.34 205.77 98.66 45.58
628 40.96 63.71 200.51 118.38 42.46
629 40.94 68.59 187.05 134.59 37.51
630 40.97 49.37 211.18 94.05 53.16
631 40.93 79.00 150.68 144.49 26.37
632 41.16 38.72 193.94 70.27 52.10
633 41.08 90.94 62.63 104.33 14.96
634 41.26 14.80 86.89 16.75 28.08
635 41.23 22.75 134.56 31.73 38.31
636 41.31 44.68 202.27 86.44 50.66
637 41.26 75.90 161.35 156.66 29.91
638 41.44 70.67 179.49 158.02 35.36
639 41.51 87.54 88.54 146.98 19.34
640 41.53 52.12 201.79 106.53 41.91
641 41.56 33.49 180.50 67.25 45.27
642 41.72 28.77 158.82 51.30 40.01
643 41.76 47.31 200.40 110.59 43.91
644 41.71 66.15 190.14 160.88 36.67
645 41.79 72.96 167.63 175.98 30.15
646 41.83 57.11 190.26 120.53 38.15
647 41.86 18.11 112.30 28.04 24.70
648 41.89 62.02 194.46 146.87 37.11
649 41.99 12.21 63.62 17.78 18.95
650 42.07 31.44 168.42 67.34 36.94
651 42.07 40.75 192.92 88.39 36.77
652 41.98 54.48 189.32 123.94 35.67
653 42.02 83.52 96.34 171.49 20.95
654 42.04 25.27 137.84 49.60 31.82
655 42.13 59.53 181.92 148.37 35.89
656 42.05 80.56 118.25 181.72 23.88
657 42.11 36.27 194.89 83.42 38.77
658 42.24 20.59 114.20 40.42 27.61
659 42.21 77.69 130.96 187.46 25.12
660 42.29 49.85 192.82 131.10 40.20
661 42.30 90.74 63.04 126.92 15.21
662 42.49 43.15 183.86 113.27 37.52
663 42.44 68.03 159.85 193.41 32.46
664 42.61 15.55 87.11 35.72 21.82
665 42.57 64.29 170.47 184.08 34.28
666 42.57 74.79 144.74 198.49 28.92
667 42.67 38.48 185.91 116.35 37.07
668 42.72 45.53 173.67 126.98 38.97
669 42.63 70.67 160.27 204.27 34.02
670 42.82 22.96 116.02 59.33 25.98
671 42.90 10.00 35.81 14.81 13.21
672 42.74 86.95 83.34 175.53 19.48
673 42.95 27.14 135.84 72.79 27.44
674 43.01 34.60 169.75 102.82 32.59
675 43.07 29.80 145.68 91.90 31.05
676 43.19 51.53 168.95 176.44 36.83
677 43.03 54.17 170.17 174.35 36.69
678 43.09 56.96 160.25 183.93 36.42
679 43.17 61.75 163.54 199.33 34.29
680 43.16 47.95 169.00 162.00 36.04
681 43.41 92.79 57.20 115.40 11.53
682 43.32 18.39 83.79 56.17 21.20
683 43.26 80.57 105.62 207.85 24.44
684 43.24 83.78 94.01 197.28 21.72
685 43.43 13.49 61.36 34.38 15.55
686 43.45 32.29 151.00 112.00 28.26
687 43.41 66.36 143.25 213.88 32.55
688 43.48 40.42 164.10 154.43 34.02
689 43.48 72.13 145.85 217.98 30.17
690 43.39 77.42 120.18 213.74 25.77
691 43.52 59.36 149.83 190.85 34.96
692 43.68 69.24 137.54 222.19 29.83
693 43.64 89.78 81.47 166.07 16.64
694 43.76 24.64 99.62 93.25 21.95
695 43.67 37.25 150.32 146.33 32.93
696 43.86 42.86 145.13 165.26 33.44
697 43.76 63.92 137.70 218.00 33.46
698 43.82 74.72 131.28 223.40 29.83
699 43.87 21.67 81.29 78.03 19.61
700 43.90 45.78 145.26 177.06 32.46
701 44.08 49.35 137.10 199.07 32.05
702 44.08 86.89 99.11 188.45 18.12
703 44.11 11.34 38.52 39.54 13.21
704 44.10 54.16 145.51 206.34 31.40
705 44.21 15.84 54.29 56.25 15.75
706 44.19 27.12 108.45 118.62 22.98
707 44.22 34.57 129.50 147.85 30.28
708 44.26 56.86 133.86 213.93 34.67
709 44.34 29.98 120.49 139.37 25.78
710 44.41 78.50 127.59 223.76 26.17
711 44.48 81.35 120.06 215.68 23.69
712 44.45 61.63 142.98 226.28 34.57
713 44.52 19.15 58.70 89.35 17.30
714 44.53 84.06 114.05 209.23 19.17
715 44.60 51.83 131.61 209.90 32.04
716 44.60 66.95 135.54 226.60 31.58
717 44.55 94.09 47.88 69.22 9.32
718 44.71 39.66 127.71 183.62 30.87
719 44.64 72.68 149.10 231.93 28.19
720 44.79 37.22 119.14 189.67 29.45
721 44.80 59.13 145.75 228.93 32.12
722 44.84 69.82 151.66 233.14 30.73
723 44.93 32.33 106.85 163.12 25.79
724 44.90 47.32 133.68 205.96 31.36
725 44.92 75.83 162.26 230.20 28.20
726 44.91 64.04 144.41 230.22 33.16
727 44.94 90.19 102.55 164.60 17.34
728 44.98 44.61 128.31 203.07 32.53
729 45.05 41.97 129.02 204.35 32.27
730 45.16 22.26 60.99 111.22 17.86
731 45.12 25.14 81.63 133.29 22.25
732 45.19 55.10 137.07 224.98 32.96
733 45.22 13.85 30.49 58.89 13.41
734 45.25 11.02 25.18 48.43 11.24
735 45.32 28.11 93.16 156.42 22.77
736 45.37 16.56 43.19 87.29 15.59
737 45.38 87.09 142.32 211.77 19.62
738 45.43 35.11 111.24 188.09 25.75
739 45.47 49.86 136.54 220.25 30.29
740 45.63 92.39 110.10 130.25 12.33
741 45.53 79.20 171.27 230.13 24.08
742 45.66 61.15 158.73 233.48 31.78
743 45.74 65.87 170.71 236.59 30.10
744 45.72 71.62 184.53 237.86 30.27
745 45.74 84.28 161.53 221.21 21.09
746 45.79 19.51 53.02 114.82 16.52
747 45.83 52.64 142.93 225.69 29.31
748 45.80 57.47 153.00 229.63 29.33
749 45.92 68.28 181.32 235.63 30.93
750 45.92 30.38 88.75 174.91 26.72
751 45.93 38.64 109.74 200.82 28.33
752 45.91 74.41 201.11 236.56 27.84
753 46.03 81.62 191.94 227.07 20.84
754 46.02 9.28 15.60 40.25 9.25
755 46.11 47.21 149.98 220.78 30.41
756 46.21 32.96 99.06 194.56 25.24
757 46.13 44.57 147.43 222.06 29.53
758 46.26 77.09 196.92 233.60 25.33
759 46.18 41.85 131.03 216.75 29.76
760 46.28 63.37 184.88 240.86 31.43
761 46.22 24.54 74.12 153.25 19.37
762 46.31 88.92 143.66 183.35 16.38
763 46.47 14.69 38.65 91.95 13.84
764 46.51 27.63 91.98 169.77 21.02
765 46.54 35.68 112.38 204.98 28.03
766 46.52 55.19 180.87 232.09 28.95
767 46.60 59.53 192.57 237.89 32.20
768 46.66 21.61 70.69 142.51 17.51
769 46.64 49.82 167.38 229.70 30.23
770 46.81 11.51 27.42 63.96 10.36
771 46.62 17.88 51.93 111.43 16.45
772 46.72 70.06 216.26 237.20 30.00
773 46.89 72.68 208.74 236.06 28.19
774 46.93 65.49 203.10 237.10 29.44
775 46.94 79.93 200.51 230.05 22.86
776 46.96 52.52 183.38 231.50 30.16
777 47.05 92.40 117.84 126.28 12.73
778 46.99 83.43 186.55 224.00 20.65
779 47.21 86.29 163.15 203.34 18.44
780 47.12 30.59 109.20 195.20 22.78
781 47.15 38.38 140.55 218.29 28.18
782 47.18 57.39 219.68 240.21 31.94
783 47.21 40.74 154.06 224.28 29.09
784 47.20 75.21 211.34 235.57 26.64
785 47.28 61.74 217.43 242.36 32.30
786 47.23 44.21 179.62 232.88 29.57
787 47.29 47.06 199.18 234.02 31.91
788 47.31 25.24 103.08 172.16 20.22
789 47.38 68.04 222.86 240.39 31.23
790 47.46 33.28 121.83 209.64 26.95
791 47.43 89.17 151.64 174.12 15.29
792 47.65 77.91 206.88 235.23 24.96
793 47.71 13.32 55.61 100.42 13.31
794 47.69 16.20 63.82 115.27 14.91
795 47.70 19.27 85.92 137.76 16.64
796 47.73 28.20 122.72 190.41 23.16
797 47.72 36.15 150.64 218.68 27.26
798 47.71 55.10 219.24 240.50 35.48
799 47.81 22.45 104.88 159.76 19.41
800 47.77 49.83 209.60 235.85 30.79
801 48.01 63.66 220.25 243.41 30.52
802 47.89 70.69 218.19 239.66 29.26
803 47.96 59.45 217.74 239.78 30.84
804 48.04 42.51 199.94 235.00 31.50
805 48.07 81.17 190.54 227.21 20.63
806 48.13 52.75 213.66 235.88 31.11
807 48.15 66.10 222.94 242.50 30.02
808 48.29 73.19 214.29 240.89 26.93
809 48.23 84.22 174.67 216.35 19.79
810 48.43 31.19 156.56 204.87 23.19
811 48.41 45.06 212.52 232.07 29.04
812 48.33 91.15 102.30 140.52 13.36
813 48.38 75.72 207.00 239.35 27.65
814 48.44 25.21 137.24 181.64 21.10
815 48.50 38.10 182.05 225.40 28.84
816 48.48 47.72 207.70 232.94 30.32
817 48.55 57.29 218.80 240.16 31.65
818 48.63 11.81 55.90 86.32 11.03
819 48.57 34.45 170.00 219.52 25.19
820 48.67 40.63 196.12 229.69 30.71
821 48.57 87.62 144.18 193.67 17.51
822 48.64 61.46 222.45 245.22 31.69
823 48.72 68.35 216.84 242.70 30.66
824 48.81 19.79 118.38 159.54 17.06
825 48.81 50.60 213.93 240.27 30.16
826 48.81 78.81 186.17 236.61 24.58
827 48.88 28.51 153.90 202.68 23.53
828 48.93 93.60 46.07 94.07 10.69
829 48.93 16.03 88.23 115.34 15.25
830 49.01 55.05 214.31 240.29 30.67
831 49.10 22.52 124.59 162.51 19.25
832 49.05 70.74 207.71 243.43 28.69
833 49.16 65.78 202.18 244.38 29.62
834 49.36 43.43 200.18 235.74 30.84
835 49.42 81.85 150.36 226.62 21.96
836 49.45 52.43 201.98 235.78 29.98
837 49.38 59.66 198.21 240.12 30.11
838 49.36 84.95 145.60 223.43 21.06
839 49.46 32.91 175.89 218.89 25.77
840 49.45 63.07 192.49 239.54 28.56
841 49.44 76.24 177.03 239.64 25.83
842 49.45 25.73 142.24 191.34 20.92
843 49.55 35.95 179.86 225.38 25.56
844 49.50 73.30 190.62 237.04 27.30
845 49.47 90.02 93.63 176.69 15.06
846 49.52 9.89 37.54 69.52 9.38
847 49.55 46.08 195.40 235.51 28.29
848 49.55 48.76 199.65 235.51 27.47
849 49.71 38.53 188.40 227.72 26.05
850 49.73 13.15 57.18 103.06 12.81
851 49.86 30.55 151.81 208.35 24.19
852 49.82 41.20 198.14 233.14 29.53
853 49.81 18.49 102.31 147.74 15.63
854 49.94 57.23 188.46 239.67 30.44
855 49.96 67.91 179.02 240.43 28.64
856 49.98 79.03 146.67 233.47 25.25
857 50.02 94.86 23.91 71.68 8.07
858 50.12 28.02 133.47 201.72 23.26
859 50.15 87.28 91.71 198.47 18.02
860 50.13 54.39 177.24 242.34 29.18
861 50.19 70.52 167.63 240.58 30.65
862 50.32 15.57 69.89 124.06 14.11
863 50.18 23.01 107.10 172.86 18.14
864 50.24 65.05 167.02 241.14 30.80
865 50.39 91.90 49.83 123.33 12.51
866 50.40 50.67 171.67 238.85 27.11
867 50.51 33.98 151.89 224.57 24.89
868 50.53 62.11 153.34 238.39 29.79
869 50.51 75.85 150.70 238.89 24.52
870 50.65 20.53 84.05 155.00 16.95
871 50.62 44.79 174.22 235.86 28.60
872 50.57 47.80 171.44 237.14 31.31
873 50.56 59.73 166.98 240.84 29.14
874 50.59 84.43 99.56 219.53 20.29
875 50.59 25.61 95.14 183.72 20.31
876 50.61 9.22 22.98 64.34 10.79
877 50.66 73.13 143.82 240.94 29.46
878 50.76 81.59 108.33 228.39 21.82
879 50.80 36.55 146.66 229.58 27.60
880 50.80 42.25 176.20 235.09 28.33
881 50.91 12.33 35.48 95.95 11.60
882 50.87 39.26 147.79 227.12 26.58
883 51.02 31.63 130.14 215.61 23.82
884 51.05 18.03 58.93 139.43 16.43
885 51.03 55.45 152.73 241.24 32.53
886 51.07 89.22 64.03 179.78 15.86
887 51.19 52.75 133.32 237.59 31.81
888 51.14 66.52 141.88 243.66 29.76
889 51.23 68.86 144.60 239.49 29.74
890 51.10 78.43 114.95 234.30 24.49
891 51.21 29.05 115.84 208.69 24.45
892 51.33 57.65 137.51 238.83 29.04
893 51.40 63.84 132.72 242.58 29.66
894 51.35 94.00 25.56 87.35 9.07
895 51.45 23.31 67.08 174.53 17.02
896 51.49 49.96 125.00 235.58 30.55
897 51.48 71.40 128.85 240.42 28.83
898 51.55 46.75 133.19 235.46 30.04
899 51.65 26.26 73.49 186.71 20.75
900 51.67 34.66 115.63 227.48 26.41
901 51.61 75.14 123.77 236.90 25.25
902 51.71 86.57 68.41 203.73 18.19
903 51.71 8.06 13.30 51.52 7.68
904 51.78 59.78 125.85 239.25 29.75
905 51.89 43.59 130.15 232.63 26.86
906 51.86 16.18 37.41 131.37 14.93
907 51.83 40.82 118.31 234.67 28.73
908 51.90 20.53 57.38 162.72 15.45
909 51.88 83.71 83.34 221.27 19.42
910 52.05 13.56 31.33 113.64 12.47
911 52.00 37.88 102.45 223.80 26.98
912 52.04 62.03 123.31 237.40 27.60
913 51.96 80.77 94.37 226.95 21.89
914 52.18 10.66 25.14 94.58 11.16
915 52.14 32.17 98.79 214.18 23.96
916 52.09 54.74 117.71 236.91 31.05
917 52.23 65.62 118.32 239.85 27.79
918 52.17 77.69 103.10 235.72 22.78
919 52.32 89.81 52.39 163.25 14.64
920 52.31 28.91 83.94 206.02 20.79
921 52.38 51.74 111.44 236.91 29.91
922 52.44 73.18 112.70 236.84 27.26
923 52.47 92.66 36.73 113.56 11.34
924 52.56 68.14 118.58 239.56 25.74
925 52.50 48.56 114.17 231.66 27.10
926 52.48 70.46 117.17 238.22 26.89
927 52.53 45.74 114.27 237.91 27.98
928 52.62 23.70 57.98 180.50 18.02
929 52.79 18.35 39.61 138.11 13.95
930 52.78 58.42 120.09 237.71 29.88
931 52.73 35.55 88.85 224.87 24.77
932 52.84 26.45 62.34 188.68 18.68
933 52.87 40.96 102.57 230.82 27.16
934 53.04 56.12 115.31 234.29 29.35
935 53.05 75.40 111.79 235.82 25.31
936 53.09 63.87 123.90 237.93 28.91
937 53.03 84.32 79.31 210.77 19.46
938 53.06 87.33 66.01 191.06 16.09
939 53.10 20.95 53.61 155.58 15.91
940 53.13 30.51 79.48 210.13 22.00
941 53.17 15.49 33.55 133.15 13.94
942 53.19 43.53 109.13 230.37 26.83
943 53.20 61.01 122.53 235.03 28.90
944 53.14 81.37 94.16 229.79 22.97
945 53.26 38.50 102.19 228.26 26.02
946 53.21 53.73 119.70 236.66 30.78
947 53.19 78.48 103.44 231.26 22.68
948 53.27 33.12 91.71 218.83 24.40
949 53.29 12.56 26.08 98.68 12.45
950 53.35 9.35 17.05 69.31 8.92
951 53.42 50.02 117.73 231.54 28.49
952 53.51 71.48 129.49 237.02 26.43
953 53.50 46.67 119.88 233.35 27.69
954 53.53 66.61 136.45 237.30 27.42
955 53.69 90.09 58.75 147.38 13.77
956 53.80 22.84 56.82 167.20 17.96
957 53.89 28.23 91.37 196.05 19.98
958 53.84 36.03 103.93 220.76 24.50
959 53.93 25.56 66.48 175.76 19.30
960 54.00 69.34 153.36 239.27 27.25
961 54.00 73.62 138.22 233.78 25.48
962 54.04 93.27 34.33 81.77 8.62
963 54.05 17.91 49.31 131.38 14.08
964 54.01 41.22 108.36 226.40 28.34
965 54.07 52.46 136.82 231.18 29.55
966 54.01 58.91 149.32 237.90 29.00
967 54.11 62.99 164.60 235.98 29.80
968 54.16 56.47 144.65 232.92 28.37
969 54.13 76.75 124.94 228.80 24.25
970 54.25 79.97 120.59 224.55 21.34
971 54.31 83.01 106.00 214.38 18.89
972 54.20 86.28 100.55 197.10 17.26
973 54.30 31.03 103.42 202.80 22.78
974 54.29 44.41 133.39 230.79 26.07
975 54.34 33.92 114.60 218.70 24.23
976 54.34 11.63 31.41 81.60 11.03
977 54.45 47.65 145.71 229.33 27.69
978 54.52 15.10 48.97 117.70 12.96
979 54.48 20.31 68.12 141.65 15.60
980 54.45 38.18 123.64 223.82 25.56
981 54.58 65.30 173.94 232.40 28.43
982 54.52 50.11 155.75 228.27 26.07
983 54.60 60.81 187.68 234.66 29.89
984 54.76 67.61 191.56 237.19 26.81
985 54.89 54.73 147.03 223.71 25.71
986 54.92 23.49 75.89 159.34 16.50
987 54.93 71.46 180.36 232.10 25.61
988 54.85 90.96 68.55 126.62 12.41
989 55.15 26.09 100.38 172.23 18.23
990 55.07 74.65 179.68 229.34 26.88
991 55.06 28.56 117.13 187.36 19.72
992 55.03 41.32 153.04 225.58 25.77
993 55.16 77.57 164.85 222.72 22.69
994 55.29 87.85 115.48 172.04 16.85
995 55.27 46.05 163.93 226.07 26.21
996 55.23 57.74 182.88 228.92 28.02
997 55.26 52.01 173.44 226.21 27.04
998 55.36 63.46 196.96 223.49 24.84
999 55.33 84.87 145.83 206.68 18.44
1000 55.37 31.67 136.12 197.89 23.36
1001 55.44 34.22 135.85 205.45 23.68
1002 55.48 36.58 161.75 218.06 25.27
1003 55.40 43.63 174.12 222.45 26.51
1004 55.34 80.33 161.34 222.41 22.07
1005 55.39 93.58 47.72 55.22 8.04
1006 55.44 10.01 39.19 67.90 10.44
1007 55.44 12.78 59.12 94.60 11.48
1008 55.50 39.06 156.28 220.96 25.23
1009 55.64 18.27 79.59 125.72 13.90
1010 55.52 21.14 96.96 146.86 15.15
1011 55.59 48.88 188.07 226.04 27.35
1012 55.61 60.90 197.96 227.85 30.78
1013 55.69 68.62 196.21 222.74 26.62
1014 55.89 15.42 78.44 110.94 13.50
1015 55.99 65.99 194.90 216.48 25.11
1016 55.99 54.10 189.02 224.19 26.79
1017 56.07 82.78 167.33 206.11 19.36
1018 56.02 90.15 96.87 133.94 12.23
1019 56.12 71.26 191.58 222.15 26.28
1020 56.10 74.01 190.91 217.84 23.54
1021 56.21 24.05 114.22 152.82 18.05
1022 56.16 29.65 152.39 181.14 21.04
1023 56.27 40.95 190.75 209.07 26.19
1024 56.31 58.69 199.67 222.86 26.67
1025 56.22 77.25 185.23 220.62 23.20
1026 56.39 26.87 133.98 157.81 18.14
1027 56.31 46.54 180.09 210.18 26.15
1028 56.31 51.28 192.49 216.37 27.47
1029 56.48 56.24 198.22 216.96 27.27
1030 56.47 43.79 187.53 205.79 26.58
1031 56.56 80.16 166.76 203.29 21.61
1032 56.66 32.47 144.66 187.41 22.39
1033 56.54 63.68 192.89 218.06 24.64
1034 56.58 35.07 148.83 201.37 24.48
1035 56.57 37.97 166.82 208.46 23.54
1036 56.65 10.65 49.91 65.78 9.80
1037 56.68 86.70 140.48 176.77 16.32
1038 56.61 21.16 112.71 136.33 15.46
1039 56.71 92.43 76.61 70.56 9.58
1040 56.81 48.97 188.02 211.21 26.21
1041 56.78 60.99 195.80 207.73 26.13
1042 56.84 68.95 193.11 221.13 24.93
1043 56.95 13.82 71.47 81.38 11.03
1044 56.92 17.01 85.11 100.31 14.37
1045 57.11 53.51 175.60 206.49 26.08
1046 57.17 73.14 181.39 210.10 23.14
1047 57.23 75.93 171.82 211.76 23.18
1048 57.22 83.91 144.19 188.58 17.27
1049 57.26 29.78 139.13 167.24 18.00
1050 57.43 66.81 178.77 205.23 25.33
1051 57.40 41.99 165.46 194.37 24.91
1052 57.44 89.94 103.08 111.21 12.82
1053 57.51 24.48 112.38 138.98 17.78
1054 57.46 46.97 174.45 201.76 26.18
1055 57.47 57.86 169.13 201.59 26.67
1056 57.59 19.18 93.60 109.73 14.08
1057 57.50 39.33 147.02 193.32 24.20
1058 57.56 50.88 158.68 191.88 24.27
1059 57.57 27.20 127.60 142.70 19.11
1060 57.58 36.44 133.85 181.55 22.04
1061 57.62 44.54 168.15 192.58 22.92
1062 57.63 78.55 163.02 196.85 20.37
1063 57.65 64.48 170.72 210.29 24.80
1064 57.69 70.85 171.82 203.20 23.09
1065 57.78 21.83 100.37 121.52 15.48
1066 57.78 81.32 141.78 199.10 19.15
1067 57.82 55.55 151.49 195.40 24.96
1068 57.82 62.13 167.98 202.14 26.68
1069 57.94 10.72 52.09 74.71 10.18
1070 57.96 31.64 109.81 159.70 19.91
1071 57.96 34.06 123.87 170.68 22.83
1072 57.89 86.94 128.18 148.72 15.03
1073 58.03 92.68 61.45 61.34 8.99
1074 58.07 59.78 147.88 194.04 24.17
1075 58.24 13.67 50.53 82.20 11.50
1076 58.19 16.63 76.31 92.52 12.61
1077 58.38 68.86 151.46 190.50 23.43
1078 58.40 48.44 138.95 175.12 23.46
1079 58.32 73.71 141.77 191.57 21.25
1080 58.37 52.72 123.98 175.39 24.78
1081 58.48 76.43 129.22 185.53 21.27
1082 58.55 40.60 127.75 174.36 22.25
1083 58.63 28.40 91.21 142.30 17.18
1084 58.57 83.54 121.80 163.41 17.05
1085 58.65 37.92 103.22 159.26 20.78
1086 58.66 45.77 137.38 171.85 23.60
1087 58.77 25.77 76.20 121.53 17.08
1088 58.77 43.04 134.93 172.02 25.07
1089 58.75 66.42 135.29 185.16 22.18
1090 58.80 57.60 131.73 178.19 22.88
1091 58.77 79.57 124.71 179.86 19.22
1092 58.73 89.92 79.72 85.00 11.44
1093 58.92 20.27 64.40 88.83 13.18
1094 58.95 35.56 95.75 156.49 21.31
1095 58.95 23.13 67.27 112.39 15.44
1096 58.83 63.93 133.32 180.94 25.12
1097 58.92 54.96 126.60 158.30 24.42
1098 58.94 71.39 127.89 177.34 21.57
1099 59.04 50.31 115.89 152.24 23.19
1100 58.94 86.81 105.98 136.56 15.47
1101 59.09 30.56 86.90 135.39 20.35
1102 59.03 61.17 124.47 167.31 21.98
1103 59.22 32.98 86.54 140.18 20.74
1104 59.30 17.64 47.82 74.77 12.52
1105 59.45 11.78 27.45 47.46 10.09
1106 59.41 14.75 37.14 65.85 11.26
1107 59.52 74.89 113.58 166.08 21.13
1108 59.56 52.70 113.71 147.71 24.18
1109 59.62 47.39 109.34 139.08 21.79
1110 59.55 81.41 100.33 151.97 16.78
1111 59.69 39.54 98.46 137.34 20.84
1112 59.72 58.88 106.12 144.96 22.94
1113 59.73 67.92 124.37 162.06 22.16
1114 59.72 77.69 104.26 162.17 19.78
1115 59.92 42.07 102.42 137.67 22.33
1116 59.82 44.48 110.74 142.12 23.47
1117 59.93 27.93 61.77 112.33 17.48
1118 59.90 63.32 111.90 146.98 24.14
1119 59.88 84.94 87.23 129.42 15.61
1120 59.90 88.92 66.37 99.09 13.10
1121 59.92 56.16 106.79 139.35 23.88
1122 59.95 70.16 122.47 152.63 21.67
1123 59.99 72.65 109.74 153.60 20.98
1124 60.06 25.12 59.75 100.00 16.64
1125 60.12 37.18 86.25 129.80 21.12
1126 60.11 22.30 51.57 75.62 14.97
1127 60.10 65.68 113.31 148.06 23.44
1128 60.21 34.31 73.22 116.59 19.08
1129 60.28 19.29 40.82 58.25 12.94
1130 60.21 50.51 107.30 123.67 22.46
1131 60.27 30.65 72.64 113.34 19.07
1132 60.36 61.01 101.29 138.56 25.10
1133 60.58 53.73 102.26 114.61 22.06
1134 60.62 79.91 87.48 128.84 17.41
1135 60.59 15.66 30.32 42.16 11.55
1136 60.65 82.69 81.50 137.72 15.41
1137 60.72 12.41 22.32 30.70 9.97
1138 60.68 47.99 97.75 114.42 23.11
1139 60.80 74.61 98.57 148.61 20.93
1140 60.84 45.27 92.02 104.91 22.47
1141 60.87 39.89 90.04 108.66 20.52
1142 60.80 58.30 94.96 112.80 21.83
1143 60.92 77.31 93.07 135.84 19.07
1144 61.00 68.29 102.93 126.53 21.57
1145 61.09 31.96 68.36 86.36 18.82
1146 61.02 71.48 104.00 138.14 21.00
1147 61.06 85.30 62.12 97.31 14.72
1148 61.00 88.51 53.10 83.26 12.50
1149 61.12 27.96 56.10 79.63 16.70
1150 61.11 42.54 94.42 102.51 22.30
1151 61.14 55.88 91.55 95.33 22.22
1152 61.16 62.85 99.27 110.37 22.94
1153 61.23 21.30 43.16 53.03 12.71
1154 61.25 24.71 51.09 66.77 16.29
1155 61.27 35.24 70.52 91.68 18.77
1156 61.22 65.30 101.28 119.28 23.10
1157 61.28 51.25 95.69 102.14 22.87
1158 61.43 18.06 36.20 40.74 12.65
1159 61.55 37.93 80.70 86.61 21.91
1160 61.50 60.48 99.61 91.75 21.45
1161 61.66 48.61 100.96 85.20 21.37
1162 61.70 14.25 23.62 23.23 10.82
1163 61.79 10.64 16.11 14.71 8.86
1164 61.79 53.55 107.40 84.79 22.34
1165 61.78 81.92 69.83 101.64 15.42
1166 61.90 75.88 93.54 118.43 20.19
1167 62.03 30.48 72.05 66.36 19.14
1168 61.93 45.79 96.04 77.30 20.83
1169 61.94 58.08 114.00 81.65 22.39
1170 61.97 70.23 94.28 113.21 20.84
1171 62.07 73.31 89.50 114.27 20.21
1172 62.10 41.06 95.72 79.64 23.92
1173 62.03 66.86 101.71 107.17 23.40
1174 62.06 79.02 72.17 101.03 16.08
1175 62.08 33.48 71.44 65.17 19.50
1176 62.03 87.39 52.44 72.26 12.90
1177 62.25 22.85 46.30 37.89 13.82
1178 62.29 43.46 115.22 73.72 22.30
1179 62.29 63.51 108.58 84.93 20.47
1180 62.36 25.84 60.00 50.57 15.00
1181 62.40 28.26 68.48 54.09 17.02
1182 62.48 55.86 123.38 71.42 22.62
1183 62.46 84.62 64.52 81.69 15.31
1184 62.52 16.76 35.06 23.82 12.76
1185 62.51 19.73 40.22 29.48 13.12
1186 62.52 36.29 91.69 64.41 20.78
1187 62.40 50.85 110.29 73.02 19.22
1188 62.59 60.71 135.32 70.83 23.03
1189 62.73 39.37 97.78 62.41 21.33
1190 62.72 48.20 122.66 61.48 23.84
1191 62.81 68.83 106.26 94.78 21.57
1192 62.95 10.45 23.90 10.39 9.27
1193 62.91 13.91 32.99 15.56 10.94
1194 62.90 53.60 132.69 61.43 21.71
1195 62.97 65.63 117.50 81.42 23.17
1196 62.98 76.79 82.08 90.32 18.10
1197 63.19 45.52 140.51 55.52 23.69
1198 63.07 71.68 91.91 84.38 19.04
1199 63.13 33.25 86.97 46.25 19.98
1200 63.10 58.42 143.90 64.71 23.31
1201 63.26 83.00 62.79 68.79 14.88
1202 63.26 30.47 81.13 38.79 17.95
1203 63.17 79.93 71.50 78.20 16.67
1204 63.17 88.35 42.46 44.68 11.90
1205 63.41 21.66 68.01 25.96 15.97
1206 63.42 24.63 81.00 26.49 17.10
1207 63.48 74.48 84.71 78.10 19.60
1208 63.42 42.79 126.16 51.31 25.05
1209 63.44 62.29 139.79 62.00 23.05
1210 63.60 27.51 81.63 27.88 18.24
1211 63.53 37.91 114.43 43.36 23.28
1212 63.52 51.20 140.91 48.22 24.98
1213 63.72 17.42 52.83 14.62 13.45
1214 63.78 35.41 108.29 42.75 22.80
1215 63.76 56.36 148.75 49.15 25.59
1216 63.82 67.51 122.47 68.75 22.45
1217 63.75 48.20 131.47 47.08 24.64
1218 63.96 40.49 118.89 47.04 24.43
1219 63.97 70.22 124.93 71.74 21.09
1220 63.96 85.87 54.91 49.19 13.49
1221 63.92 12.89 38.25 8.78 10.66
1222 64.04 64.64 143.75 55.61 23.07
1223 64.05 53.58 164.96 52.29 27.39
1224 64.03 78.14 78.78 63.37 17.59
1225 64.19 59.58 153.14 46.82 25.34
1226 64.25 89.17 37.10 31.74 10.64
1227 64.25 81.45 74.10 53.10 16.19
1228 64.32 32.54 101.42 36.75 24.05
1229 64.38 20.27 66.07 16.64 16.98
1230 64.38 73.08 105.00 62.87 21.00
1231 64.49 29.73 89.91 26.31 22.94
1232 64.43 45.30 153.65 42.57 32.52
1233 64.75 15.10 52.91 9.99 14.74
1234 64.60 23.64 87.49 17.04 19.25
1235 64.58 50.41 148.28 40.20 29.65
1236 64.61 42.71 133.34 38.96 30.30
1237 64.68 37.67 121.39 33.49 28.73
1238 64.64 62.19 154.66 50.91 26.79
1239 64.72 75.86 98.53 54.75 18.97
1240 64.76 26.60 89.50 21.34 24.45
1241 64.85 47.85 142.38 38.62 34.81
1242 64.86 55.39 153.49 42.43 34.61
1243 64.88 34.84 125.54 31.66 29.11
1244 65.05 11.58 47.88 6.14 14.12
1245 64.88 67.95 149.20 55.06 23.93
1246 65.07 84.00 74.46 39.74 14.00
1247 65.10 18.13 62.49 11.91 19.42
1248 65.20 57.69 153.00 41.97 33.29
1249 65.08 79.17 88.79 52.66 16.80
1250 65.18 40.12 123.78 33.88 40.26
1251 65.14 71.23 149.11 55.13 23.58
1252 65.25 52.57 152.32 38.63 38.34
1253 65.12 65.18 159.80 50.39 26.39
1254 65.18 86.81 67.84 42.82 13.05
1255 65.56 32.04 107.31 25.14 35.58
1256 65.54 60.12 170.24 41.62 36.98
1257 65.55 21.85 80.37 14.24 26.51
1258 65.57 44.16 141.81 31.04 46.10
1259 65.64 28.82 88.06 20.11 34.40
1260 65.78 73.64 132.90 45.70 21.49
1261 65.81 46.51 139.22 31.47 53.12
1262 65.87 62.68 157.70 36.51 34.08
1263 65.77 76.89 114.49 47.82 19.82
1264 65.85 81.10 101.75 38.40 16.22
1265 65.91 25.74 88.03 16.33 37.65
1266 65.85 37.86 115.69 27.65 51.95
1267 65.90 41.82 119.69 29.76 59.22
1268 65.81 49.63 140.34 29.19 45.53
1269 65.88 69.46 155.90 44.84 29.37
1270 65.94 55.00 141.28 34.09 43.83
1271 66.01 16.01 62.27 7.43 24.71
1272 65.99 34.96 109.56 25.93 49.75
1273 66.28 19.52 62.95 11.51 32.08
1274 66.20 65.39 153.35 40.33 35.21
1275 66.27 88.41 62.29 20.17 10.15
1276 66.25 12.34 38.71 4.31 19.01
1277 66.34 84.83 78.31 24.54 13.23
1278 66.62 23.25 79.83 12.33 48.92
1279 66.54 51.87 140.47 30.00 65.03
1280 66.56 57.52 131.39 33.18 50.21
1281 66.62 30.46 84.43 18.86 59.77
1282 66.59 67.95 155.42 37.00 35.85
1283 66.80 39.78 96.95 23.47 81.48
1284 66.72 60.37 132.06 35.12 49.90
1285 66.80 71.74 150.22 36.60 29.54
1286 66.79 33.18 97.17 20.75 69.92
1287 66.75 75.16 137.78 37.48 24.40
1288 66.80 78.86 109.70 33.84 19.90
1289 66.80 43.15 121.41 26.94 78.65
1290 66.81 48.54 121.79 28.40 82.19
1291 66.95 37.02 109.68 24.92 81.75
1292 66.93 45.79 110.90 24.28 89.00
1293 67.01 28.00 79.15 14.57 73.02
1294 66.95 54.39 124.51 29.44 78.04
1295 66.99 82.00 99.65 29.38 15.27
1296 67.10 62.72 126.98 33.95 57.36
1297 67.09 14.86 41.63 5.34 40.09
1298 67.29 25.51 74.80 13.14 64.34
1299 67.38 17.98 52.24 7.08 48.37
1300 67.39 21.02 60.89 10.43 55.05
1301 67.34 65.91 134.18 32.57 52.70
1302 67.47 87.82 74.11 15.39 11.18
1303 67.61 69.07 139.53 32.58 46.80
1304 67.56 85.01 93.00 20.25 13.96
1305 67.66 50.71 96.30 28.56 109.00
1306 67.75 34.87 91.40 20.66 102.05
1307 67.63 59.06 109.98 29.18 67.53
1308 67.81 31.53 77.50 18.08 101.86
1309 67.80 41.49 85.24 21.78 114.93
1310 67.79 56.17 101.72 27.11 79.02
1311 67.84 74.12 136.41 30.71 32.86
1312 67.82 77.05 117.87 28.00 27.48
1313 67.98 12.46 27.68 4.16 45.21
1314 67.94 44.12 82.80 22.09 124.18
1315 67.96 53.34 98.89 27.11 107.34
1316 67.92 47.89 92.46 24.46 124.62
1317 68.00 79.93 105.83 24.35 20.86
1318 68.02 38.37 81.15 21.66 113.79
1319 68.10 71.66 117.98 29.63 43.17
1320 68.07 63.80 108.14 31.37 70.04
1321 68.29 23.27 51.45 9.52 95.47
1322 68.22 28.84 65.44 13.87 111.08
1323 68.36 82.91 94.51 20.34 19.04
1324 68.37 15.49 40.48 5.36 59.84
1325 68.59 25.84 57.41 12.52 116.35
1326 68.57 60.14 102.91 28.48 103.13
1327 68.49 66.39 108.26 29.82 81.13
1328 68.62 20.40 45.52 8.53 87.55
1329 68.75 33.21 75.64 18.20 122.78
1330 68.75 36.30 84.04 20.02 132.33
1331 68.73 45.79 74.79 20.88 154.32
1332 68.79 57.60 87.19 24.91 111.56
1333 68.96 17.77 38.96 6.18 84.64
1334 68.83 40.34 72.58 22.13 145.62
1335 68.89 62.24 100.17 26.11 107.94
1336 68.83 69.31 106.60 29.86 68.76
1337 68.97 85.74 75.95 13.39 15.63
1338 68.97 50.47 85.42 22.02 152.20
1339 68.98 76.46 114.48 24.24 36.32
1340 69.03 52.99 94.85 25.60 144.40
1341 69.11 42.95 90.51 21.37 169.94
1342 69.39 10.00 18.80 2.44 44.37
1343 69.14 73.99 101.36 26.36 49.38
1344 69.27 47.98 81.17 21.50 154.18
1345 69.27 79.68 103.71 20.51 31.60
1346 69.32 30.45 69.29 14.39 137.40
1347 69.39 12.88 27.27 3.76 70.02
1348 69.41 55.70 84.82 23.21 146.35
1349 69.46 27.48 65.04 13.01 145.97
1350 69.57 64.51 85.15 23.76 116.41
1351 69.47 71.62 97.86 24.66 67.06
1352 69.62 38.41 83.38 19.79 158.26
1353 69.54 67.16 80.63 23.88 94.31
1354 69.57 82.78 88.00 15.26 26.54
1355 69.65 22.06 49.23 7.94 125.44
1356 69.92 35.96 88.53 19.55 161.75
1357 69.83 44.97 88.48 21.76 182.78
1358 69.84 59.68 80.97 22.71 144.38
1359 69.95 32.81 82.95 15.06 156.02
1360 70.03 15.92 36.42 5.03 95.92
1361 70.06 19.22 43.54 7.04 121.60
1362 70.02 41.14 94.82 20.80 193.13
1363 70.23 24.37 57.00 10.22 150.99
1364 70.06 53.75 85.65 25.37 179.22
1365 70.12 62.27 89.85 23.60 143.86
1366 70.21 69.69 84.14 24.00 91.61
1367 70.33 50.33 87.06 18.63 176.21
1368 70.23 76.51 87.03 19.81 52.77
1369 70.26 86.23 50.63 9.40 16.39
1370 70.51 47.73 92.61 20.29 166.42
1371 70.57 29.77 75.83 12.96 167.30
1372 70.45 57.44 85.91 22.48 163.80
1373 70.51 73.10 83.34 21.24 80.60
1374 70.52 80.42 80.45 16.61 41.51
1375 70.66 26.92 78.00 11.86 166.09
1376 70.64 66.40 79.75 22.54 132.37
1377 70.81 13.65 39.15 3.73 94.79
1378 70.84 83.55 59.14 13.11 30.71
1379 70.86 34.46 98.03 15.14 171.58
1380 70.86 38.92 100.02 18.33 185.98
1381 70.85 45.24 101.13 19.83 187.32
1382 71.02 42.64 121.42 19.00 194.20
1383 70.99 10.81 29.22 2.65 72.27
1384 71.00 21.69 66.42 8.71 152.42
1385 70.98 52.49 96.13 20.73 184.78
1386 71.15 55.23 91.28 21.12 188.85
1387 71.15 63.87 89.03 22.03 163.59
1388 71.19 60.97 102.40 22.43 172.90
1389 71.25 17.96 47.76 5.18 126.62
1390 71.26 68.98 81.82 21.00 130.67
1391 71.41 32.05 107.21 13.95 176.98
1392 71.38 78.04 68.67 16.92 72.49
1393 71.45 58.53 105.36 22.18 186.29
1394 71.48 74.84 70.77 17.66 90.83
1395 71.50 85.64 42.21 8.51 28.33
1396 71.64 71.78 73.75 20.27 119.46
1397 71.69 36.06 116.81 16.68 187.30
1398 71.64 48.99 112.22 18.43 188.53
1399 71.72 24.21 72.14 8.59 167.10
1400 71.80 27.12 87.10 12.27 181.98
1401 71.98 14.79 44.69 3.91 113.91
1402 71.81 66.57 92.95 20.88 157.05
1403 71.76 81.12 54.79 12.50 52.37
1404 71.96 29.78 102.27 12.47 188.37
1405 71.94 41.27 121.19 18.05 199.92
1406 71.98 38.47 120.89 17.09 190.71
1407 71.91 46.21 129.59 20.14 195.54
1408 71.99 52.39 131.80 21.02 196.57
1409 72.18 20.68 63.91 6.27 147.37
1410 72.22 62.49 117.07 22.41 188.82
1411 72.33 55.15 124.22 20.62 201.36
1412 72.31 10.51 24.43 2.16 77.16
1413 72.53 44.08 138.05 19.58 198.69
1414 72.44 33.63 106.69 14.34 202.28
1415 72.48 57.41 116.76 20.98 195.11
1416 72.46 69.75 92.13 19.87 160.07
1417 72.51 77.33 61.70 15.84 103.84
1418 72.60 17.57 50.30 5.47 133.70
1419 72.62 60.10 133.07 20.90 193.83
1420 72.67 64.58 112.98 21.53 182.46
1421 72.61 86.46 31.18 6.44 28.43
1422 72.65 50.27 120.48 18.32 191.67
1423 72.64 73.84 75.12 19.27 127.08
1424 72.77 83.37 42.55 9.43 49.85
1425 72.95 24.10 71.06 8.26 165.86
1426 72.91 67.22 105.41 19.98 174.88
1427 72.90 27.38 84.44 10.72 180.23
1428 73.00 36.23 112.88 14.50 189.95
1429 72.97 47.39 122.94 17.68 197.83
1430 72.95 80.38 55.72 11.98 78.69
1431 73.04 39.42 127.69 19.64 204.66
1432 73.10 53.47 136.07 21.53 208.38
1433 73.11 31.32 89.39 13.52 196.43
1434 73.23 41.94 123.79 17.48 205.10
1435 73.29 12.73 29.47 2.21 90.95
1436 73.37 71.53 95.66 17.40 160.42
1437 73.43 21.16 53.18 5.61 151.68
1438 73.62 9.03 14.92 1.00 52.93
1439 73.59 62.09 137.87 22.23 199.58
1440 73.59 75.98 70.55 14.73 131.21
1441 73.56 58.38 141.09 20.55 194.98
1442 73.77 15.28 34.42 3.89 120.75
1443 73.84 29.18 75.31 11.02 186.58
1444 73.74 51.41 139.83 20.29 212.98
1445 73.84 18.32 44.60 5.12 135.73
1446 73.84 33.72 92.89 16.15 201.08
1447 73.87 55.58 139.12 18.76 203.37
1448 73.84 65.11 133.44 18.21 195.72
1449 73.81 68.78 124.14 19.44 183.91
1450 74.01 79.00 65.69 12.12 116.41
1451 73.92 43.86 123.20 19.75 209.93
1452 74.05 37.70 105.12 16.57 198.43
1453 74.07 85.46 28.53 5.40 44.26
1454 74.11 26.24 60.23 9.28 170.99
1455 74.10 46.41 114.33 18.78 204.16
1456 74.08 82.30 51.47 9.05 84.62
1457 74.19 49.19 122.03 17.27 206.66
1458 74.22 23.38 55.71 7.98 162.18
1459 74.22 73.44 97.72 15.05 159.18
1460 74.32 40.84 106.74 18.41 203.39
1461 74.43 60.35 135.80 21.29 208.23
1462 74.71 31.19 70.93 12.43 186.63
1463 74.63 52.99 129.32 19.75 210.26
1464 74.75 10.99 16.90 2.15 80.85
1465 74.71 35.41 90.00 15.97 193.41
1466 74.71 57.83 142.77 20.27 208.21
1467 74.70 67.52 133.75 17.62 186.00
1468 74.76 63.60 134.86 19.34 195.86
1469 74.88 71.10 118.92 15.22 180.51
1470 75.00 20.13 38.76 5.86 133.46
1471 74.83 76.22 89.29 14.05 152.32
1472 75.05 14.11 24.71 3.37 116.26
1473 75.01 44.17 95.19 17.94 208.53
1474 75.17 55.44 122.49 19.02 207.72
1475 75.24 17.22 32.26 4.49 128.59
1476 75.23 28.61 55.63 10.78 176.52
1477 75.17 39.16 85.84 17.96 200.35
1478 75.24 47.60 106.33 17.93 205.91
1479 75.28 83.47 43.96 6.27 64.92
1480 75.43 25.65 46.21 8.42 153.50
1481 75.35 50.46 119.78 21.22 210.02
1482 75.33 78.93 78.97 10.17 131.19
1483 75.40 22.83 38.83 6.45 142.56
1484 75.57 33.34 64.61 12.93 184.94
1485 75.47 86.41 23.55 2.91 38.11
1486 75.46 61.02 129.05 20.57 210.16
1487 75.61 41.89 73.10 15.29 195.00
1488 75.61 65.59 133.60 18.87 199.27
1489 75.67 74.49 99.37 13.72 167.53
1490 75.75 36.40 64.24 13.69 185.02
1491 75.75 68.76 120.41 16.70 183.39
1492 75.82 52.85 108.71 18.00 206.27
1493 75.91 57.49 108.62 18.79 207.24
1494 76.00 81.27 64.39 7.83 99.82
1495 75.96 45.59 72.63 16.80 200.80
1496 76.12 11.68 12.92 1.86 80.76
1497 76.20 71.80 115.70 14.17 179.87
1498 76.27 31.16 48.18 11.97 175.03
1499 76.25 63.20 125.81 18.74 201.60
1500 76.37 38.88 56.53 14.76 183.42
1501 76.39 15.14 16.36 2.92 99.41
1502 76.48 18.84 25.07 4.76 120.69
1503 76.41 27.91 42.94 10.05 154.18
1504 76.38 48.96 81.55 15.87 199.77
1505 76.42 77.70 88.07 10.88 135.72
1506 76.51 21.86 34.92 6.97 133.65
1507 76.61 54.52 86.72 15.86 206.68
1508 76.49 59.89 104.69 18.31 208.49
1509 76.58 84.64 35.05 3.31 51.73
1510 76.81 43.67 59.47 15.62 189.15
1511 76.77 24.70 33.74 7.69 127.03
1512 76.80 41.23 56.33 15.81 181.96
1513 76.82 66.17 105.69 16.00 191.07
1514 76.87 35.83 55.60 14.27 178.60
1515 76.82 68.92 104.59 15.00 188.98
1516 76.94 51.68 78.61 18.16 202.14
1517 76.95 74.20 100.82 11.83 161.46
1518 77.10 56.83 74.20 17.14 200.95
1519 77.21 33.14 53.95 13.86 159.97
1520 77.15 46.22 60.56 14.77 186.91
1521 77.28 80.92 70.03 7.55 105.28
1522 77.39 29.87 42.06 10.32 141.75
1523 77.45 61.11 83.31 16.56 199.15
1524 77.43 63.89 94.69 16.98 194.25
1525 77.54 13.23 15.24 2.24 71.18
1526 77.49 16.62 18.36 3.69 87.96
1527 77.59 26.72 34.18 8.13 115.55
1528 77.52 49.19 61.73 15.68 185.07
1529 77.49 77.25 82.15 10.39 148.60
1530 77.64 38.29 56.40 14.10 154.35
1531 77.63 71.71 89.22 13.18 168.66
1532 77.66 21.61 33.88 6.22 111.74
1533 77.76 84.33 38.22 3.26 51.92
1534 77.80 53.91 64.81 16.96 188.25
1535 77.92 58.56 63.41 17.13 196.82
1536 77.95 41.17 58.09 15.09 160.14
1537 77.94 69.20 88.42 14.11 186.94
1538 78.13 35.29 58.71 12.43 134.23
1539 78.20 18.80 28.74 4.36 89.21
1540 78.21 43.80 62.54 14.51 167.60
1541 78.26 66.85 73.79 14.36 184.12
1542 78.27 23.85 41.40 6.85 94.73
1543 78.23 46.77 63.46 14.84 164.79
1544 78.21 74.58 72.68 10.76 157.58
1545 78.32 31.59 52.32 12.41 126.43
1546 78.32 51.73 69.02 17.45 173.28
1547 78.42 56.23 61.69 18.40 189.35
1548 78.61 64.17 66.19 15.46 187.35
1549 78.53 81.24 50.22 5.25 89.14
1550 78.67 28.68 51.12 9.42 103.94
1551 78.69 61.59 63.83 15.27 189.05
1552 78.60 77.74 61.38 8.34 131.84
1553 78.79 38.20 73.81 14.60 130.91
1554 78.81 49.23 68.69 15.81 153.59
1555 78.84 14.92 20.77 2.41 55.93
1556 79.11 26.00 50.43 8.15 86.40
1557 79.01 72.62 62.78 10.18 160.67
1558 79.13 33.25 71.42 12.53 103.27
1559 79.13 40.67 77.58 14.85 132.77
1560 79.15 53.90 58.81 15.79 159.21
1561 79.15 59.12 59.19 14.24 166.86
1562 79.17 69.64 58.50 13.04 171.25
1563 79.33 19.98 43.30 4.70 67.78
1564 79.36 36.04 88.20 13.22 113.24
1565 79.34 46.06 86.67 16.07 148.05
1566 79.46 22.98 50.85 6.03 73.18
1567 79.50 43.22 84.48 14.18 130.52
1568 79.58 16.96 34.35 3.32 53.18
1569 79.50 66.60 50.58 12.77 177.03
1570 79.57 51.53 82.14 16.16 153.58
1571 79.60 56.29 67.76 16.15 166.72
1572 79.71 30.24 74.30 10.52 84.84
1573 79.67 76.55 46.48 8.33 127.08
1574 79.71 79.86 37.02 5.22 89.45
1575 79.82 82.94 24.48 2.52 47.10
1576 79.79 63.40 60.73 14.22 177.48
1577 79.94 48.38 92.87 17.17 143.29
1578 79.96 39.01 113.54 15.60 97.92
1579 80.10 27.34 79.60 8.74 74.33
1580 80.28 74.54 50.02 10.22 151.08
1581 80.16 60.58 63.68 14.23 163.13
1582 80.20 71.52 48.93 9.56 155.84
1583 80.23 12.95 19.01 1.52 26.57
1584 80.20 33.77 89.39 12.41 79.33
1585 80.43 45.40 107.49 16.64 123.11
1586 80.44 41.82 106.65 15.15 97.40
1587 80.52 57.87 71.23 14.98 151.68
1588 80.49 68.76 51.17 12.19 161.52
1589 80.54 21.57 57.97 5.15 55.07
1590 80.65 24.57 76.92 6.85 52.87
1591 80.56 36.60 117.05 13.56 70.25
1592 80.60 54.89 87.90 13.51 147.24
1593 80.60 50.75 99.90 14.44 135.36
1594 80.78 18.86 48.00 4.24 45.58
1595 80.72 65.51 50.49 13.23 156.00
1596 80.76 15.56 34.65 2.83 36.69
1597 80.87 31.45 97.69 10.77 66.94
1598 80.89 78.40 28.08 5.67 98.03
1599 81.01 28.46 88.89 8.47 57.11
1600 80.99 39.32 133.43 16.35 73.80
1601 81.08 48.11 119.61 17.54 110.63
1602 81.13 63.11 63.48 13.78 143.18
1603 81.28 52.77 112.74 14.70 127.08
1604 81.34 34.39 118.19 12.21 54.89
1605 81.26 43.89 121.98 14.34 82.28
1606 81.34 60.49 83.12 13.39 138.19
1607 81.39 72.90 40.78 9.94 135.40
1608 81.67 76.12 34.37 7.06 116.24
1609 81.58 67.61 54.36 13.04 151.29
1610 81.69 57.66 94.81 14.05 136.92
1611 81.78 25.57 83.24 6.70 46.64
1612 81.82 41.28 129.30 16.12 68.27
1613 81.78 22.13 74.25 5.49 40.12
1614 81.81 50.41 126.32 15.92 95.28
1615 81.87 70.33 47.26 10.38 154.98
1616 81.89 37.81 125.36 12.77 60.13
1617 81.95 54.88 107.53 14.37 115.14
1618 81.91 17.47 41.89 3.23 30.30
1619 81.98 29.60 93.21 8.86 52.04
1620 81.99 46.54 127.70 13.98 77.54
1621 82.30 32.28 114.02 11.39 50.35
1622 82.26 79.75 18.60 2.94 59.85
1623 82.37 65.80 58.85 11.41 121.75
1624 82.32 62.88 78.84 13.02 112.21
1625 82.43 35.25 124.79 13.36 54.48
1626 82.35 43.85 131.76 14.00 67.33
1627 82.55 60.10 102.73 13.23 106.58
1628 82.78 20.61 62.00 4.66 30.58
1629 82.77 27.20 92.98 7.18 39.83
1630 82.66 48.71 124.76 14.38 72.64
1631 82.66 73.00 38.55 8.14 106.88
1632 82.83 39.61 136.21 14.00 54.96
1633 82.79 52.14 125.41 14.14 74.78
1634 82.86 57.34 106.39 14.74 98.72
1635 82.99 24.28 82.59 5.79 37.04
1636 82.91 68.98 57.34 10.88 116.61
1637 82.91 76.56 23.82 5.75 79.16
1638 83.17 17.79 49.87 3.35 25.39
1639 83.16 42.07 129.39 13.37 50.84
1640 83.18 45.80 129.72 13.45 58.44
1641 83.05 54.82 116.35 14.14 88.59
1642 83.22 30.33 98.76 9.58 43.88
1643 83.28 36.98 125.90 12.19 48.41
1644 83.49 64.78 84.44 13.04 97.24
1645 83.47 33.89 101.75 11.00 42.95
1646 83.48 62.32 101.40 11.79 82.21
1647 83.55 50.05 140.89 14.40 65.62
1648 83.60 80.07 11.27 1.91 38.04
1649 83.77 71.65 50.74 8.42 100.98
1650 83.73 59.98 113.86 14.14 77.95
1651 83.81 67.36 72.02 10.03 96.77
1652 83.91 22.35 69.56 4.52 31.31
1653 83.94 74.81 27.80 5.48 77.90
1654 83.92 27.93 92.44 7.74 38.39
1655 83.99 39.58 114.21 11.36 40.27
1656 84.05 43.60 128.88 13.78 51.71
1657 84.09 47.74 126.10 13.49 50.85
1658 84.16 52.31 122.31 12.00 54.95
1659 84.17 57.70 121.20 12.72 69.20
1660 84.11 54.97 114.24 13.70 61.69
1661 84.28 77.90 15.60 2.63 49.00
1662 84.36 25.21 80.16 6.12 34.00
1663 84.29 31.99 91.90 9.90 40.12
1664 84.41 19.53 47.56 3.19 22.17
1665 84.50 37.19 111.89 11.55 41.90
1666 84.65 69.67 73.88 8.99 85.06
1667 84.66 34.60 100.61 11.00 39.33
1668 84.72 64.57 100.11 11.75 71.25
1669 84.83 29.75 85.93 8.70 33.51
1670 84.73 45.78 109.38 12.65 46.52
1671 84.84 41.28 123.30 13.78 43.78
1672 84.75 61.56 109.03 12.62 61.96
1673 84.92 50.09 136.29 13.29 49.54
1674 85.01 72.99 51.05 6.73 78.14
1675 85.21 67.14 86.41 9.61 69.17
1676 85.23 22.48 59.92 4.67 25.58
1677 85.19 54.65 126.45 12.59 49.39
1678 85.32 27.14 81.04 6.75 33.06
1679 85.32 57.55 124.46 11.72 48.15
1680 85.40 76.25 22.48 3.19 44.09
1681 85.44 43.71 104.77 11.47 41.21
1682 85.57 47.99 103.18 11.78 40.27
1683 85.62 52.45 122.09 12.15 42.31
1684 85.65 32.20 89.12 9.26 34.40
1685 85.64 37.96 91.32 11.29 37.16
1686 85.80 60.29 113.34 11.77 48.54
1687 85.77 19.13 49.30 3.35 22.65
1688 85.80 35.24 96.12 11.48 35.56
1689 85.92 71.47 67.46 6.61 61.05
1690 85.93 40.59 93.28 11.62 43.11
1691 86.01 24.60 61.98 5.75 27.20
1692 86.08 63.24 100.14 11.54 49.12
1693 86.16 45.73 94.80 12.24 41.26
1694 86.17 29.00 73.42 6.68 28.77
1695 86.32 65.84 81.94 8.27 45.77
1696 86.45 69.12 74.44 7.66 49.22
1697 86.24 50.66 108.09 12.36 38.41
1698 86.32 55.37 118.70 12.50 42.54
1699 86.66 21.26 43.05 3.44 20.58
1700 86.53 43.00 83.63 11.13 39.50
1701 86.72 57.91 117.25 11.61 39.00
1702 86.79 31.48 70.49 7.54 29.95
1703 86.79 34.45 79.00 9.47 32.49
1704 86.78 48.10 96.19 11.35 37.41
1705 87.05 26.19 52.97 5.78 26.14
1706 87.11 37.26 69.51 9.57 32.89
1707 86.95 39.77 79.28 9.87 33.62
1708 87.01 53.33 100.00 12.05 38.31
1709 87.20 60.32 100.51 11.23 38.81
1710 87.23 71.83 52.87 5.11 36.69
1711 87.37 23.30 40.52 3.88 20.39
1712 87.38 45.16 82.10 10.48 32.28
1713 87.43 50.67 92.65 11.77 33.80
1714 87.45 63.28 86.45 9.59 38.83
1715 87.46 28.88 50.28 6.21 24.34
1716 87.50 67.75 67.62 7.22 32.74
1717 87.59 42.12 68.84 11.52 33.34
1718 87.61 56.02 93.16 11.13 35.05
1719 87.87 32.86 55.92 8.38 26.41
1720 87.86 47.92 80.00 10.98 29.76
1721 88.01 35.40 57.38 9.81 28.29
1722 88.11 39.38 58.51 10.37 28.77
1723 88.20 52.98 88.82 10.84 34.51
1724 88.21 65.60 72.14 7.68 33.53
1725 88.37 58.44 85.15 10.42 33.63
1726 88.54 24.84 35.37 4.99 20.09
1727 88.53 30.66 43.79 6.17 22.83
1728 88.45 44.50 63.22 10.43 29.04
1729 88.50 61.69 76.89 9.15 35.58
1730 88.71 22.16 27.03 3.56 19.81
1731 88.71 27.51 37.60 5.69 22.64
1732 88.72 41.96 56.14 11.11 27.93
1733 88.76 50.66 79.15 10.81 33.31
1734 88.73 55.51 78.53 10.58 33.14
1735 88.88 37.21 50.25 9.09 25.30
1736 88.80 47.21 61.67 9.69 29.22
1737 89.14 33.79 41.19 7.25 23.33
1738 89.23 67.95 58.11 5.52 23.02
1739 89.34 64.86 64.06 6.40 26.33
1740 89.44 39.82 44.12 8.64 26.24
1741 89.54 59.53 62.93 8.91 29.10
1742 89.59 53.14 60.97 8.75 30.97
1743 89.67 29.16 27.88 5.79 20.59
1744 89.57 45.47 50.03 9.56 27.39
1745 89.70 49.02 58.14 9.92 26.42
1746 89.89 62.19 58.15 7.39 28.72
1747 89.85 56.63 60.78 9.15 25.44
1748 89.95 36.11 32.78 7.80 22.53
1749 89.86 42.46 39.53 8.86 23.98
1750 89.98 26.13 24.65 4.39 18.57
1751 90.00 31.70 30.44 5.77 22.85
1752 90.56 38.83 34.93 8.08 23.59
1753 90.54 51.46 52.06 8.18 25.45
1754 90.60 47.72 45.32 9.05 25.86
1755 90.65 44.60 37.58 9.32 22.90
1756 90.76 54.65 52.51 10.20 26.39
1757 90.73 33.73 27.73 6.85 21.93
1758 90.83 58.27 51.29 8.05 26.10
1759 90.93 29.35 23.71 5.03 19.67
1760 90.95 64.07 41.14 6.39 23.50
1761 91.02 41.58 32.14 8.48 21.51
1762 91.06 61.17 46.83 7.26 22.80
1763 91.35 26.57 16.97 3.57 17.09
1764 91.34 36.45 26.40 6.97 20.11
1765 91.51 49.92 35.38 7.81 20.41
1766 91.59 46.83 29.69 8.26 21.10
1767 91.89 31.01 20.41 4.84 17.75
1768 91.82 53.01 39.49 8.35 20.39
1769 91.77 56.75 35.68 7.54 19.71
1770 91.93 39.10 26.87 7.19 21.09
1771 91.88 33.62 24.87 5.88 19.79
1772 91.92 44.08 27.34 7.06 19.45
1773 92.17 59.92 34.99 6.32 22.88
1774 92.24 62.48 29.49 4.88 17.86
1775 92.38 41.68 29.61 7.38 19.33
1776 92.41 28.15 16.75 3.31 16.70
1777 92.67 48.86 30.44 7.51 19.78
1778 92.71 35.54 20.92 5.37 17.34
1779 92.84 51.27 30.97 8.19 20.36
1780 92.78 55.60 28.67 6.26 18.38
1781 92.87 46.08 28.13 7.72 18.84
1782 93.14 37.86 22.84 6.24 18.38
1783 93.18 58.45 23.89 6.08 17.70
1784 93.19 32.61 18.64 4.83 15.56
1785 93.53 40.47 22.62 5.97 17.46
1786 93.58 43.33 24.40 6.06 16.14
1787 93.58 29.79 15.90 3.37 14.56
1788 93.59 53.48 27.58 6.90 16.57
1789 94.11 34.82 19.67 4.24 13.11
1790 94.06 49.15 25.69 6.28 17.52
1791 94.14 46.15 23.93 7.06 14.83
1792 93.92 56.31 25.29 6.48 17.26
1793 94.57 31.73 17.95 3.72 13.91
1794 94.61 37.44 22.50 4.16 15.07
1795 94.44 57.71 20.06 4.45 14.91
1796 94.65 51.64 23.51 5.82 15.52
1797 94.84 40.09 20.94 5.28 13.85
1798 94.97 43.65 24.59 5.60 14.39
1799 94.92 54.20 19.42 4.56 14.65
1800 95.48 46.53 20.04 5.23 15.21
1801 95.54 34.53 16.81 3.58 12.42
1802 95.58 49.28 20.22 5.33 14.78
1803 95.88 41.72 19.67 4.88 12.94
1804 96.31 38.67 16.60 3.73 11.57
1805 95.95 52.39 18.46 4.46 13.10
1806 96.65 44.47 18.90 3.88 12.28
1807 96.90 47.67 18.31 4.17 12.71
1808 96.71 49.11 21.33 3.44 12.22
1809 97.18 41.34 15.82 3.47 9.78

