#<Embryo name> <Cleavage cycle> <Temporal class> <Genes>
tim4 14A 4 even-skipped Kruppel giant

#Quantitative data
#<Nucleus number> <A-P coordinate> <D-V coordinate> <Fluorescence intensity: channel 1 - eve, channel 2 - Kr, channel 3 - gt>
0 2.79 45.18 20.82 6.08 9.33
1 3.73 50.37 21.97 6.81 9.89
2 3.54 47.71 24.47 6.12 10.83
3 3.96 42.99 24.70 7.89 10.17
4 4.39 45.70 25.11 8.90 9.85
5 4.67 40.47 23.15 7.83 11.35
6 4.51 54.39 23.72 6.41 11.46
7 5.32 37.90 21.36 6.41 9.74
8 5.44 50.76 26.40 8.34 11.69
9 5.44 47.94 27.67 8.93 11.85
10 5.46 43.31 26.00 9.62 12.26
11 5.45 56.36 23.63 5.88 12.30
12 5.87 53.26 28.20 8.31 12.70
13 6.02 35.60 22.28 6.73 10.33
14 6.30 40.46 29.33 9.09 13.21
15 6.57 45.87 29.77 9.79 13.29
16 7.00 33.26 21.42 6.90 8.75
17 7.02 43.02 29.29 9.35 13.32
18 7.14 48.69 30.76 8.94 14.74
19 6.92 55.76 28.86 8.33 15.43
20 6.83 52.11 29.43 7.97 15.00
21 7.47 38.58 26.02 8.95 12.86
22 7.87 58.14 28.11 7.74 16.65
23 7.59 51.38 30.82 9.85 14.38
24 8.18 60.79 28.01 7.26 17.38
25 8.11 54.52 30.14 9.74 17.33
26 8.14 45.67 31.08 9.24 16.86
27 8.37 33.26 24.69 6.43 12.45
28 8.76 48.94 32.59 10.19 18.50
29 9.02 39.93 30.28 8.98 16.37
30 9.04 52.08 33.14 10.46 20.42
31 9.12 36.79 26.86 7.75 17.23
32 9.25 43.63 34.77 9.75 16.49
33 9.24 31.31 22.96 5.19 15.60
34 9.52 58.07 33.61 9.69 23.22
35 9.56 54.79 35.47 10.95 23.33
36 9.80 46.49 36.84 9.73 22.12
37 9.74 61.13 30.84 7.71 26.66
38 9.80 34.35 26.49 6.64 17.20
39 10.04 67.02 25.30 5.14 29.06
40 9.92 50.37 36.79 10.43 28.40
41 10.37 38.89 32.97 9.47 24.19
42 10.36 41.84 35.25 10.21 22.97
43 10.47 63.92 31.75 7.08 31.00
44 10.59 29.34 19.94 4.11 19.51
45 10.83 48.55 39.22 11.41 31.73
46 11.00 56.02 41.12 10.84 33.34
47 10.56 51.16 35.67 11.58 21.75
48 10.90 53.15 38.97 11.76 33.22
49 10.89 33.00 27.81 6.77 21.47
50 11.02 44.39 37.84 10.57 34.30
51 11.14 59.23 37.84 10.54 34.76
52 11.18 36.67 29.49 7.89 26.92
53 11.69 62.40 38.28 9.01 44.21
54 11.54 40.44 36.23 8.73 31.16
55 11.68 46.57 45.33 12.02 46.20
56 11.80 65.90 33.86 7.55 45.44
57 12.00 26.73 21.12 3.98 25.97
58 11.84 51.11 42.57 12.48 49.90
59 12.03 32.12 26.71 6.20 30.12
60 12.32 29.35 25.75 5.27 30.91
61 12.24 42.94 42.31 10.99 50.56
62 12.41 53.76 45.31 12.94 59.71
63 12.25 35.14 31.22 7.15 40.15
64 12.48 48.75 43.25 12.59 64.69
65 12.41 57.33 40.30 11.85 49.18
66 12.75 70.48 30.80 6.25 49.69
67 12.70 39.99 36.38 10.02 57.38
68 12.79 60.59 44.63 11.54 52.65
69 13.00 37.48 33.74 9.55 60.08
70 12.91 45.58 40.60 11.20 75.16
71 13.17 67.25 34.91 8.22 55.55
72 13.26 63.99 38.61 9.71 59.35
73 13.44 50.86 45.86 12.20 90.67
74 13.46 31.52 29.01 6.12 59.50
75 13.47 55.55 45.61 13.73 70.80
76 13.62 25.60 19.55 3.62 47.03
77 13.60 34.54 30.96 7.69 76.80
78 13.63 42.53 38.86 10.66 89.31
79 13.81 28.52 24.22 5.33 59.56
80 13.95 58.53 44.94 13.31 73.29
81 13.97 47.99 47.74 13.90 109.55
82 14.17 53.13 46.85 13.52 96.28
83 14.21 39.92 39.76 9.82 109.73
84 14.25 61.59 47.11 11.87 73.05
85 14.23 45.03 43.11 12.70 117.98
86 14.29 70.49 33.56 7.74 62.20
87 14.38 37.03 35.01 8.49 115.00
88 14.58 73.80 30.12 6.00 60.32
89 14.91 67.50 41.70 9.42 79.10
90 14.90 21.19 16.88 2.52 73.88
91 14.77 55.91 48.26 14.28 104.49
92 14.87 64.36 44.67 11.25 74.71
93 14.79 32.66 31.39 7.20 122.25
94 14.93 24.37 20.19 3.20 84.97
95 14.98 50.61 48.96 13.65 139.06
96 15.11 42.52 41.68 12.33 146.47
97 15.13 28.70 26.55 5.43 111.91
98 15.31 46.12 51.15 14.99 154.17
99 15.38 59.83 49.41 13.21 93.24
100 15.54 35.54 37.39 8.70 159.38
101 15.54 38.55 41.32 10.40 159.68
102 15.74 53.56 50.14 15.06 145.59
103 15.74 75.90 28.24 5.13 53.47
104 15.74 71.48 38.51 8.05 66.74
105 15.92 48.62 56.72 17.54 167.71
106 16.04 19.08 12.71 2.34 102.76
107 15.97 26.21 25.62 4.89 137.67
108 16.01 31.15 30.50 7.88 154.52
109 15.94 56.95 54.84 16.14 124.55
110 16.19 62.29 48.88 12.94 96.16
111 16.32 68.23 44.29 11.74 86.52
112 16.38 40.51 42.84 12.08 184.70
113 16.55 65.00 48.50 13.01 95.07
114 16.34 43.49 47.92 13.92 189.68
115 16.47 33.92 36.24 8.75 179.69
116 16.53 22.78 20.32 3.68 143.26
117 16.52 51.07 55.16 16.41 167.38
118 16.62 46.30 50.48 14.29 189.90
119 16.84 28.76 29.86 6.50 185.39
120 16.75 59.19 54.96 16.11 122.34
121 16.89 37.53 40.56 11.13 190.49
122 17.00 55.51 59.30 16.78 149.75
123 17.09 71.50 41.99 9.64 79.68
124 17.12 74.63 37.10 8.01 73.06
125 17.47 53.33 59.34 17.75 169.25
126 17.52 25.80 29.14 5.62 177.90
127 17.62 31.69 34.20 7.68 194.67
128 17.53 42.00 43.86 12.88 201.26
129 17.58 48.18 53.58 15.46 197.25
130 17.66 61.14 57.52 14.69 125.41
131 17.65 19.48 15.61 2.64 140.88
132 17.66 34.82 37.06 8.79 207.72
133 17.64 44.85 53.12 14.69 209.62
134 17.88 68.93 51.43 11.15 96.36
135 17.88 66.21 51.86 14.24 106.16
136 17.86 50.87 59.32 16.84 176.73
137 18.02 39.71 42.86 12.80 206.67
138 17.93 57.91 60.39 16.18 147.10
139 18.10 79.86 24.98 4.30 51.15
140 18.12 22.75 22.49 4.50 172.03
141 18.21 63.42 60.43 15.46 122.70
142 18.31 37.01 44.06 11.22 209.52
143 18.26 76.05 39.22 7.79 74.07
144 18.27 28.79 28.81 6.88 198.72
145 18.51 72.22 49.56 10.89 97.67
146 18.64 16.54 12.46 2.14 123.03
147 18.55 55.17 61.11 17.89 171.31
148 18.85 43.40 53.32 14.87 211.66
149 18.79 46.20 59.81 16.75 210.21
150 18.82 49.20 58.66 15.17 187.00
151 18.96 25.99 28.57 5.87 193.71
152 18.87 34.00 36.60 8.40 210.37
153 18.97 52.77 59.97 17.09 175.86
154 19.13 20.05 16.65 3.20 155.29
155 19.12 60.53 63.54 17.42 144.00
156 19.19 31.13 32.88 8.88 208.66
157 19.14 57.68 65.02 18.28 165.88
158 19.28 65.98 58.83 13.69 118.72
159 19.32 41.19 53.26 13.55 215.47
160 19.35 38.72 45.59 11.72 215.12
161 19.40 68.98 55.45 13.20 109.12
162 19.53 78.78 36.85 6.73 81.54
163 19.66 23.28 24.18 4.54 188.08
164 19.71 63.19 63.77 16.48 138.51
165 19.56 75.44 49.30 9.55 98.50
166 19.82 36.23 43.52 10.63 218.03
167 19.81 14.24 10.43 1.19 97.18
168 19.82 28.29 28.46 6.66 201.28
169 19.84 50.95 63.36 18.02 191.30
170 19.87 72.09 57.00 12.20 119.35
171 19.99 48.60 63.83 20.00 195.87
172 19.97 55.44 72.75 20.06 181.40
173 19.94 46.21 59.94 17.29 207.04
174 20.21 17.47 16.93 2.73 153.33
175 20.27 33.82 40.52 9.95 216.86
176 20.26 58.35 69.68 17.97 163.67
177 20.51 80.80 36.59 5.81 84.76
178 20.38 42.05 50.19 15.76 219.52
179 20.46 53.06 72.12 17.51 190.86
180 20.54 44.52 61.16 17.56 217.44
181 20.48 31.34 34.73 8.08 214.33
182 20.67 20.41 22.28 4.11 176.90
183 20.69 25.89 28.30 5.72 202.92
184 20.58 38.43 46.30 11.42 214.50
185 20.61 61.07 73.30 16.85 150.80
186 20.68 65.73 70.01 15.55 134.12
187 20.88 12.26 7.16 0.80 79.62
188 20.83 68.77 65.74 15.03 128.30
189 20.86 75.92 53.67 9.26 116.94
190 20.96 50.32 64.76 18.96 195.33
191 21.20 28.87 34.41 7.68 211.89
192 21.12 47.31 63.74 17.93 200.13
193 21.13 72.06 62.76 12.88 133.42
194 21.27 23.40 25.14 5.00 191.62
195 21.34 35.34 46.54 10.26 214.03
196 21.32 40.45 56.77 16.65 222.36
197 21.44 15.86 16.43 2.85 136.47
198 21.37 54.70 80.75 21.22 191.98
199 21.31 57.59 74.94 20.08 181.37
200 21.51 63.33 75.23 18.55 149.26
201 21.56 43.03 54.62 15.80 216.27
202 21.73 83.41 36.54 4.56 78.88
203 21.69 31.66 40.19 10.36 215.44
204 21.87 79.87 50.49 8.22 115.04
205 21.82 38.21 47.27 12.60 216.36
206 21.94 45.60 63.33 17.84 213.67
207 21.90 52.07 69.68 19.65 210.65
208 21.92 60.77 86.13 20.59 171.94
209 21.94 20.66 26.18 4.68 180.78
210 21.99 49.35 70.34 17.93 204.16
211 22.09 65.98 94.04 17.24 156.85
212 22.11 26.65 31.83 7.21 206.25
213 22.26 76.80 67.18 12.10 136.45
214 22.21 69.22 84.86 15.67 153.36
215 22.20 73.32 78.14 14.12 143.55
216 22.40 12.50 10.32 1.54 106.25
217 22.56 17.82 21.71 4.28 164.01
218 22.43 33.52 44.51 10.37 219.44
219 22.42 55.58 86.02 20.44 203.30
220 22.43 58.45 96.74 20.22 193.85
221 22.61 36.53 54.78 11.91 222.67
222 22.55 40.69 56.07 15.33 220.91
223 22.68 23.88 29.84 6.47 194.90
224 22.66 29.64 36.75 8.28 209.29
225 22.71 43.24 58.74 15.62 220.62
226 22.77 47.79 68.71 20.00 217.29
227 22.94 52.75 82.71 21.86 215.65
228 23.04 62.46 98.54 19.72 178.19
229 23.24 15.20 18.97 3.37 144.33
230 23.14 83.47 53.52 6.22 100.09
231 23.21 50.21 86.02 20.51 215.42
232 23.21 45.68 70.09 19.37 224.17
233 23.33 71.02 118.63 16.76 172.90
234 23.28 80.16 77.72 9.15 134.20
235 23.31 20.94 27.24 5.60 182.70
236 23.35 38.67 57.03 15.44 226.14
237 23.34 65.06 125.05 20.30 182.95
238 23.45 59.90 115.09 22.84 199.17
239 23.43 74.30 105.65 12.84 168.66
240 23.43 26.86 37.64 7.48 204.75
241 23.43 34.73 48.32 12.21 224.95
242 23.48 67.96 124.97 18.94 183.33
243 23.54 31.88 39.54 8.98 217.20
244 23.52 57.12 113.07 22.27 204.38
245 23.57 54.64 102.59 23.24 214.47
246 23.74 41.16 59.45 17.65 224.43
247 23.96 77.11 105.12 12.53 167.51
248 24.01 12.49 14.95 2.29 120.62
249 23.87 43.53 69.41 17.63 225.84
250 24.05 29.31 38.25 10.56 211.51
251 24.02 24.08 31.88 6.75 191.21
252 23.98 47.84 89.78 21.12 226.20
253 24.09 18.04 24.33 4.41 161.92
254 24.14 51.73 100.05 21.32 224.86
255 24.21 85.97 44.07 4.83 89.60
256 24.19 36.76 58.54 13.87 224.60
257 24.41 9.80 8.41 0.96 75.73
258 24.43 63.11 158.53 22.29 194.61
259 24.48 45.47 93.25 20.14 232.74
260 24.57 66.24 157.49 22.22 193.20
261 24.60 82.17 82.22 8.91 140.57
262 24.57 34.25 53.79 12.88 225.49
263 24.65 21.37 32.64 6.83 180.63
264 24.60 39.52 65.72 16.58 225.46
265 24.62 54.32 125.10 24.07 227.70
266 24.59 60.13 159.75 23.43 207.40
267 24.61 70.17 148.52 17.79 188.79
268 24.67 57.10 151.20 23.85 220.63
269 24.83 15.18 24.05 3.43 150.52
270 24.81 27.15 39.77 8.79 209.48
271 24.78 49.59 118.98 22.18 232.31
272 24.71 73.75 137.57 16.44 184.31
273 24.80 31.55 50.20 10.53 228.15
274 24.95 42.39 83.78 18.85 231.78
275 25.09 78.81 110.76 12.94 169.36
276 25.31 24.69 38.84 7.42 201.13
277 25.26 47.08 128.54 21.87 236.15
278 25.42 18.75 32.24 5.31 172.55
279 25.38 37.52 64.59 14.00 228.88
280 25.42 51.80 146.51 23.81 234.72
281 25.60 68.21 176.26 21.66 206.12
282 25.53 84.88 69.18 6.84 133.13
283 25.40 6.55 5.19 0.06 48.25
284 25.60 10.36 14.91 2.07 97.65
285 25.67 29.65 52.27 10.57 221.95
286 25.66 44.88 128.50 20.70 237.96
287 25.68 59.65 189.68 24.96 223.75
288 25.75 62.29 188.39 26.91 218.11
289 25.82 75.40 142.80 16.40 191.37
290 25.68 35.07 66.20 15.10 236.80
291 25.98 13.17 32.57 3.32 140.80
292 25.74 40.33 90.82 18.27 236.11
293 25.70 54.39 174.72 24.42 238.08
294 25.81 64.97 186.12 21.68 210.22
295 25.80 71.89 154.16 18.27 196.47
296 25.87 7.64 9.14 0.56 58.77
297 25.85 32.53 60.06 12.43 232.77
298 25.83 57.08 183.36 25.98 234.70
299 25.89 22.19 42.34 7.06 191.63
300 25.93 48.81 157.41 23.30 239.77
301 26.20 16.37 35.34 4.77 163.58
302 26.22 81.79 103.67 10.63 157.32
303 26.19 27.20 53.67 10.05 223.22
304 26.19 42.98 126.83 21.11 243.34
305 26.48 78.06 131.92 14.48 185.10
306 26.54 37.00 96.06 17.31 241.15
307 26.50 50.51 180.85 26.72 241.21
308 26.67 86.02 66.98 6.96 113.81
309 26.65 20.21 49.64 6.81 196.19
310 26.75 24.43 57.99 8.81 210.62
311 26.66 46.95 162.04 23.98 241.79
312 26.71 53.16 188.09 26.60 243.32
313 26.82 66.95 191.27 24.45 217.51
314 26.78 39.23 114.36 16.66 239.92
315 26.76 55.69 195.43 25.75 240.08
316 26.85 70.32 179.00 22.56 211.60
317 26.79 34.19 94.16 15.32 239.58
318 26.83 58.99 199.03 26.32 236.70
319 26.93 31.55 89.72 12.48 236.41
320 26.93 9.18 26.65 1.99 97.64
321 27.02 61.65 196.00 26.41 232.64
322 26.92 41.68 138.62 22.28 245.03
323 27.09 64.16 184.21 25.56 221.33
324 27.15 73.64 153.98 18.64 194.86
325 27.15 29.21 92.45 12.27 235.03
326 27.13 44.81 178.37 23.98 244.56
327 27.30 12.40 54.03 3.11 143.99
328 27.54 88.85 39.60 4.15 71.18
329 27.49 15.25 58.95 4.96 174.54
330 27.51 18.36 62.47 6.63 189.33
331 27.54 49.04 194.64 26.96 242.56
332 27.46 79.93 117.67 15.12 177.84
333 27.52 26.83 89.76 11.14 231.30
334 27.52 51.59 196.57 25.92 242.96
335 27.68 22.44 85.61 8.89 211.11
336 27.61 35.78 136.86 16.31 243.80
337 27.72 76.38 139.84 16.92 199.64
338 27.77 57.38 197.18 29.74 240.18
339 28.01 82.98 96.74 11.91 145.74
340 27.83 40.58 156.33 22.98 245.76
341 27.83 68.48 179.72 23.72 221.46
342 27.91 54.88 190.11 28.52 242.36
343 28.01 38.08 147.98 18.22 244.17
344 27.97 43.02 178.98 24.85 244.72
345 27.89 46.78 199.94 24.83 247.17
346 27.99 33.16 139.98 14.54 243.71
347 28.09 86.04 75.32 8.74 116.93
348 28.13 7.50 32.92 1.38 91.04
349 28.17 59.99 190.11 28.31 236.14
350 28.28 71.39 168.94 21.82 207.06
351 28.29 30.69 149.25 12.33 241.05
352 28.38 62.71 181.35 29.43 234.34
353 28.36 65.31 173.81 26.66 223.76
354 28.39 25.19 126.62 10.60 230.57
355 28.48 11.00 70.72 3.80 161.87
356 28.61 20.37 101.37 7.94 211.25
357 28.56 52.92 189.31 29.56 242.62
358 28.61 50.34 195.63 28.11 244.80
359 28.67 28.13 145.82 12.48 239.77
360 28.81 14.39 96.04 4.85 187.96
361 28.80 17.42 96.84 6.55 200.30
362 28.76 35.45 162.75 16.53 245.78
363 28.81 44.79 186.93 26.68 246.67
364 28.81 79.36 112.44 16.26 175.26
365 29.03 89.14 41.05 5.11 58.49
366 28.91 40.18 163.89 22.52 245.76
367 28.96 47.27 184.48 26.15 247.40
368 28.95 67.74 162.64 26.63 216.57
369 28.95 75.89 140.11 19.59 192.93
370 29.16 23.13 124.64 10.76 231.07
371 29.06 58.08 179.03 29.69 239.19
372 29.11 55.37 173.90 29.75 239.02
373 29.37 72.79 140.96 24.08 199.39
374 29.25 33.00 156.19 16.73 243.37
375 29.30 42.47 179.15 27.47 246.68
376 29.32 37.88 167.06 22.70 247.15
377 29.36 6.22 38.34 1.21 80.28
378 29.46 61.22 174.37 30.97 236.21
379 29.44 85.74 80.86 10.93 105.13
380 29.54 29.89 161.64 14.05 239.19
381 29.67 82.19 102.54 15.66 130.28
382 29.61 9.48 73.67 3.37 155.41
383 29.57 49.15 193.33 31.20 244.70
384 29.76 64.16 154.96 31.06 223.54
385 29.75 70.00 144.24 24.20 204.84
386 29.69 26.43 136.44 11.99 236.04
387 29.71 52.14 178.17 31.17 241.25
388 29.88 13.15 107.37 5.05 191.15
389 29.97 20.37 126.54 8.33 217.04
390 30.01 46.02 179.17 27.91 244.96
391 30.04 35.27 155.88 20.98 241.98
392 30.09 17.25 118.13 7.53 206.95
393 30.09 66.94 148.25 28.90 210.31
394 30.11 40.37 164.65 23.91 244.32
395 30.20 78.31 118.56 20.85 154.94
396 30.23 75.04 130.67 21.99 172.15
397 30.29 44.03 170.86 26.78 246.33
398 30.22 54.91 159.46 33.56 242.10
399 30.32 57.38 163.95 34.13 238.13
400 30.40 59.66 162.74 31.95 228.83
401 30.33 32.00 155.71 16.81 240.70
402 30.40 23.67 143.59 10.97 232.83
403 30.50 38.04 156.56 22.92 244.25
404 30.58 88.06 67.08 10.30 55.30
405 30.57 50.29 174.40 29.83 242.06
406 30.69 29.07 148.30 14.97 240.59
407 30.67 47.94 184.78 35.10 246.00
408 30.65 7.31 61.90 1.84 119.49
409 30.79 62.02 151.25 32.36 217.45
410 31.15 91.08 43.71 5.44 26.37
411 30.87 42.24 158.88 26.90 244.74
412 30.89 84.92 96.76 15.84 90.76
413 30.90 11.05 107.78 4.72 188.19
414 30.91 53.24 152.92 30.90 240.76
415 30.98 15.08 114.13 6.27 198.60
416 31.04 72.56 135.60 27.65 172.90
417 30.97 26.39 130.34 14.10 237.75
418 31.07 69.88 141.90 29.15 191.09
419 31.12 81.61 116.03 20.47 116.41
420 31.24 64.56 145.39 32.59 213.17
421 31.25 33.96 134.44 18.81 237.49
422 31.36 18.76 129.32 9.28 218.36
423 31.30 21.69 134.93 10.35 226.68
424 31.33 36.16 140.69 23.12 242.76
425 31.33 67.36 140.05 34.53 195.06
426 31.49 45.03 136.07 28.56 241.75
427 31.48 55.81 150.50 33.17 231.67
428 31.55 31.62 152.45 17.36 238.26
429 31.54 40.40 145.26 24.76 241.41
430 31.62 75.32 137.28 27.76 144.63
431 31.53 78.53 127.32 23.78 128.08
432 31.62 51.50 152.08 34.32 241.62
433 31.61 58.53 150.79 36.10 220.06
434 31.73 38.31 138.66 23.34 242.32
435 31.82 47.26 148.08 33.86 242.24
436 31.97 24.32 131.16 12.90 228.20
437 31.90 49.41 142.06 31.56 239.83
438 32.03 6.24 48.39 1.64 106.94
439 32.01 9.25 83.74 4.26 180.50
440 32.07 29.59 139.92 16.83 234.88
441 32.02 43.08 140.96 29.76 241.62
442 32.04 62.29 142.12 35.59 204.03
443 32.16 12.48 94.23 6.39 201.81
444 32.26 87.93 91.14 13.62 39.36
445 32.24 15.46 107.61 7.49 204.93
446 32.23 27.07 134.00 14.30 230.57
447 32.22 53.52 141.39 38.69 232.94
448 32.29 71.40 140.59 30.97 138.96
449 32.33 84.23 119.97 19.83 76.93
450 32.40 66.31 144.85 36.97 188.39
451 32.53 34.56 119.16 22.45 232.16
452 32.58 60.31 138.42 38.09 200.47
453 32.64 21.13 123.25 10.71 221.28
454 32.64 80.94 138.13 25.78 88.34
455 32.73 18.25 103.97 8.68 205.78
456 32.75 36.93 106.11 21.95 233.32
457 32.79 41.38 124.10 29.62 235.96
458 32.72 55.72 139.46 39.42 214.06
459 32.87 68.85 145.67 35.94 149.14
460 32.86 32.23 119.41 20.72 220.25
461 32.82 46.30 133.15 33.57 232.26
462 32.76 77.49 144.48 28.41 89.64
463 32.94 58.09 143.16 37.14 195.79
464 32.90 51.30 136.17 38.89 231.68
465 33.01 64.23 150.32 39.73 173.19
466 32.98 74.24 146.57 32.70 111.90
467 32.97 39.34 120.14 30.14 234.92
468 33.08 48.90 132.29 35.94 222.92
469 33.19 43.79 126.38 35.30 227.96
470 33.26 23.80 108.10 13.38 222.00
471 33.33 11.36 80.91 5.80 193.49
472 33.34 29.02 110.68 20.05 217.90
473 33.39 8.26 54.68 3.71 150.11
474 33.61 26.51 103.10 15.95 209.72
475 33.52 53.67 148.46 41.04 207.84
476 33.69 62.14 153.48 44.10 155.15
477 33.70 5.22 19.77 1.60 74.17
478 33.61 14.73 84.95 8.07 193.13
479 33.61 71.55 150.73 37.03 101.90
480 33.61 87.98 109.56 18.61 29.47
481 33.66 84.27 134.84 23.18 39.67
482 33.82 35.81 103.76 25.03 215.55
483 33.84 66.62 161.38 41.21 130.03
484 33.94 91.67 64.86 10.92 15.77
485 33.90 45.88 131.56 37.07 212.51
486 33.92 59.77 149.53 43.53 157.10
487 33.98 77.27 167.30 36.89 66.71
488 34.05 80.43 155.87 32.28 52.52
489 33.94 18.14 73.84 9.80 184.30
490 34.08 31.25 98.73 22.15 202.22
491 33.87 56.51 146.31 42.75 177.94
492 34.12 21.50 85.14 13.19 195.99
493 34.02 38.23 114.93 28.96 211.29
494 34.01 41.70 118.38 32.08 218.58
495 34.16 33.63 105.37 22.92 202.49
496 34.04 51.21 143.84 39.98 199.55
497 34.09 48.18 138.50 40.42 199.98
498 34.26 69.23 165.86 44.29 100.02
499 34.37 74.26 173.94 40.88 67.11
500 34.48 64.23 166.94 46.16 114.84
501 34.54 43.90 130.26 37.78 198.72
502 34.57 11.76 57.97 7.08 171.10
503 34.57 24.43 92.24 15.27 188.76
504 34.65 29.23 92.67 19.41 180.81
505 34.74 55.18 159.71 45.31 158.19
506 34.73 8.14 39.52 4.65 135.61
507 34.83 39.92 124.26 31.44 188.39
508 34.92 53.12 161.18 43.36 162.52
509 34.96 57.89 168.65 48.82 128.91
510 34.93 86.22 137.52 31.22 26.40
511 34.93 15.88 63.22 10.23 164.52
512 34.91 49.76 145.67 47.18 169.24
513 35.04 71.32 172.90 48.50 63.67
514 35.05 82.86 148.53 37.87 35.11
515 34.99 46.42 146.46 41.64 172.50
516 35.16 89.40 103.11 24.23 20.69
517 35.16 19.32 69.27 13.49 162.47
518 35.10 35.69 111.03 27.13 174.61
519 35.13 60.38 175.71 46.73 107.97
520 35.19 27.01 98.59 20.38 187.70
521 35.18 67.42 179.33 46.24 76.06
522 35.27 77.33 173.83 45.60 43.86
523 35.35 32.53 93.33 25.76 157.25
524 35.38 42.18 135.98 38.00 180.98
525 35.53 62.49 186.07 53.02 90.66
526 35.55 37.97 128.84 34.07 145.20
527 35.67 51.54 175.09 49.50 136.18
528 35.67 64.96 189.87 53.72 73.57
529 35.78 13.50 52.60 9.37 140.42
530 35.68 73.84 184.08 53.47 46.75
531 35.83 80.13 161.53 49.83 34.14
532 35.90 21.65 72.64 14.52 138.99
533 35.84 24.44 77.15 16.40 156.97
534 35.85 48.59 161.10 48.72 121.28
535 35.89 29.99 97.81 24.34 153.03
536 35.80 44.45 146.24 41.43 155.69
537 35.83 10.28 47.45 6.52 130.85
538 35.89 56.18 181.48 54.89 107.57
539 36.04 69.39 189.72 60.07 55.73
540 36.24 34.58 113.44 28.51 120.25
541 36.19 40.49 148.45 36.52 134.71
542 36.18 46.61 178.22 49.58 123.93
543 36.15 58.97 187.30 55.70 94.06
544 36.25 53.80 191.36 57.77 99.62
545 36.29 16.75 57.76 13.61 127.84
546 36.40 7.55 30.92 5.04 77.04
547 36.38 85.99 134.38 43.43 21.28
548 36.48 27.74 95.44 22.44 132.81
549 36.49 89.79 99.67 33.66 17.96
550 36.53 66.87 202.02 65.10 54.50
551 36.57 50.44 188.59 54.27 96.36
552 36.61 77.28 170.90 63.02 34.54
553 36.63 82.58 154.56 59.02 24.66
554 36.66 32.01 108.83 27.87 113.98
555 36.68 37.11 145.66 39.24 103.44
556 36.72 61.22 204.17 65.51 69.08
557 36.78 71.28 201.97 69.77 43.46
558 36.79 19.45 68.26 15.86 98.49
559 36.79 43.16 155.80 48.37 119.45
560 36.79 63.95 203.48 67.78 59.98
561 36.80 74.30 183.60 68.94 38.05
562 37.14 25.55 90.52 21.27 109.17
563 37.06 57.74 206.08 68.06 73.24
564 37.02 10.60 47.99 7.84 89.37
565 37.12 22.93 78.90 19.65 99.86
566 37.14 14.01 54.83 11.15 92.70
567 37.23 39.22 166.77 41.62 85.30
568 37.13 45.39 184.75 51.98 98.95
569 37.14 48.23 189.96 56.22 76.94
570 37.18 55.44 204.86 67.87 70.44
571 37.27 52.72 203.81 62.72 68.81
572 37.44 29.92 120.71 29.69 94.24
573 37.39 41.45 165.54 50.48 93.95
574 37.52 79.89 157.46 72.19 26.42
575 37.55 35.67 141.41 37.16 76.48
576 37.49 68.68 198.89 82.95 43.14
577 37.62 33.21 132.41 30.97 73.24
578 37.66 87.82 123.06 58.60 17.83
579 37.72 17.17 63.55 15.29 74.76
580 37.72 50.56 205.06 68.00 61.02
581 37.76 60.24 213.13 81.76 51.78
582 37.77 65.90 205.82 85.18 43.92
583 37.78 84.17 144.44 76.95 21.59
584 37.91 8.62 44.92 7.11 55.41
585 37.85 27.54 105.74 26.07 78.00
586 37.81 72.77 181.07 88.93 35.53
587 37.96 75.96 174.39 87.12 32.16
588 37.92 63.16 210.76 88.91 47.33
589 38.04 20.93 85.37 19.93 67.74
590 38.08 46.76 209.02 68.02 61.38
591 38.20 44.54 201.08 63.09 63.09
592 38.17 12.16 59.59 13.39 71.87
593 38.21 57.62 211.45 88.26 47.70
594 38.45 38.51 178.64 50.67 54.44
595 38.32 55.19 213.79 86.85 51.60
596 38.45 23.83 101.62 24.82 62.49
597 38.41 42.57 189.20 62.33 62.36
598 38.49 70.30 190.84 101.87 34.65
599 38.53 48.72 210.50 75.52 51.19
600 38.46 52.97 210.45 82.76 54.33
601 38.66 31.70 151.92 37.25 55.03
602 38.59 40.57 185.23 61.79 52.90
603 38.71 90.10 88.61 61.77 15.75
604 38.73 36.57 164.04 49.35 52.29
605 38.67 78.45 160.93 102.38 26.91
606 38.76 34.20 151.32 44.31 53.46
607 38.70 67.74 189.87 112.48 36.70
608 38.83 82.03 141.60 105.48 23.24
609 38.86 15.31 75.02 17.42 47.41
610 38.79 18.54 78.81 21.57 49.05
611 38.81 29.34 138.21 35.87 54.03
612 38.98 26.56 125.70 33.71 52.05
613 38.86 51.02 206.38 92.98 48.11
614 38.93 62.23 209.80 108.89 42.25
615 38.98 65.14 200.83 120.46 39.95
616 38.96 72.86 181.21 118.19 32.76
617 38.96 59.64 206.58 107.12 41.48
618 39.09 85.98 116.40 89.61 18.41
619 39.32 8.49 58.19 10.17 35.66
620 39.20 46.32 208.98 83.50 44.98
621 39.28 75.65 163.80 127.28 28.18
622 39.39 11.88 79.74 14.90 40.05
623 39.31 56.63 212.26 117.24 41.78
624 39.40 43.55 204.98 78.19 44.26
625 39.63 21.27 108.14 28.28 39.91
626 39.55 54.17 206.49 116.16 41.53
627 39.76 24.17 133.22 32.85 41.18
628 39.68 49.41 213.40 108.24 42.55
629 39.87 38.53 185.33 69.06 41.61
630 39.80 40.77 196.37 78.28 42.00
631 39.83 70.53 183.60 145.81 33.52
632 39.78 68.00 185.61 144.67 34.85
633 39.81 79.47 145.80 130.90 26.41
634 39.90 33.84 177.32 59.74 36.45
635 39.90 36.26 177.11 68.83 36.98
636 39.96 18.06 104.07 24.22 33.58
637 39.95 51.67 214.35 128.81 40.79
638 39.93 63.88 196.04 154.94 35.47
639 39.98 93.01 46.68 51.53 11.84
640 40.00 28.91 152.06 48.80 42.02
641 40.08 31.23 164.49 55.97 38.02
642 39.98 58.96 196.84 143.32 38.55
643 40.12 61.43 193.96 143.39 36.14
644 40.13 82.71 122.75 135.06 21.96
645 40.06 89.09 90.94 96.07 17.25
646 40.20 14.72 94.94 22.72 32.14
647 40.17 73.54 170.08 147.64 29.55
648 40.28 47.59 214.61 121.39 41.88
649 40.23 45.22 206.72 108.76 39.61
650 40.38 26.54 146.45 48.92 36.45
651 40.34 56.66 194.06 143.80 38.20
652 40.48 66.09 186.48 176.60 35.17
653 40.45 42.34 198.25 99.02 37.84
654 40.51 76.86 148.92 154.69 28.27
655 40.68 8.16 73.14 15.22 23.46
656 40.78 85.03 100.42 126.05 19.76
657 40.63 53.33 193.38 153.45 38.74
658 40.75 11.68 87.56 22.50 24.26
659 40.86 49.63 202.63 151.91 40.52
660 40.98 22.87 124.86 49.64 32.88
661 40.91 33.24 172.85 77.70 37.62
662 40.99 39.51 187.05 113.82 35.42
663 41.05 20.00 115.39 45.75 28.22
664 41.00 59.58 186.49 176.74 36.40
665 41.06 68.57 172.29 184.05 34.20
666 41.00 71.59 163.69 177.55 29.42
667 41.04 36.47 179.31 90.60 34.67
668 41.09 64.00 182.90 187.92 34.42
669 41.07 79.92 134.04 153.21 24.79
670 41.13 55.26 189.02 164.93 38.71
671 41.14 16.77 107.24 36.06 26.20
672 41.19 44.00 196.28 139.96 36.41
673 41.25 28.73 152.12 70.82 33.94
674 41.44 91.48 67.83 88.40 12.99
675 41.32 46.38 191.04 146.17 35.96
676 41.39 74.91 154.75 181.62 28.19
677 41.39 51.54 193.31 179.02 34.93
678 41.44 61.89 171.29 194.52 35.75
679 41.46 25.60 136.60 68.55 30.02
680 41.41 88.04 96.61 121.38 17.02
681 41.51 57.46 176.17 187.38 36.04
682 41.60 31.55 153.14 83.42 32.22
683 41.59 41.76 190.96 148.27 36.69
684 41.70 13.87 97.56 38.11 22.68
685 41.85 66.34 172.92 209.70 34.17
686 41.88 34.58 163.14 108.39 31.20
687 41.87 48.59 183.61 170.09 35.04
688 41.89 53.50 181.68 196.54 37.86
689 41.97 81.68 118.84 165.79 24.12
690 41.95 38.04 167.28 133.76 33.26
691 42.01 70.52 157.51 199.49 30.18
692 42.08 77.49 134.14 177.11 27.33
693 42.00 10.60 84.86 35.28 18.80
694 42.12 59.82 173.64 208.13 33.98
695 42.18 23.51 121.36 77.48 28.02
696 42.24 73.28 154.61 198.70 29.59
697 42.25 20.37 113.26 67.28 25.50
698 42.25 44.43 176.22 172.04 35.76
699 42.32 16.95 99.29 51.31 23.29
700 42.30 29.70 147.51 110.16 30.47
701 42.32 64.18 172.17 215.58 34.58
702 42.37 85.64 106.93 145.81 19.48
703 42.49 7.64 71.97 29.51 16.42
704 42.42 40.22 161.63 165.20 33.83
705 42.47 50.63 171.60 194.79 36.28
706 42.37 55.56 172.50 213.36 37.59
707 42.54 27.12 138.18 100.03 28.75
708 42.48 46.74 171.04 183.41 34.39
709 42.52 68.43 161.94 220.36 32.11
710 42.73 36.47 158.38 144.74 30.34
711 42.74 42.46 169.79 188.21 34.60
712 42.72 57.60 161.71 218.40 37.42
713 42.75 61.87 161.35 218.63 35.61
714 42.76 89.66 85.30 119.97 16.48
715 42.90 93.54 50.97 71.73 10.46
716 42.57 10.63 86.57 29.93 16.36
717 42.89 52.61 162.67 219.14 35.30
718 43.05 31.70 138.84 129.38 30.18
719 42.97 34.01 155.36 147.42 32.24
720 43.03 13.52 82.56 51.89 19.83
721 43.18 75.19 151.17 202.67 29.45
722 43.13 82.10 120.53 176.32 23.00
723 43.14 48.89 166.07 205.27 36.62
724 43.14 71.77 151.85 209.63 28.98
725 43.15 78.92 130.57 185.23 24.89
726 43.26 24.64 123.06 109.72 26.95
727 43.27 21.81 96.12 95.44 25.59
728 43.24 59.70 171.43 228.64 35.06
729 43.33 18.16 93.39 77.97 21.42
730 43.37 38.76 142.67 187.48 32.22
731 43.36 54.49 166.51 227.11 34.60
732 43.41 44.60 154.86 202.67 30.35
733 43.40 64.93 163.20 228.18 34.78
734 43.53 67.11 169.16 224.91 34.54
735 43.49 29.53 124.48 137.37 28.87
736 43.55 46.67 154.74 210.71 31.50
737 43.62 9.66 69.35 55.18 17.26
738 43.70 41.08 145.17 202.15 33.41
739 43.69 69.52 165.11 223.32 31.62
740 43.67 84.59 123.51 163.95 20.12
741 43.82 51.16 162.58 223.77 36.52
742 43.77 56.47 154.96 230.48 33.09
743 43.82 62.66 169.92 233.94 35.49
744 43.82 27.37 118.21 130.21 28.31
745 43.98 88.30 109.78 144.05 17.05
746 43.87 36.28 145.52 192.58 30.62
747 44.05 15.74 86.13 85.27 20.34
748 44.11 91.50 91.77 118.73 14.42
749 44.12 33.76 130.04 168.12 28.98
750 44.14 58.42 178.63 234.73 36.15
751 44.14 77.51 148.61 204.38 24.64
752 44.20 19.82 87.87 106.45 22.60
753 44.21 43.03 150.89 216.22 32.71
754 44.24 12.51 62.52 77.15 17.45
755 44.22 49.10 162.25 224.64 34.64
756 44.30 72.06 162.98 221.44 29.93
757 44.32 53.04 161.81 234.16 34.93
758 44.37 60.79 185.20 237.89 36.29
759 44.38 22.83 103.08 130.14 24.68
760 44.46 31.46 123.02 171.04 28.06
761 44.45 80.92 138.09 190.58 23.23
762 44.53 74.71 163.25 213.77 29.73
763 44.55 25.53 108.75 151.62 29.54
764 44.58 38.40 135.45 206.47 32.49
765 44.55 46.85 155.22 227.04 33.13
766 44.64 54.99 171.49 236.24 35.81
767 44.65 64.23 191.10 235.67 33.86
768 44.71 66.65 189.59 232.17 35.54
769 44.77 29.24 110.74 173.34 28.23
770 44.77 40.61 141.00 219.24 33.68
771 44.77 85.57 125.39 171.72 20.47
772 44.84 69.34 179.82 231.72 33.19
773 44.94 44.52 156.28 226.83 32.63
774 45.01 9.99 52.31 82.18 16.48
775 45.11 17.64 69.97 120.93 22.87
776 45.01 35.48 121.36 202.28 28.40
777 45.07 56.94 185.17 238.85 35.98
778 45.15 50.50 179.96 232.04 34.34
779 45.20 14.28 64.51 101.67 19.01
780 45.23 59.34 210.29 242.10 36.02
781 45.34 62.07 206.62 240.20 34.34
782 45.37 20.68 81.61 142.27 23.47
783 45.36 27.30 108.35 178.23 25.25
784 45.35 33.26 122.89 203.67 27.87
785 45.33 78.17 167.47 208.07 25.24
786 45.47 82.96 150.25 190.35 22.75
787 45.39 52.60 186.58 239.37 37.17
788 45.37 91.81 87.93 115.48 15.29
789 45.46 23.50 91.30 172.30 24.19
790 45.48 42.46 158.94 227.96 33.41
791 45.45 72.28 189.25 228.75 30.37
792 45.49 48.37 176.31 237.19 34.24
793 45.57 37.32 134.57 214.85 29.45
794 45.67 87.93 121.59 158.09 18.13
795 45.60 46.13 163.64 232.20 33.10
796 45.70 30.91 115.00 196.44 29.10
797 45.70 54.69 200.65 241.95 35.53
798 45.78 75.39 185.40 220.89 27.97
799 45.82 65.01 206.96 238.90 35.15
800 45.80 67.34 202.46 236.89 33.91
801 45.81 39.66 146.49 223.16 34.49
802 45.95 7.66 44.74 86.12 14.94
803 45.99 69.63 210.93 233.50 31.18
804 46.12 12.49 58.32 118.84 17.96
805 46.12 25.33 96.16 181.66 23.98
806 46.10 57.82 223.40 242.56 37.78
807 46.20 80.57 170.20 201.92 25.93
808 46.27 15.86 69.34 135.01 18.22
809 46.33 35.05 137.57 216.41 30.45
810 46.27 60.25 219.52 240.58 36.84
811 46.33 28.75 116.53 195.35 26.00
812 46.35 44.59 182.92 234.41 33.71
813 46.32 51.62 205.42 241.75 36.42
814 46.37 18.91 79.05 150.65 20.68
815 46.34 62.96 220.46 243.14 35.98
816 46.40 49.57 198.81 242.88 34.84
817 46.54 22.19 92.50 175.26 21.71
818 46.56 73.46 207.25 230.70 29.00
819 46.65 84.68 152.74 183.25 19.98
820 46.59 32.98 137.65 216.46 30.38
821 46.55 42.07 178.94 235.83 33.79
822 46.57 55.88 222.56 246.31 36.18
823 46.62 77.84 190.72 218.34 28.12
824 46.59 47.15 198.60 240.72 36.02
825 46.61 90.90 103.50 130.84 16.51
826 46.73 9.89 49.80 110.63 15.20
827 46.65 37.14 148.36 227.09 31.82
828 46.79 53.48 214.93 244.71 36.36
829 46.80 71.00 222.98 234.57 30.12
830 46.91 30.61 131.26 215.32 28.36
831 46.96 26.87 122.13 204.33 24.89
832 46.92 39.77 176.04 230.80 31.75
833 46.91 67.06 217.35 235.36 32.71
834 47.12 64.66 222.27 239.00 36.10
835 47.20 87.79 129.73 159.78 18.25
836 47.21 61.60 221.60 242.57 35.48
837 47.27 95.29 45.48 56.61 9.99
838 47.28 57.47 223.64 243.20 36.61
839 47.36 14.19 72.41 142.71 18.10
840 47.38 75.60 198.85 225.52 27.65
841 47.35 81.66 162.56 198.99 23.88
842 47.46 24.26 126.00 193.39 25.00
843 47.43 44.03 201.33 237.71 33.76
844 47.39 51.27 212.80 242.51 35.89
845 47.46 59.49 222.86 245.46 38.19
846 47.50 20.23 91.29 176.16 21.32
847 47.45 48.85 213.73 244.98 34.48
848 47.55 17.36 87.38 165.27 19.86
849 47.63 69.34 218.24 236.48 31.20
850 47.60 46.27 209.80 244.49 36.31
851 47.54 54.93 220.65 245.95 38.22
852 47.75 7.80 52.55 105.77 13.79
853 47.73 35.42 174.50 227.28 31.82
854 47.63 37.71 177.88 230.33 32.19
855 47.70 41.73 198.18 235.68 33.30
856 47.76 33.33 167.94 224.45 30.36
857 47.75 72.23 206.84 230.10 30.88
858 47.90 11.30 69.78 131.64 17.62
859 47.96 92.08 80.70 110.25 13.62
860 48.01 78.89 187.20 211.88 27.88
861 47.88 31.08 161.00 227.35 30.02
862 47.97 26.94 148.20 215.86 26.58
863 48.09 67.37 218.90 239.80 33.66
864 48.14 85.11 132.85 179.38 19.97
865 48.17 62.67 217.81 241.17 36.15
866 48.20 22.10 115.88 194.60 23.31
867 48.20 39.73 190.69 236.83 34.42
868 48.22 64.94 216.80 242.44 33.13
869 48.40 29.18 160.31 221.10 27.75
870 48.44 52.14 217.76 245.29 35.02
871 48.47 54.05 218.76 247.05 37.52
872 48.41 58.15 230.40 246.57 37.95
873 48.52 88.64 110.19 159.08 17.48
874 48.52 47.84 216.90 243.64 37.12
875 48.46 49.98 214.48 245.22 36.02
876 48.50 60.63 223.76 245.89 35.00
877 48.56 73.69 189.40 227.65 30.38
878 48.56 43.06 200.19 241.92 32.28
879 48.54 56.07 228.03 247.34 39.42
880 48.57 76.49 183.22 226.42 27.42
881 48.60 45.27 205.95 243.60 35.95
882 48.63 81.86 152.24 199.77 23.56
883 48.63 14.71 87.08 166.22 17.82
884 48.71 17.86 100.56 173.94 19.70
885 48.70 37.23 207.78 238.63 32.30
886 48.76 24.18 136.51 210.35 24.93
887 48.85 70.91 192.33 233.23 31.84
888 48.83 32.14 178.67 228.90 29.52
889 48.93 34.70 179.08 232.35 33.19
890 48.99 8.51 72.35 124.84 15.61
891 49.01 26.89 159.33 219.41 26.43
892 49.18 20.61 109.08 187.11 22.77
893 49.20 11.83 86.88 154.36 17.37
894 49.17 66.29 199.71 242.08 32.62
895 49.27 68.59 193.41 239.98 33.04
896 49.21 39.71 203.04 241.69 32.23
897 49.24 63.51 209.65 242.85 36.58
898 49.37 59.47 222.26 247.83 36.05
899 49.50 42.11 202.59 242.06 35.54
900 49.49 84.84 123.12 185.53 20.37
901 49.44 91.71 82.77 132.21 14.52
902 49.46 50.67 220.47 245.34 33.50
903 49.56 78.17 154.67 216.38 25.91
904 49.57 29.98 169.34 233.04 29.00
905 49.52 46.76 202.26 243.68 32.95
906 49.53 56.98 216.32 247.63 38.24
907 49.58 52.65 216.58 246.82 37.22
908 49.59 74.85 172.19 225.28 29.41
909 49.64 54.80 217.26 247.02 35.60
910 49.68 44.50 202.82 243.70 34.50
911 49.72 37.12 195.86 239.82 34.11
912 49.79 48.75 211.50 246.14 36.69
913 49.94 14.80 91.72 171.42 18.11
914 49.79 24.63 132.91 213.06 24.94
915 49.80 32.50 173.23 230.89 28.00
916 49.94 61.37 206.74 246.10 36.69
917 49.88 81.49 132.74 197.09 23.47
918 49.97 88.40 101.54 172.50 18.17
919 49.96 17.58 100.88 187.77 21.55
920 50.13 6.79 70.67 104.65 12.71
921 49.98 27.67 158.23 226.21 25.23
922 50.10 34.96 172.21 237.34 31.62
923 50.22 72.62 183.62 231.59 31.00
924 50.13 70.14 183.26 236.18 32.39
925 50.13 40.36 182.84 244.63 32.95
926 50.20 10.05 83.79 153.43 15.51
927 50.20 66.07 184.58 241.78 34.86
928 50.29 20.30 108.75 198.44 22.72
929 50.49 22.90 113.12 207.71 23.93
930 50.34 58.29 203.56 246.58 38.40
931 50.30 63.55 187.77 245.54 35.53
932 50.39 95.13 31.80 58.68 9.12
933 50.69 38.51 172.79 236.60 34.02
934 50.56 43.08 180.74 243.12 33.95
935 50.53 46.23 187.79 245.30 37.14
936 50.57 50.76 195.88 246.15 36.08
937 50.56 53.34 196.26 246.67 38.48
938 50.67 55.91 206.50 245.90 34.77
939 50.73 30.60 153.77 228.98 30.31
940 50.79 68.20 179.77 239.50 33.42
941 50.76 75.64 147.33 221.97 27.81
942 50.69 79.01 137.16 212.29 26.09
943 50.79 85.43 108.54 185.63 19.80
944 50.83 12.86 81.60 163.85 17.69
945 50.88 25.97 125.85 222.71 26.25
946 50.78 33.01 152.68 233.49 30.22
947 50.87 91.64 69.92 131.82 15.45
948 50.86 48.64 181.98 243.70 37.44
949 50.98 59.98 179.32 245.80 36.59
950 51.07 28.24 141.29 229.09 27.96
951 51.06 36.51 162.35 236.53 33.73
952 51.09 40.77 165.95 243.18 33.74
953 51.30 81.79 117.04 195.27 22.71
954 51.23 18.09 81.73 191.19 19.95
955 51.22 62.17 174.48 245.06 35.98
956 51.17 64.88 172.19 242.93 33.83
957 51.28 70.74 161.72 235.29 32.96
958 51.33 44.70 169.02 243.91 34.98
959 51.30 9.13 63.08 142.92 15.33
960 51.44 21.23 83.53 196.93 21.45
961 51.48 52.01 170.10 245.46 34.93
962 51.48 57.93 176.85 246.24 38.07
963 51.57 73.07 149.68 231.24 28.75
964 51.56 88.34 83.78 166.25 18.11
965 51.64 15.33 75.26 173.80 18.71
966 51.60 6.22 49.07 113.33 12.75
967 51.58 34.36 154.40 235.38 30.58
968 51.55 54.06 171.34 247.40 37.45
969 51.63 46.86 166.56 244.71 35.42
970 51.68 24.25 97.87 211.78 24.69
971 51.67 42.46 153.44 243.59 33.64
972 51.77 66.97 165.84 241.10 33.31
973 51.76 94.76 34.44 66.89 9.20
974 51.78 50.06 164.00 244.68 36.45
975 51.72 78.13 126.81 213.36 25.86
976 51.85 31.93 135.33 234.46 30.13
977 51.82 55.97 175.13 246.10 37.95
978 51.92 11.66 63.06 162.54 17.84
979 51.88 29.72 123.61 229.39 29.41
980 52.05 75.43 140.48 228.00 29.52
981 52.02 84.18 111.12 194.14 21.63
982 52.09 37.76 153.80 239.29 32.71
983 52.06 39.90 148.86 242.46 35.72
984 52.13 69.16 157.07 239.00 33.93
985 52.09 60.08 167.08 246.63 35.63
986 52.21 26.56 113.54 222.91 27.11
987 52.22 64.69 172.02 242.79 35.32
988 52.30 91.67 61.23 133.75 15.61
989 52.33 48.51 163.10 246.49 37.41
990 52.30 62.25 169.88 245.19 36.77
991 52.43 19.96 78.03 198.86 22.06
992 52.45 35.72 138.43 237.98 31.55
993 52.38 44.47 151.00 243.08 35.10
994 52.55 8.70 46.86 138.21 14.58
995 52.66 17.29 69.09 179.39 19.62
996 52.69 71.46 145.16 231.00 32.59
997 52.65 22.87 86.53 207.81 25.58
998 52.56 51.73 156.90 244.36 35.26
999 52.64 54.02 167.23 247.23 38.46
1000 52.62 58.32 164.89 246.66 39.41
1001 52.67 79.58 120.82 207.74 26.04
1002 52.74 13.60 57.55 165.70 17.25
1003 52.73 33.28 128.56 235.78 29.78
1004 52.66 42.49 145.74 244.79 34.29
1005 52.85 86.52 93.29 180.86 19.01
1006 52.81 28.74 112.71 230.49 28.76
1007 52.85 46.31 154.28 243.39 34.48
1008 52.83 56.20 163.78 248.05 38.88
1009 52.94 66.57 151.83 239.75 33.92
1010 53.09 73.88 139.20 230.57 29.92
1011 53.18 82.35 106.48 188.98 23.45
1012 53.08 40.71 140.34 238.70 35.70
1013 53.13 30.98 120.00 227.50 29.48
1014 53.19 76.61 130.12 217.15 27.83
1015 53.29 89.41 79.72 163.15 17.74
1016 53.19 25.05 92.08 212.88 24.47
1017 53.16 38.51 142.02 240.98 32.21
1018 53.25 60.38 159.85 240.57 36.51
1019 53.19 63.66 158.11 241.04 35.74
1020 53.25 69.18 149.96 238.29 31.78
1021 53.43 50.38 150.96 242.12 34.50
1022 53.34 48.20 155.38 245.56 33.36
1023 53.45 34.96 123.30 235.90 32.05
1024 53.47 43.76 141.24 242.65 36.33
1025 53.58 11.00 51.46 152.87 15.94
1026 53.48 20.74 74.93 197.77 22.18
1027 53.53 27.14 108.37 223.58 28.85
1028 53.55 52.77 155.12 245.68 37.27
1029 53.63 15.42 56.35 169.06 17.39
1030 53.69 7.64 40.06 130.25 14.26
1031 53.84 92.06 62.00 117.52 13.20
1032 53.76 36.88 132.20 237.05 33.37
1033 53.73 57.55 166.50 242.26 35.30
1034 53.77 54.92 163.02 244.75 37.75
1035 53.90 32.77 120.49 233.05 30.33
1036 53.99 71.22 144.13 230.68 31.91
1037 53.93 79.24 123.16 205.71 27.85
1038 54.06 84.66 101.71 180.88 20.60
1039 54.08 18.19 72.41 182.02 20.85
1040 54.01 45.89 165.46 242.30 37.43
1041 54.00 62.18 163.72 240.37 36.86
1042 53.94 67.18 158.60 241.84 31.98
1043 54.11 23.28 88.20 208.27 26.32
1044 54.13 28.85 115.11 224.26 27.68
1045 54.13 41.02 146.34 236.11 34.26
1046 54.13 64.80 158.46 241.85 34.71
1047 54.26 73.71 150.31 227.73 29.78
1048 54.29 48.28 170.22 244.33 34.19
1049 54.36 59.58 169.93 242.54 39.95
1050 54.44 87.64 99.35 161.88 18.07
1051 54.39 13.24 54.90 160.06 17.33
1052 54.40 30.90 129.36 233.36 30.74
1053 54.38 38.79 157.27 236.52 34.27
1054 54.40 25.80 114.98 219.86 27.09
1055 54.58 76.34 152.51 216.03 28.49
1056 54.47 43.24 163.72 241.78 34.42
1057 54.55 52.26 167.22 242.95 36.52
1058 54.56 34.80 135.07 229.18 33.30
1059 54.61 50.22 165.60 240.90 36.07
1060 54.59 69.10 153.22 234.87 31.20
1061 54.63 20.96 80.85 190.04 21.57
1062 54.68 56.24 169.55 244.42 36.82
1063 54.85 82.19 120.56 183.70 22.98
1064 54.81 8.59 48.32 128.64 14.08
1065 54.81 54.21 181.97 243.95 37.72
1066 55.03 16.00 68.37 167.22 18.21
1067 55.01 36.80 147.24 228.09 32.17
1068 55.01 61.55 177.13 239.13 36.09
1069 54.98 66.65 160.98 234.42 33.76
1070 55.12 58.04 181.67 245.00 35.51
1071 55.04 90.60 82.12 127.76 15.98
1072 55.14 32.49 140.20 227.67 32.83
1073 55.08 45.07 197.26 239.66 35.29
1074 55.12 47.05 188.42 239.82 36.42
1075 55.18 63.97 170.98 236.12 34.16
1076 55.15 79.23 143.70 204.56 25.00
1077 55.21 71.44 156.86 226.62 29.05
1078 55.25 11.25 62.99 150.08 15.38
1079 55.22 27.31 144.46 212.40 26.12
1080 55.23 40.93 174.18 233.33 33.49
1081 55.22 24.17 112.70 199.50 25.83
1082 55.29 29.65 149.22 220.51 28.32
1083 55.40 18.91 85.31 177.92 20.27
1084 55.45 74.01 162.35 220.42 29.95
1085 55.48 5.96 39.97 96.84 11.94
1086 55.47 43.01 186.45 234.82 31.68
1087 55.57 85.35 131.44 167.61 20.33
1088 55.58 38.83 170.00 226.42 32.23
1089 55.57 49.08 199.67 237.90 35.15
1090 55.63 51.45 186.34 236.82 35.98
1091 55.68 34.29 142.55 221.30 29.28
1092 55.68 69.05 182.51 230.92 30.82
1093 55.75 21.73 104.63 181.50 22.50
1094 55.72 59.72 192.33 239.37 36.37
1095 55.80 53.65 193.38 237.52 35.62
1096 55.79 55.96 193.00 240.42 35.66
1097 55.85 93.11 60.86 76.78 12.28
1098 56.00 13.97 65.23 137.43 16.37
1099 55.98 76.85 164.41 210.06 27.74
1100 56.15 89.08 105.52 128.65 16.63
1101 56.08 36.14 159.74 217.17 33.81
1102 56.05 66.10 176.38 232.55 34.15
1103 56.14 30.76 146.42 207.54 27.96
1104 56.17 61.87 203.88 238.58 37.05
1105 56.14 25.23 137.85 197.10 25.04
1106 56.14 44.71 206.82 234.48 35.80
1107 56.15 47.13 204.85 234.75 35.92
1108 56.25 80.06 159.29 193.64 24.26
1109 56.34 7.75 66.02 104.02 13.13
1110 56.31 27.78 155.88 204.04 25.48
1111 56.34 17.12 90.43 155.68 18.78
1112 56.31 63.99 189.71 235.17 34.81
1113 56.35 10.54 78.79 132.21 14.87
1114 56.39 57.83 204.05 233.00 35.67
1115 56.42 71.40 191.42 221.90 33.75
1116 56.62 82.92 148.12 164.54 23.72
1117 56.43 42.17 180.13 229.37 32.47
1118 56.55 40.10 175.60 218.74 34.49
1119 56.59 32.81 161.49 206.34 31.68
1120 56.51 50.04 205.40 236.05 37.85
1121 56.61 74.24 181.44 214.06 28.44
1122 56.64 37.96 175.88 213.40 28.98
1123 56.62 68.13 196.47 226.98 32.32
1124 56.79 19.85 94.06 161.53 20.91
1125 56.73 22.72 119.43 179.89 24.13
1126 56.72 52.69 197.41 230.77 35.30
1127 56.76 54.80 193.72 231.94 32.67
1128 56.83 60.16 201.37 230.23 34.16
1129 56.95 86.14 139.27 156.11 19.41
1130 57.00 34.93 156.77 198.75 30.18
1131 57.08 45.84 210.65 220.33 34.65
1132 57.11 48.07 193.20 222.49 34.68
1133 57.09 29.66 150.79 198.13 28.61
1134 57.18 92.70 74.12 73.01 11.58
1135 57.17 43.50 193.44 215.62 35.77
1136 57.30 77.19 175.93 191.79 26.44
1137 57.26 15.26 81.05 131.67 19.02
1138 57.25 25.30 121.02 166.26 27.06
1139 57.26 56.58 189.82 226.54 35.67
1140 57.26 66.21 196.91 219.00 34.76
1141 57.26 12.16 68.85 120.54 15.62
1142 57.27 63.06 199.31 222.67 32.52
1143 57.51 27.65 139.38 183.52 27.10
1144 57.40 50.92 199.73 221.19 39.16
1145 57.46 69.11 193.64 218.22 30.24
1146 57.49 80.02 176.46 181.15 25.72
1147 57.60 89.46 121.59 110.00 16.37
1148 57.51 36.78 168.92 195.70 30.43
1149 57.59 8.70 59.12 99.00 15.08
1150 57.58 31.50 142.77 189.26 27.38
1151 57.53 41.29 173.29 205.05 31.71
1152 57.55 58.50 195.51 219.93 36.53
1153 57.54 71.70 196.02 207.08 28.07
1154 57.73 39.09 163.20 197.04 32.89
1155 57.78 74.52 189.11 198.03 28.02
1156 57.86 17.74 86.93 127.69 20.26
1157 57.83 22.86 118.69 153.00 22.35
1158 57.86 61.14 198.32 217.43 35.05
1159 57.89 33.57 141.36 178.71 28.81
1160 57.83 54.85 198.48 226.50 36.36
1161 57.89 52.57 204.57 213.90 32.14
1162 58.03 20.40 96.29 136.09 20.36
1163 57.99 49.13 198.68 208.28 35.85
1164 58.10 83.01 155.12 145.18 20.39
1165 58.08 64.79 203.13 216.85 33.02
1166 58.10 44.93 197.46 195.29 31.15
1167 58.24 86.25 147.28 130.01 17.81
1168 58.27 46.98 191.56 198.78 33.56
1169 58.36 29.48 147.94 168.28 27.33
1170 58.24 42.74 184.26 183.81 30.50
1171 58.32 11.05 70.97 95.36 15.01
1172 58.41 14.84 84.30 101.56 17.85
1173 58.44 25.03 111.24 130.31 24.67
1174 58.44 35.36 156.08 167.72 27.45
1175 58.50 92.88 66.83 57.51 11.56
1176 58.55 57.53 184.70 199.82 32.42
1177 58.58 66.90 185.89 195.36 33.79
1178 58.47 69.66 185.46 191.17 28.81
1179 58.55 59.52 199.89 203.31 32.14
1180 58.60 62.77 184.86 202.74 34.26
1181 58.63 76.64 170.51 165.97 25.45
1182 58.64 27.19 126.31 150.47 26.00
1183 58.57 37.57 165.60 170.68 29.85
1184 58.65 40.17 160.63 177.60 31.49
1185 58.69 72.63 185.03 178.73 29.08
1186 58.78 32.02 143.04 163.65 28.80
1187 58.71 50.67 192.63 192.63 34.09
1188 58.77 80.16 159.27 144.98 23.31
1189 58.74 53.47 197.00 190.26 33.46
1190 58.87 55.79 187.14 200.43 34.39
1191 58.96 88.81 121.67 106.01 15.51
1192 58.92 22.33 98.56 113.50 22.65
1193 59.01 19.17 83.74 98.28 20.31
1194 59.09 48.09 182.46 178.26 34.84
1195 59.27 12.81 67.82 74.15 16.38
1196 59.13 42.52 159.85 162.68 32.12
1197 59.19 45.13 172.06 157.96 32.45
1198 59.31 34.06 146.07 140.90 29.10
1199 59.30 64.66 172.82 183.89 33.00
1200 59.36 84.03 139.85 119.47 17.69
1201 59.45 9.51 60.31 57.79 14.04
1202 59.34 60.79 179.85 179.26 32.47
1203 59.46 16.47 72.84 86.16 17.61
1204 59.45 29.82 139.56 129.19 28.35
1205 59.47 36.25 147.78 132.92 29.65
1206 59.44 68.66 176.76 174.50 31.43
1207 59.56 38.61 148.90 143.64 29.21
1208 59.62 52.10 187.41 158.98 33.41
1209 59.68 24.62 116.02 100.98 25.30
1210 59.64 27.17 118.94 113.47 24.30
1211 59.66 58.21 173.35 172.54 32.02
1212 59.78 71.16 176.68 155.45 27.48
1213 59.73 73.78 161.31 159.27 24.42
1214 59.81 91.60 77.17 61.02 12.32
1215 59.71 54.45 187.68 153.20 31.84
1216 59.81 49.85 183.12 150.71 34.02
1217 59.85 76.41 157.16 138.34 25.08
1218 59.84 79.16 150.56 129.66 23.31
1219 59.81 40.79 150.72 137.68 30.05
1220 59.93 21.83 103.98 84.52 22.75
1221 59.98 32.27 134.50 120.91 29.00
1222 59.94 62.84 169.17 167.98 30.78
1223 59.99 66.57 171.49 157.17 30.74
1224 60.05 47.49 172.69 144.77 31.38
1225 60.16 87.82 108.72 81.05 15.80
1226 60.17 18.95 91.48 69.62 21.42
1227 60.13 43.06 159.28 125.91 31.30
1228 60.27 45.42 164.40 125.54 31.28
1229 60.30 14.29 65.55 51.91 16.15
1230 60.33 56.20 182.60 147.67 35.02
1231 60.50 81.73 132.13 97.83 19.05
1232 60.43 11.22 57.31 47.46 15.03
1233 60.44 34.46 145.80 103.63 29.33
1234 60.43 37.05 144.69 109.96 28.91
1235 60.42 60.31 175.20 152.17 30.52
1236 60.54 28.56 126.38 106.86 27.07
1237 60.50 68.82 169.49 132.67 29.69
1238 60.62 30.67 138.93 93.79 27.29
1239 60.69 7.74 49.00 29.61 12.97
1240 60.66 39.42 148.52 108.14 33.52
1241 60.68 64.91 168.48 139.65 31.54
1242 60.66 84.88 114.28 91.57 17.44
1243 60.70 26.18 123.41 83.41 25.11
1244 60.68 51.67 175.24 122.30 31.41
1245 60.70 53.91 184.95 129.90 35.00
1246 60.81 58.08 170.95 139.19 34.49
1247 60.82 73.67 159.48 127.50 27.16
1248 60.96 23.72 116.63 67.46 23.32
1249 60.99 16.83 78.16 48.28 19.19
1250 60.93 49.64 181.36 123.52 33.12
1251 61.01 71.01 165.53 123.26 26.67
1252 61.00 21.09 97.78 66.54 22.04
1253 61.03 41.56 163.31 97.64 33.40
1254 61.03 62.57 167.26 129.34 32.47
1255 60.99 78.76 134.82 108.62 23.22
1256 61.11 47.76 167.18 113.79 33.34
1257 61.13 76.12 148.20 108.18 23.85
1258 61.20 90.93 63.20 44.02 12.09
1259 61.16 43.82 171.35 101.97 35.59
1260 61.46 32.38 148.19 76.96 32.69
1261 61.39 67.72 164.43 109.32 27.57
1262 61.44 10.24 62.57 30.15 15.43
1263 61.44 36.10 161.09 79.49 31.93
1264 61.46 45.72 169.30 96.02 36.09
1265 61.47 55.73 190.37 113.65 35.55
1266 61.50 13.98 66.23 33.99 18.20
1267 61.50 60.24 171.70 118.11 31.07
1268 61.56 27.75 135.10 68.48 27.48
1269 61.56 38.10 157.85 88.50 34.52
1270 61.61 87.52 86.93 60.34 15.84
1271 61.71 19.20 91.19 45.59 22.02
1272 61.66 34.31 146.34 80.80 33.43
1273 61.68 53.15 184.26 102.42 35.35
1274 61.67 30.10 139.53 77.58 30.36
1275 61.74 65.21 164.93 110.82 29.67
1276 61.79 83.14 107.34 67.69 17.92
1277 61.80 50.89 183.42 101.35 34.98
1278 61.88 25.16 127.43 59.65 27.73
1279 61.91 40.13 169.00 83.80 36.48
1280 61.91 57.91 190.73 107.76 33.38
1281 62.02 79.96 131.36 76.01 20.88
1282 62.00 73.43 163.43 96.96 26.84
1283 61.93 42.57 181.57 90.43 39.14
1284 62.04 22.19 109.26 54.66 25.12
1285 62.07 62.50 158.10 98.98 32.02
1286 62.08 70.50 167.52 104.26 28.62
1287 62.35 7.35 50.56 18.05 14.14
1288 62.16 48.70 173.58 96.11 36.87
1289 62.20 76.91 140.90 81.84 22.87
1290 62.53 17.34 95.19 33.38 23.16
1291 62.40 46.27 175.64 79.91 41.09
1292 62.47 67.22 169.45 88.02 29.81
1293 62.55 10.62 76.97 23.99 18.33
1294 62.63 36.35 180.12 65.98 41.06
1295 62.59 54.21 189.39 86.59 36.39
1296 62.57 59.92 176.00 94.40 34.67
1297 62.72 13.91 86.86 27.88 19.26
1298 62.66 29.32 150.80 54.09 37.48
1299 62.67 43.57 192.45 73.84 38.88
1300 62.68 56.22 191.90 92.60 34.10
1301 62.66 26.87 143.35 54.91 31.26
1302 62.68 33.88 156.90 70.28 43.00
1303 62.81 85.24 102.25 47.70 15.92
1304 62.82 31.73 158.39 56.88 38.48
1305 62.79 38.64 180.12 73.60 44.98
1306 62.71 51.66 189.64 85.17 41.55
1307 62.81 64.74 162.31 87.58 32.18
1308 62.84 88.42 83.67 38.62 13.49
1309 62.91 20.55 105.93 38.46 27.29
1310 62.92 23.82 130.38 44.52 28.95
1311 63.00 40.79 190.98 68.25 46.27
1312 63.12 91.43 51.38 21.28 10.06
1313 62.96 81.85 119.06 55.67 20.04
1314 63.09 69.50 165.49 84.89 30.02
1315 63.09 74.74 152.11 77.29 27.19
1316 63.22 57.98 186.14 82.55 35.55
1317 63.11 62.07 173.35 90.88 32.65
1318 63.31 71.88 158.61 77.06 28.73
1319 63.16 48.61 190.15 76.06 42.85
1320 63.31 78.09 135.40 62.38 23.62
1321 63.39 45.57 195.09 68.76 46.46
1322 63.57 35.23 172.05 57.02 52.32
1323 63.54 53.40 202.40 81.48 48.21
1324 63.58 67.71 177.16 78.33 30.78
1325 63.69 7.22 50.76 12.09 15.91
1326 63.63 16.14 102.46 26.65 30.80
1327 63.75 26.58 148.90 44.52 46.78
1328 63.67 43.12 197.93 61.07 56.10
1329 63.65 51.12 200.77 72.43 49.66
1330 63.66 60.10 182.93 80.41 39.23
1331 63.70 10.26 73.30 19.23 20.45
1332 63.76 28.71 160.79 48.83 47.94
1333 63.77 37.59 182.55 62.55 60.71
1334 63.85 18.84 116.93 27.53 35.35
1335 63.85 55.95 202.50 73.70 44.52
1336 63.87 63.76 175.50 75.16 34.27
1337 63.91 30.82 163.54 50.16 60.75
1338 64.01 33.03 163.44 49.81 67.50
1339 63.99 21.71 125.34 36.27 36.96
1340 64.02 24.23 142.89 37.49 41.33
1341 64.03 81.06 133.38 43.04 20.89
1342 64.11 65.94 180.31 67.59 30.29
1343 64.07 84.56 108.98 40.09 17.34
1344 64.10 13.24 86.40 20.01 27.87
1345 64.07 40.97 182.19 58.57 66.55
1346 64.16 47.18 202.91 64.16 59.49
1347 64.26 76.29 150.22 59.28 25.67
1348 64.14 88.77 87.83 25.95 12.88
1349 64.25 49.26 204.10 66.33 54.86
1350 64.21 73.50 162.16 61.37 29.65
1351 64.37 58.39 195.82 69.89 43.61
1352 64.46 61.77 190.31 63.92 40.80
1353 64.59 38.99 189.22 57.04 92.04
1354 64.43 44.71 197.30 59.91 69.02
1355 64.57 68.89 177.87 63.82 32.58
1356 64.53 54.24 215.58 70.58 55.42
1357 64.60 34.93 171.80 53.64 87.82
1358 64.74 71.04 173.86 60.97 31.76
1359 64.79 52.10 202.36 62.27 63.47
1360 64.80 16.69 100.46 20.38 42.09
1361 64.88 79.00 144.16 44.47 23.24
1362 64.74 9.05 57.92 13.81 27.70
1363 64.85 42.43 183.48 54.89 84.89
1364 64.91 26.13 145.40 36.04 71.65
1365 64.99 20.33 122.93 26.53 56.00
1366 64.98 28.92 156.12 40.16 86.20
1367 64.99 31.41 158.65 43.16 91.24
1368 65.03 36.89 175.13 49.91 98.96
1369 65.18 56.13 207.59 64.71 62.98
1370 65.04 64.23 188.64 64.83 41.19
1371 65.15 23.37 136.82 33.77 74.75
1372 65.16 85.92 113.53 31.63 18.69
1373 65.25 50.15 195.00 58.19 83.16
1374 65.27 60.40 199.60 61.44 56.60
1375 65.19 66.69 189.38 61.79 38.92
1376 65.21 12.67 73.84 17.07 45.91
1377 65.31 46.17 196.61 58.63 85.78
1378 65.31 82.35 136.16 34.48 19.62
1379 65.37 73.68 164.27 53.36 33.15
1380 65.41 89.43 73.86 18.82 13.08
1381 65.47 40.40 167.96 54.39 127.70
1382 65.44 48.10 198.23 59.16 82.51
1383 65.43 58.23 200.40 62.35 63.14
1384 65.48 33.93 163.18 47.50 129.75
1385 65.61 76.57 152.51 42.68 27.09
1386 65.54 44.26 179.78 53.08 97.25
1387 65.59 53.94 197.13 61.87 87.46
1388 65.89 15.39 81.20 18.42 68.46
1389 65.84 62.76 194.30 56.04 52.14
1390 65.80 9.10 55.99 11.24 44.73
1391 65.96 18.82 102.29 23.25 80.97
1392 65.89 27.12 143.12 38.29 110.86
1393 65.95 38.45 166.42 48.85 154.12
1394 65.98 68.66 182.87 54.79 48.87
1395 66.02 71.43 177.76 50.62 41.71
1396 66.00 32.02 151.53 41.53 142.02
1397 66.02 42.14 173.74 47.84 139.16
1398 65.97 51.80 181.37 58.95 110.00
1399 66.07 35.99 160.67 45.86 158.83
1400 66.11 24.58 121.63 31.51 113.92
1401 66.12 79.83 150.12 37.11 26.25
1402 66.16 21.84 113.81 24.37 100.90
1403 66.21 29.42 149.70 36.08 140.43
1404 66.19 65.38 186.62 53.96 54.08
1405 66.38 84.48 128.51 26.32 20.65
1406 66.33 12.09 81.11 14.79 75.80
1407 66.33 56.29 204.16 58.56 96.29
1408 66.40 49.27 172.64 54.11 114.78
1409 66.43 58.67 200.38 59.19 82.38
1410 66.43 46.78 177.81 55.12 123.29
1411 66.50 60.93 200.43 58.00 81.48
1412 66.54 74.53 170.41 43.19 40.49
1413 66.57 44.39 182.88 51.47 139.39
1414 66.64 53.68 195.02 57.37 126.83
1415 66.66 88.60 88.04 16.46 17.12
1416 66.74 34.03 142.98 42.49 172.81
1417 67.00 39.80 160.66 45.96 176.66
1418 66.94 77.62 163.72 36.20 35.12
1419 66.88 8.25 46.94 8.84 65.39
1420 66.90 17.22 85.68 17.30 101.63
1421 66.94 26.82 126.49 31.10 166.08
1422 66.93 37.48 146.67 45.83 180.86
1423 67.03 67.15 188.43 48.43 64.55
1424 66.97 42.06 167.86 46.47 167.33
1425 67.03 51.52 180.54 55.27 153.34
1426 67.02 62.77 193.62 52.98 90.17
1427 67.13 82.10 138.95 26.35 27.23
1428 67.02 31.24 154.44 37.37 175.91
1429 67.21 69.67 172.21 45.77 68.79
1430 67.29 14.04 74.27 14.89 101.27
1431 67.21 21.12 98.24 21.44 128.17
1432 67.27 24.24 122.35 27.80 157.47
1433 67.24 72.29 183.57 44.74 58.02
1434 67.27 55.34 200.85 58.69 138.64
1435 67.40 64.75 182.79 50.98 87.96
1436 67.38 49.35 168.16 52.65 179.02
1437 67.46 57.60 194.30 53.28 142.00
1438 67.41 59.78 193.26 50.50 126.95
1439 67.66 10.77 56.90 11.74 106.52
1440 67.52 28.80 135.21 34.10 187.25
1441 67.58 35.68 138.08 40.06 190.54
1442 67.47 47.15 179.19 49.85 168.68
1443 67.50 44.97 179.81 52.46 173.76
1444 67.73 86.09 102.15 18.20 24.87
1445 67.78 75.13 161.25 35.97 57.51
1446 67.91 79.73 136.42 28.61 39.59
1447 67.85 33.52 145.72 36.38 194.06
1448 67.74 53.34 189.46 56.55 179.03
1449 67.90 19.02 102.13 19.11 139.36
1450 67.98 38.11 154.69 42.95 200.86
1451 67.90 42.05 167.28 45.70 197.28
1452 68.03 61.76 185.49 49.56 139.02
1453 68.16 7.97 38.19 6.50 89.61
1454 68.19 15.96 86.91 16.43 130.11
1455 68.09 31.03 146.60 37.47 199.98
1456 68.23 67.62 180.29 46.85 103.00
1457 68.23 26.53 119.84 27.90 186.84
1458 68.15 51.26 181.46 53.15 205.76
1459 68.31 23.32 118.71 26.68 184.32
1460 68.40 40.02 162.12 43.38 207.83
1461 68.25 55.89 192.89 50.80 185.27
1462 68.31 72.37 173.92 38.88 85.77
1463 68.37 44.30 183.35 47.15 205.48
1464 68.45 82.76 126.52 23.86 40.97
1465 68.45 48.96 182.98 48.05 207.64
1466 68.45 59.22 192.46 51.70 177.88
1467 68.39 65.33 176.71 45.89 124.18
1468 68.58 69.97 178.23 43.28 104.84
1469 68.69 77.54 145.90 28.79 61.72
1470 68.71 12.62 68.30 12.20 131.50
1471 68.66 46.59 178.57 46.90 206.06
1472 68.73 36.54 152.00 39.65 215.02
1473 68.71 63.24 176.37 46.91 148.88
1474 68.82 20.73 111.90 19.27 171.19
1475 68.79 88.68 70.06 10.74 22.61
1476 68.81 29.05 138.18 31.46 210.61
1477 68.73 53.42 184.78 49.00 202.88
1478 68.94 32.52 160.07 37.73 222.40
1479 69.12 6.38 26.82 4.35 68.69
1480 68.99 57.42 184.49 48.05 208.44
1481 69.13 34.57 166.92 37.30 222.11
1482 69.08 42.38 176.57 45.55 218.02
1483 69.19 17.74 94.38 16.34 158.75
1484 69.07 74.57 158.97 32.38 96.52
1485 69.19 85.46 106.77 17.78 37.92
1486 69.12 60.90 185.13 47.28 185.10
1487 69.28 9.87 59.97 8.42 124.20
1488 69.27 24.86 123.20 29.71 209.06
1489 69.18 51.05 197.02 46.51 215.83
1490 69.37 55.16 180.73 48.40 216.40
1491 69.36 65.50 174.17 45.06 152.04
1492 69.47 80.84 139.46 24.87 70.32
1493 69.50 14.74 79.04 13.76 147.52
1494 69.54 38.18 152.94 39.55 220.53
1495 69.41 44.48 179.74 42.82 225.54
1496 69.69 26.91 125.57 27.57 213.93
1497 69.53 40.48 171.78 43.89 227.07
1498 69.48 48.48 183.67 46.05 226.33
1499 69.53 68.50 171.71 42.08 141.67
1500 69.67 71.37 162.20 37.86 139.45
1501 69.73 22.37 116.20 21.41 201.34
1502 69.71 30.89 162.69 34.88 225.19
1503 69.81 52.92 186.71 47.29 222.08
1504 69.82 59.13 191.48 48.61 209.18
1505 69.80 62.68 185.50 44.45 181.91
1506 69.92 46.32 190.44 43.37 230.71
1507 69.92 77.71 131.22 25.56 100.64
1508 70.11 35.67 162.85 36.85 223.77
1509 70.11 56.90 186.83 46.86 217.31
1510 70.13 74.39 151.13 30.58 121.35
1511 70.21 19.28 100.59 18.20 186.13
1512 70.21 28.85 149.87 32.38 226.73
1513 70.40 88.31 59.95 8.96 30.46
1514 70.22 7.68 46.07 5.60 96.48
1515 70.26 11.98 76.67 9.61 151.04
1516 70.27 33.09 159.04 35.98 230.75
1517 70.21 50.46 199.80 44.68 229.78
1518 70.26 66.81 177.25 40.20 164.34
1519 70.36 84.48 96.15 16.47 64.17
1520 70.32 43.88 180.17 42.37 227.17
1521 70.46 64.54 178.36 44.98 191.53
1522 70.48 54.67 198.00 48.67 227.38
1523 70.47 60.86 185.27 45.14 206.27
1524 70.51 15.89 86.72 13.61 174.60
1525 70.57 24.59 111.15 23.78 217.11
1526 70.62 41.95 174.00 40.75 231.79
1527 70.58 39.75 175.95 40.59 229.46
1528 70.55 48.23 209.18 45.85 235.72
1529 70.73 37.58 164.91 39.07 225.89
1530 70.86 81.56 115.29 18.54 96.28
1531 70.92 69.32 187.08 37.49 171.04
1532 70.91 71.91 170.66 33.07 161.30
1533 70.88 52.38 198.07 46.73 231.33
1534 70.98 21.58 99.43 18.30 206.53
1535 71.03 30.70 137.88 31.61 230.46
1536 70.98 58.64 187.49 43.65 220.00
1537 71.00 46.07 189.26 43.77 233.19
1538 71.08 78.27 125.98 24.64 129.28
1539 71.23 27.63 122.00 28.00 223.92
1540 71.20 62.89 179.65 46.33 210.98
1541 71.30 34.15 154.17 35.09 234.21
1542 71.25 56.49 195.82 45.48 228.00
1543 71.22 75.06 150.02 27.25 148.10
1544 71.40 7.84 49.39 4.59 111.49
1545 71.33 50.01 204.09 44.61 232.64
1546 71.29 66.73 181.49 39.67 194.78
1547 71.42 10.79 59.68 8.44 154.05
1548 71.35 43.81 181.78 43.10 231.68
1549 71.44 17.95 90.15 14.39 188.52
1550 71.52 14.13 66.76 11.57 171.73
1551 71.54 36.23 158.76 37.90 235.24
1552 71.54 85.82 70.12 11.12 64.59
1553 71.59 40.65 175.58 41.76 235.16
1554 71.56 54.34 197.18 44.50 234.00
1555 71.66 60.87 180.91 44.43 220.87
1556 71.71 24.96 113.37 23.98 222.97
1557 71.71 47.95 195.34 45.76 236.49
1558 71.90 38.59 164.00 39.98 231.59
1559 71.94 32.00 140.46 34.71 233.44
1560 72.01 65.11 185.19 40.05 210.63
1561 71.93 51.85 200.20 43.90 237.02
1562 72.06 21.73 88.46 16.40 211.68
1563 72.05 45.40 168.29 41.98 231.49
1564 72.05 58.60 173.47 42.51 230.02
1565 72.12 72.97 173.59 28.45 180.93
1566 72.17 42.49 169.47 42.64 234.02
1567 72.07 68.59 176.96 35.91 198.78
1568 72.26 29.56 113.39 28.07 229.82
1569 72.29 82.78 105.01 14.96 101.03
1570 72.29 79.69 127.59 20.47 127.25
1571 72.35 76.51 148.94 24.35 150.54
1572 72.34 89.01 29.28 4.64 33.20
1573 72.47 56.17 179.14 41.10 232.69
1574 72.52 26.93 101.52 23.15 225.78
1575 72.50 62.94 180.30 39.28 222.28
1576 72.61 18.73 67.91 14.73 205.15
1577 72.66 33.85 124.11 33.41 230.98
1578 72.54 53.65 184.56 45.05 231.98
1579 72.56 11.78 50.03 9.06 164.39
1580 72.66 15.55 57.85 11.99 185.87
1581 72.56 36.36 138.81 37.04 230.81
1582 72.61 48.99 180.35 46.30 238.72
1583 72.80 70.66 174.27 32.00 197.99
1584 72.78 40.14 146.27 39.71 231.84
1585 72.83 50.80 179.92 43.59 231.85
1586 72.88 60.51 168.32 40.58 226.54
1587 72.84 85.89 65.02 9.45 74.36
1588 72.88 23.80 95.18 22.06 218.40
1589 72.86 46.84 167.50 45.30 235.85
1590 73.10 67.20 173.16 33.45 211.27
1591 73.05 44.77 162.76 43.15 236.07
1592 73.09 58.13 169.98 39.36 228.87
1593 73.21 31.32 111.33 30.70 225.63
1594 73.23 42.59 148.84 38.13 231.36
1595 73.33 37.79 127.98 33.86 231.25
1596 73.38 74.71 158.72 24.13 180.17
1597 73.49 20.79 74.08 16.48 201.85
1598 73.50 64.85 173.77 37.40 223.18
1599 73.52 28.71 90.81 28.32 223.21
1600 73.55 52.40 168.82 42.47 234.58
1601 73.46 54.67 172.02 44.44 232.58
1602 73.53 81.42 118.48 16.31 128.89
1603 73.65 77.81 136.24 20.79 161.44
1604 73.67 13.39 47.85 9.29 168.27
1605 73.72 26.09 80.81 22.73 213.70
1606 73.66 35.20 115.06 31.94 224.72
1607 73.63 48.24 154.59 42.79 238.38
1608 73.70 62.56 161.04 38.94 222.28
1609 73.78 9.46 34.99 5.21 115.87
1610 73.88 17.33 54.11 12.15 184.77
1611 73.94 72.36 149.88 26.86 203.74
1612 73.94 56.84 171.10 44.94 231.75
1613 74.05 69.58 160.65 31.31 215.63
1614 74.06 39.35 117.65 36.60 226.79
1615 74.02 50.30 150.17 41.85 235.11
1616 74.07 84.57 81.45 10.50 92.39
1617 74.06 41.43 133.95 38.39 229.80
1618 74.04 59.64 166.67 41.02 222.31
1619 74.11 32.50 98.14 26.94 216.51
1620 74.07 44.81 148.19 39.16 231.98
1621 74.14 23.37 71.07 18.71 206.43
1622 74.32 46.80 149.64 42.69 227.90
1623 74.46 67.11 164.10 35.15 220.67
1624 74.49 37.03 111.15 36.52 227.12
1625 74.58 29.95 82.56 25.93 198.41
1626 74.51 54.63 154.82 44.42 234.00
1627 74.68 52.49 147.36 40.67 228.38
1628 74.75 80.07 119.26 15.81 146.80
1629 74.82 11.37 38.83 7.42 134.72
1630 74.76 34.45 98.42 31.17 216.02
1631 74.71 43.34 133.44 37.49 225.49
1632 74.74 61.72 142.45 36.84 216.59
1633 74.89 76.81 134.53 20.81 179.52
1634 74.96 14.33 44.53 11.17 160.05
1635 74.92 20.43 58.69 14.46 186.46
1636 74.86 27.16 76.45 22.72 199.70
1637 74.92 64.23 143.97 37.64 222.34
1638 74.91 48.60 147.56 45.00 231.95
1639 74.97 56.77 149.94 42.23 224.55
1640 75.08 73.49 142.15 22.13 203.22
1641 75.14 17.28 55.21 12.84 179.80
1642 75.08 40.50 115.39 40.39 221.80
1643 75.09 59.27 148.00 38.00 220.08
1644 75.19 86.42 57.65 5.97 66.82
1645 75.20 50.62 133.86 41.05 227.54
1646 75.36 82.82 94.45 11.71 130.78
1647 75.25 23.33 61.41 17.41 177.79
1648 75.35 32.25 99.92 27.08 197.94
1649 75.27 45.56 131.04 41.48 219.61
1650 75.34 70.05 135.61 28.25 206.45
1651 75.44 38.46 116.08 33.88 217.94
1652 75.57 36.26 103.98 30.34 204.15
1653 75.63 42.49 127.33 36.19 214.88
1654 75.52 54.35 137.11 39.07 224.00
1655 75.55 66.53 143.54 33.65 212.24
1656 75.84 25.28 73.59 19.71 172.85
1657 75.85 30.18 94.92 26.03 180.25
1658 75.86 47.42 138.61 38.41 221.72
1659 75.93 61.92 133.33 37.90 218.96
1660 76.06 34.06 107.92 30.67 193.27
1661 76.08 52.15 135.12 41.18 215.16
1662 76.07 57.08 136.18 40.80 215.59
1663 76.13 76.34 120.16 19.38 183.70
1664 76.17 18.57 54.66 12.03 153.99
1665 76.27 27.70 88.08 22.03 168.09
1666 76.26 64.26 131.72 36.37 213.13
1667 76.28 80.18 106.68 13.83 154.95
1668 76.24 11.02 29.33 5.72 88.85
1669 76.17 44.55 127.95 36.50 203.69
1670 76.18 49.56 127.51 42.16 218.56
1671 76.18 59.71 129.57 40.00 217.57
1672 76.24 72.84 115.60 21.92 195.49
1673 76.26 14.71 38.41 8.71 130.78
1674 76.24 40.59 126.68 35.30 198.27
1675 76.40 22.08 60.32 15.65 148.53
1676 76.43 68.27 131.13 29.78 201.91
1677 76.57 84.91 55.50 6.74 78.53
1678 76.52 54.66 127.34 41.86 213.57
1679 76.63 38.53 123.64 36.12 188.44
1680 76.68 36.16 123.19 33.23 184.69
1681 76.82 42.69 137.44 34.12 195.74
1682 76.91 32.54 115.23 28.29 171.36
1683 76.91 47.31 141.57 43.11 206.11
1684 77.12 70.77 108.50 24.20 194.16
1685 76.99 29.74 100.74 25.83 164.94
1686 77.08 25.25 83.81 19.63 143.10
1687 77.12 58.95 124.80 38.68 206.52
1688 77.22 19.33 68.12 13.45 122.96
1689 77.16 45.18 145.98 39.71 186.71
1690 77.12 49.90 126.90 41.29 203.10
1691 77.16 52.17 124.82 36.73 205.78
1692 77.25 62.09 120.00 33.59 208.06
1693 77.21 65.85 119.94 29.39 205.11
1694 77.29 56.60 132.82 36.20 206.59
1695 77.38 12.41 41.71 7.35 86.60
1696 77.40 77.18 98.20 17.36 165.81
1697 77.47 15.98 59.77 10.49 108.89
1698 77.38 40.60 153.15 34.68 173.76
1699 77.54 73.99 97.26 19.17 174.87
1700 77.54 35.01 135.52 29.54 161.83
1701 77.75 80.45 76.49 12.98 143.69
1702 77.70 83.85 47.19 5.62 89.56
1703 77.62 54.17 125.26 38.77 197.49
1704 77.74 22.72 81.56 15.57 118.62
1705 77.84 27.90 109.42 19.73 130.44
1706 77.70 38.27 148.02 35.73 163.02
1707 77.89 68.51 101.23 26.83 191.04
1708 77.85 31.07 121.24 27.43 138.31
1709 77.88 43.57 166.67 38.63 169.54
1710 77.91 48.22 143.80 40.98 184.54
1711 78.12 50.63 141.19 41.74 191.94
1712 78.11 59.85 118.50 35.04 199.62
1713 78.21 64.51 104.91 31.79 190.81
1714 78.28 33.20 145.42 27.58 143.66
1715 78.27 45.92 154.83 37.58 165.17
1716 78.35 20.06 78.35 13.03 106.64
1717 78.36 41.40 170.82 34.69 152.37
1718 78.41 57.40 122.90 33.94 186.41
1719 78.44 25.46 112.83 19.32 116.18
1720 78.48 36.77 160.72 31.28 141.94
1721 78.53 71.77 95.57 22.07 171.85
1722 78.68 13.49 56.35 6.82 66.35
1723 78.67 17.02 69.77 10.41 84.12
1724 78.76 52.62 145.18 34.59 176.88
1725 78.63 54.95 133.32 35.83 185.57
1726 78.68 62.07 118.90 32.77 189.12
1727 78.79 78.34 76.55 13.62 151.84
1728 78.88 29.77 144.12 24.13 115.28
1729 78.81 39.20 185.84 31.76 145.84
1730 78.91 75.26 81.80 17.97 161.47
1731 78.99 67.24 105.84 26.03 180.49
1732 78.89 43.50 177.29 35.32 154.10
1733 78.87 48.07 156.81 36.47 162.14
1734 79.09 22.81 121.47 15.34 107.44
1735 79.06 34.85 174.90 27.64 132.16
1736 79.31 27.36 135.10 21.36 106.42
1737 79.18 50.27 146.11 38.67 163.11
1738 79.42 31.97 167.66 23.80 114.70
1739 79.33 59.65 123.54 35.00 186.59
1740 79.45 45.29 179.33 37.07 151.36
1741 79.64 70.53 87.68 21.01 163.68
1742 79.56 41.26 196.00 34.86 139.39
1743 79.52 57.08 134.78 36.43 169.06
1744 79.56 64.54 107.96 29.59 170.09
1745 79.66 20.14 115.69 12.78 88.47
1746 79.67 37.17 193.04 29.41 130.22
1747 79.75 80.77 48.94 8.51 105.70
1748 79.70 54.58 149.98 34.61 153.46
1749 79.89 24.75 129.53 17.25 95.01
1750 79.82 47.38 177.88 37.33 140.26
1751 80.03 73.58 78.57 17.62 154.33
1752 80.01 14.17 71.78 6.25 59.60
1753 79.98 17.10 87.13 9.62 78.97
1754 79.99 61.76 114.07 33.51 168.63
1755 80.00 52.33 163.02 32.79 146.23
1756 80.11 43.22 199.67 35.88 135.00
1757 80.17 34.13 191.28 27.17 123.87
1758 80.18 39.22 201.06 35.91 129.11
1759 80.27 77.06 64.97 13.78 126.81
1760 80.24 29.34 174.54 19.96 101.88
1761 80.17 50.13 173.78 36.18 144.22
1762 80.30 68.53 94.10 22.57 157.25
1763 80.46 59.04 135.86 37.05 155.82
1764 80.66 45.67 206.41 36.89 125.96
1765 80.56 56.56 152.16 37.45 140.55
1766 80.76 66.18 111.44 27.47 152.74
1767 80.70 21.74 120.17 13.23 77.08
1768 80.76 31.83 180.30 22.78 101.32
1769 80.81 26.57 145.48 18.48 100.98
1770 80.73 36.25 193.26 27.50 118.78
1771 80.84 54.14 171.45 35.85 127.74
1772 80.92 41.01 211.70 28.98 123.72
1773 80.80 48.35 186.85 37.68 125.78
1774 80.90 63.51 117.34 29.29 146.34
1775 81.09 80.54 36.23 6.47 79.02
1776 81.11 18.61 111.66 9.24 69.15
1777 81.21 51.90 187.34 34.11 120.56
1778 81.36 71.51 81.92 18.63 139.91
1779 81.22 38.29 207.68 32.06 114.82
1780 81.25 43.17 211.69 34.56 118.02
1781 81.34 15.24 92.52 6.56 57.81
1782 81.42 23.78 134.66 14.68 75.14
1783 81.38 61.12 133.93 31.57 137.95
1784 81.49 74.69 69.97 14.39 130.73
1785 81.55 28.61 161.69 18.62 81.08
1786 81.51 34.38 181.91 24.68 103.45
1787 81.63 58.58 154.97 33.77 124.97
1788 81.63 56.01 172.33 33.37 116.40
1789 81.73 49.79 198.29 33.65 113.98
1790 81.83 77.62 54.03 10.08 102.33
1791 81.74 68.51 103.82 21.94 133.75
1792 81.81 45.06 212.27 34.18 116.70
1793 81.86 47.51 211.26 37.96 120.34
1794 81.98 31.05 181.21 22.24 85.32
1795 82.04 65.05 118.13 26.02 129.95
1796 82.14 39.73 212.77 30.23 105.18
1797 82.13 20.58 116.52 11.17 64.94
1798 82.25 37.01 193.38 27.66 89.95
1799 82.26 42.06 214.96 31.64 98.70
1800 82.45 54.23 191.98 33.11 104.83
1801 82.48 24.96 137.25 13.35 70.16
1802 82.47 62.79 143.32 28.79 124.97
1803 82.37 52.06 201.44 31.98 116.76
1804 82.59 16.70 93.08 7.19 53.81
1805 82.54 33.31 178.54 21.86 85.92
1806 82.77 79.73 26.61 4.47 53.88
1807 82.84 27.37 153.43 16.94 71.79
1808 82.81 60.11 157.14 27.45 106.73
1809 82.96 73.66 74.07 14.57 112.97
1810 82.77 57.10 166.86 33.07 96.95
1811 82.89 70.66 90.61 18.80 104.29
1812 82.88 45.93 205.80 29.16 94.82
1813 82.95 67.51 115.42 21.71 103.47
1814 82.91 50.27 198.77 35.23 102.21
1815 83.09 43.69 208.29 31.93 92.34
1816 83.12 48.10 208.44 32.37 95.29
1817 83.16 29.90 162.22 19.53 77.78
1818 83.16 35.37 177.86 25.41 82.48
1819 83.36 22.22 123.59 11.38 57.27
1820 83.41 76.74 52.52 8.89 73.20
1821 83.36 40.82 203.26 27.57 84.11
1822 83.33 19.28 102.23 8.74 58.06
1823 83.37 38.41 187.82 26.31 81.35
1824 83.55 65.09 142.00 24.36 97.28
1825 83.54 32.43 163.06 20.38 77.81
1826 83.60 52.56 197.09 31.71 87.41
1827 83.66 55.22 189.09 31.83 88.06
1828 83.81 62.24 160.67 26.44 98.36
1829 83.86 58.26 173.16 27.53 83.61
1830 83.96 24.79 118.85 13.89 56.75
1831 84.05 50.04 200.18 31.06 84.81
1832 84.21 27.67 132.75 15.12 59.85
1833 84.25 36.59 178.20 23.93 65.77
1834 84.23 42.83 193.98 29.24 77.02
1835 84.18 45.19 188.24 29.86 79.54
1836 84.33 69.32 115.74 17.77 84.49
1837 84.29 72.19 86.69 15.51 79.11
1838 84.26 47.55 184.54 32.02 84.24
1839 84.37 30.48 141.33 20.07 67.82
1840 84.46 33.91 155.54 23.81 69.54
1841 84.54 39.23 176.88 26.11 69.62
1842 84.78 74.79 63.17 9.18 57.58
1843 84.56 19.51 91.11 9.02 46.96
1844 84.80 66.85 135.17 19.25 73.57
1845 84.74 53.63 194.31 31.16 77.23
1846 84.73 60.78 165.18 27.52 80.11
1847 84.84 56.23 179.62 28.03 69.12
1848 85.01 22.36 100.87 10.60 45.87
1849 85.04 64.55 159.58 21.86 81.82
1850 85.07 51.06 189.05 30.89 69.62
1851 85.11 41.50 162.54 26.43 62.93
1852 85.35 58.94 172.98 25.24 68.63
1853 85.27 25.43 104.56 14.22 48.22
1854 85.32 46.24 176.16 29.76 68.80
1855 85.38 48.61 179.91 30.94 63.81
1856 85.43 31.62 117.88 18.55 55.64
1857 85.53 28.58 102.10 16.01 48.79
1858 85.54 36.79 148.73 24.49 63.19
1859 85.71 44.03 166.30 27.78 61.09
1860 85.88 63.14 161.78 22.61 67.19
1861 85.70 34.19 126.14 20.13 54.29
1862 85.78 72.33 93.55 11.77 55.86
1863 85.87 68.86 120.49 15.86 64.91
1864 85.91 39.08 142.76 24.06 56.30
1865 86.05 54.77 177.39 27.66 58.54
1866 86.11 52.41 171.93 30.07 56.98
1867 86.14 57.34 173.28 26.97 64.67
1868 86.22 41.50 131.06 26.82 57.71
1869 86.41 60.89 164.84 22.56 63.34
1870 86.50 21.61 70.29 8.91 38.74
1871 86.52 47.40 155.06 26.28 59.57
1872 86.50 50.02 153.43 28.62 58.10
1873 86.52 24.35 74.04 12.04 43.51
1874 86.62 26.97 75.31 13.19 45.67
1875 86.72 66.01 132.43 16.71 56.63
1876 86.63 30.39 86.56 15.51 46.68
1877 86.80 35.11 105.12 21.60 50.58
1878 86.93 45.22 133.32 25.80 56.40
1879 87.06 37.48 97.67 23.23 49.05
1880 87.14 32.70 87.21 18.69 43.72
1881 87.24 40.06 105.80 23.85 47.36
1882 87.26 42.74 112.00 25.59 50.79
1883 87.21 56.32 145.87 24.82 51.85
1884 87.22 69.32 114.06 14.48 47.19
1885 87.29 53.51 143.61 25.52 51.25
1886 87.34 59.66 155.71 24.50 59.32
1887 87.43 63.10 143.78 18.44 53.81
1888 87.53 28.27 60.72 12.38 40.53
1889 87.69 50.86 139.02 26.97 50.22
1890 87.73 22.61 52.09 8.71 33.64
1891 87.73 48.47 119.96 27.00 47.52
1892 87.80 25.77 55.09 13.09 30.21
1893 88.05 24.45 49.68 10.07 36.93
1894 88.06 35.77 73.72 19.90 43.09
1895 88.16 30.36 58.52 13.07 37.17
1896 88.28 46.57 108.04 24.32 43.85
1897 88.27 57.78 133.90 25.15 48.93
1898 88.41 67.63 121.64 14.03 41.85
1899 88.31 44.07 101.56 25.80 42.91
1900 88.36 33.13 58.25 16.58 40.47
1901 88.47 41.28 90.94 22.18 39.42
1902 88.55 65.05 135.72 17.22 51.24
1903 88.44 38.38 85.15 22.53 44.25
1904 88.63 70.58 92.35 10.22 31.34
1905 88.51 55.25 125.16 24.05 45.35
1906 88.59 52.81 116.18 23.85 43.42
1907 88.53 60.11 127.62 21.29 47.85
1908 88.77 27.34 51.70 12.80 34.47
1909 89.17 62.48 128.47 17.33 44.04
1910 88.93 49.92 96.48 25.38 44.05
1911 89.25 24.09 40.24 9.10 29.23
1912 89.32 34.98 58.62 17.69 37.12
1913 89.53 29.59 43.70 12.40 32.09
1914 89.49 32.34 55.34 15.00 36.06
1915 89.56 45.74 81.62 22.67 38.06
1916 89.20 60.13 110.75 16.62 37.44
1917 89.56 42.82 74.60 22.29 39.21
1918 89.69 48.44 81.88 24.64 41.78
1919 89.61 40.07 71.62 19.62 36.17
1920 89.59 57.01 100.43 22.62 42.13
1921 89.75 37.34 61.39 16.48 35.68
1922 89.96 54.53 91.97 22.91 36.34
1923 89.63 67.55 90.35 10.03 30.55
1924 89.83 52.22 92.02 22.34 40.17
1925 90.09 64.94 108.26 14.39 35.39
1926 90.03 26.85 41.71 11.18 30.95
1927 90.11 59.31 90.50 17.17 40.45
1928 90.78 61.65 84.63 15.05 36.78
1929 90.56 32.25 50.02 13.96 30.15
1930 90.65 50.89 73.24 21.44 36.51
1931 90.71 34.80 52.70 16.35 30.59
1932 90.67 44.29 70.63 21.86 37.51
1933 90.75 46.93 70.75 21.88 35.02
1934 90.86 39.34 61.72 18.63 32.78
1935 90.98 41.87 71.79 20.60 34.23
1936 91.03 29.66 43.22 11.24 26.69
1937 90.90 56.74 81.61 21.18 36.02
1938 91.35 37.03 56.34 17.77 31.82
1939 91.39 49.06 69.06 21.48 34.34
1940 91.45 54.39 69.32 19.59 34.08
1941 91.50 59.39 68.91 16.29 35.07
1942 91.48 64.33 74.19 12.25 30.21
1943 91.44 26.99 35.64 9.64 23.31
1944 91.62 52.18 68.89 17.89 32.64
1945 91.99 32.02 43.70 11.96 24.48
1946 91.97 44.03 65.30 19.13 31.77
1947 92.14 46.42 66.27 19.52 30.54
1948 92.16 34.97 47.36 12.79 25.14
1949 92.23 57.25 66.32 16.97 31.27
1950 92.08 39.05 50.04 15.96 26.32
1951 92.40 62.92 53.60 11.69 25.29
1952 92.61 41.69 60.89 17.34 27.37
1953 92.87 60.76 56.18 12.76 28.02
1954 92.80 48.72 67.50 18.46 28.95
1955 93.23 53.76 61.60 17.82 27.60
1956 93.24 36.89 48.85 12.98 26.92
1957 93.24 51.13 59.29 17.79 27.27
1958 93.30 56.40 60.01 15.54 28.74
1959 93.35 30.85 39.25 9.41 22.12
1960 93.38 33.65 45.03 10.68 22.39
1961 93.54 46.07 61.03 17.74 27.14
1962 93.80 43.35 53.01 15.33 25.05
1963 93.31 40.34 55.67 13.33 23.17
1964 93.91 59.51 48.12 11.09 23.32
1965 94.02 40.24 46.49 13.48 23.73
1966 94.22 48.94 52.64 15.86 26.38
1967 94.64 34.80 41.86 11.29 22.83
1968 94.60 37.56 43.01 11.88 23.15
1969 94.93 51.69 49.43 13.71 22.17
1970 94.63 54.27 47.30 14.60 23.49
1971 94.86 57.39 46.93 10.79 22.82
1972 94.52 52.67 52.38 12.62 22.31
1973 94.90 45.88 48.98 14.07 22.81
1974 95.43 43.01 49.16 13.09 21.93
1975 95.48 39.82 44.48 11.34 20.98
1976 95.67 48.95 45.79 13.83 23.51
1977 95.99 54.66 40.76 10.08 19.72
1978 96.29 46.02 46.10 12.47 22.09
1979 96.55 51.56 40.71 10.17 19.70
1980 96.89 41.03 39.23 10.54 18.87
1981 97.20 43.48 39.21 10.01 19.86
1982 97.26 48.80 39.97 9.84 18.70

