X S
20.08 25.1790462164385
20.11 24.8387060720046
20.23 25.0868232872658
20.47 25.4932347877522
20.52 24.8169391241724
20.88 23.7170111172951
20.91 24.8488379267765
20.92 24.2774099762834
21.07 23.3398314302477
21.15 26.2962682954783
21.53 24.9319037610617
21.68 23.867229460302
21.79 23.1948449483948
21.91 24.9106800151561
22.17 23.5060415284997
22.22 23.7804100785038
22.23 23.5281836692141
22.49 24.6563617509971
22.89 24.3292817182315
22.96 23.9232411091051
23.29 25.6072683040832
23.31 23.5819285779884
23.49 24.3940502248151
23.66 22.5741915626874
23.68 25.5985448622696
23.81 24.3926536217288
24.19 23.4258490327175
24.26 24.9407212737805
24.5 23.8109968191925
24.57 23.1605849092349
24.73 23.4094204542631
24.99 23.345800234737
25.06 23.7803347532611
25.22 26.0734464087431
25.29 23.0722743528607
25.5 24.6372734772795
25.52 25.9126256072302
25.7 25.6012764779495
25.87 23.8497813501551
25.87 24.5798783121977
26.12 25.0461283426253
26.13 25.1299370187424
26.21 24.6222596309058
26.65 24.9519101275622
26.72 23.9095893973977
26.79 24.8162777661223
26.84 25.357458117552
26.99 24.0558611831598
27.1 24.3858911024029
27.17 24.5411832260418
27.27 24.2545110060925
27.33 25.7198804583086
27.79 24.7648321567638
27.84 24.6841194386785
28.01 24.3958536511221
28.03 24.3401136385696
28.05 25.9390055093351
28.22 23.9575604367798
28.32 24.1417526047633
28.33 25.3109467704461
28.83 26.3341225726388
28.91 25.101325684018
28.99 25.3511703973904
29.04 24.5554577453099
29.08 25.6563800573596
29.09 25.2027142984796
29.15 24.5284431854612
29.36 26.2447958273763
29.83 26.6358155893877
29.88 24.668440117507
29.91 25.9621229972878
29.91 27.1936446710116
29.94 27.164306279514
29.96 25.7340192093417
30.18 25.3930420541107
30.21 27.436650383091
30.54 25.1973340159883
30.58 27.1284260188775
30.69 27.5764300936553
30.85 27.1655062488373
30.89 25.7982342435849
30.96 28.3215352605948
30.96 27.7821207741265
31.14 27.8373778541705
31.3 26.1326009874691
31.43 28.5003659087682
31.72 28.337571190722
31.76 29.5099451254354
31.8 28.9269646028514
31.83 28.3657398952684
31.98 30.4196924402038
32.01 26.2464726390856
32.07 27.5956391390786
32.43 28.854128062623
32.53 29.5001965189018
32.76 27.8683325210031
32.86 28.009317476967
32.87 29.1724120018291
32.93 26.8851489812547
32.94 28.1054241680032
32.99 28.5813337316186
33.09 30.061935479815
33.42 28.333630001437
33.7 29.59442963077
33.71 28.2131579839785
33.79 27.9278661194645
34 28.6034597432748
34.03 26.2444818663767
34.04 28.4916940373638
34.17 27.8961585891299
34.19 28.2331964550103
34.43 27.1207214617109
34.62 27.7976614299618
34.75 28.7950863132051
35.02 28.698996976303
35.15 28.7022673606105
35.2 29.8894151320891
35.2 27.3750610435526
35.25 28.3874386555891
35.36 29.7726131709958
35.5 28.317714490391
35.66 29.5769401461316
35.79 27.8927598519442
36.2 29.295781387899
36.24 28.1808378961503
36.26 28.4376645614195
36.29 28.6842181598207
36.43 28.4973709010894
36.5 29.4646387275421
36.78 29.2472192744076
37.12 27.8246280717015
37.18 29.1137189285051
37.2 29.8751825272702
37.2 29.6098795835683
37.32 31.1995877495316
37.44 31.9323080751231
37.51 30.1404419526226
37.55 29.9321434605982
37.89 32.0786036225352
38.11 33.7238121268002
38.16 31.3312615770569
38.2 32.6985970013566
38.31 32.2783225555776
38.35 32.5394827379843
38.45 34.1320271198462
38.49 33.4735658155628
38.79 34.0154342320767
39 34.051317380446
39.01 37.9934187482536
39.1 36.2149265666586
39.34 38.1904005123572
39.37 36.1157961119804
39.4 41.7414228252754
39.69 42.1233170845511
39.81 47.8731619679284
39.91 40.601770551773
40.02 35.6803811458445
40.27 43.6804728282431
40.32 46.6692487711656
40.32 45.9762386113023
40.47 48.3571406531855
40.48 45.9922412283903
40.8 51.407770978591
40.92 60.4332492442232
41.29 44.2871506406394
41.33 50.6371149137326
41.35 62.2081699488124
41.42 63.6577103182472
41.44 52.936076453546
41.52 68.085070710056
41.54 66.3583514768881
41.99 83.4265159561466
42.09 65.3435444016765
42.36 82.9975865336256
42.43 70.8707533155678
42.46 100.346301670613
42.64 97.2896320257358
42.72 96.9336506584635
42.73 90.6870116006507
42.87 94.3629523405576
43.04 89.919360288176
43.18 112.394410713272
43.36 101.12005699296
43.57 122.4357321293
43.7 139.61310349705
43.72 143.121153018782
43.97 145.839287172385
44.01 127.956013390714
44.16 120.729999394093
44.18 159.832943191489
44.35 156.12651473538
44.62 156.276662630457
44.67 160.170670782999
44.9 153.476731908743
44.95 170.0510164731
45.05 156.304386195531
45.08 159.461838056851
45.38 181.404019360713
45.46 165.076454304859
45.53 179.845006235935
45.7 172.049127853534
45.87 180.613230004065
46.01 194.905594332811
46.03 187.709125959499
46.2 183.872499419549
46.38 191.327632888603
46.45 197.502811273456
46.51 195.077644270666
46.76 204.501397616107
46.78 194.256729386999
46.9 195.982470072099
47.07 209.351744765275
47.25 205.096371203931
47.25 204.239909439772
47.51 196.610622232466
47.57 205.045248193888
47.64 204.682193262936
47.9 199.538583581476
47.95 215.402396666744
48.17 213.86272946935
48.26 211.271709149842
48.31 202.705410845762
48.49 215.818243825899
48.49 201.837722969387
48.71 209.202538141927
48.76 214.769189998364
48.84 209.381106470083
49.15 218.511734746744
49.16 213.084330685868
49.43 207.278118749926
49.43 210.981744110054
49.57 221.178203969793
49.66 219.618092314079
49.68 211.019220523298
49.85 222.470090586345
50.1 203.823457315405
50.24 214.457428022496
50.3 212.461464409853
50.5 220.715022691256
50.51 206.736262872569
50.52 216.615694280222
50.79 196.152730237823
50.82 199.470651276281
50.88 199.831718284279
51.11 211.71640156967
51.36 213.491774379412
51.39 209.409204209918
51.55 198.116743425764
51.75 188.364702103681
51.82 202.510488001078
51.83 208.610043475138
52.04 197.710403447345
52.05 206.905919696932
52.05 204.404020713857
52.49 203.209039804755
52.63 181.003449867549
52.76 194.653018370301
52.87 185.862387841751
52.92 187.990347864062
53 182.821379751234
53.05 181.281143810474
53.07 194.857084085495
53.12 187.358279812313
53.41 179.646627932487
53.72 159.69127098572
53.75 181.561154090213
53.89 175.98750192137
53.95 166.905265400264
53.98 164.622219489815
53.98 171.066575430868
54.07 175.828677951176
54.13 169.580282295012
54.43 169.446799519197
54.89 147.688041037807
54.91 149.53712701916
54.92 147.493592189067
55 134.13658935661
55.02 153.359267969176
55.18 137.225154679333
55.25 141.150987638758
55.63 122.406337694427
55.79 136.309647750718
55.88 125.748279069265
56.12 117.072124045413
56.13 120.074226734205
56.33 130.062836757327
56.34 118.036754066817
56.48 131.343913290278
56.5 114.271697551896
56.53 118.075878415671
56.82 104.249790226451
56.95 114.569869108595
57.12 122.706556734744
57.21 113.157394364096
57.4 109.091935926129
57.4 98.2922345166354
57.51 96.9986731046541
57.69 103.07218043099
57.72 93.9104714472146
57.96 92.7837102513924
58.22 87.3062428511717
58.27 81.874568840145
58.41 88.1273707122141
58.47 78.8227140310664
58.52 91.8997982443623
58.57 87.2318059442594
58.94 87.3728279919858
58.95 75.9703154265905
59.1 77.4376349278434
59.15 65.3790549091913
59.22 67.0176965149858
59.26 52.8907284027688
59.58 62.6430091158384
59.61 55.1762637059453
59.66 66.6500939735342
59.71 54.0448530512609
59.9 51.5849458502745
60.18 50.5876654754233
60.24 53.855900548645
60.28 44.9735558948444
60.32 49.5955824115654
60.4 45.3638604962294
60.73 53.0619943989413
60.88 42.3677935050967
61.06 43.0902162505606
61.19 41.5679200618318
61.21 44.0872805216692
61.39 36.2440169363056
61.51 37.7304735118185
61.57 38.6635942067033
61.66 36.4284863931999
61.79 32.1676757088458
61.92 28.4341126365611
62.31 31.9898357082586
62.37 33.231623443376
62.49 33.7494200370874
62.58 30.2388853655405
62.63 32.0054982229828
62.78 31.0139721653566
62.81 32.1164062631298
62.81 29.3472868447287
63.25 28.3825101181444
63.51 30.2106678353086
63.58 24.8563501651702
63.61 25.9964875800769
63.75 28.2318038359834
63.79 25.1841804601415
63.79 27.1206952375986
63.82 26.5707934659709
64.05 25.1411308602787
64.51 23.353611072198
64.63 26.3220834211856
64.64 23.6739359972521
64.66 23.6770827314816
64.83 24.7480703772018
64.86 22.2636928171322
64.88 24.5142579821275
65.34 21.9774015853227
65.35 22.0919609032181
65.36 21.2396520039566
65.7 21.3922161996666
65.78 21.631694259005
65.82 20.9484753008497
65.82 22.0927438543088
65.82 21.477819703296
65.87 19.556240924375
65.9 20.9343527150917
66.4 21.6180583656334
66.44 20.7909167415763
66.51 21.9387483892172
66.64 21.317557131354
66.67 20.4811995594485
66.73 21.4526062802294
66.86 20.3746467705602
67.13 21.1621960481004
67.33 21.1019009817236
67.46 19.9149089356706
67.47 21.0795973221922
67.61 20.5257063195481
67.62 20.9394724656603
67.62 20.4810924162404
67.62 20.9517246418967
68.15 20.6197615848306
68.3 20.9636791227498
68.3 21.0318564937909
68.31 20.0306246150593
68.69 21.0924267740729
68.74 20.3891659982175
68.75 20.1703944346002
68.79 19.5969836871481
69.28 20.514823022921
69.32 20.7329999271161
69.37 20.3161412375387
69.4 22.0626976100418
69.42 20.5935528217729
69.46 19.4605389959046
69.77 19.3082829891961
69.87 21.2937524116845
70.04 19.7694234357836
70.32 19.3557869102138
70.35 18.022717556428
70.38 20.1542968202996
70.49 20.6060165128814
70.51 19.0194431746156
70.54 19.8932003875607
70.88 19.4064187751064
70.99 18.1583539702732
71.17 18.05978920059
71.42 17.9870172705085
71.48 18.0801551931862
71.55 19.1296939110971
71.6 18.3168408847261
71.64 20.1888461997374
71.98 18.1243930929347
72.11 18.1743992094641
72.15 18.4096264135424
72.53 17.6010927393263
72.58 17.8162601078112
72.58 17.2149866326267
72.67 17.9182393739404
72.77 17.8739509891783
72.85 17.1703152641097
73.11 17.4743893419156
73.25 16.8565785505237
73.47 16.2249569133867
73.53 15.5233853839067
73.61 17.9777795217673
73.71 16.6185973730001
73.72 16.7703374513387
73.87 15.9246760312055
73.98 16.9562232779655
74.13 16.3258130591001
74.2 16.7474088026522
74.33 15.9317023024995
74.45 15.8945144118847
74.53 16.1944872914071
74.69 16.2895518777135
74.81 16.7439946554007
74.84 16.7529421597001
75.02 16.6236980328708
75.05 15.9810477664188
75.16 15.2119755795632
75.3 16.8153746842593
75.4 17.1964714210104
75.45 15.7768702615984
75.54 16.3227344221559
75.82 16.0823105606424
75.83 16.7605532926555
75.92 16.3935184507747
75.95 16.5946101718081
76.14 16.4619951610964
76.21 16.5498691128475
76.37 15.8711263327972
76.54 16.4751976764409
76.66 16.4359281960001
76.9 16.6741086664874
76.95 16.842920511684
77.09 15.7406891452857
77.24 16.9696723249626
77.32 16.7458015184283
77.32 15.988728455095
77.45 15.686113619559
77.68 17.0685825043598
77.74 16.7839887040852
78.16 16.3494407783563
78.22 16.747447663759
78.25 16.7471821717455
78.41 15.6518141813224
78.43 16.9850279389924
78.46 16.170556993761
78.51 16.6881160554563
78.88 15.8748078221411
78.95 16.6852013844358
79.23 16.2893333193816
79.38 16.4492548363677
79.43 16.1402623212802
79.45 15.5680190461929
79.46 16.0112484413649
79.54 16.7911580299013
79.7 16.537679506952
