X S
20.08 23.7123780733436
20.11 25.615757247691
20.23 27.0602746885163
20.47 25.7973247482509
20.52 24.5807675658481
20.88 24.5591791609182
20.91 24.6307864777244
20.92 25.6650621521133
21.07 24.3010604955246
21.15 23.8510594865412
21.53 23.7988469017128
21.68 24.282471957392
21.79 23.2569262713939
21.91 24.9051311659838
22.17 24.0485586307357
22.22 24.0706661900439
22.23 25.4204888979186
22.49 25.1899892254614
22.89 24.7081840387482
22.96 24.7009457553768
23.29 24.6293204922619
23.31 23.9217103529899
23.49 24.5892000276292
23.66 25.5391104371268
23.68 24.3906378594422
23.81 24.2154616089188
24.19 26.2598398124795
24.26 23.9293652217832
24.5 24.1950657517364
24.57 25.0244688970762
24.73 23.831340953478
24.99 23.5190638892264
25.06 24.1578144771603
25.22 24.8590699490839
25.29 24.0960996517889
25.5 25.9994410224057
25.52 25.0358692047097
25.7 24.8128162917201
25.87 24.7921739637506
25.87 22.8961313246149
26.12 24.2655614386455
26.13 25.6585207431615
26.21 23.911091512158
26.65 25.0239685662282
26.72 24.4224709438752
26.79 25.0458482942128
26.84 24.5011440899744
26.99 24.3266689460873
27.1 23.2919029046362
27.17 24.4743803531532
27.27 24.9611194773555
27.33 24.7821928998158
27.79 25.2244625339163
27.84 24.0862911332314
28.01 23.2996897077101
28.03 25.1414028874682
28.05 25.953938691117
28.22 24.7334214796218
28.32 24.7227272841015
28.33 24.4532005113498
28.83 25.8335881278725
28.91 24.6365724023695
28.99 24.2639249315137
29.04 24.1233455215186
29.08 24.5109827722109
29.09 25.0921648735907
29.15 25.0152215112511
29.36 25.4407511864627
29.83 25.3105651898272
29.88 26.442376552398
29.91 25.9128067671253
29.91 25.9828842824195
29.94 25.1347598869444
29.96 26.0808472273626
30.18 26.6091060681298
30.21 27.2445382988622
30.54 25.9318308708242
30.58 28.2884923881116
30.69 26.6806628582394
30.85 27.041650879859
30.89 27.5884662724633
30.96 27.9908666302089
30.96 27.2583858893222
31.14 27.5861877456939
31.3 27.5291150160902
31.43 27.7441721780989
31.72 28.2305532522798
31.76 27.9924151700476
31.8 28.4407685624362
31.83 28.3938207486135
31.98 28.0473714059921
32.01 30.4273851445783
32.07 28.8898031300296
32.43 28.8106038555981
32.53 30.2038633456769
32.76 28.9362712757369
32.86 28.1445826334062
32.87 27.1601459710072
32.93 29.4026661033341
32.94 28.2700360649656
32.99 26.9147465087035
33.09 29.1757327744627
33.42 28.3167972137236
33.7 27.6087939607828
33.71 29.411204289918
33.79 29.4569527121004
34 28.7697956670385
34.03 29.3391213357763
34.04 26.5650788513078
34.17 27.4786991236552
34.19 28.6492694274361
34.43 28.6654682350251
34.62 26.3043548234706
34.75 28.5443011236203
35.02 29.172285141885
35.15 30.174797148636
35.2 28.6180916435952
35.2 28.4535826609402
35.25 28.0925928664054
35.36 27.5927149339666
35.5 29.0747216683141
35.66 28.0912523473973
35.79 28.8619135868049
36.2 28.6152879931015
36.24 28.1645515155297
36.26 28.7559004618942
36.29 29.7984502515915
36.43 27.9938260491018
36.5 27.2530535862644
36.78 29.1490298259077
37.12 31.1785317687376
37.18 30.8531837179391
37.2 31.0889195308145
37.2 30.3020142626627
37.32 30.8937729767818
37.44 32.4394714948927
37.51 32.3949095729599
37.55 31.6675323625244
37.89 31.0685692571704
38.11 30.9692132886319
38.16 32.4131548052724
38.2 35.7359717864601
38.31 29.9421523701732
38.35 32.9710779628355
38.45 33.6046534137313
38.49 33.1301067084496
38.79 37.1808478527175
39 33.3757324208045
39.01 35.7994185154727
39.1 38.3613785248344
39.34 35.6128061649402
39.37 38.7865358551069
39.4 36.2539695485661
39.69 36.1247649988792
39.81 40.0672898538566
39.91 38.6552667861306
40.02 32.8106498089914
40.27 43.6679946212903
40.32 51.5843085185546
40.32 45.0544135457179
40.47 47.1515996315127
40.48 47.4361929752691
40.8 48.6360883716669
40.92 47.6314396996859
41.29 51.4701857753323
41.33 61.8472490973877
41.35 66.8473946740696
41.42 57.389711978462
41.44 56.1117879356116
41.52 63.8916136666066
41.54 65.0298913987315
41.99 89.2906756018269
42.09 76.7722223990909
42.36 92.7877129765941
42.43 84.6359411825389
42.46 96.3546566854347
42.64 65.0736441210944
42.72 105.001662420314
42.73 85.5003783774898
42.87 110.004706362421
43.04 108.559934381913
43.18 102.734218321638
43.36 122.1433592671
43.57 121.791778059752
43.7 137.345939454697
43.72 127.67541824513
43.97 111.382033067889
44.01 134.392274030749
44.16 142.148480972257
44.18 134.706791679384
44.35 167.260492937637
44.62 156.669388157253
44.67 157.581488054355
44.9 156.71489688359
44.95 174.262947398188
45.05 172.251356460951
45.08 164.712327755481
45.38 177.377980253235
45.46 173.78591697092
45.53 179.740689454013
45.7 177.981276874891
45.87 177.698879627835
46.01 192.442967953464
46.03 195.347264702988
46.2 186.455137460723
46.38 188.238334080947
46.45 200.745658213069
46.51 190.906201688377
46.76 193.817085771763
46.78 189.047185144303
46.9 199.209793404915
47.07 202.333702097257
47.25 196.905042598789
47.25 204.78697962404
47.51 197.835785733696
47.57 202.332206879541
47.64 210.411954173437
47.9 216.338581013557
47.95 205.883189467656
48.17 204.125288314161
48.26 213.559441455423
48.31 210.378138292117
48.49 213.71892479435
48.49 206.705211955095
48.71 208.883652082207
48.76 222.503531136686
48.84 215.205292552573
49.15 223.285783217316
49.16 208.099470368379
49.43 212.23592113089
49.43 220.002696248325
49.57 211.217942851888
49.66 221.330660975067
49.68 215.325746675446
49.85 214.344639275343
50.1 215.705899851543
50.24 206.717803119553
50.3 219.060980627672
50.5 212.148105255616
50.51 211.732279824338
50.52 208.353853797899
50.79 205.630342376246
50.82 209.131538862928
50.88 203.761420186155
51.11 207.840046169446
51.36 207.495083034284
51.39 206.228755674747
51.55 195.731404486596
51.75 205.251774763735
51.82 195.537338837774
51.83 204.355810688272
52.04 198.267108958883
52.05 190.958434548837
52.05 196.925414371444
52.49 197.684511200155
52.63 205.362631099797
52.76 180.91259589892
52.87 173.907134283519
52.92 183.537246288808
53 182.712697889093
53.05 187.213331609839
53.07 185.208051056772
53.12 173.577514408141
53.41 177.685307442624
53.72 178.673887556505
53.75 174.193860430755
53.89 157.686115120747
53.95 160.681280888287
53.98 161.826114297277
53.98 179.159845176611
54.07 166.146832617986
54.13 163.641071886277
54.43 172.110446061724
54.89 144.025906005245
54.91 145.569032702082
54.92 133.745114046516
55 148.267419967444
55.02 152.034156478321
55.18 140.808843806077
55.25 139.602462697109
55.63 141.080423085692
55.79 127.745677514911
55.88 130.283660031555
56.12 142.239014198811
56.13 126.008570292695
56.33 124.883744820994
56.34 119.224280085071
56.48 124.89807079822
56.5 136.642056329013
56.53 124.007704239799
56.82 115.499890436565
56.95 123.58889946511
57.12 102.686594283742
57.21 102.063271403976
57.4 103.919323203071
57.4 94.8663393044691
57.51 101.00709448628
57.69 105.222849176201
57.72 99.3791483886901
57.96 98.9101302203247
58.22 94.8097998645574
58.27 87.5531883429669
58.41 80.8716076999479
58.47 74.5427409663233
58.52 85.8895661762641
58.57 74.6159812919941
58.94 74.1620210265372
58.95 78.4576321526707
59.1 61.340927442201
59.15 66.1846768514418
59.22 64.7680117664609
59.26 50.725284291246
59.58 66.2155828478324
59.61 62.3588033154451
59.66 49.5215908674956
59.71 48.6131289105658
59.9 61.6881686654943
60.18 48.5431183170261
60.24 50.7078320857764
60.28 58.3085756586611
60.32 48.7187203606779
60.4 49.9434662655195
60.73 50.4135298891584
60.88 39.4978436821332
61.06 38.2978851628238
61.19 35.9310955747977
61.21 41.1586626458587
61.39 39.7110077445112
61.51 34.5588409331734
61.57 35.3028929528609
61.66 35.3106829435393
61.79 35.778112362689
61.92 33.4366412495927
62.31 31.0994662354195
62.37 31.0090197130767
62.49 35.6543171305782
62.58 31.0136421609866
62.63 28.645702293947
62.78 29.2225065294313
62.81 27.7429964042664
62.81 32.2406417505326
63.25 27.4981247075923
63.51 26.137968023575
63.58 27.4783990004433
63.61 25.2723696704582
63.75 26.6343001872808
63.79 26.8175918493242
63.79 28.080394455701
63.82 26.3212818666613
64.05 24.7234388557707
64.51 25.0247917109258
64.63 24.7274895696547
64.64 22.9508212368068
64.66 26.7059381492927
64.83 24.0520511186383
64.86 22.1163095185591
64.88 23.8872246629446
65.34 23.9490361856792
65.35 23.2697852119945
65.36 23.0005065688081
65.7 21.4342683124902
65.78 22.4788287094502
65.82 21.4909671233504
65.82 21.4401729345714
65.82 21.9723517517539
65.87 20.9497136495156
65.9 19.9579591498859
66.4 21.8772411937277
66.44 20.826032492643
66.51 20.318953252605
66.64 21.6420726648156
66.67 20.2834908113518
66.73 21.6771820355431
66.86 22.6775104555428
67.13 20.7036356632223
67.33 20.5744789234564
67.46 21.1396575087473
67.47 21.0328361516884
67.61 21.0985809143839
67.62 21.388085671353
67.62 20.2920089196252
67.62 20.9058684357803
68.15 21.3610574402521
68.3 20.8047279392852
68.3 20.8076365081492
68.31 21.7483206366223
68.69 20.5725633787809
68.74 20.8607915504819
68.75 19.6017885139638
68.79 20.0886396410015
69.28 20.5483841828655
69.32 21.3622074861173
69.37 20.3076471825606
69.4 19.5481203342983
69.42 20.3227593148309
69.46 20.8485391200855
69.77 20.7625116762619
69.87 20.2884551086729
70.04 20.5004176484899
70.32 18.3711929445688
70.35 19.4596399302105
70.38 19.2504569458642
70.49 18.736404025326
70.51 20.6304676332991
70.54 18.9354222223243
70.88 18.561204915962
70.99 18.7275681417259
71.17 19.1683772844093
71.42 18.4231488620919
71.48 19.3077516790692
71.55 19.3953957615298
71.6 17.9439566558534
71.64 18.50004199387
71.98 18.5953110196634
72.11 16.838753057298
72.15 17.7397168718674
72.53 17.3185470886371
72.58 16.6430462885032
72.58 16.7973722951055
72.67 17.0612692334422
72.77 17.2295668691929
72.85 17.395973034379
73.11 17.2183029998221
73.25 17.1315230353346
73.47 17.5492119281948
73.53 16.9479591553641
73.61 17.2785119886357
73.71 16.6274962454267
73.72 16.7298749502095
73.87 16.7666798089072
73.98 15.8839208919355
74.13 17.0022090203558
74.2 16.707350762888
74.33 15.7801609558121
74.45 16.6128572722632
74.53 17.0527740881678
74.69 16.0647778061441
74.81 16.0271171412729
74.84 16.5364839778305
75.02 16.7548891922637
75.05 16.5795214234148
75.16 16.3843594861493
75.3 16.6053304296692
75.4 16.393200405593
75.45 16.896885768166
75.54 16.776387085357
75.82 15.1984313674704
75.83 15.9626291042247
75.92 16.8452082987129
75.95 15.9988949029822
76.14 16.2696234826458
76.21 16.9455323494337
76.37 16.1940979828865
76.54 16.8753247657426
76.66 16.3173954842252
76.9 16.5925546859893
76.95 16.8422599407147
77.09 15.7796550102731
77.24 17.142979935519
77.32 16.6191821446654
77.32 16.6007680577257
77.45 15.8733408649806
77.68 16.5368047850302
77.74 16.4291849524937
78.16 15.5729130575518
78.22 16.4470253472428
78.25 16.8554361332214
78.41 16.7220231653798
78.43 16.0190811767008
78.46 16.206295823359
78.51 17.1391111814951
78.88 16.7529647906817
78.95 16.4382780744453
79.23 16.2187406949538
79.38 16.845738683135
79.43 17.0070325231491
79.45 16.1581060442003
79.46 16.7093080106151
79.54 16.8429304608108
79.7 15.6803101321632
