X S
20.08 24.6902567401546
20.11 24.4949822728942
20.23 25.3363439509909
20.47 25.3518119164258
20.52 25.0799378851999
20.88 25.8223737433604
20.91 25.4086385499836
20.92 24.2990058003314
21.07 24.5110827699636
21.15 24.567869124414
21.53 23.9834904254754
21.68 24.395463747712
21.79 24.1304928182148
21.91 22.8730628606173
22.17 25.1660380623963
22.22 25.0993100001712
22.23 24.7310021207752
22.49 24.572332472267
22.89 24.5908091823697
22.96 24.0686189242065
23.29 23.1711026183507
23.31 24.9012095824443
23.49 24.4420184740963
23.66 24.20747923292
23.68 25.1461603141885
23.81 23.5813396694866
24.19 24.9303937812163
24.26 24.8822414239902
24.5 23.5350052504269
24.57 24.4975600791735
24.73 23.5282523354131
24.99 24.125473392768
25.06 24.2686407081545
25.22 24.349451531091
25.29 26.4776107341084
25.5 23.9452052012788
25.52 23.9434964735814
25.7 24.7638179962503
25.87 26.2789010874638
25.87 25.4101502881971
26.12 24.2592379192454
26.13 25.618875091742
26.21 23.8439683470245
26.65 24.0435025621842
26.72 25.5915781749426
26.79 24.7377926338099
26.84 24.9653951609253
26.99 25.2229337891229
27.1 25.0200952049093
27.17 24.0451156214553
27.27 24.7446101895716
27.33 25.962694483523
27.79 24.2906113060974
27.84 24.118511719414
28.01 24.7898283874397
28.03 26.1652174521426
28.05 24.4162009031911
28.22 25.1346219702816
28.32 24.875237415109
28.33 24.9965098775703
28.83 25.6091189863012
28.91 24.1695933573726
28.99 24.0893403950492
29.04 25.9659167551895
29.08 24.3620279739397
29.09 26.1375929299088
29.15 25.1807647599194
29.36 24.1899907583053
29.83 25.2020060898735
29.88 27.1120592522225
29.91 26.7024759703918
29.91 24.3407748070405
29.94 26.9169571094971
29.96 26.7953306695658
30.18 26.6365728056851
30.21 25.8620579093964
30.54 26.6472237778515
30.58 25.6177493359149
30.69 25.9420444315209
30.85 26.5404688969601
30.89 27.2436246547839
30.96 28.3130922961811
30.96 27.6968822871846
31.14 28.3834612230663
31.3 28.2125538360405
31.43 28.7315627518047
31.72 28.3958266131442
31.76 27.0993505579354
31.8 28.8569472551043
31.83 27.7985051393945
31.98 29.5916919045946
32.01 27.2478936260242
32.07 28.7591256623193
32.43 29.0786181392822
32.53 28.5567375437229
32.76 28.2996192614452
32.86 27.8140762870013
32.87 28.032256447373
32.93 29.1127013673503
32.94 29.3712284004002
32.99 28.9683578635541
33.09 27.9322274170085
33.42 28.8323319017964
33.7 28.1993904821289
33.71 26.4381263415047
33.79 27.7302355938176
34 26.4739063983335
34.03 29.2545949855558
34.04 27.2349734109751
34.17 27.5791433070531
34.19 28.7414605811035
34.43 28.9044384492617
34.62 27.1114733080927
34.75 28.4808413190404
35.02 28.0891490186133
35.15 27.6326588922784
35.2 28.0975593299098
35.2 28.1614202433682
35.25 29.6031188849886
35.36 30.337492353353
35.5 28.0461989822914
35.66 27.6206380042087
35.79 27.0393401434921
36.2 28.4392690487035
36.24 31.1702640749318
36.26 29.3645112087638
36.29 28.3268685595351
36.43 29.4196399452958
36.5 29.8360280035115
36.78 29.7733741483559
37.12 30.1175712527018
37.18 29.963802209448
37.2 29.9819125838986
37.2 29.743593609705
37.32 28.3879007055795
37.44 30.6638321535977
37.51 31.4756631971819
37.55 30.0817171258708
37.89 31.9758895431255
38.11 31.9562083390756
38.16 31.6751414972668
38.2 31.2858697871975
38.31 34.1559320439844
38.35 32.8801782372072
38.45 34.7019623151877
38.49 32.6003544442048
38.79 32.1174387298623
39 32.8427796281024
39.01 38.3709460176082
39.1 32.8831683628618
39.34 35.8614927315797
39.37 34.3966054005991
39.4 40.9262426846016
39.69 38.9491384463835
39.81 38.8061566803054
39.91 37.4742690498235
40.02 43.3907041372878
40.27 41.7505124648212
40.32 41.8133341200477
40.32 47.3219444516314
40.47 51.2213410187591
40.48 51.7032363841972
40.8 48.2139647431613
40.92 51.8008496085983
41.29 74.2819072672313
41.33 60.8417926957322
41.35 70.461319879677
41.42 54.841445772565
41.44 64.7149782263232
41.52 70.339009411937
41.54 56.3708772812584
41.99 73.9178662594484
42.09 57.2804465473008
42.36 62.1219653850094
42.43 68.8462382399095
42.46 84.9341756659877
42.64 84.9460360355964
42.72 100.279188512287
42.73 95.3869207314259
42.87 115.438572487396
43.04 115.471559398131
43.18 114.463484659159
43.36 91.5626718962083
43.57 127.916767004866
43.7 135.277964926127
43.72 129.030717786383
43.97 153.593477843529
44.01 122.450971472087
44.16 122.370931575159
44.18 141.98755149661
44.35 151.663697044804
44.62 148.625620264871
44.67 169.04812058455
44.9 156.368107781721
44.95 152.985816884894
45.05 178.915030007878
45.08 178.544062646208
45.38 185.394853109679
45.46 181.121394715719
45.53 172.908197403766
45.7 187.84816330737
45.87 186.939293518641
46.01 190.103246743994
46.03 182.104126050008
46.2 180.373991728725
46.38 199.2944989339
46.45 202.372478019046
46.51 194.589197367504
46.76 195.69212872204
46.78 205.245683544797
46.9 200.35974650374
47.07 197.576082771458
47.25 193.748781195178
47.25 203.037466801508
47.51 204.625449762251
47.57 212.218705487171
47.64 210.782990925063
47.9 204.889332950006
47.95 212.120561866024
48.17 210.367898867979
48.26 207.773673379087
48.31 215.355560253731
48.49 213.653238721874
48.49 213.14318135243
48.71 204.321643359978
48.76 219.850362585865
48.84 214.172364831903
49.15 202.032023165408
49.16 207.059479707773
49.43 218.1580703678
49.43 208.875557585592
49.57 213.653819079368
49.66 220.214068653985
49.68 202.273596257304
49.85 220.322952081373
50.1 202.14711356468
50.24 205.372205581324
50.3 220.868970649117
50.5 209.834907029861
50.51 204.007568368742
50.52 213.835980528925
50.79 199.988980999396
50.82 207.960973972633
50.88 228.382881787064
51.11 201.965574246189
51.36 198.680268838501
51.39 205.264232861293
51.55 221.71862104973
51.75 202.748250782729
51.82 218.877351245717
51.83 201.93217107509
52.04 198.606467811775
52.05 188.018739416784
52.05 198.183293630728
52.49 184.435858439995
52.63 192.47318944429
52.76 198.202445500434
52.87 201.995840857639
52.92 195.921870690833
53 184.223417646522
53.05 194.839686187694
53.07 182.532156507071
53.12 182.435040463401
53.41 173.698508733142
53.72 172.151785732752
53.75 187.352069368716
53.89 172.174556912366
53.95 173.705835864787
53.98 174.152425593273
53.98 172.123326644349
54.07 160.438086276991
54.13 166.391299344778
54.43 142.615373623174
54.89 155.164205083058
54.91 159.659653215231
54.92 146.331961985935
55 141.851185435276
55.02 153.227311267071
55.18 132.633714941874
55.25 150.004752125573
55.63 143.291146315125
55.79 127.268964377703
55.88 121.977158507174
56.12 125.878715097901
56.13 132.513382541782
56.33 117.201286551102
56.34 124.870279715171
56.48 133.984702632738
56.5 131.868299140949
56.53 122.54384151803
56.82 121.21890623604
56.95 101.454940537826
57.12 112.485999411043
57.21 102.459763965304
57.4 112.691763295562
57.4 97.8461196640837
57.51 94.4252547418797
57.69 78.9649693196489
57.72 109.431907515838
57.96 100.907108827634
58.22 84.8184282825278
58.27 94.1870238178276
58.41 83.9110688941806
58.47 81.3815420202419
58.52 83.2699167651647
58.57 73.5306328848482
58.94 73.9500579474124
58.95 78.8457161962216
59.1 83.6007195470203
59.15 56.4512313241635
59.22 69.8067812828288
59.26 74.6123086175486
59.58 62.7758865191613
59.61 56.9224060787792
59.66 50.6409217894783
59.71 52.1778492924928
59.9 45.4373721100447
60.18 52.2218005112537
60.24 49.1207017987419
60.28 55.5130924405762
60.32 43.0128464477809
60.4 52.0460522154643
60.73 42.8236131604482
60.88 43.7374203875071
61.06 42.7919301669175
61.19 37.8762122533238
61.21 40.9689054458215
61.39 36.0741198974128
61.51 35.6645183696031
61.57 38.1772929514262
61.66 39.7070160145401
61.79 33.6976832629378
61.92 32.8015557144824
62.31 29.9838471154134
62.37 34.2662407579701
62.49 33.4912741986914
62.58 32.7627972334149
62.63 32.2721790297899
62.78 29.4848501863249
62.81 33.4395238426863
62.81 33.1041664211909
63.25 29.1645213210725
63.51 28.3616681135823
63.58 27.6743388999242
63.61 28.2453101268861
63.75 27.5229713226925
63.79 25.5520493204039
63.79 26.208155744815
63.82 27.6360562809183
64.05 27.0510204341989
64.51 25.6672002953333
64.63 23.2303595053876
64.64 25.0731064846844
64.66 26.0550938602735
64.83 24.7898713554656
64.86 25.519995667154
64.88 22.3730840806022
65.34 23.659789423379
65.35 20.424170702389
65.36 20.6836753873174
65.7 20.5280557694662
65.78 21.8272978038119
65.82 21.2145427455008
65.82 20.2954996522879
65.82 21.9380420442402
65.87 21.7453696125219
65.9 21.1405270038334
66.4 20.0160134666265
66.44 21.2894854075392
66.51 20.9108366338085
66.64 21.795592127723
66.67 21.645756757853
66.73 20.6183772746439
66.86 20.9981637637713
67.13 21.8858123947692
67.33 20.9534918451079
67.46 20.2444597278419
67.47 20.5348117653893
67.61 19.0978309573143
67.62 20.7622190373129
67.62 21.4472830977846
67.62 20.6457176675006
68.15 20.8977789136807
68.3 21.6030384834549
68.3 20.8277245568045
68.31 21.4930681671274
68.69 19.8937578000096
68.74 21.3427914863761
68.75 20.3308134050371
68.79 21.5359622947005
69.28 19.3995111925942
69.32 20.1795635937233
69.37 20.7717677028576
69.4 21.0345789586541
69.42 20.96352730587
69.46 20.6543096582721
69.77 20.1400781475331
69.87 19.7582852959282
70.04 20.9862611673099
70.32 18.7432284138961
70.35 19.982531667204
70.38 19.0075711395474
70.49 20.1661736996386
70.51 19.721404926468
70.54 19.9992789624796
70.88 19.5668863779527
70.99 19.5315876906057
71.17 19.3074000491862
71.42 18.4095356079906
71.48 19.4410949820271
71.55 19.5175406339514
71.6 18.152117587642
71.64 18.6050887673039
71.98 18.6587372958393
72.11 18.650729746173
72.15 18.1299725627119
72.53 17.6045154399983
72.58 16.5799187740341
72.58 17.5242068405702
72.67 18.0458737595284
72.77 17.7565248694282
72.85 16.6867907954227
73.11 18.1324545101918
73.25 16.3065395297289
73.47 16.4921497763486
73.53 17.0603174513278
73.61 17.1390278543129
73.71 16.4989960314971
73.72 16.6896001857825
73.87 16.4913779555615
73.98 16.1611781595134
74.13 16.9186574059783
74.2 16.6466029018442
74.33 16.8970595536927
74.45 16.7734584141658
74.53 16.5970593949614
74.69 15.771543012829
74.81 15.7683399159765
74.84 16.4810611948543
75.02 16.5743105605229
75.05 16.5169680878816
75.16 15.7860805019465
75.3 16.5927073924977
75.4 15.9762547205325
75.45 16.7353124780882
75.54 15.9303630822451
75.82 16.4459981854864
75.83 17.6257469085213
75.92 16.2698115667006
75.95 16.9419524258625
76.14 17.0153266354254
76.21 16.47690594805
76.37 16.4759351752243
76.54 15.8261394570185
76.66 16.7392103560488
76.9 15.8092221774827
76.95 16.1017287610551
77.09 16.1737549951071
77.24 16.9124232334309
77.32 15.7472811015611
77.32 15.6972791788154
77.45 16.8193441331152
77.68 17.6482035652486
77.74 17.1287917023498
78.16 15.6406424111321
78.22 16.4229264172432
78.25 16.8676290434477
78.41 16.2384784173017
78.43 15.2446286387706
78.46 17.0252881359917
78.51 17.3958565753901
78.88 16.5067296230853
78.95 16.4450020686197
79.23 16.5050646186177
79.38 17.0560577146218
79.43 16.1235314243997
79.45 16.7670182716853
79.46 16.7433531276652
79.54 16.8907823240847
79.7 15.9114026682445
