X S
20.08 25.53718927516
20.11 26.8707726481126
20.23 23.9107593921804
20.47 24.2746486889362
20.52 23.7850223814922
20.88 23.8597452477072
20.91 24.6951616592267
20.92 25.5393805643428
21.07 24.1229604675265
21.15 25.6461887878072
21.53 23.1933729211428
21.68 24.4710405603025
21.79 25.4130582239068
21.91 24.4573089115756
22.17 23.754464477036
22.22 23.9756506924549
22.23 23.6561038700615
22.49 24.6300108592928
22.89 23.0094147946655
22.96 25.2114721165982
23.29 24.8800806961673
23.31 25.091825679597
23.49 23.8013604351616
23.66 25.3831782644786
23.68 24.6167321232886
23.81 24.9777538063764
24.19 23.2873896193903
24.26 24.3359826890355
24.5 24.2320685744426
24.57 25.2032702504144
24.73 25.3472376600727
24.99 24.4177252488491
25.06 23.7749133290291
25.22 24.6542633683923
25.29 24.3170970875553
25.5 23.9924414079337
25.52 23.0651194489938
25.7 23.9585316207982
25.87 23.6213540321972
25.87 25.3785776808148
26.12 22.7321072024869
26.13 24.3598479434683
26.21 24.1641249178641
26.65 23.7426860045353
26.72 24.5675658700421
26.79 25.3139740878606
26.84 23.3578698964699
26.99 24.4039405181508
27.1 24.1487179914592
27.17 25.4085139205561
27.27 24.6273616441511
27.33 23.6562198718435
27.79 25.3020029897447
27.84 24.3355983878737
28.01 24.2755342878394
28.03 23.3459579481657
28.05 25.4564793491596
28.22 24.1686778272455
28.32 26.2158321910358
28.33 25.3215223578509
28.83 24.7474985215544
28.91 25.2809115744753
28.99 25.4369601389026
29.04 25.4473266534281
29.08 24.7881651009616
29.09 25.6649275563487
29.15 25.792278673552
29.36 26.0557035760992
29.83 25.3683264460412
29.88 26.8071674231889
29.91 25.6690996860554
29.91 25.3881498635952
29.94 25.9507354070339
29.96 25.0706984155824
30.18 26.7383122186121
30.21 26.2278076091336
30.54 26.6927368669371
30.58 26.7043925864416
30.69 28.0245700946788
30.85 27.5598004639658
30.89 26.7690160742958
30.96 27.5180396946763
30.96 27.8345836000428
31.14 27.2272047653356
31.3 27.5227224641678
31.43 27.9262744005183
31.72 28.3672457054059
31.76 29.5395119322979
31.8 28.3700429848963
31.83 28.8017509315196
31.98 29.1928156058973
32.01 29.2110661295131
32.07 28.6079270033213
32.43 28.6578497450493
32.53 28.7959281138315
32.76 29.4299892511542
32.86 30.7045206597471
32.87 29.8306230768255
32.93 28.5057915491412
32.94 28.4863915900704
32.99 30.3677971536327
33.09 28.5142147446886
33.42 29.1136576964286
33.7 28.8004190824795
33.71 28.6992308411585
33.79 27.9138480432307
34 28.4602005580645
34.03 28.2904479035197
34.04 28.8075925244644
34.17 27.2034615817498
34.19 27.2337292586116
34.43 28.0694619730701
34.62 27.1800766543839
34.75 28.3227022619793
35.02 29.1687010444508
35.15 28.6286273079035
35.2 28.1920305993706
35.2 27.8649630518086
35.25 28.1197297939782
35.36 25.4319658979696
35.5 28.3989745953392
35.66 26.6109487018964
35.79 27.7858294664786
36.2 28.9250836621167
36.24 28.7628459006746
36.26 28.8603713458951
36.29 28.7648450563631
36.43 28.3724116741514
36.5 26.1134803273818
36.78 29.9806310756545
37.12 30.3105997184203
37.18 29.8694075924425
37.2 29.1314283123957
37.2 30.7954578033484
37.32 28.6475861938978
37.44 30.6445276635161
37.51 28.8289742101341
37.55 31.1373397275133
37.89 32.2195678077223
38.11 33.1659086673081
38.16 31.8487616905864
38.2 30.7565450231235
38.31 31.3901919925593
38.35 30.952807269928
38.45 32.4593482821741
38.49 31.7525589906227
38.79 36.3137196885313
39 34.7278633695882
39.01 36.3539411888829
39.1 36.4613981594471
39.34 39.1572715452131
39.37 39.1744209864549
39.4 35.6821813440006
39.69 35.3838413286129
39.81 41.2524815866174
39.91 38.4361922051639
40.02 39.9931557827674
40.27 44.27154869866
40.32 46.4840750192006
40.32 38.7383803075195
40.47 46.5513316026412
40.48 47.1979556910379
40.8 52.5125374984333
40.92 51.1584000312702
41.29 55.7500647959615
41.33 68.6921967677843
41.35 59.1525842062308
41.42 69.5056460505674
41.44 56.004352899449
41.52 59.0993410964769
41.54 56.8127977511337
41.99 71.4025696302956
42.09 69.1072120303494
42.36 89.8174290640718
42.43 78.4693655336643
42.46 96.9650997016851
42.64 80.1603648335784
42.72 86.1296031719541
42.73 82.3243809194215
42.87 104.271177957582
43.04 99.486067507938
43.18 94.5872597600584
43.36 113.311170689141
43.57 137.574442414544
43.7 108.820185765904
43.72 117.138244921819
43.97 134.317512798878
44.01 138.773752437872
44.16 146.729048130206
44.18 145.708955517126
44.35 144.680105184337
44.62 133.655338622626
44.67 146.186806643004
44.9 169.043248199461
44.95 169.064670584827
45.05 166.414316394445
45.08 163.650256794867
45.38 174.943843256989
45.46 180.896565722563
45.53 172.692450630093
45.7 182.789446885045
45.87 183.12685673824
46.01 174.814609392091
46.03 187.027290596292
46.2 199.780155750594
46.38 194.689592785411
46.45 180.232315710099
46.51 193.959552719032
46.76 191.813252194475
46.78 200.793522110464
46.9 202.82938352495
47.07 193.490967030195
47.25 199.958994528908
47.25 204.493801508387
47.51 205.197940062257
47.57 213.456722030537
47.64 200.74317067952
47.9 209.239631784753
47.95 207.776980659567
48.17 208.53814287565
48.26 203.915213187154
48.31 205.710509384624
48.49 213.508504647906
48.49 209.579966287667
48.71 204.374020685147
48.76 217.365023089036
48.84 224.109726960832
49.15 199.354261427436
49.16 214.294455800258
49.43 196.569440378563
49.43 221.18746497384
49.57 213.514630066746
49.66 222.307541617155
49.68 209.856067629648
49.85 212.404368712841
50.1 209.98441731176
50.24 208.350206367357
50.3 205.314571894075
50.5 213.85957989921
50.51 215.884031892743
50.52 213.307531963883
50.79 206.892722465743
50.82 218.406611356698
50.88 214.967522059658
51.11 208.420020831007
51.36 206.258983800242
51.39 206.004297297213
51.55 201.414882158985
51.75 209.26515017382
51.82 190.338964999182
51.83 200.99308344688
52.04 200.767335673955
52.05 199.017919391739
52.05 209.556826880109
52.49 189.34923908003
52.63 196.730927613047
52.76 175.198497725149
52.87 191.868730447197
52.92 172.600832202191
53 177.010047977552
53.05 182.897794524407
53.07 185.279450566111
53.12 175.528083108368
53.41 179.344620271499
53.72 179.885288443232
53.75 178.509282486603
53.89 163.454679564815
53.95 178.397509323285
53.98 165.8802520233
53.98 169.835109760863
54.07 159.552349885414
54.13 154.296140539157
54.43 157.792910510088
54.89 151.24959508613
54.91 142.167079416628
54.92 139.155469920775
55 144.783603773593
55.02 148.821980121078
55.18 133.208251682473
55.25 141.634085190039
55.63 127.92213971934
55.79 136.956999707659
55.88 121.464222807635
56.12 134.940664112262
56.13 115.111188771122
56.33 122.998722216965
56.34 118.097423366477
56.48 110.557890650555
56.5 120.505429892582
56.53 120.359377923698
56.82 117.308057912292
56.95 115.773524195587
57.12 123.425542370204
57.21 98.9526615277629
57.4 104.475809026267
57.4 106.179079213137
57.51 112.753575602752
57.69 102.144356804705
57.72 100.357664996147
57.96 88.3465058094431
58.22 79.6199357580656
58.27 81.3783479252659
58.41 87.7446130502435
58.47 73.7643719732995
58.52 78.9852133454991
58.57 78.0599021231041
58.94 74.1974816222571
58.95 76.4191218155298
59.1 61.4079257135414
59.15 77.0761333587288
59.22 80.271789182749
59.26 64.2963387215394
59.58 53.0689308389344
59.61 63.4919197322773
59.66 58.3190528354251
59.71 62.1227692869804
59.9 48.998027376431
60.18 46.3350584688113
60.24 53.6432157429144
60.28 57.7117663290416
60.32 47.9477857200616
60.4 49.9140381070666
60.73 41.6726729032163
60.88 41.5632413794845
61.06 38.940861258661
61.19 37.1888504087843
61.21 41.3909457847777
61.39 35.8189475661629
61.51 36.8680707857969
61.57 32.5244869872694
61.66 33.7353040263969
61.79 30.8586095770598
61.92 34.3257332749554
62.31 35.4786297035977
62.37 34.026497043135
62.49 33.6547782330208
62.58 32.3148463702404
62.63 31.6196519357709
62.78 33.898875637115
62.81 29.2845194996664
62.81 33.168011463605
63.25 32.1232371152775
63.51 27.7389637791748
63.58 28.0294350235669
63.61 26.2486162950551
63.75 27.0895584994088
63.79 26.6027422083188
63.79 26.5371803263796
63.82 26.8211500807037
64.05 23.5176133708641
64.51 27.0281473984077
64.63 22.2547516552087
64.64 26.9058338586151
64.66 23.4358637420397
64.83 22.0369470854464
64.86 21.3813366680722
64.88 24.2969584870448
65.34 22.0094770969849
65.35 21.8503495388832
65.36 23.0924393117537
65.7 22.5910594305341
65.78 21.7972983301133
65.82 22.6362511282514
65.82 22.468437810846
65.82 21.5831952169194
65.87 22.3173881350162
65.9 20.605540521149
66.4 19.813220883814
66.44 21.8434527542008
66.51 20.3666652237851
66.64 21.2447866179972
66.67 21.0720126033129
66.73 20.7573129782747
66.86 19.9712311092368
67.13 20.9140694254804
67.33 21.7083529304244
67.46 20.607303104211
67.47 19.5700782998247
67.61 21.6555851159285
67.62 21.9674889031176
67.62 20.4925387790774
67.62 21.9337254814251
68.15 21.9154266192856
68.3 22.3440199521973
68.3 21.1564541635437
68.31 21.4749324558822
68.69 21.2292832248889
68.74 21.5062815723079
68.75 21.3954218839015
68.79 20.802699977371
69.28 19.8518318564313
69.32 20.6998506398719
69.37 20.5655426381398
69.4 20.2768959118707
69.42 20.4204861284206
69.46 20.0533932524596
69.77 19.8178986484337
69.87 19.6582999195931
70.04 19.3959761394149
70.32 20.0296644098748
70.35 19.659332093983
70.38 19.38589244277
70.49 19.2224034828931
70.51 18.6232497310303
70.54 19.1651282059046
70.88 20.6166348489068
70.99 18.5811747167493
71.17 17.9523291789309
71.42 18.4166338005407
71.48 18.260760277563
71.55 18.5072053571078
71.6 19.5549518729462
71.64 18.5558376595569
71.98 17.8334952998254
72.11 18.3386183718799
72.15 18.5088554790646
72.53 17.026060849361
72.58 17.779389171888
72.58 17.659184794791
72.67 18.1835870887651
72.77 17.3116850094368
72.85 16.3625558553234
73.11 18.0342914220512
73.25 17.3221465151353
73.47 17.5525152520474
73.53 16.6883243431186
73.61 16.8151773867969
73.71 15.9984338606758
73.72 16.8755395377851
73.87 16.2907807126392
73.98 16.5104482950973
74.13 17.2785827984351
74.2 17.2693542803927
74.33 16.7823582432788
74.45 16.4893917893802
74.53 16.0788593257998
74.69 16.9541242749629
74.81 15.6927660787725
74.84 16.0961323881356
75.02 16.0955787647728
75.05 16.2204565446836
75.16 16.4660907265658
75.3 16.3969909699155
75.4 17.0283754513637
75.45 16.6484586701295
75.54 16.8396488478435
75.82 16.385516943189
75.83 16.1365849013621
75.92 16.5724302119201
75.95 15.9364527663152
76.14 16.5605773168957
76.21 15.9717850485949
76.37 16.8656842053533
76.54 15.8717404629559
76.66 16.1040536445077
76.9 16.5606764127884
76.95 17.30231406461
77.09 15.6560206592618
77.24 17.4650854791906
77.32 15.870714124888
77.32 16.5827158639745
77.45 15.9852136520517
77.68 17.4030426458344
77.74 17.4848217334832
78.16 16.9670221677613
78.22 15.9611610270038
78.25 16.2371566645922
78.41 16.6271039235909
78.43 16.9588727066031
78.46 17.3343299942103
78.51 16.8229112700527
78.88 16.3936087819764
78.95 16.6664270963668
79.23 17.0537795453987
79.38 16.5931249980286
79.43 16.3366668786962
79.45 16.2631083763112
79.46 16.2726508923825
79.54 16.1538091959602
79.7 16.3536118063918
