X S
20.08 25.629861522789
20.11 24.2892073196528
20.23 24.5272035993948
20.47 25.1683429911599
20.52 25.2291942933606
20.88 24.5714246361049
20.91 24.6904792567683
20.92 24.7703695751641
21.07 23.8447769482907
21.15 24.8756008471855
21.53 23.7825450663081
21.68 23.6849746582109
21.79 23.7168071133243
21.91 24.5168980355232
22.17 22.9360211120941
22.22 23.7367413524406
22.23 24.5948094869561
22.49 24.1478982765112
22.89 24.6122642456279
22.96 24.9569188282118
23.29 24.3237665015754
23.31 24.5690164355746
23.49 22.9376403213403
23.66 23.5399920408269
23.68 23.854961074893
23.81 23.1142209981916
24.19 23.7533678120874
24.26 23.2426973367028
24.5 24.1349605513399
24.57 23.6936279514889
24.73 24.7444353634185
24.99 23.5463400068586
25.06 24.3898979959067
25.22 24.2788242969182
25.29 25.1929328762745
25.5 23.6219270293699
25.52 23.6902623807386
25.7 24.4592178057953
25.87 24.9722228246287
25.87 22.9011760342487
26.12 25.3970655360215
26.13 24.404327859079
26.21 23.342981781676
26.65 24.106414807914
26.72 24.0436848024076
26.79 25.6019315838398
26.84 24.8852321041973
26.99 24.9594684911917
27.1 25.1525600681471
27.17 25.1983076712024
27.27 25.4573550676053
27.33 26.2059542356001
27.79 24.2072416833889
27.84 25.913243828901
28.01 24.0935331789494
28.03 26.5587817485486
28.05 23.0668033760615
28.22 22.9919329129128
28.32 25.0986021479007
28.33 24.6937308897641
28.83 25.0669256425814
28.91 26.6808625730527
28.99 23.5756969534949
29.04 25.7845469354134
29.08 25.7558054624701
29.09 25.5798948137618
29.15 25.110585651262
29.36 24.4978679348106
29.83 25.968748101385
29.88 25.6078251374497
29.91 25.7969020350634
29.91 25.2172736592527
29.94 24.4356415562932
29.96 27.5862269406514
30.18 26.0721919064659
30.21 26.8214015685646
30.54 26.6855008231803
30.58 26.2855403328921
30.69 28.8941077407513
30.85 28.7315950618155
30.89 30.5521577995793
30.96 26.8640953789031
30.96 27.8442589166733
31.14 27.8918861793919
31.3 27.8405019056741
31.43 27.9682211829649
31.72 29.2954641732282
31.76 28.0588029435108
31.8 27.1826744163132
31.83 27.2633519159226
31.98 26.8626980704685
32.01 28.2671722047098
32.07 28.4544532313519
32.43 28.2285407076434
32.53 29.1716935800471
32.76 28.6547693495095
32.86 29.7371867541173
32.87 29.1734319684572
32.93 28.8076045026054
32.94 29.1586088463989
32.99 30.028004610039
33.09 27.79608175418
33.42 28.5656341495306
33.7 27.4622978754157
33.71 27.3205328448062
33.79 29.5377137571567
34 27.0479687772409
34.03 28.8395354492757
34.04 29.0859531453518
34.17 28.7383580886815
34.19 27.5679358202735
34.43 28.3347945415995
34.62 28.0980771456095
34.75 28.4836830368249
35.02 28.2760619431256
35.15 29.4680520599272
35.2 28.8523796964755
35.2 27.4908853424413
35.25 27.9246336499871
35.36 27.8993426618725
35.5 27.7379805954758
35.66 29.0931836367027
35.79 27.3999908429857
36.2 27.3553925438606
36.24 30.2105826921019
36.26 28.6734939396859
36.29 29.5049534888488
36.43 28.40110494117
36.5 29.2555854085277
36.78 30.1004830999348
37.12 29.7432359177885
37.18 31.0727367310957
37.2 28.9087506932697
37.2 29.9863525362358
37.32 29.4359305383206
37.44 29.1977753819736
37.51 30.0945694671536
37.55 30.357534339793
37.89 32.0180002585492
38.11 30.2552098625991
38.16 33.0381345915534
38.2 33.1904276497123
38.31 30.3806297225296
38.35 33.1145947634644
38.45 31.2273455920211
38.49 34.1149611030928
38.79 34.758314386706
39 34.6632265794756
39.01 33.8656190187658
39.1 42.3305171175796
39.34 34.8328019712849
39.37 36.6531456597578
39.4 34.8051436435534
39.69 34.2342084627644
39.81 39.7009330508346
39.91 45.7588801606721
40.02 43.3251707268955
40.27 49.3559978617928
40.32 46.2395497648372
40.32 45.6715071032225
40.47 45.449000592662
40.48 44.1963182153968
40.8 40.8030062532978
40.92 46.4832006013686
41.29 61.1959266660617
41.33 59.319474953597
41.35 57.518175175758
41.42 47.9508809944436
41.44 60.649389307843
41.52 66.1483387682385
41.54 57.4999889800966
41.99 66.6418431681336
42.09 79.0883309167674
42.36 103.021567605009
42.43 83.2691723934082
42.46 70.4768591666503
42.64 85.0813823392879
42.72 103.318084535918
42.73 97.5570215775605
42.87 88.8294982687996
43.04 96.4132098157702
43.18 96.6771743712677
43.36 130.603337717576
43.57 121.997416773185
43.7 117.374174973779
43.72 136.939421951701
43.97 133.002401591724
44.01 149.550863307456
44.16 146.796457771569
44.18 149.732700480353
44.35 153.575385117205
44.62 157.729850824769
44.67 149.976989465726
44.9 154.909438360964
44.95 156.933434138106
45.05 172.44803294543
45.08 173.532019992427
45.38 187.364613996958
45.46 164.135810930735
45.53 173.366649647849
45.7 174.502396466787
45.87 175.052707821191
46.01 202.22383934738
46.03 183.026298722415
46.2 206.4355190977
46.38 198.76141722999
46.45 198.161616327342
46.51 187.587569256378
46.76 200.064865755955
46.78 215.719621985556
46.9 205.905028189669
47.07 194.298522593983
47.25 205.880014565226
47.25 202.896078835191
47.51 213.598079392406
47.57 209.430567686052
47.64 208.390167093164
47.9 198.899415878274
47.95 211.393085998329
48.17 211.356873354205
48.26 204.919085599428
48.31 209.775497402927
48.49 200.866055322417
48.49 221.933321787979
48.71 214.838388661611
48.76 209.232873406697
48.84 216.86393523074
49.15 203.537658453581
49.16 215.21573344472
49.43 216.301959389351
49.43 204.286822985311
49.57 213.768636647679
49.66 224.966634896309
49.68 214.388285448377
49.85 220.144870420552
50.1 213.315680081411
50.24 205.555562009598
50.3 218.670154621107
50.5 204.555413229223
50.51 221.267382537548
50.52 203.335028729733
50.79 212.865560905971
50.82 202.860182014383
50.88 211.762312604449
51.11 211.275726611498
51.36 206.431232761014
51.39 208.44581486964
51.55 216.999519252619
51.75 197.048966118197
51.82 216.47044321239
51.83 197.120377962969
52.04 200.235720475561
52.05 201.150929507044
52.05 193.601717532271
52.49 182.901423841686
52.63 185.620708496793
52.76 185.999249186426
52.87 197.777335666536
52.92 204.749228582449
53 183.142404261568
53.05 186.62231292231
53.07 191.883034912235
53.12 176.83345672029
53.41 182.13527567204
53.72 183.970313919931
53.75 180.164453351342
53.89 167.074793225
53.95 163.074719897749
53.98 161.867796290178
53.98 166.716929063442
54.07 152.766418601891
54.13 167.38123689685
54.43 146.484960616465
54.89 142.613572911255
54.91 164.281895569654
54.92 144.7253712062
55 139.648121450477
55.02 150.749674538453
55.18 139.182637899073
55.25 139.023188468352
55.63 139.026510055771
55.79 135.091052019032
55.88 139.060189170839
56.12 128.31566184481
56.13 123.432629810589
56.33 125.239815610356
56.34 129.43372461681
56.48 130.789649476658
56.5 109.986558769087
56.53 128.886648717832
56.82 108.062938119322
56.95 101.708598381854
57.12 113.266852252141
57.21 84.2096605802565
57.4 104.51373340359
57.4 114.063912875999
57.51 106.176436564544
57.69 90.8134493407273
57.72 89.2734695628125
57.96 88.2556836892626
58.22 99.9811031585693
58.27 80.4381278297885
58.41 92.9897351057283
58.47 101.478771632888
58.52 72.7294476509989
58.57 87.3214774299752
58.94 73.1624469065461
58.95 79.3306914326568
59.1 80.7510354839579
59.15 65.6038965293809
59.22 65.9236128845491
59.26 69.3265315134182
59.58 66.1302792112622
59.61 58.7600014306708
59.66 65.1868715437078
59.71 54.5202351898064
59.9 50.7321337620754
60.18 52.9580909323885
60.24 53.9780937361725
60.28 56.4342556415628
60.32 49.0609799017813
60.4 45.0364723473889
60.73 45.2691016897037
60.88 39.8098385072803
61.06 41.9161466035143
61.19 43.9935175280794
61.21 43.3411576000631
61.39 40.1226120013306
61.51 38.7371538199949
61.57 34.4812950986493
61.66 39.8834211868765
61.79 35.8255158165977
61.92 34.0395552638829
62.31 30.994655787158
62.37 33.8453344011293
62.49 32.090209135657
62.58 32.6482986079172
62.63 33.0320485846201
62.78 28.7166631054711
62.81 30.336247578808
62.81 32.3710181674184
63.25 26.6808842140052
63.51 27.4733153335891
63.58 27.5862514028398
63.61 25.3759519114666
63.75 26.1809081798251
63.79 27.3187575802543
63.79 24.8132445521351
63.82 25.4550741363366
64.05 24.2905553897006
64.51 26.5175546437236
64.63 25.4545213711113
64.64 22.4395792919274
64.66 25.4277706254137
64.83 23.179402547174
64.86 23.5790591553334
64.88 25.1520502978388
65.34 23.3837403338657
65.35 22.4764816439882
65.36 22.0219535593999
65.7 22.3056367033271
65.78 20.1314661581347
65.82 22.6524881803485
65.82 22.1007859730367
65.82 23.1881989842609
65.87 21.6243030765824
65.9 21.4448638917907
66.4 22.4486381980446
66.44 21.1269925473149
66.51 21.3403176437058
66.64 20.6791966286964
66.67 21.2454983524992
66.73 22.3082892027171
66.86 20.4401752468273
67.13 20.4260293642976
67.33 22.3053884202025
67.46 21.1712509733739
67.47 20.8348365308833
67.61 20.9195296256992
67.62 21.0194890026371
67.62 20.7091818852164
67.62 20.8882851409944
68.15 20.5743757889354
68.3 20.5125262797583
68.3 20.8600220094864
68.31 20.4816289454629
68.69 20.8880747178883
68.74 20.4620201129551
68.75 20.5802115154307
68.79 19.2622670177843
69.28 20.5637133233895
69.32 20.1332708442831
69.37 20.3654217079662
69.4 20.5098893127788
69.42 20.4196912068945
69.46 20.4715937848709
69.77 19.9605121052916
69.87 20.0662087412409
70.04 19.5159404501545
70.32 20.9172253833176
70.35 19.8471296686235
70.38 20.4305172686176
70.49 20.8633268671397
70.51 21.4829781171954
70.54 19.221493638425
70.88 18.9720668587554
70.99 18.8741873531407
71.17 18.1616492779132
71.42 18.5923933090288
71.48 18.8435651095633
71.55 17.8035961224051
71.6 17.972726858159
71.64 17.997076766323
71.98 18.2420759366055
72.11 18.5043091757794
72.15 18.69617223037
72.53 17.8106876831972
72.58 17.3766830953021
72.58 17.477661214616
72.67 17.5555787164816
72.77 18.3571067131303
72.85 17.6835576742419
73.11 18.145197523376
73.25 17.0250862227592
73.47 16.2646579165408
73.53 16.785140990288
73.61 16.0633431650149
73.71 16.8682593712225
73.72 15.896580217324
73.87 16.751233515287
73.98 16.3928978895436
74.13 16.6512403671206
74.2 15.8857974361792
74.33 15.7745791557009
74.45 16.7197799020518
74.53 16.2475006157559
74.69 17.0821392216611
74.81 16.3701861429122
74.84 16.7168377508556
75.02 17.0789449232967
75.05 16.4530579831734
75.16 16.6095893951031
75.3 16.905520831191
75.4 15.7239765015775
75.45 17.0582501190941
75.54 15.7972496144107
75.82 16.5798882933762
75.83 16.9117922745708
75.92 16.2832803640774
75.95 16.7927986334759
76.14 15.2891082882992
76.21 15.7229030884901
76.37 16.8337808166288
76.54 16.1477256197099
76.66 16.0951444341216
76.9 16.716368456413
76.95 15.901500526596
77.09 17.1972073699042
77.24 16.6486802107616
77.32 16.3851577976074
77.32 16.894758432591
77.45 16.5066300911069
77.68 16.1820041672984
77.74 17.1814296550068
78.16 16.4777566951075
78.22 16.240412369884
78.25 16.9887920223763
78.41 16.1693171393952
78.43 16.6898665655438
78.46 16.5043651821721
78.51 15.8898446279459
78.88 16.8879018659222
78.95 14.8516923048367
79.23 16.439985523047
79.38 16.6593051386602
79.43 16.1443608513834
79.45 16.6464161352115
79.46 16.1171376377459
79.54 16.8178445859727
79.7 16.7022119379657
