X S
20.08 26.9149611639337
20.11 24.8215873144637
20.23 24.0131850172347
20.47 25.552408476091
20.52 24.9361318200419
20.88 25.2456275619577
20.91 23.8566673522317
20.92 24.8896093109985
21.07 25.3942611636377
21.15 24.8831188034595
21.53 23.4755485337988
21.68 24.2486284496652
21.79 24.3241109327648
21.91 23.9854215972932
22.17 24.2468030140462
22.22 24.783650296279
22.23 24.2957283359087
22.49 24.0375688615491
22.89 24.1530787536331
22.96 25.0054516851089
23.29 24.5505307295192
23.31 24.606008237641
23.49 24.8361589805678
23.66 23.3889479649269
23.68 23.2504616043261
23.81 24.647417856022
24.19 23.9656590813582
24.26 25.0659822757687
24.5 23.5054503680175
24.57 25.608738818619
24.73 24.2208395250585
24.99 24.3744639121994
25.06 23.8958406943638
25.22 25.2340046194223
25.29 25.1391585362779
25.5 24.4843886830362
25.52 24.2841671758107
25.7 24.7889194286363
25.87 22.7388742326736
25.87 24.5127787193093
26.12 24.7527285654962
26.13 23.723411124396
26.21 23.885393700199
26.65 24.2362022762202
26.72 24.7382536044321
26.79 24.5181095094739
26.84 25.5671723879926
26.99 24.8489565254292
27.1 23.2432010665543
27.17 25.1265514614148
27.27 24.711896103509
27.33 24.9901306784431
27.79 24.3145647965913
27.84 23.265005140134
28.01 25.1678233210316
28.03 25.0025472347394
28.05 23.5836474355033
28.22 25.5970714925507
28.32 25.8353812997402
28.33 25.4052041675719
28.83 23.2444596260737
28.91 25.5648495055563
28.99 25.577181250678
29.04 24.4693949399135
29.08 24.4016576120009
29.09 25.8327591309244
29.15 26.0718241987569
29.36 23.7573715683168
29.83 25.3306979031537
29.88 26.2636777754097
29.91 25.451977047104
29.91 25.4384236579374
29.94 24.6325486156806
29.96 26.3900479750056
30.18 25.2296205250329
30.21 25.8161731092991
30.54 26.1274813273788
30.58 26.7734245118738
30.69 26.5657802232456
30.85 27.124136607738
30.89 27.253739379697
30.96 27.7673424047445
30.96 26.5374069442454
31.14 27.6525399421611
31.3 28.290860342361
31.43 27.6122160655184
31.72 27.8340064601197
31.76 26.4157660447568
31.8 26.3508898279703
31.83 28.7959099425477
31.98 28.522145669419
32.01 29.5833275197752
32.07 29.6966796551904
32.43 28.2219293099907
32.53 28.7263915525594
32.76 27.3315103607362
32.86 28.1450877230878
32.87 29.1026338156958
32.93 30.1086478531304
32.94 28.838732794262
32.99 27.5695586599866
33.09 27.1654945296659
33.42 26.8923886378383
33.7 27.4448471258453
33.71 27.3297461566106
33.79 28.7209708946596
34 27.3750636295401
34.03 27.7345451446029
34.04 29.464151517011
34.17 27.845498596906
34.19 28.3145687915114
34.43 27.6963142467823
34.62 26.7659991144324
34.75 27.7505488713979
35.02 28.2990046045903
35.15 28.0435302226483
35.2 28.4423273371984
35.2 27.6629857075328
35.25 27.3365814408633
35.36 29.1963765498654
35.5 28.4027153036774
35.66 28.7968838236182
35.79 28.5942085963423
36.2 29.5631001965022
36.24 28.531343630789
36.26 27.7071265192905
36.29 28.7502775753618
36.43 28.6906996388817
36.5 27.344347065732
36.78 29.7574676847708
37.12 30.3887716414406
37.18 29.3174250410477
37.2 31.2983511317267
37.2 29.1810927308841
37.32 30.4472730948792
37.44 31.9181390526537
37.51 30.2631596758765
37.55 30.4786150128065
37.89 31.3733143063119
38.11 31.5579235562464
38.16 32.0126875310037
38.2 31.9227920636429
38.31 32.9967401558822
38.35 31.2482900494109
38.45 32.2765270887156
38.49 31.4548930116915
38.79 32.3934984464385
39 35.0361210391916
39.01 35.2695795099262
39.1 39.648771323683
39.34 38.8687279834389
39.37 38.9887457636575
39.4 38.2677428299089
39.69 37.9923013336634
39.81 42.8388482971318
39.91 34.7247296419664
40.02 38.6318251327058
40.27 45.2028701079744
40.32 43.8934255757678
40.32 44.1224373834253
40.47 48.7333472506258
40.48 54.3492375509816
40.8 42.1968122126609
40.92 47.0396459014664
41.29 57.8627887422029
41.33 46.6707579585546
41.35 60.3844876889695
41.42 56.3659690704998
41.44 57.9150392563603
41.52 69.7456623485364
41.54 70.6103502215119
41.99 80.4524878581199
42.09 74.9131713907664
42.36 72.6999027736177
42.43 81.3052183209876
42.46 86.3806051764452
42.64 85.9165666007029
42.72 66.4060462092668
42.73 93.797438914707
42.87 97.0914241964772
43.04 98.1541795502513
43.18 103.218049571736
43.36 101.131871076931
43.57 120.297398391961
43.7 123.840380510706
43.72 131.421009730702
43.97 140.154233062793
44.01 131.952413421322
44.16 131.13337716289
44.18 131.111457031319
44.35 136.520670402569
44.62 146.069048004592
44.67 139.287377433598
44.9 182.774606383001
44.95 159.993135543667
45.05 168.357776838516
45.08 162.650090336571
45.38 157.074462459256
45.46 171.200280528839
45.53 172.544412452
45.7 192.259126537548
45.87 183.357374766086
46.01 186.938408667382
46.03 190.929334791638
46.2 191.573721173401
46.38 195.421144462674
46.45 196.41122524262
46.51 188.300155491091
46.76 195.983794183907
46.78 201.396184877854
46.9 198.118059755237
47.07 208.979928592057
47.25 194.604484984575
47.25 199.412514989712
47.51 207.605735083754
47.57 207.361385986901
47.64 216.927843697494
47.9 208.102474822193
47.95 203.209193331285
48.17 212.971596141245
48.26 206.281985942309
48.31 218.787434364395
48.49 208.222772538231
48.49 219.671281123806
48.71 212.647227941361
48.76 209.153553927476
48.84 206.229424092647
49.15 211.52391037724
49.16 214.982187670691
49.43 211.47127733532
49.43 211.486175961667
49.57 202.350036838942
49.66 210.799391102836
49.68 228.445952176717
49.85 222.241848590634
50.1 226.338011490779
50.24 208.415239517973
50.3 206.283317664707
50.5 213.469932960665
50.51 205.434891766495
50.52 217.868936905172
50.79 215.315719394801
50.82 203.830035390469
50.88 206.999931663324
51.11 202.105150885999
51.36 208.748017623877
51.39 208.941676545616
51.55 203.777560628416
51.75 206.810400125274
51.82 204.846371398915
51.83 208.464605836052
52.04 199.234238010639
52.05 192.704761321964
52.05 211.551022208897
52.49 197.333879889212
52.63 193.182091771425
52.76 198.029406706473
52.87 186.73170606831
52.92 192.671167121182
53 185.596293084859
53.05 189.259971510985
53.07 174.289170210197
53.12 191.636192496218
53.41 200.208060785013
53.72 167.785852915943
53.75 167.337243996453
53.89 167.684891873747
53.95 153.898113663974
53.98 165.638831228745
53.98 167.531414473068
54.07 165.33725698193
54.13 162.029463721487
54.43 155.60289288165
54.89 143.407384360606
54.91 151.155984950752
54.92 135.596324975837
55 149.777308765288
55.02 137.069465493144
55.18 142.84955436879
55.25 136.885559018024
55.63 132.599537989625
55.79 127.21505880124
55.88 129.854135316693
56.12 129.976456202388
56.13 128.990523544293
56.33 121.294632944601
56.34 114.61303019647
56.48 107.602912827888
56.5 107.168966049878
56.53 111.986299826845
56.82 129.475041897952
56.95 106.848752175313
57.12 111.145075284242
57.21 114.903359887162
57.4 109.197658030502
57.4 107.477561717185
57.51 96.8704865968923
57.69 100.736302517656
57.72 93.0300399138629
57.96 99.5286829033627
58.22 86.8701975283932
58.27 93.4378055373548
58.41 71.3441363462707
58.47 87.7677579757041
58.52 69.465145750813
58.57 85.5683492952969
58.94 82.6584629969759
58.95 73.8342622999722
59.1 70.2494873351995
59.15 74.9073485384938
59.22 70.9357539429933
59.26 59.5465095024326
59.58 57.0128932189192
59.61 64.4755074605279
59.66 50.60544370322
59.71 64.3853080050354
59.9 61.7795596166619
60.18 53.102733693936
60.24 54.7893290264695
60.28 56.6441605167906
60.32 50.4583895615507
60.4 48.0235325140473
60.73 41.4888336158328
60.88 43.5686738627905
61.06 43.8911839254892
61.19 40.0729951897306
61.21 39.1566266474104
61.39 38.392152892428
61.51 34.2253900358771
61.57 38.3681275240788
61.66 34.9958982274392
61.79 34.7115757759234
61.92 35.2471256432488
62.31 32.9249959235451
62.37 30.404826722354
62.49 33.7471182891763
62.58 32.0595660490892
62.63 32.7401356612899
62.78 29.2888176583542
62.81 29.9873807957274
62.81 30.3780445465762
63.25 30.1754368879654
63.51 27.8590466780826
63.58 25.2882547653807
63.61 26.1085755792169
63.75 28.585379637961
63.79 26.9405227240102
63.79 25.3193160299201
63.82 29.0444061791131
64.05 27.8898413345417
64.51 25.9283908918085
64.63 24.4437579816734
64.64 25.1607153066634
64.66 24.995040896562
64.83 23.466095887743
64.86 23.9100999196821
64.88 22.2423600895964
65.34 22.8908068703354
65.35 21.6645752459763
65.36 22.5711439515512
65.7 22.5325668248696
65.78 22.8580378931993
65.82 21.7408388960842
65.82 20.6440413236277
65.82 20.9364229271154
65.87 21.5704137736575
65.9 22.8070484225057
66.4 21.1175074271369
66.44 19.6206714941542
66.51 20.1829223965863
66.64 21.2402330600531
66.67 20.7483116535549
66.73 21.330286930881
66.86 19.9189666334814
67.13 20.9569271256921
67.33 20.6034074219398
67.46 21.143434630862
67.47 20.2214355401184
67.61 22.005822218042
67.62 19.7646223367042
67.62 21.2397782802087
67.62 20.8113204297868
68.15 20.774524787637
68.3 19.8948870764657
68.3 21.4857595287451
68.31 20.6340027896942
68.69 21.6972408314554
68.74 20.1302059122393
68.75 21.211928751899
68.79 19.6906922301688
69.28 19.712544010817
69.32 19.9882347749102
69.37 19.6581012325612
69.4 20.4199527171134
69.42 21.0575515496859
69.46 20.7453000016378
69.77 20.0660757370608
69.87 20.2906102605044
70.04 20.0738942040652
70.32 19.6985416099951
70.35 20.648082841769
70.38 19.3049648792182
70.49 20.1414334805625
70.51 20.7073184308225
70.54 19.7661926410479
70.88 19.0292706962975
70.99 18.3994851248608
71.17 18.9586563883276
71.42 19.2290977243135
71.48 18.7252830727751
71.55 18.2136409104015
71.6 18.8091250807917
71.64 18.604433591813
71.98 18.189804751956
72.11 17.629116803708
72.15 16.9593385084822
72.53 17.1271301607763
72.58 17.3073545392368
72.58 16.2877382878351
72.67 17.381306691109
72.77 17.1794299522745
72.85 17.2151406728821
73.11 16.8064928513377
73.25 17.0799407515222
73.47 17.2400807932933
73.53 16.9474614686351
73.61 17.3062879034402
73.71 17.4888069374987
73.72 17.5159729560829
73.87 16.7350815248599
73.98 16.1304091307969
74.13 16.7265213054902
74.2 16.4130534403322
74.33 16.4277088018025
74.45 16.4847023884083
74.53 15.7379834048085
74.69 15.9981923061979
74.81 17.333423580629
74.84 16.2050354439641
75.02 16.6094784704503
75.05 16.3086636778932
75.16 16.6719676056141
75.3 17.0106786617383
75.4 16.1500213924194
75.45 16.630941689201
75.54 16.5882979996428
75.82 16.3878133239614
75.83 16.0530672209415
75.92 16.314983435326
75.95 15.9134817331241
76.14 16.9369872281605
76.21 16.2759724566029
76.37 16.7779924457984
76.54 16.6728736376389
76.66 16.6275828851316
76.9 15.7394892175693
76.95 16.4074185621472
77.09 16.468507359716
77.24 17.0599750490832
77.32 16.8745468336905
77.32 17.0188155428328
77.45 16.2772418490384
77.68 17.5064819157587
77.74 17.1429545977528
78.16 15.5717486204402
78.22 16.0584111348708
78.25 16.7367268821221
78.41 17.0941735939955
78.43 16.5025112035245
78.46 17.3296437562109
78.51 17.2069335518266
78.88 15.9517073188963
78.95 16.2607662983105
79.23 17.2670147093372
79.38 16.9256423770881
79.43 16.9583120368074
79.45 16.9655878561242
79.46 16.1413106199866
79.54 16.9010187945512
79.7 16.3330330067921
