X S
20.08 25.1650260955916
20.11 24.8315190796049
20.23 24.6994734645435
20.47 23.9059254404324
20.52 25.7943480274771
20.88 23.5828992536618
20.91 24.3445267352254
20.92 25.2266773243701
21.07 24.4582733631745
21.15 22.9712485907977
21.53 25.3301711508908
21.68 24.8642418724016
21.79 23.498818860572
21.91 24.6605620952237
22.17 25.6525177382831
22.22 24.1926380453762
22.23 23.3614514035485
22.49 24.1789151918357
22.89 24.8021106233276
22.96 24.0931670788326
23.29 25.8162488615947
23.31 24.4297451076481
23.49 23.2667404585167
23.66 25.3367141012911
23.68 23.605229419067
23.81 25.1633352739104
24.19 24.5026767930679
24.26 24.2148284427987
24.5 23.9642819692797
24.57 23.8440335236007
24.73 24.3025152641717
24.99 24.9547692406158
25.06 25.568484553638
25.22 22.6959392896366
25.29 24.3702300921615
25.5 24.0117576656365
25.52 23.6729334086985
25.7 25.4736426150885
25.87 24.2234641177092
25.87 24.4626325382441
26.12 25.7546270495726
26.13 24.3226657595519
26.21 23.6561329126733
26.65 24.220423296009
26.72 24.7799408631165
26.79 24.4759081494559
26.84 24.3953878529284
26.99 24.6483125143518
27.1 25.4412892023257
27.17 25.5757313167949
27.27 25.5300182897621
27.33 24.6305002633211
27.79 24.1461936539369
27.84 24.7698626558631
28.01 22.6174198630842
28.03 24.3702721662187
28.05 25.559976996605
28.22 25.2960055690829
28.32 24.8660436387679
28.33 24.9449230358191
28.83 25.7660947068447
28.91 24.3255235968757
28.99 25.6643220686098
29.04 24.8922877251866
29.08 25.1804913753949
29.09 23.8781859588719
29.15 25.5271847370168
29.36 25.3402784299976
29.83 25.3788274003431
29.88 26.3245555869771
29.91 26.3567013539635
29.91 25.1580945179459
29.94 26.746961103248
29.96 25.9989319028972
30.18 26.3453821458324
30.21 25.0326526364252
30.54 25.5314250058911
30.58 27.3131170155557
30.69 26.5026358348277
30.85 26.9954329580914
30.89 28.4134487242158
30.96 27.2904349117664
30.96 27.4242327529641
31.14 27.7984676858653
31.3 27.9003396580892
31.43 28.1599579952513
31.72 28.2344194230916
31.76 27.7415961876323
31.8 28.5004244481618
31.83 27.661270059008
31.98 27.2550948947365
32.01 27.8985342132454
32.07 28.3979336881681
32.43 28.558899280431
32.53 28.4626286655416
32.76 28.6028857385725
32.86 28.6075752343017
32.87 29.4525293533177
32.93 27.8232022664171
32.94 28.4972686909102
32.99 29.0536501499823
33.09 27.9041240216185
33.42 28.1319405964626
33.7 27.6273752406487
33.71 27.2499384800298
33.79 29.3128213173374
34 27.8796243588856
34.03 27.6525717391267
34.04 27.3657307763942
34.17 28.9199473965047
34.19 27.4569922078224
34.43 27.9511948070288
34.62 27.9106854184479
34.75 26.7701875546172
35.02 27.6656417445331
35.15 30.1011479541886
35.2 27.9617549780907
35.2 28.6367019377118
35.25 28.5912637469438
35.36 28.0658477709609
35.5 28.0361134710848
35.66 27.9461297942168
35.79 28.3801570911781
36.2 29.5219302645155
36.24 28.6112247920043
36.26 30.495441105862
36.29 30.4606356374966
36.43 28.2631187265215
36.5 28.99975518278
36.78 30.1938518012714
37.12 30.1112914157674
37.18 29.7463079376139
37.2 31.0888436202627
37.2 30.5681874603636
37.32 30.5811423379621
37.44 28.5904327095533
37.51 29.3783174091703
37.55 28.7146560560584
37.89 33.3552803317786
38.11 34.3555029046353
38.16 32.2022093696516
38.2 31.6290996463689
38.31 33.1740439764312
38.35 33.6730792728274
38.45 34.6354289502484
38.49 32.5865763186821
38.79 34.3977453829913
39 34.9224581764443
39.01 36.1588803276722
39.1 38.0832969654036
39.34 39.1906722937203
39.37 37.2052426066465
39.4 43.3911412146863
39.69 40.0616191461461
39.81 39.099996285542
39.91 40.7500572808077
40.02 45.1054933474898
40.27 34.5582744085384
40.32 40.8278784595366
40.32 45.7269626343048
40.47 42.9717056710065
40.48 36.8055902174236
40.8 49.061650795639
40.92 50.9221082070136
41.29 63.8395460708173
41.33 60.5631899885984
41.35 45.6916192476
41.42 52.4660920115926
41.44 44.8924210962204
41.52 77.9664774886711
41.54 54.1592783967128
41.99 69.1237906454371
42.09 64.5419679223568
42.36 81.8531984390262
42.43 81.3626458101185
42.46 73.3401918397733
42.64 96.8653166403597
42.72 89.5477652184671
42.73 102.839790853843
42.87 82.4932793655805
43.04 95.119770372858
43.18 93.4720727281549
43.36 96.0620557656285
43.57 106.050859083896
43.7 113.013969460456
43.72 114.278992963627
43.97 162.711260665105
44.01 134.962570530566
44.16 135.059850033979
44.18 145.92224738543
44.35 147.503070967372
44.62 142.46399000775
44.67 152.083579225497
44.9 160.397877356981
44.95 151.246745425584
45.05 168.211092009792
45.08 174.357934419953
45.38 171.314986772375
45.46 171.680956356913
45.53 174.026412784659
45.7 193.853296272402
45.87 203.445980130235
46.01 188.165545218637
46.03 203.305608598828
46.2 201.672979403342
46.38 212.280578760201
46.45 186.889373950912
46.51 197.915844138902
46.76 193.983020327225
46.78 199.802676685406
46.9 206.147015777318
47.07 208.902061781699
47.25 202.329872706193
47.25 209.693766814786
47.51 209.868025079535
47.57 206.405316620644
47.64 199.116856292568
47.9 197.538494094064
47.95 204.805852163326
48.17 202.007614453101
48.26 201.382615327153
48.31 217.292535941808
48.49 208.081833057525
48.49 206.646914184925
48.71 201.820386566649
48.76 226.961232978597
48.84 228.513526019283
49.15 210.547179586406
49.16 212.648464505034
49.43 216.986590382719
49.43 208.223336893636
49.57 222.546258747091
49.66 206.60375772112
49.68 221.926417349899
49.85 209.465364243741
50.1 215.229075117788
50.24 222.062001813417
50.3 213.175504566778
50.5 203.467149379202
50.51 205.833105791144
50.52 213.971045597841
50.79 198.174211461452
50.82 205.90934873852
50.88 207.905088606233
51.11 210.269636921716
51.36 204.015572141489
51.39 214.637334380422
51.55 206.423979115534
51.75 212.782657443093
51.82 203.790764086023
51.83 197.637628307442
52.04 208.483076692885
52.05 190.590465132233
52.05 211.353915749248
52.49 195.226892369366
52.63 197.173930423739
52.76 182.358334492206
52.87 186.843663236839
52.92 191.305852858194
53 183.853908437805
53.05 180.656371973987
53.07 183.927224765864
53.12 182.829515806159
53.41 177.182318128105
53.72 169.200557147769
53.75 174.65020507091
53.89 167.685425439311
53.95 179.086052323805
53.98 159.375944641811
53.98 164.330340321874
54.07 161.910168420026
54.13 157.355123110542
54.43 137.467382432593
54.89 139.934367895839
54.91 160.171780251975
54.92 136.525703550578
55 146.582525827779
55.02 151.856274098929
55.18 133.877242878852
55.25 134.946116720995
55.63 116.383899980062
55.79 130.239549207697
55.88 135.802309054235
56.12 128.933215944009
56.13 120.419333815018
56.33 127.06131520198
56.34 130.104493317105
56.48 112.09566003562
56.5 125.835650924177
56.53 121.511200516068
56.82 118.319733647643
56.95 112.256411483543
57.12 104.322357379051
57.21 104.395130211763
57.4 90.5193044034213
57.4 108.071855879141
57.51 109.632425094984
57.69 94.4087735212996
57.72 101.032081207545
57.96 91.6480910995162
58.22 99.3601489294245
58.27 90.0364165847622
58.41 96.4958278357327
58.47 86.1787932003365
58.52 80.3343318832576
58.57 71.3452612729735
58.94 83.2460365780923
58.95 72.9549557066956
59.1 61.0992335098698
59.15 71.8557449043323
59.22 59.5077763890412
59.26 58.7418013746939
59.58 62.4300257982273
59.61 58.571979923989
59.66 54.7628436097103
59.71 60.395601767473
59.9 56.3207513859967
60.18 47.3065335286243
60.24 51.3008157560738
60.28 43.8007423993843
60.32 52.730000072508
60.4 49.5873491895191
60.73 47.4312238588726
60.88 46.592144613043
61.06 40.9723746600187
61.19 37.0108713082383
61.21 41.2340934002109
61.39 37.5307855223874
61.51 34.3410130746024
61.57 35.2589709989468
61.66 33.1150072940294
61.79 30.5761908677659
61.92 37.0245812009895
62.31 32.0418638399981
62.37 32.8603435081019
62.49 30.942908020058
62.58 34.49248259651
62.63 27.8905950974692
62.78 28.2348200340342
62.81 32.1174242484751
62.81 31.0852226961729
63.25 28.0013047133263
63.51 27.7563772632604
63.58 27.1943083048877
63.61 29.1619147510346
63.75 24.7019499029608
63.79 30.1403928116102
63.79 25.0024154824074
63.82 28.6482580247007
64.05 26.0133199300406
64.51 25.2944941261263
64.63 23.5706633850004
64.64 23.6063795726843
64.66 23.3502253297207
64.83 22.533895130705
64.86 22.4682717463059
64.88 24.2648360715298
65.34 21.8471130360093
65.35 24.1703142236758
65.36 23.3998074389227
65.7 22.2535853119479
65.78 23.8357977422273
65.82 22.0477056948007
65.82 22.0407527562309
65.82 22.0191411380351
65.87 21.9370173336841
65.9 21.7940277233461
66.4 21.4996412686771
66.44 21.3902494841197
66.51 20.6155722665975
66.64 21.4507635098102
66.67 20.6553983224752
66.73 21.7200039889359
66.86 22.3328789589143
67.13 20.5358064673926
67.33 21.6115882007471
67.46 22.1744011782479
67.47 22.1468446674241
67.61 21.657661098266
67.62 20.5007177360137
67.62 19.7380872398716
67.62 20.1240042084268
68.15 20.7423721836646
68.3 20.0001252345885
68.3 20.3503281282354
68.31 21.5759437682512
68.69 21.4121771817274
68.74 20.914492397336
68.75 20.9864160456121
68.79 20.8172111764662
69.28 21.3064654828934
69.32 21.6988228234457
69.37 20.577053716405
69.4 19.5446312828398
69.42 21.3304357727122
69.46 21.9588462868295
69.77 20.8141393292552
69.87 20.3924003740792
70.04 20.9213728334258
70.32 19.4925307967385
70.35 20.1136546846766
70.38 19.3046053477176
70.49 20.2459417042575
70.51 20.2813785528999
70.54 20.5067340801906
70.88 19.1425465384204
70.99 19.5528498856237
71.17 17.8770914243524
71.42 19.0334096152072
71.48 18.5788141159107
71.55 19.3041056974046
71.6 18.4339361740298
71.64 18.894279280816
71.98 17.7833113009342
72.11 18.3396975963378
72.15 17.4921009322323
72.53 17.8391656910065
72.58 17.1250257019656
72.58 17.0339971540037
72.67 17.24374689377
72.77 17.3690298395472
72.85 16.5307189382194
73.11 16.7392148161959
73.25 17.6878051142009
73.47 16.5971958285485
73.53 16.0649099621695
73.61 16.1772109522536
73.71 16.048367008542
73.72 16.5115445720486
73.87 17.1277773960386
73.98 16.6049370354273
74.13 16.4876756196951
74.2 16.6516673240372
74.33 16.9546147602955
74.45 16.3708683109759
74.53 15.9873391200153
74.69 16.3117514542535
74.81 16.4655427029369
74.84 17.2080975659782
75.02 16.5245182142356
75.05 15.8554455123076
75.16 15.8620195066218
75.3 16.5424579712853
75.4 16.6457408669483
75.45 16.6231043647975
75.54 16.0479159943218
75.82 16.2970543626277
75.83 16.8920624352188
75.92 16.802740677853
75.95 16.2487376089776
76.14 16.6297794535925
76.21 17.4026775137458
76.37 16.6283539502428
76.54 15.7875855229975
76.66 17.1349057161083
76.9 16.4981857352974
76.95 16.3326649928108
77.09 16.7741464095552
77.24 16.6513833274446
77.32 16.6795971683873
77.32 17.135281675968
77.45 16.242085825282
77.68 16.4826420949605
77.74 16.6946033491597
78.16 16.583673577211
78.22 16.6287955057023
78.25 16.5972653370105
78.41 15.9701011402107
78.43 16.9118711447446
78.46 16.3433347686413
78.51 16.5611725784017
78.88 16.3311442861532
78.95 17.1066967148483
79.23 16.2608872344221
79.38 15.8601115326497
79.43 15.8560781555081
79.45 15.8251359920594
79.46 17.3130028376237
79.54 16.2657772537827
79.7 16.0383679563374
