X S
20.08 25.9590695803229
20.11 25.8769400419984
20.23 24.4148975402735
20.47 24.4665027963057
20.52 24.2251452829751
20.88 25.6498686720688
20.91 24.6535910823449
20.92 23.3351496033736
21.07 25.3492028415459
21.15 24.7467626822014
21.53 24.9447774726373
21.68 25.3134678298763
21.79 24.5906040346069
21.91 23.5986797816551
22.17 23.6338212273214
22.22 24.5438473120842
22.23 23.9015236870964
22.49 25.638097693913
22.89 24.275632817616
22.96 24.5659570767801
23.29 24.5305794226754
23.31 24.6349353782008
23.49 24.4172020982443
23.66 24.085837695435
23.68 23.8588567259915
23.81 22.7405275536695
24.19 24.1844540295154
24.26 23.8259415172296
24.5 24.4131388222691
24.57 24.3135688525462
24.73 23.9059558972479
24.99 23.7129650463274
25.06 24.9427912231088
25.22 24.6835870534758
25.29 23.8049004211756
25.5 23.9311640144922
25.52 24.2996286960155
25.7 23.9666222677735
25.87 23.5949415514736
25.87 24.4752083085866
26.12 23.675152411339
26.13 25.1441579363958
26.21 24.9116378642414
26.65 24.883218277555
26.72 24.9357831987973
26.79 24.5411559763137
26.84 23.4905440817815
26.99 25.8667558718563
27.1 25.1775051679833
27.17 25.5447240201166
27.27 26.0163050326618
27.33 23.3366300276776
27.79 24.6159866907777
27.84 25.242874010548
28.01 24.983351889774
28.03 24.0479014371066
28.05 24.5425409933332
28.22 25.3142596144845
28.32 25.8870478088725
28.33 25.3847842877352
28.83 25.1504709849119
28.91 26.0668645384925
28.99 25.9551118142411
29.04 25.5537107140125
29.08 24.7404232976629
29.09 24.4531152734053
29.15 24.1672633953252
29.36 24.1644525920012
29.83 24.703447418841
29.88 26.3778485104614
29.91 26.3403986123577
29.91 25.4595984111389
29.94 24.2875983027253
29.96 25.3271809812313
30.18 26.6271755688278
30.21 26.7548458764426
30.54 28.2987164435958
30.58 27.2393011932727
30.69 26.0852449227964
30.85 27.3057885228036
30.89 27.3060850171377
30.96 26.7683861985919
30.96 27.7624242380526
31.14 27.5227686716048
31.3 26.1010166767996
31.43 27.2687816394475
31.72 28.0322353394365
31.76 26.6704906806787
31.8 28.1960398373682
31.83 29.1717572890262
31.98 27.0073718852494
32.01 27.8191059383972
32.07 28.5238908986263
32.43 28.0284801381258
32.53 27.0027274022129
32.76 30.0376820733634
32.86 28.2828218574468
32.87 29.7082275028857
32.93 29.2225652135325
32.94 28.254838433554
32.99 28.9351022192571
33.09 28.1619660627894
33.42 27.9678795222731
33.7 28.2542060348693
33.71 28.9207350163654
33.79 28.2998768845633
34 28.973694633617
34.03 28.2002500000149
34.04 27.1550120314339
34.17 28.972409675563
34.19 28.1669609707911
34.43 27.8181673317431
34.62 26.9824395358667
34.75 28.8383545502013
35.02 28.0641429843874
35.15 28.3237718234224
35.2 28.3617113924131
35.2 26.4688888470087
35.25 28.5437381153318
35.36 30.1144539950318
35.5 26.6389272282205
35.66 28.7771354492785
35.79 27.3084761254761
36.2 28.2322746017101
36.24 28.5515328167633
36.26 28.2706507206163
36.29 27.9228505990521
36.43 29.5226067169774
36.5 28.1469072792199
36.78 29.6962303713888
37.12 30.8652808899816
37.18 29.6384797114683
37.2 29.4306575389748
37.2 29.4193343608776
37.32 30.7278925788318
37.44 30.3927218627899
37.51 30.6899990617005
37.55 30.527500628863
37.89 31.512927927972
38.11 30.9129677931613
38.16 32.5129290850859
38.2 33.0423386350521
38.31 33.251191066048
38.35 35.2757394975932
38.45 32.4809404249134
38.49 34.6708572867535
38.79 32.1497265562627
39 34.713985236645
39.01 36.7657137816084
39.1 35.3397583086602
39.34 37.8978931383986
39.37 37.7891948848905
39.4 35.8766479248408
39.69 39.1698612695213
39.81 34.6495674843383
39.91 44.3603883510223
40.02 44.4426869960418
40.27 39.1900128761237
40.32 45.6955694196674
40.32 45.3387164308088
40.47 48.9465716019454
40.48 44.1702194078162
40.8 48.3195268935161
40.92 48.6754836871181
41.29 54.6321202799909
41.33 61.8982345593276
41.35 57.6240880428736
41.42 65.5834109578738
41.44 61.0510944312963
41.52 60.343476502062
41.54 60.7587737947767
41.99 64.58223086585
42.09 85.6753284098941
42.36 89.2137159470276
42.43 75.1137165478846
42.46 81.108133407211
42.64 91.7234521586011
42.72 104.094616684463
42.73 93.3725958712567
42.87 101.462020078654
43.04 101.506924687091
43.18 102.699737799306
43.36 128.17856147236
43.57 131.105374932456
43.7 114.067076153381
43.72 117.627349564567
43.97 150.246103124636
44.01 136.59176420612
44.16 151.003818906173
44.18 137.841074678366
44.35 146.957448123862
44.62 147.373542931147
44.67 161.990798028476
44.9 167.523733361015
44.95 157.825193299767
45.05 160.975983697232
45.08 168.117538738525
45.38 163.251609645181
45.46 166.074952667316
45.53 178.325466905297
45.7 190.422683655375
45.87 184.915994867406
46.01 181.623492746836
46.03 182.295485411441
46.2 188.208881722711
46.38 189.733568829034
46.45 203.724924193368
46.51 188.08290730969
46.76 197.707959688081
46.78 205.125472827533
46.9 196.292095265953
47.07 196.238406014752
47.25 199.904905584999
47.25 199.154751937352
47.51 198.60751594744
47.57 192.922898415798
47.64 198.528568202008
47.9 219.800253212156
47.95 209.858837001525
48.17 206.713623791944
48.26 207.717872898953
48.31 201.646286146223
48.49 223.707480625852
48.49 205.975524693312
48.71 202.249330651792
48.76 216.762362389348
48.84 211.830504940037
49.15 208.853879490824
49.16 217.405663104263
49.43 204.126676129392
49.43 216.138925681677
49.57 218.541776783459
49.66 205.984645071525
49.68 218.486873173556
49.85 222.894525980389
50.1 209.505551035697
50.24 207.772008080087
50.3 218.373769567475
50.5 214.847226689013
50.51 210.821342536596
50.52 215.398612637184
50.79 225.838145264907
50.82 223.57873826864
50.88 206.372275718512
51.11 211.22556379403
51.36 215.247760937908
51.39 204.697727212691
51.55 203.98131424809
51.75 194.190024489407
51.82 192.372203875099
51.83 198.925617558491
52.04 194.989770971236
52.05 194.30809926486
52.05 189.996910289052
52.49 204.53902000961
52.63 187.908944264155
52.76 209.603476503479
52.87 188.215898391392
52.92 165.946406176116
53 179.977943298357
53.05 190.909871730676
53.07 188.448661312297
53.12 190.481067538716
53.41 183.090094662133
53.72 182.601641315231
53.75 172.865611970029
53.89 165.058251633496
53.95 166.832822009506
53.98 165.452648472946
53.98 169.700555269667
54.07 170.096666983614
54.13 157.383102713731
54.43 152.274147567737
54.89 147.124758057722
54.91 152.844725057195
54.92 143.331659443952
55 142.301480582497
55.02 144.835005188901
55.18 141.42226268846
55.25 136.231648195625
55.63 131.554256348765
55.79 136.494145452666
55.88 134.317512558708
56.12 127.970526052095
56.13 113.865241588369
56.33 130.5701743196
56.34 127.088303101901
56.48 124.1000340427
56.5 110.292779856725
56.53 118.139790517626
56.82 114.809296019634
56.95 109.116788809301
57.12 108.856022273378
57.21 106.001190127026
57.4 104.434738466309
57.4 106.841140832831
57.51 101.896975569424
57.69 93.9370569655397
57.72 97.7091321573163
57.96 92.7604936008309
58.22 79.2071268754085
58.27 89.4912654634394
58.41 104.146058048089
58.47 76.5399839483335
58.52 78.358464536171
58.57 79.5223367954469
58.94 79.5105550709896
58.95 74.5179770822783
59.1 77.6275122509882
59.15 70.9221754692612
59.22 73.0163013106081
59.26 69.6610779735561
59.58 55.5388624763592
59.61 65.3800036505263
59.66 68.3712692567532
59.71 68.1302647182054
59.9 49.7321567924082
60.18 53.0402941304192
60.24 48.2541696165192
60.28 49.0243482748193
60.32 57.2307493930266
60.4 47.0209244668276
60.73 37.4058425862997
60.88 43.0975183830504
61.06 39.0021431657769
61.19 44.4604193444522
61.21 41.3673900129769
61.39 39.5109992396432
61.51 36.2282828712593
61.57 36.7030049674833
61.66 36.8075251142662
61.79 37.1969725103041
61.92 38.0023381277764
62.31 36.5431224573062
62.37 31.2291872495631
62.49 33.128730727083
62.58 30.8730045979146
62.63 30.1636856744409
62.78 27.110560377134
62.81 30.0292883206327
62.81 29.6973450724302
63.25 29.3837387796796
63.51 28.4663122561018
63.58 26.7813216315897
63.61 25.1943883709299
63.75 27.0244028917873
63.79 24.4024413451572
63.79 27.3471706845538
63.82 28.0119709179194
64.05 26.1793575086453
64.51 23.8060548220511
64.63 24.0777150335275
64.64 25.4738833035539
64.66 22.686137365536
64.83 24.4753574861781
64.86 22.8154907561615
64.88 25.5467109519194
65.34 21.9476311007151
65.35 22.9019477121436
65.36 21.3831458251675
65.7 21.630866733396
65.78 22.2268948581719
65.82 22.4895172209751
65.82 21.7936757502483
65.82 21.9664177172539
65.87 20.8032028946791
65.9 21.8855906023156
66.4 21.0096699527909
66.44 20.9194789231638
66.51 22.1893132223622
66.64 20.2795847144645
66.67 21.4736351111659
66.73 21.1776956036198
66.86 21.0582020999795
67.13 21.0302717884178
67.33 21.1317042398213
67.46 20.042764020243
67.47 21.1756486942086
67.61 20.51346505445
67.62 20.8741612552005
67.62 20.4954141304246
67.62 19.0679746570352
68.15 20.1402087070548
68.3 21.0211923093353
68.3 21.2275814189955
68.31 21.0048647863242
68.69 21.1532400825536
68.74 20.5604382179367
68.75 20.9151926806173
68.79 20.6081312744326
69.28 21.0149738287487
69.32 19.851961603636
69.37 19.598143833348
69.4 19.7288365076193
69.42 18.4139201464505
69.46 19.3590326073302
69.77 20.6264072337323
69.87 19.8144113562126
70.04 19.2211872851317
70.32 19.4580135855404
70.35 18.7913275438911
70.38 20.5683311522586
70.49 19.1661905933127
70.51 19.3690592195947
70.54 19.8472891600067
70.88 20.2107331500403
70.99 19.5142795893289
71.17 18.9316800405246
71.42 18.0672380221642
71.48 19.2176567226721
71.55 18.1445109251972
71.6 18.9668080395506
71.64 18.1766947545834
71.98 17.7950877506492
72.11 18.4810903361012
72.15 17.9362821101449
72.53 17.3022855885651
72.58 16.7462965413866
72.58 18.2598605199849
72.67 17.3819555060548
72.77 17.1531950347688
72.85 18.1813118679995
73.11 17.5120961350407
73.25 18.0507866642175
73.47 16.3209351181365
73.53 17.7772161779894
73.61 17.5557561322194
73.71 17.674575438765
73.72 17.0372411045929
73.87 16.9894403436878
73.98 17.1187687639716
74.13 17.2227696848744
74.2 16.8392802908666
74.33 16.0925422873864
74.45 16.2548684136697
74.53 15.9960067020296
74.69 16.3554964458255
74.81 15.8554180294595
74.84 15.9357464400388
75.02 15.4846603154143
75.05 16.546182484251
75.16 16.56905029209
75.3 16.2407736113225
75.4 15.6598598174533
75.45 16.2986927642016
75.54 16.5607199728154
75.82 16.8638410991839
75.83 17.1876588147909
75.92 16.3093538673227
75.95 16.7591601889207
76.14 16.3920109062915
76.21 16.6122547235161
76.37 16.5599934018142
76.54 16.5389590636843
76.66 16.8394953828027
76.9 16.789991399238
76.95 16.3382758801966
77.09 15.9750871923392
77.24 16.7977403751505
77.32 17.318778391362
77.32 17.5170716214365
77.45 17.0580766313726
77.68 15.478510175709
77.74 16.5247434746261
78.16 16.8119895026568
78.22 16.8137262623582
78.25 16.7096372846427
78.41 18.2086066284448
78.43 15.6523676623173
78.46 16.2697203286319
78.51 15.9988276564541
78.88 16.4236929935731
78.95 17.0231851689271
79.23 17.3493977737517
79.38 16.5466428264605
79.43 16.0909651814245
79.45 16.6495592218637
79.46 16.7301646826254
79.54 16.575521819522
79.7 16.4988306843182
