X S
20.08 24.6161872554015
20.11 25.4217082432242
20.23 25.9962414619214
20.47 25.9197056329089
20.52 23.5565790240226
20.88 25.9644268134353
20.91 22.6074605440035
20.92 25.0128721587998
21.07 24.7580194785254
21.15 22.9023071564299
21.53 24.1446194798207
21.68 24.2292962255739
21.79 24.3801814928226
21.91 24.415990540161
22.17 24.1642839452606
22.22 24.6837717994481
22.23 24.8357542691862
22.49 24.3308288925757
22.89 24.2645899752427
22.96 23.6097081259683
23.29 22.126832759177
23.31 24.243862154161
23.49 24.341288463811
23.66 25.0055686530795
23.68 24.023214137604
23.81 24.4041796467449
24.19 24.8331650850882
24.26 24.379983750133
24.5 24.3061788413731
24.57 23.8581678442963
24.73 24.081357910774
24.99 23.0619607765929
25.06 25.3638963186051
25.22 24.7605290303101
25.29 23.8715141243185
25.5 25.3515153317378
25.52 23.9291850397306
25.7 24.8796674801238
25.87 25.1543473077973
25.87 25.6691056855887
26.12 24.223469045046
26.13 24.5715144549324
26.21 24.9815773566771
26.65 24.4500822916812
26.72 24.402358607836
26.79 23.6122998901807
26.84 24.45147288765
26.99 25.2279954784827
27.1 24.8230166407652
27.17 24.7374398620374
27.27 24.0279197340881
27.33 24.4937065988727
27.79 24.85755582766
27.84 24.0680535242491
28.01 25.1071352893321
28.03 23.9519424262498
28.05 25.4192828513866
28.22 25.2113580734934
28.32 25.3297763160204
28.33 24.888540660837
28.83 25.4191939807407
28.91 24.8365020705318
28.99 24.5145662703076
29.04 26.3853569499108
29.08 24.9415000334461
29.09 25.2693942828026
29.15 25.3445644297329
29.36 26.3996041013534
29.83 25.471594980292
29.88 26.5613784900223
29.91 24.1191709796741
29.91 26.6177703880222
29.94 25.6782006331909
29.96 26.5323255313959
30.18 27.8401914802881
30.21 26.3018948026633
30.54 27.1214535597032
30.58 26.0469351273879
30.69 27.9734211769642
30.85 26.8235540448402
30.89 27.1539792479669
30.96 28.2948216875276
30.96 27.7779854597844
31.14 27.0056347101562
31.3 28.7569083769951
31.43 27.9571496156205
31.72 29.1082874366002
31.76 26.2469749917921
31.8 27.7744336992732
31.83 28.1012244816366
31.98 27.5414536912682
32.01 27.51919144741
32.07 29.4628327141574
32.43 28.6192240902165
32.53 29.0061988786679
32.76 28.169885300805
32.86 29.6885164152032
32.87 28.8930629073705
32.93 28.4944298095868
32.94 29.3996281929632
32.99 27.0812387971502
33.09 30.0203043966171
33.42 28.5027642338668
33.7 27.2482278500314
33.71 28.7993209500589
33.79 27.5499044471133
34 29.428471481162
34.03 28.8677588593771
34.04 27.4497209890367
34.17 27.0754194263495
34.19 29.647172337043
34.43 28.0765280274465
34.62 28.5365931743751
34.75 28.5568217336752
35.02 28.0704429093674
35.15 26.999211458899
35.2 27.8883515617019
35.2 27.3328905758438
35.25 28.7027599239267
35.36 27.8318060096189
35.5 28.9335102113161
35.66 27.5702876324846
35.79 29.3360466863931
36.2 29.7220622703501
36.24 28.4512563639736
36.26 27.7267330929023
36.29 29.0257197304949
36.43 28.24052562831
36.5 29.6132833455476
36.78 30.1185377003626
37.12 29.4478388692634
37.18 29.8361786410542
37.2 29.6213957809426
37.2 31.2011836365091
37.32 31.4289615887794
37.44 30.8782217644043
37.51 30.4207622548557
37.55 29.9679092561931
37.89 30.5045164930194
38.11 31.1483355112069
38.16 32.154732677686
38.2 31.3811557077462
38.31 30.8260588525328
38.35 31.6594666887394
38.45 35.5896396091227
38.49 35.5185874039011
38.79 31.8581629414059
39 31.900654846392
39.01 37.0065777936647
39.1 34.9927091351057
39.34 39.7737930064414
39.37 35.7662317676056
39.4 37.7855127292945
39.69 43.494895666949
39.81 35.9422112249582
39.91 38.8077799919771
40.02 40.4034575894069
40.27 44.9465132733957
40.32 43.1556936054434
40.32 46.5494751029092
40.47 50.9647064024772
40.48 41.1221828499219
40.8 50.4434769446859
40.92 57.9584482006997
41.29 54.7098243364529
41.33 57.5025772797863
41.35 64.2841829971601
41.42 67.7764493083677
41.44 68.8916614831796
41.52 49.7852883282617
41.54 63.7916434816203
41.99 59.2722290748014
42.09 62.9229082984414
42.36 71.8076277808013
42.43 92.1190661869396
42.46 83.8539432851502
42.64 99.5035122279041
42.72 102.876544080098
42.73 84.6755006944451
42.87 102.412096248004
43.04 77.9137437682849
43.18 93.4261156838726
43.36 108.04527805699
43.57 127.138095912831
43.7 134.253416499611
43.72 126.973212038203
43.97 142.701361601135
44.01 126.514140863697
44.16 136.104402972775
44.18 130.332728744118
44.35 146.641831623723
44.62 145.403679131815
44.67 152.362909219352
44.9 157.625846214367
44.95 161.536251514428
45.05 175.828769079752
45.08 167.846371836614
45.38 185.787258871862
45.46 165.61618313516
45.53 173.298073275683
45.7 180.600540192852
45.87 175.654811320126
46.01 182.818173114074
46.03 192.707696100943
46.2 195.624265161123
46.38 178.298541569976
46.45 195.606991704991
46.51 210.146149726313
46.76 209.126706901633
46.78 204.012398440066
46.9 209.573741593465
47.07 209.724761756415
47.25 198.23384900889
47.25 205.763489469574
47.51 213.605746025523
47.57 211.246689465493
47.64 211.564411799642
47.9 218.804375904525
47.95 206.035287484606
48.17 209.96117871996
48.26 215.933860246115
48.31 220.470519598934
48.49 207.733420487158
48.49 211.838823646077
48.71 227.033199552902
48.76 215.332681763087
48.84 204.732049779924
49.15 212.377495684959
49.16 214.137491048961
49.43 202.875491176104
49.43 215.184361205339
49.57 218.504048083811
49.66 213.1736596516
49.68 209.600454023616
49.85 219.401110087958
50.1 222.970920079816
50.24 202.556514192406
50.3 215.231077062053
50.5 203.776979069579
50.51 208.924836159453
50.52 212.600009319228
50.79 210.281610926133
50.82 218.050426396509
50.88 208.34729037005
51.11 219.386434070546
51.36 193.715400218267
51.39 198.132487685141
51.55 212.32383522283
51.75 193.142624215836
51.82 203.704145446752
51.83 205.484981307544
52.04 208.433498574998
52.05 199.899553446398
52.05 194.876456438173
52.49 193.417456461624
52.63 188.445693468359
52.76 187.568119222783
52.87 195.680578350303
52.92 198.609707773144
53 177.49244593293
53.05 195.433020419627
53.07 187.56035054694
53.12 198.647290390823
53.41 179.721362156958
53.72 170.72259351218
53.75 183.97163337601
53.89 163.668368530711
53.95 170.891451150993
53.98 157.404207931077
53.98 163.612898199209
54.07 174.166414823769
54.13 166.455855226312
54.43 147.515380093046
54.89 153.350504269566
54.91 152.853714648406
54.92 144.553590274308
55 143.350287732106
55.02 143.361529480575
55.18 148.820181755618
55.25 133.991997743753
55.63 134.895796269598
55.79 132.124084617946
55.88 140.54317749556
56.12 120.615527554999
56.13 128.337855652977
56.33 121.124394632453
56.34 113.728112199584
56.48 122.573724551409
56.5 132.907769609313
56.53 128.959508654168
56.82 109.385171667177
56.95 118.906729720266
57.12 111.403257747797
57.21 96.6671381744975
57.4 109.972126556282
57.4 97.2125741467343
57.51 100.686686080822
57.69 105.257234274854
57.72 110.265325166265
57.96 100.098626018897
58.22 89.3835585304007
58.27 91.3390702044348
58.41 84.967371208133
58.47 85.0294738826983
58.52 87.9080516524987
58.57 76.9157939572876
58.94 70.1105730984611
58.95 73.6853013125445
59.1 72.7302203162767
59.15 59.5062910017789
59.22 69.2245300055514
59.26 68.8354996773553
59.58 56.9037041477169
59.61 64.1237847071326
59.66 74.9240677075291
59.71 62.3252969139383
59.9 56.7169763630748
60.18 60.3784111686289
60.24 47.8418887218169
60.28 56.1434670136099
60.32 57.7739700255719
60.4 45.0540593688097
60.73 48.0960625515137
60.88 42.4977243827716
61.06 35.2430102994451
61.19 41.2408589041732
61.21 40.564811682647
61.39 36.208911620011
61.51 37.3899397003599
61.57 36.2383971065202
61.66 33.5622097720477
61.79 36.9866341618018
61.92 33.5362996381381
62.31 33.0840663372739
62.37 30.1480679519429
62.49 31.782059115484
62.58 30.9595425658225
62.63 32.7791663744069
62.78 30.6892149184409
62.81 31.6440004542145
62.81 29.9067121640628
63.25 28.5666542480863
63.51 29.0248371126733
63.58 28.314924766646
63.61 29.1943372336107
63.75 28.098436260808
63.79 26.2446022729069
63.79 27.0782386542696
63.82 30.3004333674166
64.05 25.9184088573208
64.51 23.539289381369
64.63 25.7627157961993
64.64 26.2552673128588
64.66 22.2726529170317
64.83 23.1578288263013
64.86 22.4093443742462
64.88 26.1827706705221
65.34 22.3403519198523
65.35 23.0380355305163
65.36 23.5781409167914
65.7 21.6302957733564
65.78 22.2500335523364
65.82 21.0306915974011
65.82 22.5020770520372
65.82 20.7257641089222
65.87 22.435590656634
65.9 22.7268586069401
66.4 20.6816661998363
66.44 21.3509463843887
66.51 21.8363230661066
66.64 20.3741704406831
66.67 21.2927138036606
66.73 21.1505060240335
66.86 19.8957882498243
67.13 20.1630493946577
67.33 20.6776291701381
67.46 21.2598450026543
67.47 20.4049310808387
67.61 21.0264603792849
67.62 20.4865285530491
67.62 21.2929906870275
67.62 20.8159536596337
68.15 20.4437185024869
68.3 20.6235308584495
68.3 20.8095328696772
68.31 22.0062250890002
68.69 20.1202165770074
68.74 20.4887231926867
68.75 20.9735830715154
68.79 20.2213458840073
69.28 20.8975387149798
69.32 21.0487765501166
69.37 20.0363634782256
69.4 19.7903894117154
69.42 21.0158101448873
69.46 19.7264710841426
69.77 20.9766161639985
69.87 20.3151584630868
70.04 19.4389452859781
70.32 19.8285344258698
70.35 18.670474818131
70.38 20.0545729716524
70.49 19.7574731482033
70.51 20.3727953014228
70.54 19.0312299435455
70.88 18.3438024926931
70.99 19.3839432175577
71.17 19.1988238740198
71.42 18.290279850399
71.48 20.0864393451841
71.55 18.0691381552081
71.6 18.9320589473199
71.64 18.1555747358059
71.98 18.0231688556536
72.11 16.8713651563035
72.15 18.9126588197773
72.53 17.4293185624894
72.58 17.5664424350785
72.58 17.2102048065469
72.67 17.4503808010171
72.77 17.0787529622105
72.85 17.2797408069606
73.11 17.0511526762845
73.25 17.0179087290258
73.47 17.5278713379775
73.53 16.6663956106819
73.61 17.0289409577794
73.71 16.7505426634355
73.72 16.8356729948259
73.87 16.8327219885187
73.98 16.7164407194172
74.13 17.4209879880545
74.2 15.5224888233032
74.33 16.4481445915886
74.45 16.6777064199409
74.53 16.2276081851239
74.69 16.4596016268374
74.81 16.1961912590245
74.84 16.4137645841294
75.02 16.376501271129
75.05 16.8592367152738
75.16 16.0117833382153
75.3 16.0431564255894
75.4 16.1326883938745
75.45 16.8700887037105
75.54 16.4193896138354
75.82 16.9800148466596
75.83 15.6840905176688
75.92 16.0167279733032
75.95 17.2103842742498
76.14 16.4206256923815
76.21 16.3618884691672
76.37 16.342073875559
76.54 16.1180882644989
76.66 16.9761494444047
76.9 17.1764940518965
76.95 16.7660338073667
77.09 16.1993023427331
77.24 16.6046642688223
77.32 16.4404278836457
77.32 17.2838395068739
77.45 17.4520883027895
77.68 16.7222720231328
77.74 17.6379551534171
78.16 16.8331701448998
78.22 16.9998853570234
78.25 16.9185376231474
78.41 16.7378620812333
78.43 15.9519182099888
78.46 16.3154074033826
78.51 17.6054980604488
78.88 16.8230865103207
78.95 15.8904578961842
79.23 16.3884817240157
79.38 16.5134652189302
79.43 16.2253649449974
79.45 16.4661368186101
79.46 16.9072021420308
79.54 16.4794021420464
79.7 15.894863429452
