X S
20.08 25.4792108441552
20.11 24.5750714357654
20.23 24.3989906915141
20.47 23.933259595514
20.52 25.3615736833139
20.88 25.7689045270982
20.91 23.8119193550943
20.92 24.6129314037279
21.07 25.4059899385224
21.15 25.2081743691529
21.53 24.458174438177
21.68 24.0183047796637
21.79 24.356026778659
21.91 24.9002049687983
22.17 23.8857570060029
22.22 24.3192433230437
22.23 24.4728962222163
22.49 24.9549043339362
22.89 22.3086703024308
22.96 22.9510721642083
23.29 23.6066692272034
23.31 23.986912669059
23.49 24.2662571740028
23.66 24.5952659954757
23.68 24.1929025911377
23.81 23.7983215667239
24.19 25.0269467221881
24.26 24.7562520426745
24.5 23.1738136765789
24.57 24.1636434766381
24.73 26.1541523727222
24.99 25.0873287372211
25.06 25.0846812725564
25.22 24.3316286235875
25.29 24.798457796146
25.5 25.2254634862782
25.52 24.640013669377
25.7 23.7388020963021
25.87 23.6996936820344
25.87 25.0123680249748
26.12 24.5537701051054
26.13 24.344319658976
26.21 24.4282555111651
26.65 25.6849229866556
26.72 25.2252696520437
26.79 24.4528122515879
26.84 26.1041265917551
26.99 24.016975269545
27.1 25.112820326384
27.17 24.641792654782
27.27 25.6804251132185
27.33 24.6871243877088
27.79 25.1434713261565
27.84 25.5996988675961
28.01 25.5917187297099
28.03 24.4929671316079
28.05 23.8174609323478
28.22 25.8080744524162
28.32 25.3238885417244
28.33 24.9880580038045
28.83 24.7064475487313
28.91 25.6502671503622
28.99 24.7742360838966
29.04 24.3354141631957
29.08 25.6134376669892
29.09 26.9610231634238
29.15 24.2337120287155
29.36 26.815167619835
29.83 26.1999050719678
29.88 26.1537477593662
29.91 25.4380023667141
29.91 25.7679932486148
29.94 24.9126406870259
29.96 25.8816249745704
30.18 26.8837777455119
30.21 24.8840507947952
30.54 27.599019933528
30.58 26.9859400896545
30.69 25.9702412425573
30.85 26.4264393227167
30.89 28.724332011499
30.96 27.2792505162157
30.96 27.4443853659603
31.14 27.2921306860014
31.3 28.7248256839141
31.43 28.4904541247832
31.72 27.6563384413289
31.76 27.0429761540399
31.8 28.8993472268713
31.83 29.1970069773572
31.98 27.5177968919402
32.01 29.5424196583894
32.07 29.4266918345189
32.43 28.267065599742
32.53 28.3955519807365
32.76 28.8228118842416
32.86 27.7577838193766
32.87 27.5464824375106
32.93 29.2193282500037
32.94 30.4145934377027
32.99 29.5102062594775
33.09 27.848993068795
33.42 29.7264633807225
33.7 27.6954157825661
33.71 29.0796644489701
33.79 26.9831442217509
34 28.6574044655161
34.03 27.3962225315172
34.04 26.5250893310364
34.17 27.9716317896206
34.19 27.6934088586011
34.43 28.8601641927238
34.62 28.1194728894492
34.75 28.9848722353891
35.02 27.5851758761626
35.15 27.7222125584954
35.2 29.615456499674
35.2 29.4728577125056
35.25 27.2864698451421
35.36 27.3750760198848
35.5 27.5748031810713
35.66 29.0080895569203
35.79 28.5844306624256
36.2 28.6963569426841
36.24 25.3120548737338
36.26 27.2198131088599
36.29 28.7143268515665
36.43 29.789244275388
36.5 30.4355030982142
36.78 28.6715296739694
37.12 28.0757469875071
37.18 31.2153045009028
37.2 30.9619871935509
37.2 30.9920744457138
37.32 29.0316219980403
37.44 29.5989992840183
37.51 30.9275257684901
37.55 30.834946403991
37.89 30.7635958683773
38.11 33.3335294487635
38.16 30.5068362418493
38.2 32.9872921846242
38.31 36.3253410745308
38.35 33.7210503236943
38.45 36.2827234866421
38.49 31.7493845276528
38.79 34.946073693864
39 36.6252827816082
39.01 36.6081846667927
39.1 32.6007305122733
39.34 37.5369516059714
39.37 37.6426588351869
39.4 36.8666934845628
39.69 40.7055579594901
39.81 42.6377655041629
39.91 37.03912402543
40.02 39.8844368470052
40.27 42.2172885796802
40.32 46.1594474915273
40.32 45.0833753044545
40.47 51.393470195139
40.48 47.7214476520252
40.8 45.7289730703342
40.92 38.7098836157056
41.29 58.3090585950077
41.33 62.1198881830782
41.35 46.9769821777616
41.42 54.6966318762
41.44 63.3880708551462
41.52 77.9782384404906
41.54 58.9347360058215
41.99 83.7745750434498
42.09 58.154393583086
42.36 63.9828590642445
42.43 89.4668167116536
42.46 93.9493272868584
42.64 105.540817762172
42.72 100.414699304511
42.73 93.4193896778241
42.87 92.76953681791
43.04 113.486028747736
43.18 93.0379113142594
43.36 119.465406786754
43.57 119.765111749961
43.7 134.773389371333
43.72 119.202341318072
43.97 125.847661822082
44.01 139.325004847003
44.16 118.824143541042
44.18 135.001070758625
44.35 149.226820696106
44.62 158.668028596808
44.67 157.794714358608
44.9 160.397260890886
44.95 144.891958736995
45.05 164.822850532418
45.08 162.474761841826
45.38 178.011016663065
45.46 153.475018058672
45.53 174.384389759043
45.7 186.378269430271
45.87 173.838747389313
46.01 176.020590826278
46.03 182.979263388049
46.2 194.441884851217
46.38 206.630200719801
46.45 193.186941210543
46.51 210.069554168292
46.76 181.504568535227
46.78 194.179314560785
46.9 210.190543773953
47.07 187.544563152414
47.25 207.227864340685
47.25 202.548152092027
47.51 192.885779492737
47.57 213.674405911018
47.64 202.031449471631
47.9 210.42420158638
47.95 207.62406058004
48.17 209.635474606913
48.26 206.119543069503
48.31 208.263493656085
48.49 211.142964860494
48.49 210.911132064476
48.71 217.811381777433
48.76 215.000759377566
48.84 213.23780128261
49.15 214.657552203809
49.16 223.082974051048
49.43 207.905649558131
49.43 217.228920322603
49.57 211.00320704055
49.66 218.736413097289
49.68 216.887016358039
49.85 216.004308060654
50.1 219.681956784082
50.24 209.439142714933
50.3 204.536104920284
50.5 213.046235594998
50.51 215.122688728108
50.52 219.181417312922
50.79 198.723076933436
50.82 206.013254542783
50.88 204.235244572718
51.11 208.916285088876
51.36 207.287534015628
51.39 212.582097226104
51.55 209.318590726461
51.75 209.297135140316
51.82 206.763462635507
51.83 214.17990075846
52.04 202.537737921728
52.05 206.80700841942
52.05 210.456672006962
52.49 191.939612614477
52.63 204.178122408116
52.76 189.600023067151
52.87 181.315794796126
52.92 174.607690635342
53 198.235074828507
53.05 179.251404650187
53.07 181.564883021367
53.12 180.916987768353
53.41 183.947447361019
53.72 168.11667648123
53.75 188.750752834353
53.89 165.429595302031
53.95 159.09372530868
53.98 170.441749514771
53.98 161.973888865077
54.07 155.053724924666
54.13 164.032064726749
54.43 160.454424222277
54.89 158.008037160061
54.91 154.121981558948
54.92 152.962050300361
55 150.999434015947
55.02 150.85265358454
55.18 138.603788448066
55.25 143.172272413815
55.63 129.537856768671
55.79 124.572867414736
55.88 137.962159737545
56.12 121.764475962077
56.13 136.382513496144
56.33 120.979910744439
56.34 119.878235969111
56.48 128.849457407126
56.5 123.333189208432
56.53 115.170845449137
56.82 116.017858016898
56.95 124.779744826131
57.12 107.541985687542
57.21 113.805599516105
57.4 107.14403667609
57.4 90.1671864840263
57.51 110.271115910247
57.69 100.819107504494
57.72 93.1908626023797
57.96 77.411862886453
58.22 87.8634409024784
58.27 77.2569946646943
58.41 89.1116658686151
58.47 82.5813769390262
58.52 68.0804144415634
58.57 94.5716942557146
58.94 69.656696258431
58.95 88.5611095695193
59.1 82.0234205614
59.15 74.1664255531129
59.22 55.1902046527119
59.26 65.8974781152693
59.58 62.1647257778276
59.61 60.2851271164617
59.66 53.6114386863483
59.71 55.0489531209292
59.9 39.2879727406376
60.18 50.7134622433646
60.24 50.3891855702769
60.28 35.7654067149117
60.32 49.8562486764437
60.4 47.5705724486532
60.73 41.0673810650244
60.88 49.0516388675441
61.06 36.257178386947
61.19 40.4420183645373
61.21 38.3296331964466
61.39 41.3385067786102
61.51 31.3946982206882
61.57 36.8767213399195
61.66 36.104818177252
61.79 34.5377739904081
61.92 36.8538144639634
62.31 32.9543355646702
62.37 27.5939079596113
62.49 31.2894888084442
62.58 33.902224170516
62.63 31.9022226197827
62.78 30.4358186405521
62.81 30.7770746387723
62.81 32.0829668057517
63.25 27.2666215956087
63.51 28.6680837057204
63.58 25.9225714264206
63.61 28.1461417767409
63.75 27.2133954503944
63.79 26.8455552495132
63.79 24.9857671550451
63.82 28.8004936576564
64.05 25.6967961583332
64.51 25.0490890705688
64.63 24.974079489032
64.64 24.2204028906651
64.66 23.6897378316091
64.83 22.5942290418825
64.86 22.9266175754496
64.88 23.167580291406
65.34 21.3468391546837
65.35 22.4712882413017
65.36 21.4466561112935
65.7 21.997535518449
65.78 21.9470839948731
65.82 21.806376280639
65.82 21.3720349582607
65.82 21.9437262155632
65.87 20.7362680059201
65.9 21.4631481127413
66.4 21.9618077271191
66.44 20.9062707319156
66.51 21.9893645026672
66.64 20.9208526952819
66.67 20.566255161597
66.73 19.7018085757195
66.86 20.9497496540258
67.13 21.1910899023198
67.33 20.9698214283094
67.46 21.9921556134554
67.47 20.3256253581885
67.61 20.2929471450859
67.62 21.840866040969
67.62 20.2916067384794
67.62 21.5312240586743
68.15 20.7752447695316
68.3 21.7881934136609
68.3 20.8830408866074
68.31 19.573199352221
68.69 21.1018589893903
68.74 20.3042055741803
68.75 21.1835576437554
68.79 20.1019066671261
69.28 19.4637574669763
69.32 19.877827025487
69.37 19.376596365441
69.4 20.0171002673581
69.42 20.9327948179489
69.46 19.8808392693195
69.77 19.7911180586138
69.87 19.9209551619479
70.04 18.1545334100462
70.32 19.8880350084804
70.35 19.7142063650297
70.38 20.2217115237257
70.49 19.7555065516154
70.51 20.1874931382018
70.54 19.8266014988384
70.88 19.8191144880276
70.99 19.1496752743428
71.17 18.510902557426
71.42 18.5158437135831
71.48 17.4612939938546
71.55 18.9789025953776
71.6 18.0319129037176
71.64 18.9395256291067
71.98 17.9374195288046
72.11 17.9142770858975
72.15 17.6406993977402
72.53 17.8958084736169
72.58 18.7489343799438
72.58 18.110082433978
72.67 16.8533943897622
72.77 17.5236973187978
72.85 17.6969293435519
73.11 17.6049065207957
73.25 17.0641916550443
73.47 16.6951815845131
73.53 17.4919200145088
73.61 16.4789333985383
73.71 16.447503829494
73.72 16.5040365990787
73.87 16.6573930786163
73.98 16.1484922782471
74.13 16.4782102045046
74.2 16.2646454166059
74.33 15.7610408964251
74.45 16.3576671665054
74.53 16.1653479859111
74.69 16.4950643499375
74.81 15.8749653811868
74.84 16.014163026225
75.02 17.6862888651619
75.05 17.5405223648101
75.16 14.9007720036841
75.3 16.2409698902616
75.4 16.1870115752943
75.45 16.3268053679795
75.54 16.960812546024
75.82 16.6315799320248
75.83 16.1295684088049
75.92 16.8416546203242
75.95 15.8254440555208
76.14 16.6057227834877
76.21 17.5594728130587
76.37 16.8644674424006
76.54 15.5687572531471
76.66 16.8200920467643
76.9 16.9834769154614
76.95 16.0630351821461
77.09 16.6264102277818
77.24 16.4356517433211
77.32 16.8148184623216
77.32 16.8348994053481
77.45 16.1868326467149
77.68 16.5164645459079
77.74 16.7905108521317
78.16 17.4036257318866
78.22 15.1982776835818
78.25 16.0972728618435
78.41 15.8257811245489
78.43 16.2729460336954
78.46 16.5489955472266
78.51 15.8135074998542
78.88 16.4504564707447
78.95 16.7528102768929
79.23 15.8103215942813
79.38 16.8746616516325
79.43 16.6620361290338
79.45 16.4554435804309
79.46 16.2426415225247
79.54 16.630102871084
79.7 17.0566427935132
