X S
20.08 24.7561301616666
20.11 24.407993136634
20.23 24.848338725982
20.47 24.0308154198299
20.52 24.4395186672972
20.88 25.1245178977542
20.91 22.9738706564824
20.92 23.6242093417155
21.07 23.9027873265523
21.15 23.9023383276637
21.53 23.7248645402556
21.68 24.6847804304737
21.79 24.639446090744
21.91 24.9232232533507
22.17 23.6976846195004
22.22 23.2536148057039
22.23 23.8351821974398
22.49 24.9805826701741
22.89 24.6319959844641
22.96 24.6469617650802
23.29 23.9857582857687
23.31 24.9311179858156
23.49 25.8559956109306
23.66 25.8591696852655
23.68 24.3271342613135
23.81 23.9340128565246
24.19 25.1337371011616
24.26 23.28533528364
24.5 24.0106135794976
24.57 24.2197217587125
24.73 25.3283454580635
24.99 23.6995959172699
25.06 23.7161285497127
25.22 25.1082763610229
25.29 24.8638928660667
25.5 24.5932310513184
25.52 24.4748883262819
25.7 23.5547644056551
25.87 24.5452945839535
25.87 24.2241680476587
26.12 25.3113742689414
26.13 24.7952518981908
26.21 25.8269872641143
26.65 24.3415541710596
26.72 24.2630465682747
26.79 24.5062235316423
26.84 23.9983807305882
26.99 25.6799396669943
27.1 25.5842640022182
27.17 25.6057834972872
27.27 24.8139045712201
27.33 24.1843625963201
27.79 25.1630718908072
27.84 23.4239071592562
28.01 24.5435262648105
28.03 24.8339137492323
28.05 23.3663480803861
28.22 24.8781246635753
28.32 24.8961186175277
28.33 23.4887100549359
28.83 23.8283073184876
28.91 26.1727942221725
28.99 23.829756088908
29.04 24.638428623959
29.08 25.1225046609469
29.09 25.2540481858694
29.15 25.1464669851825
29.36 25.5342422423042
29.83 25.9301605061758
29.88 26.3053707954988
29.91 26.0745072712338
29.91 24.472511287912
29.94 25.4840503062986
29.96 25.9343887742584
30.18 25.8095127740344
30.21 24.9253603516855
30.54 27.363169301958
30.58 26.1339504174272
30.69 26.986825627374
30.85 27.6557527775798
30.89 27.3720069146408
30.96 28.7729358971594
30.96 27.7413020238794
31.14 26.9936165558723
31.3 27.0757027356024
31.43 28.5374002971268
31.72 26.3989256561628
31.76 28.3926455597589
31.8 28.0713413783819
31.83 27.5815800391624
31.98 29.4924257150153
32.01 28.6000614888295
32.07 28.48159695515
32.43 29.0322663955491
32.53 27.9536267551817
32.76 26.9843208990062
32.86 29.634407363414
32.87 27.9999269415175
32.93 28.8146407007283
32.94 28.6174685878305
32.99 28.5028940085451
33.09 27.3475923263966
33.42 28.9192615621586
33.7 27.6112980044444
33.71 28.1556469514128
33.79 29.0660903495427
34 28.9234690743563
34.03 28.6506191296084
34.04 29.3566517401078
34.17 28.0245447934602
34.19 27.9486555792849
34.43 29.3960472871372
34.62 29.6143059160376
34.75 28.1446643663785
35.02 26.9580181125274
35.15 28.6332796560947
35.2 27.2076235521995
35.2 28.5810606367713
35.25 27.8324601697645
35.36 28.3207738649853
35.5 28.842543429312
35.66 27.2156618093599
35.79 29.2619597584565
36.2 28.3261851977668
36.24 30.1170974824451
36.26 27.9767818287526
36.29 29.7929174398884
36.43 28.7310091468913
36.5 28.7558217811313
36.78 29.6266953623735
37.12 31.1641601037368
37.18 29.3788140188979
37.2 28.0132369054297
37.2 30.7156073787924
37.32 29.3676957462022
37.44 32.0584696506831
37.51 31.3956216483966
37.55 29.8662420109641
37.89 31.1343289452352
38.11 32.0325431878933
38.16 30.1280024765187
38.2 30.5847857056085
38.31 33.6413272631079
38.35 34.9530127900251
38.45 33.5266349953382
38.49 34.1741637820156
38.79 32.8107082557978
39 36.9182949745573
39.01 38.5649353464409
39.1 34.7375106248408
39.34 38.8479940249269
39.37 34.1287902264341
39.4 42.2562987961059
39.69 37.3152509786457
39.81 35.9146010880826
39.91 42.3923014757475
40.02 44.545334053751
40.27 43.0254383419446
40.32 44.6318903658411
40.32 51.6427223523029
40.47 41.2013050921474
40.48 46.4029779816087
40.8 44.8215974491055
40.92 52.2058827557722
41.29 64.1546695449524
41.33 66.5364889232594
41.35 70.3468809514177
41.42 57.5184813381431
41.44 63.3839580964724
41.52 59.5507849285094
41.54 52.3946575573163
41.99 75.0504095341985
42.09 73.721543469803
42.36 86.2327723178959
42.43 90.3742262250207
42.46 61.1687054061946
42.64 66.9750300453547
42.72 79.8284426069806
42.73 85.7516208070176
42.87 87.3809845276489
43.04 114.454203860567
43.18 119.219569135812
43.36 115.018546957653
43.57 124.162714370403
43.7 117.621496636323
43.72 132.079899759439
43.97 122.673838051263
44.01 130.99359803509
44.16 136.835889651008
44.18 135.648992512328
44.35 140.238101311877
44.62 142.87719508775
44.67 145.308884627397
44.9 151.487504068095
44.95 158.23931496648
45.05 160.472492935537
45.08 169.247432830962
45.38 179.962377553822
45.46 188.682911681087
45.53 186.531534944152
45.7 178.015840498974
45.87 176.901059740588
46.01 179.954756271276
46.03 189.154600792761
46.2 190.067799283897
46.38 190.080065297406
46.45 190.383482024946
46.51 187.494204998433
46.76 193.132260411426
46.78 204.022060799449
46.9 195.987808302341
47.07 209.688343665426
47.25 213.479441599574
47.25 217.005497593484
47.51 211.502414297955
47.57 203.685556637717
47.64 204.335217738548
47.9 210.262337214283
47.95 198.211020507055
48.17 212.151373084273
48.26 204.638762803081
48.31 225.664076678382
48.49 221.418098901277
48.49 212.395191821072
48.71 216.334145661661
48.76 213.013796166472
48.84 225.52709888925
49.15 208.086329061132
49.16 211.307337421021
49.43 212.540750046967
49.43 223.121007093572
49.57 222.467520799678
49.66 211.839360248685
49.68 206.946824344231
49.85 211.052240096108
50.1 207.733901682212
50.24 207.02542440888
50.3 228.012405361443
50.5 211.930800931125
50.51 213.790805872961
50.52 207.35237025984
50.79 206.795051574804
50.82 216.122845431285
50.88 206.51929349569
51.11 224.885587723496
51.36 212.000007412147
51.39 200.011314738989
51.55 204.41896884005
51.75 195.133173840083
51.82 202.611423147683
51.83 208.920347092935
52.04 202.089571983778
52.05 200.574260179602
52.05 197.305375659823
52.49 192.885769922147
52.63 193.694876690508
52.76 188.099139706603
52.87 200.443476957624
52.92 187.212937408254
53 187.290476236993
53.05 188.911673999802
53.07 193.681247150875
53.12 185.56421296816
53.41 164.753026963197
53.72 163.253233881633
53.75 173.675156333745
53.89 162.369072774018
53.95 174.536934093205
53.98 167.265207088467
53.98 160.810861898379
54.07 171.541634900197
54.13 155.08210907343
54.43 160.186895364997
54.89 147.134298784404
54.91 162.30295002812
54.92 141.603640405301
55 149.901250751355
55.02 150.004637828313
55.18 141.928480332278
55.25 145.799406079195
55.63 128.156943132535
55.79 141.521946054785
55.88 126.443711685741
56.12 123.208510257665
56.13 132.640700838634
56.33 134.29103586093
56.34 123.884192120938
56.48 116.941454869539
56.5 128.894616914126
56.53 123.412942444035
56.82 123.689968978655
56.95 113.017413661467
57.12 109.019414100313
57.21 101.559782615581
57.4 95.7896867103113
57.4 102.805533530676
57.51 91.3291377116231
57.69 103.450146954336
57.72 102.167775458178
57.96 90.6260586758598
58.22 83.9706104995512
58.27 92.3914308288216
58.41 89.9914653119952
58.47 71.8919530802926
58.52 84.5922295482213
58.57 66.9825694956765
58.94 73.0954677014533
58.95 64.322363367889
59.1 61.8384521773909
59.15 73.5977553869981
59.22 62.2144690621002
59.26 64.7519886264588
59.58 55.5102227447138
59.61 60.0928293373147
59.66 57.2497994621085
59.71 68.4464599140702
59.9 58.8701133582618
60.18 47.610726101468
60.24 56.3984264720978
60.28 45.7205968480385
60.32 51.5662265391191
60.4 48.113693875385
60.73 38.8190446096886
60.88 39.225940246447
61.06 36.5512592330578
61.19 40.4340354338175
61.21 43.1117964624678
61.39 39.7657917250701
61.51 35.0734938546262
61.57 34.9112178991064
61.66 33.3128414489918
61.79 31.1956818392098
61.92 35.9016222127322
62.31 35.0537822772472
62.37 32.9084940813681
62.49 32.5378169686041
62.58 29.7120554853034
62.63 30.9923856673711
62.78 29.9239093175551
62.81 30.2154926975319
62.81 30.153847248424
63.25 30.40165054875
63.51 29.6196279298064
63.58 27.6361421574831
63.61 27.174431755293
63.75 28.2746416003853
63.79 25.7025983203606
63.79 26.7068899372358
63.82 26.666665982015
64.05 27.1931891505978
64.51 24.7621307933482
64.63 23.5292505118128
64.64 23.656315352296
64.66 23.5999546200984
64.83 24.9047926982735
64.86 24.200299947483
64.88 23.3918607550487
65.34 22.1504005522761
65.35 21.3643044900723
65.36 21.6769171741033
65.7 21.9748213232649
65.78 20.6241404625356
65.82 21.1237554547798
65.82 22.6859021331637
65.82 20.2768122738357
65.87 21.1043717182216
65.9 22.9657610407073
66.4 21.3013707825386
66.44 21.3322992915818
66.51 21.3781683528354
66.64 19.4432194379251
66.67 21.3196240187458
66.73 20.7136281931847
66.86 21.7717928468052
67.13 20.9304803176865
67.33 20.075984529336
67.46 20.6252767341457
67.47 20.5779203602093
67.61 20.5745310339874
67.62 21.3103740275176
67.62 21.1419762813544
67.62 20.5941015381522
68.15 21.1962129855374
68.3 20.6135824359593
68.3 21.4685038093048
68.31 20.286242357492
68.69 21.4499059011279
68.74 21.055956035492
68.75 21.391190888607
68.79 21.5020189451959
69.28 20.8553144344964
69.32 19.7990933877863
69.37 21.3437306292388
69.4 20.1204430723887
69.42 20.4471608569172
69.46 19.1343411631665
69.77 20.2350860437638
69.87 19.7756459687808
70.04 19.1521845552269
70.32 19.5744201702564
70.35 20.724332569109
70.38 19.1474439883759
70.49 20.1721242441358
70.51 20.1035480064271
70.54 18.6484298862055
70.88 19.4723113351686
70.99 20.5831612426343
71.17 18.0888884622586
71.42 18.9736376075744
71.48 18.8013515192844
71.55 20.0148228575523
71.6 18.2179067112265
71.64 18.3879365131905
71.98 18.2253898016906
72.11 16.6918332026008
72.15 18.5133380505457
72.53 18.1435180798543
72.58 17.7966338648398
72.58 17.7279874884509
72.67 18.4307496956656
72.77 18.0703134218241
72.85 17.4347616150844
73.11 18.4641022380731
73.25 17.3463739235614
73.47 16.5610129035631
73.53 17.1322222001016
73.61 16.8838052335271
73.71 16.3355708053046
73.72 16.6765121412179
73.87 17.0449023757369
73.98 15.2826180160852
74.13 17.4061591214996
74.2 16.8999120046162
74.33 17.2461921808801
74.45 16.3678093388537
74.53 15.6803953851748
74.69 16.6354255987952
74.81 15.6733276363291
74.84 16.7279122694029
75.02 17.0400074624101
75.05 16.8504225431119
75.16 16.2512498321941
75.3 15.9681266972835
75.4 16.5100866967805
75.45 16.7644114668803
75.54 16.9622752034087
75.82 15.5293502151454
75.83 16.8909203392348
75.92 16.4338544041908
75.95 15.7823364570101
76.14 16.7525969256988
76.21 16.8715262771901
76.37 16.9613680438836
76.54 16.5696101365098
76.66 16.3312682018073
76.9 16.61586611012
76.95 16.5767006573332
77.09 16.2778164755748
77.24 16.7312193182696
77.32 17.0911237194203
77.32 15.9314621679311
77.45 16.7337058062034
77.68 17.5826744435107
77.74 16.5379415028502
78.16 16.0809074391498
78.22 16.9600210108933
78.25 16.3432258485391
78.41 16.5771598748956
78.43 16.34492469427
78.46 16.9628064436937
78.51 16.1996614623618
78.88 17.1714970445651
78.95 16.7129045448228
79.23 16.1302978314653
79.38 15.9958711430632
79.43 16.7798154278015
79.45 16.4915867472644
79.46 16.756282439404
79.54 16.4251964347296
79.7 15.997215243043
