#<Embryo name> <Cleavage cycle> <Temporal class> <Genes>
bk15 14A 8 even-skipped Kruppel giant

#Quantitative data
#<Nucleus number> <A-P coordinate> <D-V coordinate> <Fluorescence intensity: channel 1 - eve, channel 2 - Kr, channel 3 - gt>
0 1.55 48.32 8.78 17.14 10.37
1 1.83 45.44 9.04 19.98 13.65
2 2.34 48.75 9.82 20.56 13.62
3 2.56 43.36 8.32 16.82 19.18
4 3.16 55.73 9.47 22.89 9.89
5 2.76 45.80 9.12 18.35 20.10
6 3.09 51.12 10.06 22.92 12.68
7 2.97 48.30 8.73 21.85 15.52
8 3.51 40.95 9.81 18.46 30.55
9 3.69 46.35 10.44 21.03 26.24
10 3.73 53.40 10.67 23.81 13.92
11 4.02 48.61 11.24 19.89 35.16
12 4.15 57.45 10.38 24.14 9.77
13 4.08 42.68 12.15 23.00 35.98
14 4.13 43.95 10.23 22.11 37.09
15 4.33 51.18 10.69 24.40 24.52
16 4.97 45.55 11.17 21.81 50.18
17 4.86 48.14 10.21 23.54 41.38
18 5.00 41.23 11.92 22.09 58.33
19 5.09 39.66 10.72 23.79 56.29
20 5.33 53.21 11.62 23.97 31.72
21 5.07 59.38 10.75 27.10 10.79
22 5.30 56.05 11.92 27.19 17.21
23 5.70 62.98 9.49 23.53 10.10
24 5.75 37.60 11.35 23.73 51.90
25 5.83 43.17 12.01 23.27 67.48
26 5.80 50.29 11.87 25.62 44.37
27 5.72 58.44 10.34 25.81 11.72
28 6.11 47.19 12.31 22.97 65.82
29 6.37 61.31 11.60 28.59 10.18
30 6.32 39.90 12.60 25.66 68.69
31 6.72 55.63 11.95 28.57 26.64
32 6.56 35.25 11.06 27.98 53.63
33 6.87 53.13 12.61 27.85 50.01
34 6.76 57.31 13.11 27.59 15.35
35 6.58 58.51 13.37 27.39 14.14
36 7.08 44.90 13.15 28.26 86.39
37 7.11 41.93 11.80 28.91 83.99
38 7.18 50.15 12.67 30.81 68.25
39 7.22 37.91 11.48 29.98 67.37
40 7.41 33.06 10.21 25.78 40.71
41 7.49 47.55 13.84 30.41 78.74
42 7.13 32.01 11.76 29.24 37.65
43 7.71 63.67 11.07 26.94 10.17
44 8.02 60.10 12.63 32.77 13.20
45 7.95 35.41 11.68 29.54 58.57
46 8.21 54.81 13.34 33.10 36.04
47 8.17 40.08 13.38 28.82 74.79
48 8.42 51.78 13.48 35.15 59.22
49 8.41 30.74 10.31 28.29 26.48
50 8.39 43.51 12.89 29.68 83.66
51 8.45 57.78 11.83 32.48 19.01
52 8.72 46.17 13.93 34.85 77.66
53 8.68 33.11 11.77 35.79 32.35
54 8.87 37.79 14.93 33.82 60.04
55 8.87 49.19 13.05 35.50 70.35
56 8.85 65.60 11.69 27.15 10.73
57 8.92 62.22 13.59 29.95 12.86
58 9.27 41.65 14.21 38.65 68.76
59 9.26 28.54 9.74 32.22 19.90
60 9.13 63.83 11.34 27.32 11.20
61 9.13 35.17 13.20 42.78 34.29
62 9.55 53.59 13.88 41.92 44.90
63 9.47 59.54 13.73 33.71 19.23
64 9.93 44.69 14.05 36.73 58.24
65 9.75 57.55 12.73 38.45 26.02
66 9.92 30.90 12.28 37.45 15.06
67 9.83 39.69 14.35 42.98 35.98
68 9.96 33.23 13.67 41.16 21.62
69 9.62 65.23 11.90 26.71 10.14
70 10.09 47.80 15.31 41.27 57.11
71 10.09 56.49 13.22 37.60 30.48
72 9.92 35.26 12.88 44.19 22.81
73 9.85 67.97 10.32 21.12 10.62
74 10.38 50.76 13.66 46.14 49.39
75 10.31 64.70 13.27 27.81 12.48
76 10.15 66.27 10.95 24.81 12.03
77 10.28 37.33 14.17 42.78 22.86
78 10.28 38.77 14.38 41.54 22.42
79 10.59 62.92 13.73 28.31 11.71
80 10.65 41.99 15.15 45.51 37.62
81 10.56 28.48 10.40 30.88 10.81
82 10.83 67.35 13.11 24.51 12.29
83 10.92 54.13 15.35 49.07 47.20
84 10.95 59.41 14.00 36.21 18.86
85 11.11 34.59 13.13 43.50 17.74
86 10.96 36.81 15.54 43.05 19.47
87 10.80 38.08 13.69 46.31 20.77
88 11.01 46.48 15.20 45.67 24.17
89 11.01 29.65 11.34 32.76 12.98
90 11.15 32.11 13.29 35.64 14.02
91 11.25 68.70 12.62 25.66 11.63
92 11.28 39.91 14.27 43.73 18.23
93 11.41 43.88 16.28 49.17 20.55
94 11.51 57.10 14.91 47.99 23.67
95 11.70 49.24 15.07 45.61 20.73
96 11.41 64.97 12.88 30.43 12.75
97 11.58 26.21 12.09 33.32 10.22
98 11.89 51.81 15.87 49.21 32.68
99 11.43 60.82 14.75 37.50 16.75
100 12.10 70.30 12.34 23.52 23.87
101 12.16 28.16 11.46 45.45 12.55
102 11.68 47.00 14.05 43.49 22.24
103 12.19 30.66 13.40 41.19 12.52
104 11.85 62.83 14.41 30.90 14.15
105 11.81 66.62 12.18 24.64 13.05
106 11.89 61.36 15.97 40.77 13.00
107 12.14 36.73 14.60 47.76 15.72
108 12.37 54.07 16.37 53.16 20.77
109 12.38 60.54 16.20 46.02 15.29
110 12.53 42.46 15.84 48.54 17.34
111 12.58 59.20 15.82 48.35 16.06
112 12.52 45.31 16.61 60.89 18.18
113 12.41 33.65 14.04 43.13 13.83
114 12.54 23.64 9.22 28.02 10.60
115 12.67 64.55 15.38 34.39 16.08
116 13.06 47.62 17.08 66.47 18.68
117 12.72 25.91 11.88 39.36 11.32
118 12.98 67.10 13.37 30.21 16.58
119 13.11 72.66 11.83 20.03 41.45
120 12.69 39.57 15.93 54.43 16.55
121 12.88 38.20 14.03 47.38 15.31
122 13.41 50.92 16.55 63.51 18.66
123 13.19 56.94 16.99 55.91 17.38
124 13.32 62.75 18.09 48.13 15.99
125 13.24 31.60 13.74 43.00 14.35
126 13.67 36.28 14.92 50.48 15.11
127 13.65 61.45 14.65 49.71 15.84
128 13.75 30.69 13.92 41.69 14.00
129 13.87 41.62 15.57 55.95 18.62
130 13.36 32.64 14.62 47.62 12.75
131 13.79 44.87 17.05 51.75 18.59
132 13.65 27.91 12.91 42.23 14.32
133 13.89 33.63 15.02 52.45 15.63
134 13.72 53.87 16.91 57.00 19.25
135 14.21 65.60 15.80 37.62 17.20
136 13.88 39.00 17.42 50.96 17.37
137 14.22 59.46 17.72 57.95 18.73
138 14.36 48.87 17.85 68.73 22.81
139 13.97 69.63 13.91 25.56 27.91
140 14.32 22.34 9.83 34.88 12.61
141 14.62 67.99 15.15 27.19 20.01
142 14.64 56.09 17.40 62.64 22.44
143 14.62 72.64 14.45 18.50 33.93
144 14.37 27.86 12.69 41.22 16.16
145 15.20 43.27 17.28 60.49 22.00
146 15.14 46.27 18.60 62.97 23.01
147 14.71 62.82 16.31 40.36 18.95
148 15.15 53.45 18.19 67.59 25.49
149 14.95 25.62 11.93 40.60 15.68
150 15.20 34.86 16.17 53.65 20.01
151 15.16 37.56 16.18 58.46 19.70
152 15.22 32.17 15.01 55.08 19.34
153 15.40 51.08 18.00 72.80 31.53
154 15.17 29.85 14.17 45.06 17.17
155 15.23 40.50 17.21 57.45 22.27
156 15.41 70.64 13.43 19.60 27.51
157 15.56 74.77 13.06 16.66 37.19
158 15.62 58.25 17.63 56.25 29.33
159 15.66 65.77 17.20 40.48 20.69
160 15.42 62.35 16.04 41.34 19.98
161 15.35 73.20 14.23 20.38 33.77
162 15.68 23.02 12.58 32.68 17.28
163 15.88 48.67 19.53 76.62 39.66
164 15.53 60.29 15.66 36.80 28.97
165 15.85 68.90 15.47 26.00 22.75
166 16.09 27.95 14.42 44.65 18.77
167 16.29 55.85 18.68 68.56 41.32
168 16.52 44.81 17.68 69.54 38.99
169 16.39 25.77 13.01 43.13 22.84
170 15.98 60.99 20.59 40.23 34.95
171 16.70 72.71 14.11 18.63 35.62
172 16.20 24.37 13.57 41.41 21.57
173 16.15 67.60 14.77 26.42 23.50
174 16.48 30.51 15.08 54.99 25.28
175 16.55 35.98 16.85 57.15 25.42
176 16.71 38.83 18.43 59.65 28.77
177 16.52 63.40 17.54 36.34 27.77
178 16.38 75.37 13.32 16.24 33.42
179 16.71 41.81 18.49 66.84 37.82
180 16.56 20.01 10.75 30.17 22.58
181 16.57 33.31 17.06 55.83 30.98
182 16.78 53.23 20.50 72.08 86.73
183 16.57 60.44 19.06 46.74 30.83
184 17.02 47.69 19.95 73.68 65.98
185 16.70 21.89 11.39 35.12 27.49
186 16.94 50.64 18.93 63.62 90.37
187 17.18 58.09 18.40 51.63 64.97
188 17.10 65.91 17.40 32.29 25.05
189 17.09 70.13 16.55 22.94 26.35
190 16.88 34.08 15.54 58.31 30.38
191 17.13 27.49 15.43 45.95 35.60
192 17.32 23.34 14.34 40.52 38.25
193 17.08 76.68 13.55 16.09 24.45
194 17.67 76.05 14.72 18.32 24.11
195 17.76 29.43 15.83 46.30 44.89
196 17.79 55.36 18.67 50.23 108.25
197 17.70 37.10 18.01 63.91 55.54
198 17.81 43.15 18.67 61.94 89.23
199 17.89 46.06 19.95 57.12 112.94
200 17.85 60.28 17.04 40.32 58.05
201 17.79 20.17 12.09 27.39 60.68
202 17.96 40.31 18.92 59.10 73.38
203 17.96 31.87 16.41 50.58 55.56
204 18.11 62.95 16.85 32.25 39.00
205 18.20 34.74 15.99 47.11 69.68
206 18.27 52.39 19.99 52.19 142.83
207 17.95 24.96 16.22 41.69 68.47
208 18.14 73.32 15.05 17.93 30.32
209 17.90 77.38 12.25 18.10 22.70
210 18.27 49.52 20.09 56.33 112.02
211 18.06 68.19 16.48 27.57 28.78
212 18.48 70.66 17.08 21.97 33.19
213 18.41 22.09 13.88 32.00 74.35
214 18.35 27.79 16.04 46.58 67.67
215 18.74 18.07 10.66 21.65 111.10
216 18.19 26.60 14.14 42.86 74.00
217 18.80 57.80 19.12 37.09 115.01
218 18.46 65.59 17.80 29.39 35.01
219 18.65 78.39 13.08 16.82 23.64
220 18.64 24.70 14.59 39.80 79.66
221 18.75 37.71 19.23 48.21 117.80
222 19.20 42.10 19.98 55.57 140.56
223 18.92 29.74 17.21 45.76 84.55
224 19.20 45.00 18.52 47.18 152.84
225 19.25 47.71 20.33 51.64 167.88
226 18.98 76.05 14.29 18.57 26.64
227 19.24 55.17 18.58 37.33 156.43
228 19.02 22.89 13.03 33.67 83.81
229 19.30 33.12 18.46 38.62 122.35
230 19.28 61.24 19.39 32.15 70.95
231 19.20 68.21 17.65 23.92 33.92
232 19.61 72.06 19.90 22.30 32.50
233 19.37 73.40 16.14 19.64 28.48
234 19.68 20.53 12.46 23.03 131.02
235 19.72 39.49 19.38 48.48 158.78
236 19.34 74.76 16.67 20.81 28.78
237 19.85 50.20 18.69 37.91 179.00
238 19.75 52.75 19.71 39.87 178.89
239 19.61 80.75 11.94 15.72 22.15
240 19.84 36.13 17.83 37.34 152.41
241 19.86 64.00 18.77 28.93 57.02
242 19.53 79.43 13.38 16.07 24.55
243 19.90 25.04 13.95 26.87 148.01
244 19.98 28.30 17.77 33.92 142.35
245 19.63 78.49 13.92 14.92 26.83
246 20.26 59.57 19.50 38.98 135.80
247 20.18 22.90 13.36 26.33 151.37
248 20.46 57.27 18.33 36.33 145.20
249 20.29 66.70 18.37 24.91 49.89
250 20.31 17.95 11.10 17.49 128.95
251 20.30 69.72 16.67 22.37 41.66
252 20.35 77.55 15.83 18.32 30.72
253 20.35 31.25 16.85 35.86 160.83
254 20.62 44.48 20.77 42.91 197.66
255 20.67 33.88 17.06 32.89 178.49
256 20.61 47.36 20.40 39.45 192.36
257 20.85 54.95 18.50 33.35 168.59
258 20.80 41.88 17.60 37.46 190.64
259 20.81 75.12 17.80 21.40 33.28
260 20.85 71.66 19.03 20.71 39.82
261 21.07 61.88 19.81 26.73 93.97
262 21.09 39.11 18.06 33.78 196.48
263 21.12 52.20 19.24 31.41 174.29
264 21.18 36.45 18.38 33.44 203.16
265 21.06 20.53 13.84 22.03 152.05
266 21.01 73.06 17.26 22.81 34.64
267 21.03 80.42 15.05 16.30 25.80
268 21.09 16.20 10.44 18.40 120.09
269 21.37 26.88 16.56 28.28 171.10
270 21.31 64.53 19.63 28.35 67.05
271 21.48 29.63 17.04 28.36 174.72
272 21.43 49.44 18.72 32.15 204.18
273 21.42 78.87 16.33 16.02 33.70
274 21.45 67.53 18.73 23.08 50.12
275 21.88 59.43 19.87 28.14 128.64
276 21.82 46.17 20.57 37.09 209.49
277 21.93 32.33 17.88 31.85 198.63
278 21.78 70.12 18.06 23.62 48.59
279 21.73 76.61 18.53 21.59 34.90
280 22.07 43.33 20.45 35.22 196.73
281 22.05 56.84 20.23 31.67 149.75
282 22.05 22.00 14.16 23.20 145.74
283 21.92 24.41 14.59 26.93 169.38
284 21.95 74.46 19.98 21.18 42.44
285 22.14 18.06 11.81 17.66 125.74
286 22.21 35.04 17.50 34.23 199.22
287 21.80 79.76 14.08 16.17 35.58
288 22.35 40.69 18.83 34.11 206.72
289 22.26 54.12 19.70 33.23 174.76
290 22.42 37.99 18.96 33.03 202.34
291 22.47 51.14 20.20 33.33 198.41
292 22.36 62.39 21.22 28.34 76.92
293 22.51 65.20 20.14 24.99 63.82
294 22.35 72.92 18.92 19.87 42.82
295 22.82 77.81 19.97 19.48 44.15
296 22.71 48.20 20.87 31.86 193.26
297 22.78 67.82 19.45 23.23 55.54
298 23.11 19.93 12.62 20.11 126.62
299 22.70 27.99 15.85 26.64 186.81
300 22.60 79.48 16.31 19.22 40.53
301 22.93 15.18 10.89 16.68 110.97
302 23.04 26.08 15.38 23.36 160.59
303 23.01 70.40 19.16 22.78 52.59
304 23.16 31.25 18.36 29.71 194.01
305 23.14 45.42 20.29 31.60 198.67
306 23.10 29.10 18.85 28.77 178.29
307 23.20 83.07 15.81 16.40 41.25
308 23.36 23.66 14.88 23.73 142.16
309 22.93 80.58 16.10 15.50 37.30
310 23.15 75.35 18.85 21.29 44.22
311 23.39 58.14 19.21 28.15 119.80
312 23.38 60.63 20.58 27.42 84.24
313 23.35 34.11 19.43 29.23 184.73
314 23.46 42.57 20.40 29.76 199.75
315 23.39 55.51 20.64 28.81 152.67
316 23.39 72.73 20.21 22.53 56.39
317 23.51 16.88 11.89 17.04 115.10
318 23.55 52.66 20.72 31.19 175.76
319 23.61 36.82 18.87 28.35 192.10
320 23.71 63.12 18.34 25.49 73.51
321 23.80 40.00 19.36 32.22 179.54
322 23.77 49.61 20.42 30.67 183.59
323 23.75 65.57 20.78 25.92 63.37
324 23.82 80.43 18.94 18.53 51.11
325 23.74 78.83 18.91 17.62 52.89
326 24.20 46.86 20.75 29.74 186.39
327 24.12 67.97 20.46 22.58 62.93
328 24.01 17.97 14.79 19.74 110.49
329 24.26 27.52 16.33 26.87 154.36
330 24.35 76.46 22.03 20.29 60.97
331 24.10 14.73 11.03 16.62 88.30
332 24.52 30.32 16.33 25.99 161.94
333 24.43 33.15 18.38 29.70 171.00
334 24.62 44.07 21.46 31.39 182.81
335 24.32 70.56 22.36 25.05 72.51
336 24.42 21.81 15.61 22.03 122.81
337 24.46 73.67 22.48 22.59 67.30
338 24.51 81.93 20.63 16.86 62.69
339 24.57 57.23 21.81 27.40 108.46
340 24.67 24.96 16.19 22.95 137.64
341 24.61 54.44 20.74 28.98 130.14
342 24.64 59.94 20.24 28.51 97.19
343 24.63 38.15 20.16 29.74 181.16
344 24.85 51.38 21.99 30.14 171.19
345 24.72 13.99 10.73 14.55 87.02
346 24.89 18.90 12.43 19.61 99.41
347 25.07 35.81 19.86 30.26 156.64
348 24.99 41.63 19.21 29.72 167.44
349 24.84 78.48 23.41 19.75 65.22
350 24.90 62.72 22.32 27.30 78.45
351 25.12 16.86 12.54 17.29 83.04
352 24.96 65.63 21.20 24.50 76.88
353 25.18 48.57 21.29 29.56 154.28
354 25.16 84.81 21.15 14.18 63.83
355 25.12 20.14 13.79 20.02 107.62
356 25.28 68.44 22.66 24.16 75.95
357 25.51 45.87 20.75 30.22 156.35
358 25.45 73.91 30.42 21.29 84.03
359 25.12 81.88 23.20 16.30 69.80
360 25.45 71.38 25.74 23.34 77.08
361 25.58 27.33 16.49 24.33 127.15
362 25.63 39.07 20.59 28.83 157.02
363 25.73 22.44 15.36 20.83 104.80
364 25.64 33.04 18.46 27.39 133.18
365 25.69 55.85 23.87 28.79 107.55
366 25.73 80.20 40.21 19.80 80.19
367 25.80 53.08 23.41 30.42 110.12
368 25.78 58.61 23.11 29.19 98.67
369 25.85 61.08 23.01 29.54 96.47
370 25.88 30.23 18.22 26.60 124.34
371 25.77 75.75 43.33 22.39 91.59
372 25.83 14.74 12.42 15.55 72.97
373 25.88 82.69 45.31 17.92 74.78
374 26.19 43.83 22.32 28.56 140.22
375 26.02 50.13 22.91 28.65 109.58
376 26.00 63.48 23.79 26.42 95.02
377 25.81 77.67 39.38 19.95 83.81
378 26.08 66.20 24.11 25.06 85.98
379 26.28 19.74 14.78 19.37 92.02
380 26.42 24.94 15.63 22.09 96.96
381 26.38 35.47 19.29 28.29 146.17
382 26.39 41.25 21.14 28.78 130.78
383 26.36 69.12 28.35 24.88 81.93
384 26.63 17.27 13.67 18.04 82.34
385 26.51 47.03 22.27 30.79 128.58
386 26.68 38.02 21.92 28.21 140.29
387 26.47 71.86 46.37 25.43 89.01
388 26.71 56.99 25.52 28.63 108.90
389 26.67 74.63 128.80 22.26 92.58
390 26.77 77.87 164.10 22.79 116.04
391 26.86 54.40 25.53 29.02 111.15
392 26.84 80.85 134.79 20.48 103.54
393 26.79 28.06 18.57 25.06 108.11
394 26.98 83.75 107.70 17.04 97.88
395 26.96 33.35 19.50 26.34 119.89
396 26.96 51.68 23.58 28.53 114.21
397 27.00 59.72 25.49 28.33 106.70
398 27.03 22.03 15.79 21.46 92.71
399 27.08 49.10 22.08 28.48 120.32
400 27.10 62.14 26.09 27.37 102.27
401 26.95 64.62 26.12 24.43 97.48
402 27.18 30.97 19.36 26.60 119.52
403 27.02 14.71 12.49 14.58 70.74
404 27.18 67.28 36.10 26.96 108.40
405 27.47 45.19 23.44 30.04 116.87
406 27.60 12.49 11.98 13.83 66.93
407 27.56 42.91 23.39 30.78 125.61
408 27.34 69.88 53.82 23.98 113.91
409 27.46 72.33 167.82 23.59 118.46
410 27.52 85.64 86.91 17.78 113.56
411 27.63 40.68 24.64 30.87 121.36
412 27.75 35.93 20.39 28.78 120.33
413 27.80 26.34 17.68 23.80 98.14
414 27.77 19.44 15.82 18.48 85.45
415 27.72 23.89 17.08 23.82 96.38
416 27.74 57.67 27.00 27.21 115.84
417 27.89 47.42 24.86 30.72 120.33
418 28.28 74.15 188.54 26.91 148.43
419 27.88 38.44 22.52 28.76 117.59
420 28.04 55.27 25.46 28.01 112.92
421 28.01 29.05 18.80 24.76 101.23
422 27.72 76.62 173.20 22.87 127.03
423 27.91 79.35 150.88 21.34 129.50
424 28.09 52.92 25.35 27.36 116.83
425 28.02 65.52 47.93 26.61 126.56
426 28.06 81.90 129.16 19.12 124.48
427 27.96 16.48 14.81 17.73 78.78
428 28.10 50.26 24.86 29.82 120.75
429 28.06 63.42 38.75 26.25 125.80
430 28.19 33.51 19.93 25.75 109.37
431 28.23 61.14 41.33 28.24 129.56
432 28.25 68.01 185.83 25.95 130.96
433 28.39 59.01 34.64 29.64 125.92
434 28.48 21.71 16.71 21.39 91.43
435 28.48 31.49 20.78 26.55 114.81
436 28.52 86.09 62.78 17.64 120.48
437 28.41 77.56 179.41 25.63 162.30
438 28.60 70.84 207.01 27.91 165.34
439 28.72 43.90 24.85 29.33 114.47
440 28.96 83.29 79.72 19.79 149.67
441 28.74 40.98 24.40 28.72 109.01
442 28.87 46.17 25.55 29.21 124.29
443 28.83 14.70 15.61 15.46 78.72
444 28.88 18.05 15.74 17.69 90.39
445 29.01 56.75 37.49 27.56 131.27
446 28.95 12.21 16.40 14.28 83.40
447 28.74 24.04 18.20 21.71 101.09
448 28.92 38.06 22.95 28.78 110.84
449 29.02 48.78 30.63 30.30 121.00
450 28.99 25.31 17.78 23.80 103.90
451 29.06 27.54 20.94 25.39 106.25
452 29.04 35.25 22.98 30.09 120.58
453 29.12 51.50 27.47 26.80 120.73
454 29.04 63.85 189.28 30.28 149.12
455 28.94 75.73 163.87 21.90 162.16
456 29.17 53.91 32.36 27.50 129.41
457 29.31 66.19 219.20 30.80 164.06
458 29.43 80.09 86.53 22.50 159.22
459 29.31 30.35 21.74 25.32 115.04
460 29.37 61.62 209.12 26.67 153.16
461 29.30 88.30 24.88 14.63 76.13
462 29.35 59.30 66.88 30.33 156.64
463 29.54 20.61 20.62 22.76 104.96
464 29.50 68.98 195.72 29.26 184.78
465 29.39 19.31 18.95 18.55 98.45
466 29.59 9.67 18.07 13.24 73.99
467 29.68 22.97 22.54 23.06 105.65
468 29.72 33.39 25.32 28.01 112.54
469 29.67 16.03 21.17 17.83 86.93
470 29.72 42.40 27.77 27.29 115.63
471 29.52 74.92 135.95 27.54 178.36
472 29.83 72.08 164.75 26.09 197.16
473 29.85 39.88 27.60 28.44 116.92
474 29.82 86.18 38.48 18.08 132.90
475 29.95 44.95 32.43 28.80 142.03
476 29.93 47.57 33.10 29.39 135.99
477 30.05 55.18 69.63 30.15 158.66
478 29.88 37.03 26.21 28.47 118.64
479 30.04 50.36 45.05 30.76 141.84
480 30.02 25.87 24.61 23.46 119.91
481 30.02 57.36 136.13 28.62 184.73
482 29.90 77.95 69.62 25.03 155.43
483 30.16 17.53 25.08 17.38 90.48
484 30.16 64.45 199.12 32.41 186.62
485 30.10 76.74 75.44 25.58 168.12
486 30.20 81.93 48.54 21.33 147.30
487 30.24 28.63 29.32 24.64 121.26
488 30.08 52.72 45.38 26.50 148.54
489 30.20 11.91 44.63 16.41 107.53
490 30.21 83.91 48.05 22.15 163.79
491 30.35 31.21 28.20 26.04 121.15
492 30.43 59.50 219.36 31.89 197.18
493 30.61 14.25 62.17 18.09 116.14
494 30.45 67.06 178.10 31.81 181.19
495 30.55 18.95 33.46 18.62 104.43
496 30.60 35.54 38.64 27.94 130.44
497 30.47 62.09 211.18 32.59 195.25
498 30.59 74.28 107.50 25.55 198.62
499 30.71 69.75 117.25 28.69 207.74
500 30.85 79.40 43.83 23.40 154.90
501 30.69 21.39 37.59 20.85 111.98
502 30.76 87.69 22.61 17.36 97.55
503 30.78 24.11 40.68 22.76 119.04
504 30.85 38.44 38.49 27.77 132.03
505 30.74 42.95 37.76 27.58 130.85
506 30.85 48.89 80.48 33.37 169.37
507 30.64 52.23 94.00 32.21 157.93
508 30.94 40.56 43.74 29.22 137.50
509 30.77 46.43 53.44 28.79 166.88
510 31.02 32.74 46.23 28.63 148.50
511 31.10 57.31 203.72 32.65 200.10
512 31.10 27.00 51.81 24.47 142.93
513 31.03 54.19 181.65 32.04 182.72
514 31.26 44.73 63.05 33.75 154.32
515 31.20 51.52 167.26 33.47 173.14
516 31.40 72.16 63.71 28.02 189.01
517 31.13 76.66 44.25 24.83 127.14
518 31.37 85.21 26.33 20.16 102.19
519 31.34 29.98 73.58 26.21 137.05
520 31.53 11.70 111.13 17.06 119.35
521 31.46 17.58 123.02 20.43 135.49
522 31.46 64.81 128.17 32.47 216.36
523 31.43 82.34 29.36 24.91 136.15
524 31.51 34.94 116.20 30.91 162.42
525 31.51 67.35 97.84 28.39 201.04
526 31.53 61.96 162.44 31.84 224.80
527 31.73 37.49 123.24 32.09 168.82
528 31.59 59.44 166.02 33.00 224.44
529 31.74 49.68 220.50 33.42 190.14
530 31.69 42.29 134.13 32.27 171.22
531 31.78 46.89 204.90 33.76 179.37
532 31.81 74.55 47.72 28.51 163.71
533 31.78 19.99 138.92 22.34 148.82
534 31.89 53.23 204.60 36.66 206.32
535 31.75 22.66 165.88 25.05 143.96
536 32.01 14.30 122.38 18.25 150.51
537 31.94 25.28 142.53 25.96 157.79
538 32.01 55.68 196.24 34.98 224.70
539 32.07 69.83 55.42 30.01 199.44
540 32.11 77.40 31.43 24.80 123.42
541 32.07 87.66 24.43 19.07 81.52
542 31.87 16.08 141.92 23.00 154.68
543 32.16 28.11 182.85 27.49 175.56
544 32.18 40.00 188.00 33.45 197.13
545 32.19 33.04 189.94 31.13 170.67
546 32.42 80.16 28.69 24.42 108.33
547 32.38 44.34 222.31 36.15 197.55
548 32.52 30.74 183.44 29.82 186.54
549 32.42 63.01 105.31 32.69 230.36
550 32.59 51.03 191.38 34.56 224.56
551 32.52 57.90 174.90 32.56 221.44
552 32.61 35.63 196.91 33.03 186.74
553 32.69 83.37 29.37 23.29 84.03
554 32.60 60.35 126.22 32.22 231.61
555 32.59 67.08 65.20 31.07 211.80
556 32.70 18.01 130.99 21.06 169.51
557 32.83 42.31 219.04 35.36 208.69
558 32.82 48.40 210.38 38.70 223.28
559 32.99 10.23 86.53 15.99 145.50
560 32.75 72.03 37.26 29.37 148.22
561 33.00 64.60 56.74 31.07 220.89
562 32.95 46.27 220.52 38.33 227.26
563 32.85 13.07 85.71 18.06 159.81
564 32.97 23.70 150.29 25.36 193.09
565 33.00 38.20 211.48 34.54 204.14
566 32.91 54.70 164.76 36.22 217.65
567 32.97 75.30 29.28 26.92 126.26
568 33.11 20.81 133.49 24.56 187.15
569 33.17 26.38 155.02 27.99 208.78
570 33.13 88.64 28.91 21.26 46.55
571 33.13 86.03 32.82 23.26 69.03
572 33.39 14.72 92.92 19.42 177.32
573 33.44 52.54 123.24 37.18 230.87
574 33.31 69.18 35.88 29.68 165.09
575 33.11 90.66 29.36 20.55 28.00
576 33.43 7.87 42.04 13.56 97.98
577 33.47 28.82 150.27 28.95 211.40
578 33.47 33.11 171.04 31.55 211.70
579 33.48 16.04 86.68 20.82 178.32
580 33.55 61.99 58.78 31.25 219.05
581 33.54 78.00 27.65 26.04 103.63
582 33.59 40.39 206.50 35.57 228.87
583 33.61 59.47 55.97 33.32 216.68
584 33.67 57.07 73.23 33.16 227.10
585 33.71 80.95 32.35 26.46 83.69
586 33.84 44.78 186.22 40.37 228.35
587 33.74 49.77 137.55 37.95 225.33
588 33.74 73.46 28.98 28.33 115.96
589 33.85 66.30 35.27 31.50 190.32
590 33.76 35.84 145.91 32.70 227.43
591 34.09 30.90 151.22 31.85 202.91
592 33.75 90.11 45.34 20.02 27.94
593 33.69 71.42 28.31 27.94 121.89
594 33.74 17.23 106.42 22.58 187.46
595 34.06 22.85 121.00 27.08 205.68
596 33.88 83.47 46.48 23.76 67.68
597 34.00 18.60 93.41 24.50 183.41
598 34.09 47.27 130.30 34.84 235.98
599 33.98 54.74 77.38 34.91 221.82
600 34.05 86.90 103.27 25.07 45.84
601 34.04 42.63 168.36 37.09 235.16
602 34.32 63.71 36.63 35.29 187.66
603 34.42 25.39 102.46 28.50 208.02
604 34.35 38.40 158.16 34.45 234.77
605 34.25 70.56 30.69 29.73 128.77
606 34.35 11.35 48.72 17.44 150.43
607 34.49 76.06 28.53 28.73 84.94
608 34.40 88.96 87.11 19.46 30.30
609 34.61 13.44 60.35 21.84 168.57
610 34.54 51.24 70.03 34.70 225.47
611 34.61 27.86 99.78 27.76 214.24
612 34.58 68.01 31.40 33.30 147.76
613 34.52 8.73 36.12 15.88 122.88
614 34.64 20.81 83.32 25.22 197.05
615 34.85 84.37 152.93 27.73 44.16
616 34.77 33.72 111.49 33.86 224.76
617 34.89 15.98 62.38 22.59 178.77
618 34.76 59.03 37.99 34.88 204.18
619 34.78 61.43 34.00 33.13 197.91
620 34.76 78.94 38.97 28.39 74.02
621 34.85 40.56 126.63 35.55 221.73
622 34.75 81.56 53.12 27.04 64.26
623 34.83 36.31 92.88 32.59 235.35
624 34.92 56.52 39.15 35.56 215.89
625 34.90 73.91 30.73 31.92 88.70
626 35.01 53.52 44.39 36.98 212.67
627 35.00 45.77 85.80 36.37 230.87
628 35.05 48.65 58.31 36.29 225.69
629 35.11 43.14 93.62 35.80 226.53
630 35.19 65.09 31.26 32.60 157.34
631 35.32 18.72 45.77 24.00 182.08
632 35.39 71.66 32.00 31.49 95.78
633 35.31 31.48 75.65 36.09 223.70
634 35.47 9.57 25.10 18.34 145.49
635 35.41 69.39 30.30 34.22 111.71
636 35.39 23.54 55.88 25.64 204.18
637 35.31 86.92 150.00 28.55 33.51
638 35.58 89.56 128.82 27.80 23.61
639 35.62 28.93 65.23 32.14 216.08
640 35.79 7.30 17.08 14.32 102.18
641 35.89 26.06 49.46 28.57 215.19
642 35.76 37.94 68.81 34.51 226.48
643 35.69 51.09 38.64 33.46 204.54
644 35.92 62.86 33.44 37.48 159.61
645 35.78 12.40 26.05 19.62 157.56
646 35.82 35.16 62.44 33.09 224.65
647 35.82 66.74 31.20 35.85 122.84
648 35.86 78.63 124.68 32.27 49.71
649 35.83 11.12 26.18 18.72 149.08
650 35.78 81.80 181.31 26.56 39.73
651 35.98 55.42 35.12 37.17 199.58
652 35.94 57.87 32.92 35.51 181.15
653 35.91 60.34 32.63 35.37 169.27
654 35.94 21.26 35.68 25.92 191.19
655 36.01 40.21 57.03 35.73 229.46
656 36.09 46.90 43.24 36.26 220.87
657 36.07 14.61 29.17 22.36 164.83
658 36.10 44.56 41.90 34.80 229.48
659 36.15 53.22 35.54 35.87 198.99
660 35.91 74.12 47.21 33.73 67.52
661 36.21 82.89 179.44 33.33 39.09
662 36.27 91.92 63.94 28.40 12.99
663 36.22 42.32 43.73 34.45 223.72
664 36.28 49.15 33.44 38.01 205.40
665 36.44 33.08 44.81 33.83 216.56
666 36.16 85.04 169.89 30.84 29.48
667 36.20 16.93 30.31 22.00 164.16
668 36.55 30.42 35.77 32.45 213.26
669 36.53 64.75 36.69 35.89 121.07
670 36.46 70.56 44.62 34.19 78.35
671 36.57 18.35 26.84 27.16 173.31
672 36.51 68.11 38.49 36.45 90.95
673 36.69 23.23 32.30 28.35 187.12
674 36.83 72.67 132.69 33.89 50.89
675 36.96 76.26 181.97 36.94 40.35
676 36.83 27.70 32.60 29.64 194.97
677 36.79 9.77 18.03 18.31 124.82
678 36.89 35.93 39.02 34.20 214.24
679 36.90 51.44 35.06 38.44 176.82
680 36.98 38.33 36.57 35.48 212.85
681 37.06 61.36 35.22 38.07 122.71
682 36.90 89.33 102.44 33.22 16.29
683 37.08 56.70 33.12 33.71 149.64
684 37.10 59.13 34.94 36.47 130.07
685 37.05 12.43 21.48 21.50 131.90
686 36.85 84.55 155.08 34.68 28.26
687 37.20 86.76 132.80 40.69 19.56
688 37.20 54.37 35.34 37.22 169.20
689 37.31 7.66 14.13 18.31 89.89
690 37.28 20.65 25.96 25.25 150.21
691 37.27 40.63 34.74 38.77 208.24
692 37.25 45.46 34.36 36.26 193.06
693 37.13 16.24 21.36 23.71 128.47
694 37.36 25.26 26.60 30.79 183.79
695 37.30 42.90 33.81 38.99 199.12
696 37.23 80.75 155.96 36.80 27.56
697 37.34 47.82 34.42 40.67 177.99
698 37.25 14.74 23.10 20.79 130.36
699 37.32 63.21 49.82 42.50 106.38
700 37.31 65.84 85.11 40.05 98.52
701 37.57 31.76 31.90 32.95 189.78
702 37.47 68.54 171.60 39.68 53.37
703 37.77 71.20 188.80 39.89 47.19
704 37.72 91.50 81.66 47.76 12.01
705 37.78 33.98 32.45 35.25 189.12
706 37.78 50.11 36.31 38.24 132.73
707 37.86 29.50 31.70 32.76 185.69
708 37.88 18.27 23.62 24.85 136.43
709 37.66 84.04 149.74 43.35 22.50
710 38.04 22.89 26.52 30.66 136.38
711 37.98 36.40 31.73 36.79 181.93
712 37.98 52.70 41.95 37.47 121.61
713 38.16 9.61 18.85 19.69 83.55
714 38.13 27.12 27.40 31.64 161.01
715 37.96 57.86 55.95 37.86 113.26
716 37.97 82.45 138.19 42.67 20.52
717 38.13 38.93 34.47 40.08 166.01
718 38.22 64.23 188.59 46.40 57.60
719 38.08 60.19 67.52 41.05 112.35
720 38.23 73.93 175.41 40.98 36.42
721 38.30 79.49 143.48 38.49 25.34
722 38.23 88.31 80.68 41.74 15.99
723 38.30 43.97 48.16 44.12 148.54
724 38.36 66.65 211.66 49.38 48.70
725 38.15 76.84 177.67 44.47 33.53
726 38.21 13.04 22.62 23.87 104.30
727 38.26 55.40 47.26 40.43 118.69
728 38.35 46.27 46.96 44.40 142.57
729 38.41 61.86 178.55 41.86 65.30
730 38.45 15.96 25.79 25.78 113.45
731 38.47 41.60 39.24 41.98 159.14
732 38.53 7.02 20.04 17.86 56.75
733 38.66 85.57 115.19 59.85 16.95
734 38.53 48.56 52.02 42.15 110.20
735 38.79 24.96 28.98 33.12 125.45
736 38.74 20.34 28.66 27.51 103.81
737 38.76 69.44 192.15 46.41 35.24
738 38.75 31.84 37.24 35.45 137.73
739 38.89 93.16 39.21 60.80 9.77
740 38.76 51.05 69.12 41.40 103.74
741 38.86 57.57 186.60 45.41 78.62
742 38.87 34.36 38.92 42.70 130.29
743 38.94 53.69 152.97 46.03 82.39
744 39.01 28.98 38.75 35.67 136.71
745 38.98 82.07 118.21 55.85 19.97
746 39.22 59.68 213.80 46.28 56.18
747 39.03 36.93 43.83 43.47 123.29
748 39.21 72.07 179.87 55.39 29.86
749 39.25 8.78 49.44 21.11 57.11
750 39.10 39.46 46.05 40.95 120.41
751 39.17 77.08 149.59 49.97 22.68
752 39.24 22.77 48.52 35.20 106.77
753 39.14 90.42 46.63 61.25 11.98
754 39.07 12.41 30.78 21.89 72.44
755 39.39 63.39 223.00 52.52 42.70
756 39.21 10.87 39.76 24.65 68.48
757 39.36 26.66 39.14 38.12 137.63
758 39.39 46.98 182.74 49.96 81.97
759 39.26 43.71 98.48 47.93 98.89
760 39.56 65.47 203.84 58.80 38.67
761 39.55 55.72 203.18 51.18 73.41
762 39.50 17.94 39.26 28.98 92.38
763 39.56 74.59 116.51 54.30 23.45
764 39.64 87.94 61.24 90.43 14.17
765 39.39 15.47 45.50 28.72 77.68
766 39.54 41.99 153.70 49.45 93.03
767 39.70 49.34 190.40 49.43 65.06
768 39.61 67.71 182.07 56.27 30.17
769 39.74 79.32 104.62 61.10 19.15
770 39.62 30.77 70.61 46.69 116.04
771 39.73 61.44 228.88 56.12 43.12
772 39.77 6.59 76.46 22.56 31.31
773 39.75 51.87 212.96 46.51 51.20
774 39.71 32.93 107.63 45.57 94.92
775 40.04 34.89 157.08 49.55 74.45
776 39.93 83.59 85.50 70.53 16.49
777 39.83 20.78 82.75 32.28 69.58
778 39.99 39.60 165.41 49.66 74.10
779 39.93 85.25 61.74 75.02 17.26
780 40.04 13.01 111.53 30.35 50.59
781 40.07 37.12 151.40 51.29 75.24
782 40.17 44.98 189.74 55.09 54.88
783 40.19 23.50 143.53 35.87 52.22
784 40.26 57.55 217.20 60.96 44.98
785 40.15 27.78 132.70 46.98 82.13
786 40.25 69.62 146.50 59.85 25.74
787 40.12 91.71 25.55 73.76 11.21
788 40.29 10.37 109.13 28.99 36.50
789 40.37 54.26 219.10 54.78 45.17
790 40.25 81.23 87.05 73.68 19.05
791 40.35 72.39 140.16 71.11 24.39
792 40.48 15.75 129.97 33.81 41.76
793 40.36 76.35 90.80 73.52 20.77
794 40.51 29.59 186.26 44.11 62.11
795 40.66 25.81 169.38 48.15 50.39
796 40.55 59.82 203.56 60.93 34.16
797 40.66 7.80 111.43 29.28 27.57
798 40.61 18.57 138.44 37.34 45.25
799 40.77 43.02 211.47 60.46 47.47
800 40.63 47.23 195.26 63.78 47.85
801 40.73 31.82 161.42 50.97 44.68
802 40.75 62.77 188.97 70.64 30.30
803 40.82 89.92 34.29 102.93 12.99
804 40.87 40.93 207.55 54.77 49.39
805 40.84 65.20 146.40 74.07 27.82
806 40.75 67.29 116.39 88.03 24.36
807 40.79 51.44 197.28 61.18 40.49
808 40.93 87.16 48.94 109.71 15.05
809 40.66 81.47 80.56 85.56 19.22
810 41.07 21.09 164.78 43.03 35.67
811 41.13 49.17 189.11 70.86 39.04
812 41.20 33.77 195.69 62.85 42.43
813 41.04 9.12 110.76 32.76 29.87
814 41.10 38.22 189.50 57.14 44.13
815 41.10 56.06 162.65 68.93 33.22
816 41.17 78.74 58.20 103.94 17.75
817 41.11 84.38 48.67 105.54 15.49
818 41.21 12.77 122.40 36.22 28.03
819 40.95 82.41 43.93 89.52 18.83
820 41.28 5.84 82.66 27.72 17.35
821 41.37 35.89 197.85 62.63 39.29
822 41.29 93.24 15.89 78.70 9.00
823 41.34 74.09 68.64 101.87 20.41
824 41.34 70.81 97.95 84.58 20.18
825 41.50 58.23 174.61 80.92 27.61
826 41.56 23.71 165.28 55.93 31.08
827 41.46 53.23 156.46 68.78 29.08
828 41.49 28.83 164.21 55.26 38.28
829 41.61 44.91 181.79 69.20 34.07
830 41.45 60.93 152.91 82.83 28.50
831 41.42 68.25 90.67 97.62 22.56
832 41.46 76.32 61.57 106.45 19.00
833 41.63 16.17 112.49 44.60 25.07
834 41.96 10.62 98.06 41.84 20.05
835 41.72 80.95 45.17 112.44 16.62
836 41.83 47.30 167.47 82.40 31.77
837 41.89 26.70 164.35 69.49 33.41
838 41.78 64.00 125.43 96.75 24.54
839 41.90 50.92 151.76 82.61 28.70
840 41.94 18.48 125.57 47.90 24.05
841 41.93 39.93 193.81 68.54 31.99
842 42.03 31.18 150.22 69.24 30.61
843 42.18 42.27 154.67 92.83 29.38
844 42.07 54.73 146.72 87.23 27.18
845 42.18 66.36 88.99 124.31 22.13
846 42.21 8.20 85.50 42.92 16.37
847 42.17 89.14 28.58 121.64 12.70
848 42.26 37.60 173.79 90.02 32.40
849 42.18 86.33 35.00 119.76 14.20
850 42.36 62.25 101.81 126.23 21.99
851 42.32 69.36 56.89 124.95 19.19
852 42.09 76.39 44.31 122.25 17.61
853 42.20 5.54 62.67 36.54 12.51
854 42.40 56.76 128.32 107.54 24.90
855 42.17 20.40 124.52 48.84 23.32
856 42.40 33.30 173.68 80.92 26.67
857 42.39 72.18 54.21 118.33 20.30
858 42.36 13.45 101.71 49.31 18.12
859 42.47 59.96 111.62 120.00 25.02
860 42.42 94.39 18.12 83.81 7.85
861 42.55 78.17 35.73 136.36 17.50
862 42.60 25.13 119.90 85.43 23.51
863 42.67 49.25 122.66 102.12 26.06
864 42.60 82.79 34.01 139.23 16.10
865 42.71 29.17 131.50 91.91 24.57
866 42.75 35.48 168.97 84.57 28.25
867 42.90 75.01 43.27 147.32 18.40
868 42.91 91.92 33.61 119.91 10.29
869 42.78 44.17 125.72 121.09 26.68
870 42.77 52.31 124.21 117.58 24.14
871 42.73 21.20 112.97 64.30 20.73
872 42.89 46.54 110.48 123.50 26.02
873 42.91 23.20 109.41 77.11 19.34
874 42.80 6.14 61.05 44.55 13.70
875 43.10 64.09 69.44 156.79 22.20
876 43.01 40.05 109.40 111.68 25.39
877 43.04 79.91 34.59 125.57 17.28
878 43.21 16.24 103.68 75.15 17.28
879 43.21 58.22 102.23 150.72 22.83
880 43.30 27.31 118.84 100.56 22.41
881 43.24 19.09 101.72 82.90 17.13
882 43.20 67.97 52.01 156.20 21.05
883 43.30 7.30 60.63 57.33 12.17
884 43.28 11.58 79.07 73.08 14.98
885 43.29 31.49 107.65 117.27 23.51
886 43.24 54.61 110.78 134.74 24.00
887 43.34 9.44 67.01 62.13 12.71
888 43.40 65.84 54.73 151.66 20.98
889 43.38 85.05 39.15 137.97 15.00
890 43.50 37.65 111.21 138.81 23.51
891 43.46 87.56 54.98 138.32 13.67
892 43.62 42.54 75.26 144.62 23.70
893 43.40 70.78 41.52 156.58 19.07
894 43.52 4.10 30.57 41.47 8.00
895 43.62 62.00 71.12 161.70 22.09
896 43.66 33.76 118.32 124.56 23.70
897 43.56 83.73 38.02 135.50 15.95
898 43.50 5.46 38.85 51.95 9.49
899 43.45 13.38 66.23 80.77 15.57
900 43.79 48.14 86.95 162.91 24.78
901 43.80 50.38 77.78 155.37 25.26
902 43.86 56.34 64.30 159.22 22.75
903 43.78 60.06 77.10 151.53 22.15
904 43.67 77.04 33.90 140.60 16.74
905 43.86 24.99 80.79 121.60 18.32
906 43.84 45.20 75.20 161.22 25.51
907 43.95 21.98 79.80 110.88 17.67
908 43.97 52.53 65.29 173.05 23.63
909 43.99 81.89 41.88 134.90 16.45
910 44.14 29.57 75.97 135.50 20.50
911 44.29 35.85 78.20 152.97 22.82
912 44.11 79.38 37.45 156.26 16.83
913 44.13 40.11 73.53 164.43 22.50
914 44.31 14.01 44.45 104.83 14.02
915 44.24 69.00 36.68 166.42 20.89
916 44.34 93.23 85.93 95.22 10.69
917 44.36 64.26 48.74 185.72 20.69
918 44.38 75.01 33.84 159.84 17.59
919 44.55 6.48 29.59 85.14 10.47
920 44.51 9.00 35.75 92.48 13.25
921 44.48 16.53 45.79 126.22 16.19
922 44.52 58.24 52.99 187.66 22.35
923 44.43 66.61 41.43 189.24 21.36
924 44.53 90.98 134.16 109.60 11.48
925 44.51 19.90 60.81 131.15 15.72
926 44.53 27.17 61.18 146.11 18.30
927 44.58 31.79 61.09 152.61 21.72
928 44.55 54.29 46.13 181.44 23.05
929 44.60 71.11 38.58 177.13 18.87
930 44.59 11.52 39.28 107.59 13.53
931 44.55 85.13 131.32 157.16 13.42
932 44.76 37.98 62.04 181.00 21.52
933 44.81 44.13 50.98 181.33 24.12
934 44.74 62.45 46.36 189.79 21.00
935 44.74 88.27 160.17 130.62 13.17
936 44.82 41.89 52.76 181.12 23.51
937 44.77 46.81 56.33 187.14 23.11
938 44.97 34.00 53.88 164.59 20.79
939 44.87 49.43 50.78 198.51 24.38
940 44.83 60.37 49.22 180.48 23.19
941 44.77 77.36 52.51 155.58 17.15
942 44.93 24.33 46.09 143.40 17.87
943 45.04 73.04 39.85 163.02 17.63
944 45.10 51.85 54.07 194.50 22.77
945 45.17 95.14 69.97 84.42 7.48
946 45.06 56.37 51.34 191.25 21.85
947 45.20 82.64 136.29 141.49 14.33
948 45.23 21.67 36.39 154.05 15.77
949 45.21 80.30 89.72 151.22 15.23
950 45.45 39.77 46.74 195.09 21.70
951 45.33 29.29 42.35 174.28 18.58
952 45.29 68.12 47.52 184.95 19.01
953 45.45 75.13 60.23 177.03 17.48
954 45.44 65.67 58.40 195.65 20.58
955 45.72 7.91 25.72 127.23 10.04
956 45.60 26.47 40.14 168.05 18.02
957 45.53 84.77 179.89 121.02 15.30
958 45.63 92.98 131.20 115.07 9.83
959 45.50 14.04 27.79 130.89 13.50
960 45.57 18.26 31.88 138.67 15.73
961 45.58 63.61 62.04 202.78 19.81
962 45.63 36.99 42.65 182.10 20.97
963 45.71 58.68 56.01 198.40 21.05
964 45.69 86.39 174.20 149.52 13.48
965 45.70 31.79 42.17 187.83 19.74
966 45.75 47.79 45.80 200.05 24.36
967 45.71 54.39 51.14 205.00 21.95
968 45.69 70.94 81.68 199.25 19.04
969 45.73 89.97 143.48 121.39 11.52
970 45.72 11.04 27.09 118.74 12.38
971 45.76 44.93 45.04 196.17 22.32
972 45.80 61.09 59.86 202.64 21.78
973 45.88 5.18 20.83 120.10 8.46
974 45.92 77.64 142.68 181.90 15.30
975 45.89 42.07 49.22 204.87 23.62
976 45.99 50.15 51.33 205.22 22.39
977 46.00 23.73 39.52 175.52 16.47
978 46.03 34.43 47.67 194.45 20.77
979 46.08 56.61 64.16 210.11 22.70
980 46.28 15.80 36.73 152.91 13.30
981 46.24 20.76 35.54 163.98 14.80
982 46.58 87.91 156.61 128.78 11.75
983 46.41 28.15 52.00 190.37 19.35
984 46.31 52.67 57.42 207.93 23.17
985 46.39 69.15 187.05 207.90 19.48
986 46.37 72.77 154.42 179.51 17.31
987 46.37 79.92 157.65 162.12 14.23
988 46.39 66.78 148.81 204.55 20.80
989 46.41 82.35 171.29 154.80 13.92
990 46.59 30.19 52.84 203.18 19.11
991 46.45 64.55 184.34 206.88 20.24
992 46.52 95.21 65.97 84.91 8.36
993 46.52 39.06 58.60 205.20 22.76
994 46.61 36.57 63.43 203.24 21.49
995 46.59 46.53 66.19 211.14 23.42
996 46.67 43.67 75.89 219.42 22.79
997 46.60 62.21 140.24 208.63 20.96
998 46.77 75.26 173.11 174.24 16.22
999 46.64 12.93 47.24 146.64 13.04
1000 46.74 25.87 57.94 187.37 17.18
1001 46.66 59.76 122.76 211.98 22.22
1002 46.78 84.96 171.53 131.47 13.24
1003 46.81 9.49 42.49 145.98 11.88
1004 46.80 32.47 65.36 208.55 19.72
1005 46.76 54.83 95.44 215.37 23.47
1006 46.84 18.35 50.45 165.85 15.41
1007 46.93 41.17 96.54 216.85 23.22
1008 47.02 90.62 122.16 117.66 9.97
1009 47.04 6.58 40.34 137.74 9.61
1010 46.93 50.95 105.42 222.05 24.12
1011 46.96 4.35 33.59 110.00 8.80
1012 47.09 23.34 88.01 189.35 17.13
1013 46.97 57.28 166.47 219.31 23.52
1014 47.21 70.81 176.21 189.30 17.56
1015 47.25 34.63 144.00 210.28 20.04
1016 47.39 48.11 135.16 215.80 25.51
1017 47.25 77.66 135.88 157.92 14.64
1018 47.41 93.54 110.75 128.44 8.67
1019 47.22 68.09 214.69 198.69 18.11
1020 47.32 21.01 114.33 189.16 16.95
1021 47.48 63.37 221.40 192.78 20.63
1022 47.46 65.74 224.51 199.30 19.82
1023 47.37 15.24 121.56 169.89 14.07
1024 47.45 45.53 187.76 215.42 22.20
1025 47.54 52.65 223.73 199.80 23.96
1026 47.58 73.21 167.87 182.14 16.23
1027 47.59 58.96 236.97 212.48 22.31
1028 47.56 61.15 226.65 206.92 21.19
1029 47.55 27.84 117.59 201.99 19.41
1030 47.60 39.22 180.58 223.73 22.68
1031 47.62 80.32 145.25 160.64 14.09
1032 47.90 96.07 23.50 59.88 6.86
1033 47.60 37.08 155.53 220.46 20.37
1034 47.69 42.97 208.22 213.17 23.64
1035 47.73 10.81 105.15 159.04 12.80
1036 47.75 50.02 219.80 209.05 22.22
1037 47.69 30.10 156.14 211.39 19.43
1038 47.72 54.78 230.74 220.88 23.27
1039 47.73 12.96 145.11 159.56 13.00
1040 47.83 17.45 156.13 183.85 15.08
1041 47.85 25.07 166.85 200.35 16.72
1042 47.79 3.64 71.14 103.52 7.94
1043 47.87 32.63 195.35 216.01 21.59
1044 47.93 86.33 117.06 151.86 11.72
1045 47.99 56.99 233.87 217.69 22.28
1046 48.17 19.77 157.43 196.46 16.27
1047 48.09 69.14 174.72 172.59 17.66
1048 47.95 83.21 120.43 155.47 13.30
1049 48.20 98.04 7.92 28.11 2.31
1050 48.14 8.22 107.80 145.62 11.22
1051 48.09 88.66 85.53 112.31 11.22
1052 48.32 40.84 209.08 214.54 23.55
1053 48.12 75.95 110.77 178.06 13.53
1054 48.23 5.76 95.66 133.69 8.54
1055 48.29 22.59 161.23 191.37 16.42
1056 48.38 91.04 62.89 130.98 9.97
1057 48.30 35.42 206.15 212.71 21.50
1058 48.49 71.52 162.22 194.71 17.34
1059 48.54 15.78 157.89 166.23 13.56
1060 48.46 67.15 180.61 208.19 18.71
1061 48.43 45.76 219.81 203.47 22.57
1062 48.48 78.54 80.88 156.81 14.76
1063 48.44 12.93 133.38 170.58 13.28
1064 48.63 26.28 198.47 210.11 19.27
1065 48.66 28.51 188.82 202.54 19.25
1066 48.71 53.46 220.70 209.20 24.62
1067 48.59 60.06 220.59 211.55 20.68
1068 48.62 64.59 171.19 199.92 19.44
1069 48.62 38.12 209.23 210.86 22.47
1070 48.75 48.28 213.59 210.29 23.23
1071 48.69 62.31 174.74 211.69 19.91
1072 48.72 31.05 200.08 212.76 18.80
1073 48.69 51.04 211.28 202.56 23.39
1074 48.88 43.46 210.78 215.64 23.65
1075 48.91 55.81 216.26 213.94 23.33
1076 48.97 94.50 28.45 94.79 8.15
1077 48.98 33.42 202.04 217.72 20.25
1078 48.84 73.90 79.34 175.01 15.76
1079 48.95 81.54 65.84 169.53 12.27
1080 48.87 10.62 121.47 159.68 12.19
1081 49.01 58.19 209.33 212.46 22.43
1082 49.22 24.06 165.22 205.18 16.72
1083 49.04 84.24 60.20 148.83 11.97
1084 49.20 86.99 65.70 163.84 11.85
1085 49.16 98.37 5.38 26.59 1.21
1086 49.23 20.87 151.77 192.88 17.16
1087 49.27 76.65 61.08 175.14 14.04
1088 49.32 18.35 103.69 182.91 15.16
1089 49.11 14.80 137.14 167.36 13.77
1090 49.03 17.20 120.75 186.50 11.50
1091 49.31 69.50 96.93 204.54 16.14
1092 49.29 6.11 82.16 138.09 9.26
1093 49.35 8.14 88.62 140.75 11.95
1094 49.44 35.47 195.00 217.96 20.93
1095 49.47 41.64 187.04 223.70 23.68
1096 49.31 89.30 41.46 109.87 10.83
1097 49.52 4.83 65.11 137.44 8.11
1098 49.69 39.67 154.98 215.56 20.80
1099 49.46 66.10 104.49 215.70 17.17
1100 49.59 45.74 174.24 215.50 23.04
1101 49.72 37.58 183.82 219.93 20.74
1102 49.68 92.54 34.07 133.38 8.12
1103 49.68 29.45 163.60 207.31 19.16
1104 49.68 79.21 39.70 166.65 13.21
1105 49.63 63.58 115.34 217.91 19.79
1106 49.70 50.25 181.86 216.14 22.08
1107 49.70 60.63 139.52 204.78 20.22
1108 49.78 26.49 151.12 207.29 18.51
1109 49.69 12.83 97.54 173.02 12.66
1110 49.95 31.90 161.51 211.77 19.26
1111 49.88 52.62 125.60 226.18 24.50
1112 49.75 71.79 59.16 185.81 15.11
1113 49.84 10.65 79.46 164.26 13.06
1114 49.98 54.98 127.56 220.00 23.73
1115 50.04 74.97 46.55 188.25 13.82
1116 49.97 16.14 96.95 180.17 14.04
1117 50.05 48.02 125.90 219.44 22.97
1118 50.07 22.06 101.94 198.55 16.27
1119 50.03 58.07 112.65 211.30 21.13
1120 50.02 67.93 78.71 200.91 16.23
1121 50.19 43.61 115.80 219.32 21.62
1122 50.20 85.13 37.10 146.48 10.66
1123 50.41 90.55 26.30 135.86 8.71
1124 50.14 82.04 35.62 147.09 11.41
1125 50.25 94.84 16.43 96.79 7.11
1126 50.33 34.05 117.95 215.70 18.96
1127 50.26 3.81 28.92 128.57 7.04
1128 50.39 19.37 80.83 182.76 15.11
1129 50.47 24.36 94.88 197.37 17.23
1130 50.40 65.45 61.87 204.98 16.98
1131 50.44 6.60 35.99 147.16 10.05
1132 50.45 62.55 73.93 213.90 19.37
1133 50.48 88.01 28.02 134.42 9.98
1134 50.48 13.98 59.74 175.11 14.73
1135 50.58 27.98 109.97 210.69 17.93
1136 50.66 36.33 98.68 217.51 21.75
1137 50.60 41.45 103.08 222.61 21.05
1138 50.74 70.26 37.41 195.94 16.03
1139 50.69 9.08 38.24 152.19 11.24
1140 50.80 56.30 85.68 218.68 21.84
1141 50.74 73.15 37.53 185.65 13.91
1142 50.78 45.85 73.92 215.84 23.16
1143 50.75 50.52 94.18 221.81 22.28
1144 50.84 60.44 82.63 221.27 21.04
1145 50.64 77.39 24.82 151.65 11.65
1146 50.88 79.49 28.69 173.75 11.77
1147 50.88 30.27 81.49 209.22 20.31
1148 50.90 38.77 80.54 215.76 21.73
1149 51.21 92.98 21.08 124.12 7.78
1150 51.00 11.68 41.55 171.52 12.54
1151 51.07 52.75 77.78 214.12 22.51
1152 50.89 3.79 20.90 133.62 8.05
1153 51.03 17.02 53.97 186.65 14.76
1154 51.28 26.17 59.20 208.20 18.17
1155 51.15 58.58 61.80 217.68 21.23
1156 51.01 67.63 46.52 205.79 16.61
1157 51.19 32.55 67.43 218.28 21.17
1158 51.08 21.55 54.70 191.96 15.99
1159 51.16 64.39 47.04 208.15 17.67
1160 51.24 84.10 26.48 135.82 10.60
1161 51.33 1.95 10.40 71.66 6.39
1162 51.24 48.18 65.92 206.17 21.95
1163 51.35 75.75 24.92 175.26 12.46
1164 51.41 43.60 70.01 215.03 21.76
1165 51.49 54.51 57.02 218.99 24.59
1166 51.48 81.56 23.78 145.87 11.16
1167 51.59 5.15 19.22 129.98 8.74
1168 51.54 34.77 65.27 222.11 20.42
1169 51.58 14.41 35.23 172.17 13.71
1170 51.58 23.95 46.61 202.78 16.02
1171 51.59 87.12 24.44 137.50 9.26
1172 51.63 95.25 13.50 87.49 5.98
1173 51.57 41.04 62.04 223.00 21.79
1174 51.66 61.99 42.70 212.30 19.86
1175 51.54 71.78 23.39 165.97 13.98
1176 51.70 19.24 40.44 181.32 14.81
1177 51.71 28.48 49.84 211.32 18.68
1178 51.84 36.92 50.91 221.87 20.94
1179 51.79 7.47 22.92 158.80 10.82
1180 51.72 90.06 20.87 138.45 8.47
1181 51.79 78.03 21.64 142.69 11.72
1182 52.02 9.75 27.27 164.96 11.52
1183 51.92 45.99 52.53 217.44 23.11
1184 51.84 50.53 58.36 223.81 22.01
1185 51.89 66.40 33.86 199.25 16.09
1186 51.91 57.02 50.19 216.44 21.04
1187 51.93 69.25 29.00 192.92 15.18
1188 52.06 30.88 51.29 211.56 19.61
1189 52.08 39.01 47.23 218.75 19.79
1190 52.18 59.92 44.82 213.12 20.26
1191 52.05 73.80 23.01 165.73 12.18
1192 52.17 12.37 30.41 168.70 13.04
1193 52.29 16.25 36.18 174.81 13.14
1194 52.18 21.85 39.54 196.09 15.16
1195 52.17 63.86 33.36 206.26 19.12
1196 52.43 52.53 51.51 208.40 21.98
1197 52.27 3.40 13.85 96.15 7.97
1198 52.32 33.18 48.25 216.68 21.07
1199 52.38 48.18 51.21 216.73 23.69
1200 52.32 82.74 25.09 137.30 10.64
1201 52.66 85.69 31.02 152.00 9.92
1202 52.59 26.84 53.23 204.82 18.04
1203 52.52 44.06 51.37 214.97 21.83
1204 52.74 91.20 34.35 113.14 7.49
1205 52.61 55.06 47.33 206.14 20.98
1206 52.53 80.79 22.95 132.49 9.92
1207 52.65 24.72 53.57 198.70 16.68
1208 52.66 41.89 56.91 217.19 20.92
1209 52.55 71.35 23.77 164.50 12.29
1210 52.72 76.55 27.49 158.23 11.55
1211 52.83 78.94 30.66 159.53 10.51
1212 52.87 18.03 43.56 172.46 14.60
1213 52.83 35.07 61.26 214.98 20.81
1214 52.73 94.47 18.88 75.06 6.72
1215 52.84 29.26 51.35 213.36 18.85
1216 52.76 67.96 29.85 188.02 14.09
1217 52.95 62.12 47.17 201.20 18.64
1218 52.70 88.41 25.71 90.82 8.84
1219 52.96 49.90 62.73 216.08 23.64
1220 52.91 57.92 46.68 204.00 20.19
1221 53.07 20.27 48.61 184.40 14.56
1222 52.93 65.05 33.86 194.54 16.62
1223 53.09 7.63 37.53 147.36 9.69
1224 53.01 37.40 64.04 214.51 20.37
1225 53.14 46.07 53.44 217.15 22.39
1226 52.99 74.02 33.09 180.44 12.19
1227 53.09 39.84 65.57 217.95 20.60
1228 53.09 13.98 42.28 152.69 13.85
1229 53.09 10.90 45.34 140.96 11.20
1230 53.22 32.02 69.16 208.17 19.47
1231 53.40 60.13 66.65 203.10 19.12
1232 53.29 22.94 78.42 187.48 14.45
1233 53.35 70.23 37.42 167.23 13.20
1234 53.29 82.75 43.39 128.14 10.00
1235 53.57 53.86 108.07 209.49 22.44
1236 53.51 16.00 88.96 160.44 13.94
1237 53.67 47.94 75.74 213.00 21.99
1238 53.58 51.65 96.46 206.06 20.90
1239 53.64 43.87 100.68 204.32 21.11
1240 53.70 56.17 77.83 204.27 20.99
1241 53.76 27.66 94.33 201.84 17.52
1242 53.76 66.42 59.90 184.44 14.76
1243 53.81 80.32 85.65 126.52 10.40
1244 53.86 93.78 86.14 70.58 6.61
1245 53.84 25.42 122.83 194.28 15.85
1246 53.78 30.02 116.64 205.30 17.53
1247 53.60 81.45 60.82 114.53 9.94
1248 53.73 89.05 70.67 95.75 7.33
1249 53.84 96.07 49.82 51.96 5.06
1250 53.84 41.44 113.85 213.97 21.07
1251 53.84 72.78 69.59 164.23 13.26
1252 53.70 84.09 61.32 128.52 10.59
1253 53.91 5.25 62.19 120.66 8.82
1254 53.92 33.74 124.15 211.46 21.09
1255 53.84 36.06 170.86 202.69 20.84
1256 53.84 63.75 64.43 186.23 15.87
1257 53.94 68.61 65.04 171.16 13.62
1258 53.87 86.42 76.78 129.41 8.83
1259 53.95 75.68 82.44 151.48 11.43
1260 53.99 91.64 101.44 92.67 6.78
1261 53.94 38.79 142.14 207.39 19.62
1262 53.95 9.28 86.19 130.19 11.19
1263 54.01 12.02 99.44 150.69 11.83
1264 54.01 58.20 116.52 191.82 18.60
1265 54.02 18.56 111.13 160.73 13.85
1266 54.23 49.84 182.63 200.14 23.00
1267 54.15 61.78 109.79 198.50 17.29
1268 54.00 78.23 88.66 144.43 10.91
1269 54.14 21.17 137.83 185.74 14.74
1270 54.25 14.68 142.60 152.44 13.13
1271 54.25 23.42 164.90 185.26 15.32
1272 54.32 45.87 179.90 206.49 21.92
1273 54.50 7.17 103.70 126.84 8.88
1274 54.36 31.70 154.67 204.42 18.55
1275 54.45 82.17 155.89 106.20 9.66
1276 54.54 70.95 121.37 168.57 12.67
1277 54.61 52.30 197.78 179.16 20.57
1278 54.56 54.70 202.38 175.97 19.25
1279 54.51 59.79 176.14 194.73 19.88
1280 54.66 42.58 198.03 199.54 21.72
1281 54.72 65.24 155.35 187.47 14.71
1282 54.66 29.08 161.73 195.54 17.16
1283 54.72 37.57 214.20 177.90 18.71
1284 54.86 90.16 157.26 80.74 7.25
1285 54.81 26.89 180.26 192.68 17.14
1286 54.95 16.97 143.72 131.13 13.07
1287 54.78 35.00 198.75 188.88 18.97
1288 54.83 40.20 224.49 181.63 20.39
1289 54.88 47.87 229.02 179.32 21.10
1290 54.86 56.98 223.77 169.05 19.79
1291 54.71 67.26 135.64 153.03 13.49
1292 54.69 83.93 148.82 105.10 9.58
1293 54.94 87.93 152.82 86.92 8.38
1294 54.90 9.63 123.12 120.55 12.91
1295 54.85 73.70 140.36 131.94 11.20
1296 54.88 79.50 140.84 105.01 9.22
1297 55.01 44.36 225.97 179.01 20.07
1298 55.06 63.03 194.79 162.02 15.84
1299 54.94 76.98 151.68 130.18 9.74
1300 54.86 85.89 146.54 74.67 8.83
1301 55.15 95.16 72.14 59.45 5.68
1302 55.01 19.49 157.95 162.97 14.08
1303 55.09 24.75 162.50 174.00 15.76
1304 55.09 11.90 150.81 131.71 11.69
1305 55.17 5.20 80.65 91.03 8.09
1306 55.16 22.38 170.92 164.99 14.30
1307 55.18 32.72 197.64 180.15 18.72
1308 55.39 92.59 135.23 66.04 6.62
1309 55.29 68.94 133.32 141.50 13.56
1310 55.32 60.99 206.27 167.21 16.69
1311 55.31 14.58 153.41 129.20 12.47
1312 55.40 30.44 207.12 179.51 16.08
1313 55.33 50.50 229.22 165.41 21.14
1314 55.46 58.76 230.06 164.08 17.00
1315 55.33 84.85 151.68 79.93 8.82
1316 55.62 82.76 177.64 85.45 9.14
1317 55.62 55.44 224.00 150.49 17.51
1318 55.75 8.13 99.71 113.87 9.56
1319 55.65 53.21 229.00 158.92 19.40
1320 55.72 28.23 207.05 169.64 16.10
1321 55.67 36.33 208.55 161.72 17.43
1322 55.84 46.40 215.84 152.28 20.17
1323 55.66 70.85 159.13 128.26 12.42
1324 55.75 66.90 172.41 143.54 13.58
1325 55.84 41.63 210.52 165.86 20.29
1326 55.76 64.65 183.99 143.13 14.62
1327 55.86 75.44 146.50 112.72 10.65
1328 55.79 39.17 211.26 161.93 18.66
1329 55.95 72.98 138.94 103.14 10.58
1330 56.00 26.15 167.05 166.99 15.74
1331 56.03 48.90 197.14 171.22 20.62
1332 56.02 34.02 190.33 150.02 17.28
1333 55.95 80.28 162.31 87.27 9.15
1334 56.30 16.35 119.98 107.08 12.32
1335 56.12 21.18 130.76 147.18 13.73
1336 56.06 44.04 217.13 154.36 18.52
1337 56.09 77.90 140.22 97.63 9.83
1338 56.05 18.73 130.06 135.29 15.04
1339 56.09 87.24 158.36 64.89 7.40
1340 56.27 57.20 215.49 151.93 18.18
1341 56.24 90.13 133.17 59.98 6.64
1342 56.33 23.70 134.37 154.21 14.23
1343 56.29 62.16 189.63 156.43 16.46
1344 56.31 12.82 101.03 120.10 11.63
1345 56.33 31.67 185.55 166.27 17.32
1346 56.30 5.75 79.85 103.13 7.68
1347 56.58 95.59 29.73 33.06 5.35
1348 56.43 51.73 208.14 150.01 20.60
1349 56.46 84.69 151.56 63.15 8.59
1350 56.48 93.75 63.20 52.36 5.72
1351 56.52 68.85 156.10 123.62 12.69
1352 56.49 59.60 201.75 150.08 17.03
1353 56.59 29.55 187.18 170.84 17.51
1354 56.64 37.42 159.27 155.18 17.48
1355 56.70 54.70 196.86 146.29 19.90
1356 56.77 71.28 150.99 120.67 10.45
1357 56.68 10.20 68.11 107.75 12.57
1358 56.79 64.48 156.59 133.71 13.76
1359 57.06 39.45 104.91 136.30 18.18
1360 56.96 82.23 148.55 72.56 9.22
1361 57.09 27.79 110.40 156.71 15.67
1362 57.06 35.34 127.92 147.90 16.63
1363 56.92 66.75 125.41 121.52 13.41
1364 57.15 41.28 105.35 149.78 18.30
1365 57.18 43.28 156.97 140.68 19.06
1366 57.13 47.84 147.21 135.38 19.50
1367 57.09 7.98 53.12 104.06 9.08
1368 57.16 45.54 159.83 137.06 19.47
1369 56.96 73.94 112.63 101.71 10.38
1370 57.01 76.12 101.44 81.98 9.66
1371 57.12 25.49 105.23 146.76 14.48
1372 57.20 50.15 145.41 140.16 18.69
1373 57.16 79.66 126.22 67.05 9.26
1374 57.16 18.78 66.45 110.52 13.25
1375 57.35 92.09 73.34 45.88 7.09
1376 57.23 33.19 94.78 149.20 17.82
1377 57.34 86.93 129.67 66.09 7.65
1378 57.32 21.42 62.31 130.06 13.58
1379 57.44 56.81 182.74 136.63 17.95
1380 57.38 60.96 164.27 124.36 15.05
1381 57.51 11.74 49.49 106.27 10.87
1382 57.39 14.75 51.71 106.43 12.48
1383 57.48 53.05 145.92 136.40 19.26
1384 57.46 77.77 90.25 78.06 9.44
1385 57.34 89.59 104.43 63.35 6.73
1386 57.44 5.40 35.99 85.67 7.40
1387 57.59 58.86 149.41 131.51 16.24
1388 57.53 30.60 128.89 137.68 15.93
1389 57.64 63.02 137.68 130.02 15.08
1390 57.61 69.62 89.98 96.62 11.71
1391 57.75 23.71 52.69 126.05 13.35
1392 57.86 72.19 97.79 98.32 10.55
1393 57.62 84.31 127.86 52.70 8.14
1394 57.84 37.24 67.79 139.94 17.14
1395 58.00 55.12 115.99 126.84 17.89
1396 58.03 17.01 40.32 92.28 12.18
1397 57.90 65.39 100.31 118.84 13.86
1398 58.01 67.75 100.09 108.83 11.31
1399 57.97 74.82 82.10 85.90 9.73
1400 58.08 9.45 32.83 100.49 9.51
1401 58.23 28.72 57.10 135.37 16.24
1402 58.13 26.37 58.42 126.37 15.15
1403 58.24 51.58 94.03 121.94 17.85
1404 58.28 81.64 126.96 66.03 8.31
1405 58.23 34.85 53.36 127.51 16.30
1406 58.30 46.87 63.85 121.15 19.21
1407 58.27 32.57 48.56 135.28 16.95
1408 58.27 39.46 53.79 117.15 17.06
1409 58.23 42.20 64.88 122.70 17.96
1410 58.32 19.77 35.86 97.88 12.76
1411 58.35 44.50 68.54 127.09 18.85
1412 58.60 76.75 67.13 66.30 9.81
1413 58.37 7.25 22.12 73.08 8.00
1414 58.36 49.20 59.55 113.36 17.95
1415 58.60 79.01 64.90 70.28 8.97
1416 58.26 85.12 99.40 65.88 7.26
1417 58.53 90.61 61.11 44.39 6.28
1418 58.60 22.15 33.37 98.19 12.38
1419 58.54 60.78 71.10 112.90 15.42
1420 58.50 93.24 30.85 36.33 5.35
1421 58.63 12.33 26.79 79.91 10.75
1422 58.56 14.79 29.21 83.29 10.86
1423 58.67 87.32 60.10 49.28 7.83
1424 58.63 58.09 62.19 114.87 17.09
1425 58.65 70.31 64.00 79.00 11.76
1426 58.88 53.69 53.85 100.47 16.93
1427 58.73 63.33 63.12 102.00 14.55
1428 58.86 24.43 32.24 93.11 13.13
1429 58.89 30.69 44.20 111.06 14.49
1430 58.86 37.12 42.95 106.56 17.29
1431 58.98 65.81 45.71 97.31 13.20
1432 59.11 40.84 46.96 99.93 17.96
1433 58.96 72.90 44.93 83.87 9.89
1434 59.10 17.41 33.18 85.31 11.79
1435 59.10 56.15 51.38 102.01 16.31
1436 59.13 26.77 39.37 93.78 13.96
1437 59.17 68.39 53.80 97.92 11.94
1438 59.26 84.27 56.13 60.04 8.32
1439 59.18 9.50 20.19 62.28 8.78
1440 59.38 43.07 47.40 96.50 17.02
1441 59.26 50.75 42.68 88.88 17.67
1442 59.27 74.88 35.62 57.64 8.92
1443 59.30 33.01 38.04 96.82 15.92
1444 59.34 48.09 45.07 96.80 18.60
1445 59.37 35.17 35.51 97.37 16.53
1446 59.38 45.48 43.34 85.18 17.81
1447 59.39 6.50 16.58 58.84 8.06
1448 59.50 28.95 45.37 96.07 14.41
1449 59.43 20.18 29.32 74.25 11.87
1450 59.52 38.82 43.88 89.09 17.09
1451 59.47 59.59 48.82 89.95 15.38
1452 59.57 61.93 46.70 98.88 14.66
1453 59.59 81.40 41.80 55.88 9.43
1454 59.90 91.71 34.05 35.72 5.75
1455 59.62 12.27 24.65 54.61 11.10
1456 59.62 14.99 25.65 61.51 11.62
1457 59.65 88.47 36.16 46.73 7.53
1458 59.69 22.69 31.63 71.24 12.83
1459 59.66 70.67 28.92 73.40 10.57
1460 59.71 78.30 37.82 56.78 9.64
1461 59.79 52.82 47.93 87.57 18.02
1462 59.82 64.23 36.17 81.84 14.01
1463 59.87 24.84 39.32 77.48 13.58
1464 59.99 57.60 47.68 84.72 16.58
1465 59.76 86.73 37.44 43.00 7.56
1466 59.95 55.10 42.79 79.88 17.07
1467 59.88 31.62 48.38 92.82 15.11
1468 60.03 76.34 32.20 49.77 9.99
1469 60.03 36.89 47.06 88.87 16.04
1470 60.12 66.55 31.01 77.91 13.33
1471 59.98 73.14 29.06 52.80 11.58
1472 60.20 7.76 21.74 52.03 7.50
1473 60.09 18.05 47.95 63.79 12.23
1474 60.06 27.06 44.26 76.08 13.20
1475 60.13 49.28 54.54 82.49 17.88
1476 60.17 47.13 49.83 80.62 18.51
1477 60.20 89.35 28.46 44.50 7.80
1478 60.28 10.20 35.41 47.31 9.36
1479 60.42 51.16 122.75 62.00 18.22
1480 60.48 68.61 29.69 59.08 12.29
1481 60.30 84.29 37.45 46.74 8.94
1482 60.39 86.16 32.96 43.72 7.97
1483 60.32 44.99 51.21 76.87 18.19
1484 60.53 5.49 19.98 40.39 6.97
1485 60.40 60.23 39.33 75.51 15.24
1486 60.36 42.84 74.26 74.00 16.67
1487 60.52 74.58 29.80 47.65 10.59
1488 60.48 82.99 33.47 45.97 8.80
1489 60.68 30.64 122.35 60.63 14.47
1490 60.53 38.71 117.85 62.60 17.43
1491 60.54 16.20 75.59 40.81 11.36
1492 60.63 70.98 29.65 58.65 11.28
1493 60.50 13.57 34.78 55.03 10.56
1494 60.62 22.77 90.11 54.09 13.84
1495 60.70 33.03 140.40 56.85 17.10
1496 60.65 62.61 42.04 77.15 14.76
1497 60.65 53.64 87.76 66.69 17.50
1498 60.68 80.15 29.71 49.11 9.10
1499 60.93 40.85 161.15 57.50 16.42
1500 60.82 24.78 100.66 49.24 13.24
1501 60.88 64.89 35.78 71.07 13.63
1502 60.96 36.80 136.91 64.84 16.80
1503 61.04 27.08 138.16 49.01 13.56
1504 60.91 58.47 48.58 71.96 15.60
1505 61.09 90.35 21.62 30.67 6.03
1506 61.07 77.81 25.54 41.81 9.12
1507 61.10 87.76 26.96 38.65 7.64
1508 61.19 47.53 178.71 57.82 17.80
1509 61.23 49.61 198.68 53.45 17.81
1510 61.16 72.94 32.63 51.60 11.09
1511 61.13 92.87 18.33 31.38 5.51
1512 61.31 43.21 192.09 48.07 18.95
1513 61.12 75.96 27.95 42.55 10.50
1514 61.44 9.36 68.49 33.74 9.19
1515 61.38 12.60 103.37 33.77 11.31
1516 61.37 45.52 193.45 51.73 17.92
1517 61.42 34.91 180.78 51.32 17.35
1518 61.44 20.68 126.38 40.50 12.58
1519 61.18 67.29 38.19 60.86 11.42
1520 61.54 29.39 163.37 47.10 15.56
1521 61.56 51.83 188.29 47.08 17.77
1522 61.50 15.19 108.51 34.96 11.61
1523 61.67 54.14 194.36 48.73 16.40
1524 61.56 56.51 168.96 46.55 18.05
1525 61.48 82.54 28.86 42.30 8.75
1526 61.52 85.32 27.77 44.57 7.77
1527 61.72 39.12 179.73 55.12 19.11
1528 61.73 23.09 136.83 38.16 13.66
1529 61.67 32.03 174.40 42.11 16.39
1530 61.88 58.89 164.57 45.33 16.19
1531 61.86 79.84 26.97 39.56 9.37
1532 62.03 67.75 134.22 37.63 12.92
1533 62.00 25.33 144.19 43.41 16.03
1534 61.74 87.64 21.58 35.67 9.83
1535 62.40 74.58 114.77 31.36 11.26
1536 62.24 60.98 192.36 46.59 17.02
1537 62.21 7.63 67.34 25.30 7.45
1538 62.17 37.16 189.07 42.19 21.10
1539 62.19 41.69 197.80 46.68 22.24
1540 62.36 63.44 159.78 44.66 15.44
1541 62.17 88.89 25.65 25.36 6.24
1542 62.23 27.61 177.63 37.82 17.24
1543 62.26 77.40 62.50 27.11 11.16
1544 62.24 91.57 27.06 25.27 5.09
1545 62.39 70.41 122.93 35.00 12.68
1546 62.53 46.88 213.64 44.51 19.40
1547 62.38 49.21 201.72 43.59 20.69
1548 62.35 93.42 14.76 17.24 6.24
1549 62.48 13.14 117.52 27.08 11.52
1550 62.45 34.42 163.21 38.20 18.73
1551 62.44 44.37 194.12 42.30 21.48
1552 62.57 18.83 134.81 28.89 17.69
1553 62.47 82.07 46.61 34.45 9.03
1554 62.56 16.00 121.25 26.94 15.76
1555 62.65 56.77 217.91 43.43 18.92
1556 62.68 32.25 195.36 40.33 21.06
1557 62.62 52.10 209.93 40.92 22.09
1558 62.72 65.50 182.18 36.77 15.28
1559 62.66 84.63 61.20 27.55 8.70
1560 62.68 10.40 86.53 21.93 11.28
1561 62.73 21.25 141.35 28.67 18.49
1562 62.74 30.00 165.53 37.81 19.36
1563 62.98 23.74 130.86 30.31 19.49
1564 63.03 54.49 210.02 41.99 22.39
1565 62.94 40.38 193.20 42.09 25.76
1566 62.92 79.35 64.14 24.38 10.64
1567 63.23 58.85 215.55 39.98 21.20
1568 63.17 36.14 150.80 33.00 24.45
1569 63.24 89.58 54.93 18.96 7.48
1570 63.28 25.91 113.52 33.45 26.19
1571 63.25 38.46 180.20 36.62 31.29
1572 63.27 72.20 188.81 26.17 12.81
1573 63.25 42.95 154.78 34.04 28.23
1574 63.28 27.93 107.05 30.05 23.94
1575 63.33 50.23 187.70 37.27 31.05
1576 63.28 68.03 198.76 32.59 14.32
1577 63.48 11.64 91.59 20.52 21.31
1578 63.44 76.76 176.95 24.83 11.68
1579 63.59 92.82 51.38 15.36 6.10
1580 63.49 6.92 71.59 18.50 9.24
1581 63.43 61.21 214.78 37.22 18.70
1582 63.61 45.45 146.58 33.76 31.54
1583 63.61 83.16 137.46 23.53 10.01
1584 63.58 34.15 145.72 34.04 36.78
1585 63.73 47.99 159.26 34.79 26.85
1586 63.60 63.76 218.34 35.51 18.14
1587 63.63 14.26 94.18 24.00 21.32
1588 63.69 17.02 87.40 22.39 24.44
1589 63.89 86.79 120.01 22.70 9.11
1590 63.75 31.69 141.15 32.67 36.03
1591 63.80 52.66 186.19 35.69 41.29
1592 63.80 19.72 89.81 23.95 24.15
1593 63.88 66.11 199.75 32.40 18.03
1594 63.92 70.35 209.16 26.96 18.51
1595 63.81 56.56 164.13 36.37 26.87
1596 63.94 22.37 88.86 23.86 28.59
1597 64.00 29.33 93.91 29.46 32.58
1598 64.11 41.49 106.32 33.99 36.71
1599 64.10 74.16 192.39 21.94 17.67
1600 64.11 80.95 186.97 21.01 11.96
1601 64.16 24.65 74.81 26.91 43.75
1602 64.20 37.33 99.03 30.39 42.26
1603 64.20 78.60 178.64 22.80 13.33
1604 64.17 10.65 78.20 16.48 21.95
1605 64.38 39.46 98.10 28.29 40.04
1606 64.43 27.28 65.68 25.27 52.14
1607 64.47 43.56 82.05 32.36 49.30
1608 64.43 50.60 141.10 31.05 36.64
1609 64.44 54.86 124.35 32.01 41.69
1610 64.44 59.44 158.43 30.70 30.81
1611 64.35 88.99 109.14 17.54 9.31
1612 64.30 9.27 71.96 15.32 19.11
1613 64.35 90.46 82.95 14.79 8.26
1614 64.58 35.54 106.34 27.08 59.85
1615 64.46 61.91 177.30 31.68 29.08
1616 64.51 68.25 199.82 25.42 19.68
1617 64.61 12.52 59.56 17.51 25.42
1618 64.60 33.23 90.23 28.97 49.06
1619 64.61 45.94 81.12 29.74 48.02
1620 64.71 72.41 177.90 21.08 17.57
1621 64.74 7.80 50.00 15.16 17.51
1622 64.70 57.17 127.25 31.06 38.33
1623 64.71 64.47 177.90 28.13 25.67
1624 64.80 76.31 174.16 20.13 15.91
1625 64.71 14.80 53.44 19.52 29.52
1626 64.81 18.12 46.54 18.82 47.82
1627 64.74 30.96 71.73 25.73 67.53
1628 64.73 16.28 46.09 19.58 37.67
1629 64.91 20.69 57.87 21.26 47.05
1630 65.04 84.77 183.48 18.70 13.62
1631 64.91 48.52 88.94 30.07 49.00
1632 64.90 53.30 92.92 31.34 42.42
1633 65.14 66.56 154.04 27.88 23.07
1634 65.20 80.08 168.18 18.75 17.79
1635 65.15 23.17 47.34 22.42 74.14
1636 65.22 25.48 42.89 22.31 71.14
1637 65.03 9.64 43.46 15.58 20.42
1638 65.18 69.93 159.26 25.38 19.67
1639 65.46 90.90 103.99 13.25 8.14
1640 65.37 10.68 32.00 16.15 33.43
1641 65.44 29.67 46.84 23.40 80.10
1642 65.41 37.53 51.57 26.71 77.17
1643 65.25 41.98 55.50 29.12 69.91
1644 65.46 60.50 107.80 29.59 40.43
1645 65.53 74.64 137.16 17.76 18.98
1646 65.54 44.29 55.98 28.04 62.91
1647 65.57 46.95 53.29 29.14 69.03
1648 65.44 62.80 142.43 28.06 34.91
1649 65.49 50.96 69.12 30.36 52.90
1650 65.45 39.86 54.56 27.30 74.55
1651 65.66 55.69 70.82 28.99 70.50
1652 65.62 27.57 47.64 21.96 89.83
1653 65.61 34.75 45.75 23.47 95.58
1654 65.65 57.94 88.08 28.39 61.79
1655 65.59 77.86 131.04 18.28 21.24
1656 65.65 32.23 47.00 25.88 92.94
1657 65.66 13.45 30.26 16.28 48.02
1658 65.53 52.89 69.35 24.16 45.03
1659 65.99 67.47 102.53 24.13 29.11
1660 65.84 72.46 150.35 22.00 29.80
1661 65.93 16.18 35.21 17.37 64.09
1662 65.96 19.02 42.63 18.74 69.98
1663 65.92 86.31 140.56 16.37 14.15
1664 66.03 64.83 113.46 25.64 39.13
1665 66.07 21.49 51.93 18.69 78.34
1666 66.12 49.30 49.81 27.86 85.99
1667 66.28 83.25 135.03 16.69 22.71
1668 66.17 7.97 23.20 12.98 33.00
1669 66.39 88.79 108.30 14.39 13.87
1670 66.19 23.76 58.33 20.99 96.60
1671 66.08 53.57 51.26 26.69 66.64
1672 66.21 41.66 44.56 24.29 90.11
1673 66.31 70.11 123.45 21.84 27.71
1674 66.16 76.49 110.73 17.00 23.24
1675 66.35 36.40 45.94 23.89 99.15
1676 66.37 39.02 50.89 26.26 99.24
1677 66.44 59.67 66.25 24.87 64.33
1678 66.34 10.59 26.48 14.94 44.24
1679 66.35 26.01 47.47 19.23 103.02
1680 66.45 45.72 46.77 28.63 95.13
1681 66.25 12.90 28.29 13.71 46.29
1682 66.48 29.19 51.41 22.27 120.99
1683 66.43 62.59 69.09 25.50 61.39
1684 66.45 79.85 116.25 16.77 31.90
1685 66.63 31.63 48.95 20.94 121.47
1686 66.58 33.91 49.99 24.66 116.13
1687 66.53 11.89 29.55 14.80 47.65
1688 66.77 43.56 52.54 23.65 97.02
1689 66.70 51.79 44.66 25.53 96.49
1690 66.78 54.81 47.93 25.84 87.48
1691 66.76 74.07 94.40 20.71 30.26
1692 66.84 57.19 59.16 25.22 81.46
1693 67.01 91.23 42.42 9.84 10.19
1694 66.90 47.67 47.45 23.77 120.53
1695 66.76 76.54 87.19 19.26 28.02
1696 66.94 66.27 67.59 22.48 45.59
1697 66.94 14.21 40.35 15.52 67.99
1698 66.95 17.37 45.60 15.66 94.60
1699 67.03 20.05 76.69 19.22 102.64
1700 67.09 68.43 84.56 21.68 35.94
1701 67.17 86.63 91.22 14.23 27.81
1702 67.11 22.25 108.65 18.61 114.74
1703 67.20 27.57 103.94 18.83 117.04
1704 67.17 71.58 77.67 19.18 34.87
1705 67.17 24.73 140.46 19.55 100.26
1706 67.15 37.38 108.94 23.87 127.09
1707 67.20 40.99 92.64 23.45 136.40
1708 67.17 61.39 49.03 24.26 72.29
1709 67.18 9.03 31.16 12.55 49.30
1710 67.26 49.92 61.37 23.64 121.67
1711 67.00 82.42 91.44 14.89 25.93
1712 67.29 64.18 46.90 25.99 61.06
1713 67.39 35.25 99.00 21.92 128.06
1714 67.40 30.27 108.05 22.69 140.03
1715 67.57 39.01 161.48 23.21 110.45
1716 67.43 11.79 51.58 13.17 72.43
1717 67.48 59.23 46.84 24.58 81.70
1718 67.50 81.61 79.95 15.49 34.62
1719 67.49 78.54 82.70 16.59 51.29
1720 67.50 45.52 105.70 24.42 107.75
1721 67.62 53.17 49.80 23.64 98.98
1722 67.61 33.07 140.78 23.94 144.36
1723 67.74 83.98 75.42 13.65 34.90
1724 67.78 89.52 59.17 12.94 26.42
1725 67.83 74.79 58.28 17.65 53.35
1726 67.76 55.48 54.92 24.77 105.94
1727 67.74 15.71 102.27 17.09 80.62
1728 67.83 42.98 150.95 25.45 131.51
1729 67.92 48.47 180.41 26.34 123.76
1730 67.81 17.54 129.95 15.78 76.39
1731 68.06 18.95 142.57 18.32 102.18
1732 68.18 26.10 176.71 21.00 115.70
1733 68.02 57.51 69.33 24.67 104.79
1734 67.98 69.62 52.67 20.23 58.32
1735 68.22 36.48 195.07 23.19 131.70
1736 68.19 7.50 60.80 9.25 37.47
1737 68.12 28.73 175.96 22.10 137.49
1738 68.00 66.84 44.13 20.42 58.71
1739 68.00 14.62 106.19 14.76 72.62
1740 68.18 20.99 164.60 17.88 109.72
1741 68.12 62.16 42.96 22.20 81.38
1742 68.29 31.67 187.10 23.70 146.87
1743 68.32 9.85 93.93 12.30 60.77
1744 68.30 12.64 115.96 14.56 85.13
1745 68.33 40.80 200.72 23.51 130.51
1746 68.37 46.64 197.73 25.96 137.79
1747 68.33 23.43 173.98 18.95 123.27
1748 68.18 72.06 45.74 19.03 46.97
1749 68.26 64.43 38.22 21.83 73.44
1750 68.16 84.80 71.70 15.50 44.13
1751 68.79 87.52 52.81 15.33 41.97
1752 68.38 59.94 56.84 23.67 100.28
1753 68.43 86.05 63.46 13.02 41.39
1754 68.63 34.13 207.97 21.68 143.93
1755 68.70 44.53 208.50 24.86 136.55
1756 68.69 53.50 198.85 25.83 118.60
1757 68.58 78.93 51.43 15.35 69.17
1758 68.84 38.54 205.43 22.77 142.96
1759 68.72 81.88 45.66 14.91 56.88
1760 68.83 55.95 188.88 23.86 112.98
1761 68.91 14.73 129.27 14.76 100.88
1762 68.83 17.03 137.37 16.13 103.04
1763 69.05 30.00 183.18 22.79 153.56
1764 68.96 70.83 39.80 19.76 71.94
1765 69.10 49.05 210.57 24.74 144.04
1766 69.14 58.61 198.64 22.82 117.94
1767 68.91 68.24 45.35 20.07 79.28
1768 69.08 51.36 218.95 24.97 140.62
1769 68.94 66.10 46.60 21.35 83.45
1770 69.00 74.70 38.49 17.33 55.19
1771 69.10 89.33 29.01 11.57 24.18
1772 69.21 42.49 203.49 22.79 154.51
1773 69.22 61.08 200.72 22.66 115.83
1774 69.06 63.51 87.22 21.65 108.46
1775 69.25 84.86 37.47 14.32 48.62
1776 69.28 27.64 144.32 20.40 139.90
1777 69.32 19.80 139.57 16.62 125.96
1778 69.33 25.00 135.54 18.74 146.92
1779 69.39 77.11 42.45 16.07 67.18
1780 69.38 8.55 91.46 9.93 56.96
1781 69.47 22.35 137.28 17.37 131.50
1782 69.46 36.44 200.44 23.96 151.60
1783 69.51 46.80 203.45 24.90 149.92
1784 69.60 11.62 111.29 12.18 87.10
1785 69.63 32.25 177.40 21.72 139.72
1786 69.64 40.34 193.38 23.59 144.39
1787 69.56 72.78 40.46 18.51 75.48
1788 69.47 82.95 34.47 14.69 68.78
1789 69.89 34.73 177.75 23.41 159.00
1790 69.82 67.50 128.48 20.44 84.45
1791 69.64 79.57 39.37 14.46 68.52
1792 69.91 54.86 207.85 24.08 136.81
1793 69.96 65.01 176.14 21.23 88.50
1794 70.04 44.54 184.83 25.39 143.56
1795 70.06 52.70 223.70 25.79 142.47
1796 69.91 57.34 219.42 24.96 130.03
1797 69.84 81.07 32.11 15.41 64.51
1798 70.18 62.44 216.71 23.17 111.03
1799 69.89 70.11 66.62 19.58 94.12
1800 70.07 17.32 89.81 14.16 113.20
1801 70.05 87.48 21.35 10.63 32.00
1802 70.27 50.45 186.86 24.17 140.83
1803 70.16 29.45 122.56 20.45 146.49
1804 70.28 38.16 145.22 22.72 163.14
1805 70.28 75.10 73.83 16.62 84.39
1806 70.40 14.12 83.67 13.51 96.87
1807 70.11 83.43 34.85 14.63 68.76
1808 70.39 26.75 110.92 20.34 131.00
1809 70.50 48.38 189.10 26.09 143.01
1810 70.38 60.33 197.66 22.09 120.52
1811 70.56 85.99 26.47 12.77 54.30
1812 70.46 24.34 96.01 18.20 127.48
1813 70.51 9.47 68.84 11.00 75.64
1814 70.52 42.51 130.27 22.24 155.50
1815 70.51 72.12 132.58 18.72 91.05
1816 70.51 77.37 87.57 17.03 83.10
1817 70.62 19.57 69.49 16.07 125.31
1818 70.73 21.64 87.83 17.30 119.19
1819 70.76 69.12 183.38 20.16 87.12
1820 70.72 80.94 43.63 13.75 89.41
1821 70.90 46.53 126.88 24.16 155.65
1822 70.75 31.43 107.29 21.05 156.62
1823 70.85 33.98 101.82 22.88 152.94
1824 70.92 40.49 125.55 23.37 187.52
1825 71.01 36.32 98.92 21.12 145.30
1826 70.87 56.34 175.55 21.79 152.31
1827 70.93 58.93 173.70 21.95 149.90
1828 70.94 66.78 220.47 19.99 110.01
1829 71.23 54.21 173.91 24.13 140.99
1830 71.13 64.16 212.50 21.82 112.03
1831 71.15 83.92 38.63 13.42 83.81
1832 71.32 88.64 19.45 9.88 35.89
1833 71.11 17.06 62.30 14.25 109.13
1834 71.21 28.79 72.86 19.69 132.99
1835 71.32 51.86 154.35 23.40 166.18
1836 71.39 44.64 110.70 23.14 146.27
1837 71.31 73.74 174.56 18.28 83.52
1838 71.41 38.68 78.45 23.18 145.21
1839 71.46 23.74 66.77 16.66 114.51
1840 71.49 61.70 191.32 21.62 138.63
1841 71.30 11.77 43.08 11.54 84.27
1842 71.60 49.50 112.59 24.24 169.17
1843 71.57 75.97 153.53 16.89 81.97
1844 71.54 14.38 48.79 12.74 89.91
1845 71.59 78.84 159.27 16.00 84.01
1846 71.62 70.87 211.25 19.26 101.95
1847 71.56 26.39 64.07 16.49 124.15
1848 71.81 42.46 79.41 21.04 143.36
1849 71.77 57.51 139.22 21.65 140.70
1850 71.91 32.88 52.61 19.15 142.71
1851 71.73 86.63 28.43 11.72 61.55
1852 71.87 19.45 37.80 13.16 98.54
1853 71.99 30.80 45.89 19.52 127.36
1854 71.98 35.16 56.34 21.03 133.57
1855 72.08 47.38 84.49 22.19 138.57
1856 71.90 68.32 191.17 19.56 100.58
1857 72.09 59.97 156.71 22.32 140.94
1858 72.35 37.73 48.27 21.62 139.43
1859 72.11 65.96 208.85 20.96 124.97
1860 72.20 17.29 33.94 13.16 82.93
1861 72.25 21.96 31.06 15.55 107.11
1862 72.31 40.23 53.51 21.59 127.90
1863 72.39 84.65 125.98 12.81 95.53
1864 72.39 53.37 117.42 24.01 158.82
1865 72.40 12.34 31.31 11.35 81.11
1866 72.34 28.67 38.39 18.40 127.12
1867 72.41 51.18 114.44 25.30 167.73
1868 72.30 63.79 157.75 20.66 155.17
1869 72.26 74.41 201.78 18.12 112.07
1870 72.55 55.84 109.89 20.59 141.07
1871 72.39 24.60 32.19 15.64 102.70
1872 72.88 44.94 47.74 21.76 130.35
1873 72.65 72.25 202.04 19.06 117.65
1874 72.47 16.17 29.14 13.59 81.86
1875 72.82 26.59 31.37 17.32 101.11
1876 73.06 76.69 203.57 16.50 119.79
1877 72.88 79.09 196.76 16.22 100.40
1878 73.00 49.53 65.91 23.01 119.58
1879 72.87 69.89 196.32 19.85 111.01
1880 72.80 87.35 73.04 10.98 61.74
1881 72.92 58.28 106.36 20.74 134.76
1882 72.90 62.32 136.67 20.66 126.12
1883 72.92 81.89 192.65 14.13 107.36
1884 72.97 14.71 22.99 11.93 75.81
1885 73.05 33.84 32.35 19.01 108.58
1886 73.08 42.56 39.63 20.77 114.36
1887 73.04 10.19 17.74 9.92 58.10
1888 73.08 36.14 36.55 19.96 112.57
1889 73.03 67.45 151.18 20.68 114.75
1890 73.17 31.41 31.76 20.19 108.47
1891 73.19 20.04 25.80 13.97 87.45
1892 73.28 47.23 55.72 22.64 120.62
1893 73.33 60.43 109.81 20.64 126.42
1894 73.34 23.66 30.12 16.49 90.44
1895 73.38 17.03 26.07 11.94 85.49
1896 73.43 54.31 68.94 21.92 133.54
1897 73.32 64.79 113.55 18.70 122.96
1898 73.48 39.99 36.20 19.80 113.76
1899 73.44 52.12 58.60 21.61 122.73
1900 73.47 28.72 32.18 17.46 95.97
1901 73.51 86.74 87.49 11.37 53.49
1902 73.69 73.94 151.72 16.49 99.11
1903 73.87 12.83 19.27 10.40 63.45
1904 73.77 37.96 40.02 18.95 107.17
1905 74.01 84.98 135.30 11.96 78.76
1906 73.88 56.24 59.10 21.61 123.75
1907 74.04 69.30 155.26 18.83 120.36
1908 74.01 71.90 142.59 18.16 119.32
1909 73.99 81.16 200.49 14.06 108.32
1910 73.96 26.45 41.26 16.58 89.30
1911 74.14 49.17 37.59 20.96 114.00
1912 74.19 62.74 83.57 19.24 123.49
1913 74.01 33.17 40.17 18.81 100.29
1914 74.05 42.15 40.63 22.78 116.07
1915 73.99 88.42 69.17 9.63 29.73
1916 74.05 58.50 66.66 20.57 129.28
1917 74.00 78.90 195.26 15.03 107.08
1918 74.23 10.43 16.13 8.45 51.18
1919 74.08 21.51 37.79 13.73 77.73
1920 74.12 30.71 44.16 19.60 101.24
1921 74.16 35.59 37.41 21.07 101.20
1922 74.30 77.61 179.57 14.78 111.13
1923 74.25 18.34 42.68 13.12 71.89
1924 74.25 23.95 101.54 16.48 71.31
1925 74.36 15.59 49.21 11.85 63.92
1926 74.77 46.59 60.29 22.05 98.82
1927 74.34 51.52 42.10 21.55 125.96
1928 74.49 65.51 96.85 18.89 129.96
1929 74.49 54.07 40.66 21.14 123.37
1930 74.59 75.63 127.22 15.49 106.65
1931 74.48 28.42 81.59 18.64 82.05
1932 74.69 44.38 39.57 21.57 103.70
1933 74.54 60.54 54.02 20.15 104.72
1934 74.70 39.87 56.56 19.76 88.00
1935 74.89 32.61 156.62 19.57 67.16
1936 74.72 37.96 69.37 21.44 92.56
1937 74.79 20.13 92.74 15.78 61.65
1938 74.98 83.80 143.04 12.04 83.50
1939 75.07 22.60 123.00 15.29 60.21
1940 74.97 25.51 115.89 17.36 58.60
1941 74.93 56.63 37.19 20.16 104.96
1942 75.09 13.92 60.20 10.36 48.04
1943 75.06 30.03 140.75 18.53 61.01
1944 75.11 73.44 89.00 16.15 113.32
1945 75.20 80.30 179.88 13.43 134.26
1946 75.00 42.12 81.81 22.23 95.59
1947 75.09 35.43 143.19 20.80 73.78
1948 75.21 48.74 43.71 20.19 103.14
1949 75.16 70.93 88.97 16.93 119.46
1950 75.19 59.00 36.34 21.32 110.65
1951 75.21 68.21 65.20 17.87 120.25
1952 75.24 17.10 97.42 12.78 46.82
1953 75.41 63.76 41.40 17.37 119.03
1954 75.36 50.95 46.78 18.45 106.03
1955 75.34 11.05 43.58 9.46 51.46
1956 75.74 52.96 57.26 19.95 94.13
1957 75.39 27.55 156.45 15.55 53.65
1958 75.47 61.56 34.19 16.79 103.48
1959 75.59 77.64 120.94 13.32 89.70
1960 75.63 55.08 39.95 20.41 101.56
1961 75.68 37.53 186.82 20.66 64.10
1962 75.66 66.01 42.53 16.29 101.46
1963 75.94 39.70 191.48 20.35 60.94
1964 75.72 85.43 76.08 9.46 48.58
1965 75.71 19.85 133.32 13.89 43.49
1966 75.95 41.83 176.97 21.61 67.25
1967 75.82 75.73 94.00 14.77 103.73
1968 75.91 33.71 187.84 20.00 61.33
1969 76.11 31.49 199.81 18.80 59.38
1970 75.74 43.91 102.95 19.97 75.32
1971 76.18 47.84 169.61 20.56 66.60
1972 75.98 57.39 43.94 19.79 92.18
1973 76.15 82.82 108.68 11.65 96.06
1974 76.02 15.53 107.18 12.49 38.82
1975 76.34 29.01 191.18 18.60 51.81
1976 76.20 24.42 175.05 16.05 42.86
1977 76.18 60.09 32.00 17.24 94.38
1978 76.23 12.61 72.83 9.78 31.87
1979 76.30 50.45 145.55 20.82 87.59
1980 76.49 45.57 189.12 21.58 59.92
1981 76.37 80.13 105.37 13.51 102.74
1982 76.32 22.12 158.95 14.98 45.30
1983 76.40 35.76 194.62 19.62 50.96
1984 76.22 69.81 59.77 16.00 100.50
1985 76.36 71.86 71.75 16.24 111.70
1986 76.32 74.07 69.01 15.83 107.62
1987 76.56 26.53 197.24 17.91 51.15
1988 76.53 67.43 34.84 16.95 97.30
1989 76.54 17.77 153.39 12.54 34.26
1990 76.38 14.58 114.62 11.50 43.71
1991 76.69 62.79 37.85 18.01 96.91
1992 76.64 55.75 151.71 18.12 71.48
1993 76.90 86.33 73.55 9.51 55.93
1994 76.69 65.11 32.68 18.02 93.26
1995 77.03 43.05 209.95 20.39 50.10
1996 76.99 38.20 211.18 21.12 44.84
1997 76.75 58.69 80.02 19.96 86.20
1998 76.73 77.63 102.76 14.13 104.29
1999 77.24 53.83 197.33 20.16 64.88
2000 77.16 33.54 200.85 19.52 46.23
2001 77.21 20.28 167.35 14.71 32.91
2002 77.16 84.28 65.31 8.83 68.27
2003 77.28 40.68 215.68 20.36 43.14
2004 77.22 49.33 195.79 20.04 53.95
2005 77.19 75.88 63.72 14.85 113.38
2006 77.43 31.01 197.49 18.25 37.29
2007 77.47 51.84 206.25 19.80 55.60
2008 77.46 14.23 135.29 10.67 25.06
2009 77.36 69.13 31.01 15.48 88.94
2010 77.04 17.76 167.33 14.33 39.33
2011 77.33 78.80 74.86 13.45 98.45
2012 77.33 17.12 156.31 12.84 30.16
2013 77.49 23.09 183.07 15.35 32.48
2014 77.57 57.63 192.71 19.48 59.67
2015 77.66 60.26 152.64 18.71 61.59
2016 77.48 73.43 45.42 13.23 96.78
2017 77.46 81.95 61.46 11.35 84.05
2018 77.53 35.44 212.05 19.40 35.74
2019 77.65 71.12 31.33 14.23 75.84
2020 77.73 25.65 179.53 15.97 31.53
2021 77.84 47.38 204.95 20.51 46.63
2022 77.67 28.39 184.73 17.35 33.98
2023 77.62 45.08 218.04 20.54 49.45
2024 77.61 66.67 31.09 16.10 72.61
2025 77.94 55.73 220.10 18.97 57.58
2026 77.77 64.41 39.78 17.63 72.94
2027 77.80 18.33 159.75 11.30 19.45
2028 78.09 37.49 204.04 20.92 28.32
2029 78.13 62.37 124.07 17.66 61.72
2030 78.38 50.07 217.10 18.34 46.53
2031 78.40 39.87 206.90 19.96 28.74
2032 78.40 19.12 168.17 13.01 24.31
2033 78.37 42.40 203.27 20.56 32.88
2034 78.48 78.19 51.40 12.80 112.07
2035 78.46 22.09 175.00 14.91 25.68
2036 78.49 33.14 181.60 19.77 30.06
2037 78.45 69.03 38.00 17.00 77.56
2038 78.67 53.92 216.47 20.47 42.24
2039 78.65 30.22 185.72 16.16 27.10
2040 78.62 45.00 204.78 19.82 33.72
2041 78.77 16.78 144.26 12.18 19.01
2042 78.71 35.64 190.45 17.55 26.40
2043 78.68 66.65 89.22 15.83 54.60
2044 78.60 73.27 32.68 13.95 92.96
2045 78.78 52.15 218.03 19.67 38.87
2046 78.68 14.45 110.79 10.30 16.19
2047 78.92 64.30 174.28 16.93 52.32
2048 78.93 75.83 35.55 13.24 84.26
2049 78.54 81.89 41.67 9.86 82.57
2050 78.63 24.09 150.44 15.00 23.72
2051 78.85 58.18 218.52 17.34 39.59
2052 78.84 27.36 152.47 16.15 21.98
2053 79.03 48.28 212.15 21.73 34.54
2054 79.02 60.33 209.23 18.39 41.30
2055 78.95 71.13 52.58 14.87 73.92
2056 78.97 80.83 41.89 12.28 90.83
2057 79.19 56.47 229.13 18.57 41.37
2058 79.23 37.94 184.30 18.72 23.13
2059 79.14 25.14 123.37 14.42 23.39
2060 79.60 46.45 191.36 18.96 26.38
2061 79.49 40.87 170.04 18.59 23.13
2062 79.50 43.34 162.23 17.69 24.34
2063 79.53 32.20 130.06 16.36 21.32
2064 79.35 68.59 97.53 15.51 48.90
2065 79.62 19.69 138.72 13.16 16.96
2066 79.73 62.27 217.21 17.57 37.90
2067 79.73 34.65 147.90 18.32 19.89
2068 79.56 82.26 23.35 9.35 59.11
2069 79.65 22.60 144.78 14.37 19.79
2070 79.67 50.82 198.74 18.64 26.75
2071 79.82 29.62 150.06 15.86 19.71
2072 79.86 14.22 80.11 8.64 10.92
2073 79.72 78.87 28.71 11.32 71.16
2074 79.85 74.44 31.73 14.04 80.78
2075 80.04 53.09 198.86 18.26 27.90
2076 79.94 55.01 217.66 19.29 32.41
2077 80.03 66.57 164.44 16.40 37.09
2078 79.92 71.86 98.49 14.47 46.83
2079 79.95 17.07 116.62 11.04 14.73
2080 80.01 26.53 141.29 15.50 17.76
2081 80.28 69.88 166.89 16.03 47.04
2082 80.31 39.35 168.10 17.46 18.62
2083 79.97 76.74 27.53 12.79 76.91
2084 80.31 36.88 148.65 17.33 18.90
2085 80.43 49.32 189.20 19.86 23.89
2086 80.45 44.98 157.34 18.65 21.04
2087 80.26 59.89 221.79 19.01 31.01
2088 80.33 57.71 209.34 19.91 30.39
2089 80.54 80.89 21.54 9.99 81.29
2090 80.36 64.26 203.70 17.51 35.21
2091 80.50 42.31 145.08 19.09 20.02
2092 80.59 24.10 123.68 13.99 16.59
2093 80.35 33.33 106.87 13.96 16.87
2094 80.91 31.28 106.76 16.65 17.76
2095 80.65 77.21 23.03 14.28 63.51
2096 80.95 21.38 110.68 12.96 13.78
2097 80.83 47.13 153.01 18.74 20.27
2098 80.73 68.48 189.05 14.51 38.33
2099 80.86 32.94 107.70 17.93 16.93
2100 80.98 51.70 178.42 18.72 21.93
2101 81.12 15.85 81.66 9.17 10.66
2102 80.83 61.72 214.40 16.65 29.07
2103 80.96 18.45 88.04 10.86 12.11
2104 80.79 74.83 51.28 13.78 58.88
2105 81.04 35.11 107.49 15.81 15.45
2106 81.07 55.82 194.55 18.64 23.42
2107 81.14 28.61 96.77 15.58 16.39
2108 81.25 40.86 120.95 19.47 17.93
2109 81.39 79.21 21.78 10.26 61.15
2110 81.38 25.89 106.22 13.07 14.66
2111 81.23 66.48 214.52 16.19 30.06
2112 81.43 71.75 177.36 14.13 42.81
2113 81.52 38.58 100.95 16.02 16.36
2114 81.45 44.28 129.99 16.99 17.45
2115 81.48 53.92 169.43 17.18 18.26
2116 81.52 59.67 188.64 16.80 23.83
2117 81.51 68.41 210.96 17.72 36.98
2118 81.45 57.62 143.32 16.30 20.84
2119 81.48 63.37 208.66 17.31 28.70
2120 81.72 50.16 132.46 18.47 18.39
2121 81.84 76.92 78.62 11.50 49.57
2122 81.71 47.93 138.61 18.97 16.75
2123 82.00 74.21 164.03 12.42 43.21
2124 81.92 23.82 73.07 14.68 13.31
2125 81.95 42.56 82.36 17.41 14.86
2126 81.99 33.58 67.57 15.49 14.66
2127 82.02 36.31 77.31 15.50 14.56
2128 81.95 81.89 15.40 9.96 37.82
2129 81.98 19.57 55.88 10.19 10.52
2130 82.02 30.80 58.67 15.03 14.32
2131 82.19 27.57 61.12 12.72 11.73
2132 82.27 52.47 125.95 15.91 15.79
2133 82.30 46.11 103.25 17.59 14.97
2134 82.23 56.47 178.32 17.74 19.77
2135 82.32 17.18 42.78 10.47 8.47
2136 82.59 21.76 51.09 11.50 10.17
2137 82.24 69.73 183.65 14.43 27.54
2138 82.35 61.54 157.78 15.23 19.22
2139 82.44 40.45 61.81 15.75 14.67
2140 82.49 64.52 173.29 15.93 21.84
2141 82.58 67.78 181.83 15.25 25.34
2142 82.83 54.62 124.27 17.00 15.69
2143 82.60 58.67 140.54 16.77 17.35
2144 82.72 48.68 101.24 17.51 14.83
2145 82.76 80.19 23.55 9.10 44.18
2146 82.73 38.42 55.48 14.76 14.02
2147 82.77 44.41 60.80 17.42 13.58
2148 82.98 50.87 77.07 16.95 14.01
2149 82.59 66.56 172.84 13.58 26.63
2150 83.07 72.32 208.84 13.38 27.26
2151 82.92 29.38 45.03 13.71 12.04
2152 83.28 42.57 51.24 16.55 13.24
2153 83.05 32.08 38.37 15.43 12.51
2154 83.27 77.38 125.29 11.36 34.74
2155 82.94 24.03 43.87 12.29 10.56
2156 83.11 25.71 45.04 13.61 11.92
2157 82.88 34.16 40.62 14.83 13.00
2158 83.16 36.44 50.92 15.41 12.52
2159 83.17 74.95 164.70 11.74 30.79
2160 83.34 19.49 33.66 10.14 8.63
2161 83.40 46.91 51.17 16.79 14.03
2162 83.29 62.85 150.52 14.56 16.77
2163 83.40 69.85 185.14 14.17 22.45
2164 83.42 27.02 39.77 14.30 11.83
2165 83.40 60.25 123.47 15.43 16.26
2166 83.35 39.93 49.44 15.88 12.00
2167 83.43 57.29 79.28 16.49 15.09
2168 83.32 28.54 42.94 14.00 11.19
2169 83.54 52.92 64.95 17.07 12.86
2170 83.47 65.68 152.32 14.76 19.83
2171 83.52 34.42 36.96 13.84 13.00
2172 83.63 67.88 174.52 14.13 21.96
2173 83.57 23.78 30.92 12.86 11.47
2174 83.79 30.70 36.72 13.36 11.39
2175 83.78 45.04 46.43 15.63 11.99
2176 83.91 22.79 25.89 11.83 9.44
2177 83.96 49.12 46.49 15.36 13.28
2178 83.91 55.48 63.70 14.73 13.30
2179 83.93 79.48 77.78 9.17 21.83
2180 84.07 38.47 36.33 14.30 11.72
2181 84.02 21.44 24.39 10.97 8.53
2182 84.00 40.64 40.73 16.78 12.22
2183 84.09 51.17 44.44 16.72 12.81
2184 84.37 32.61 30.23 14.03 11.45
2185 84.29 27.70 28.39 11.77 10.12
2186 84.20 29.33 30.69 12.66 11.03
2187 84.23 36.26 31.63 15.08 12.22
2188 84.36 42.44 34.33 16.75 10.23
2189 84.34 64.34 123.83 14.52 15.08
2190 84.47 74.69 193.35 11.93 20.40
2191 84.46 61.60 113.34 15.65 15.47
2192 84.54 71.80 183.15 12.64 19.20
2193 84.72 57.82 56.83 15.38 12.37
2194 84.28 68.39 154.44 15.53 18.12
2195 84.63 47.27 38.42 15.69 11.43
2196 84.50 53.50 46.06 16.91 11.38
2197 84.64 25.86 24.55 13.36 11.09
2198 84.80 44.81 35.64 15.97 11.08
2199 84.77 66.62 106.10 12.99 15.26
2200 84.86 77.41 141.94 11.23 17.24
2201 84.83 40.69 28.83 15.57 10.39
2202 84.69 55.31 41.75 14.17 11.67
2203 84.83 69.50 128.88 11.91 16.39
2204 84.93 23.32 21.76 10.99 8.69
2205 84.81 28.66 26.05 11.68 10.95
2206 84.93 34.33 26.05 13.42 10.95
2207 84.96 56.24 40.60 14.00 11.43
2208 85.14 38.82 27.26 15.55 10.86
2209 85.08 49.45 33.50 16.79 11.39
2210 85.30 54.79 33.94 17.08 12.08
2211 85.15 35.76 28.17 13.92 9.67
2212 85.26 63.37 66.03 15.34 13.91
2213 85.45 20.31 17.48 9.81 7.60
2214 85.39 42.93 31.09 15.85 8.98
2215 85.36 26.81 22.00 11.07 11.41
2216 85.44 31.69 24.37 14.07 10.21
2217 85.43 21.70 18.00 10.59 8.31
2218 85.48 37.02 25.34 14.70 11.00
2219 85.57 59.99 50.30 14.40 12.72
2220 85.57 41.32 26.71 12.86 10.97
2221 85.73 53.36 30.54 14.20 10.94
2222 85.66 65.68 66.49 12.27 13.49
2223 85.59 74.54 138.89 10.42 15.26
2224 85.70 28.23 22.66 12.90 10.27
2225 85.54 34.43 24.83 15.48 11.13
2226 85.83 46.04 28.45 14.88 10.24
2227 85.65 68.10 109.77 13.45 12.79
2228 85.69 61.86 53.00 15.54 12.75
2229 85.77 71.81 152.75 11.47 14.76
2230 85.92 25.14 19.79 12.25 9.81
2231 85.86 48.44 28.56 14.45 10.84
2232 86.01 56.55 33.18 14.78 10.86
2233 85.94 69.51 118.87 10.94 14.09
2234 86.23 32.23 23.81 13.36 9.69
2235 85.88 58.70 39.54 11.93 10.82
2236 85.91 23.13 17.90 9.32 9.74
2237 86.22 77.47 140.37 9.46 11.73
2238 86.33 39.36 22.63 14.42 10.30
2239 86.05 51.17 26.08 15.09 9.64
2240 86.19 34.14 22.58 13.68 9.92
2241 86.49 64.03 42.03 13.73 12.24
2242 86.44 29.84 22.34 12.43 10.02
2243 86.34 42.43 24.71 15.34 10.41
2244 86.40 36.31 24.37 13.76 9.20
2245 86.76 60.85 34.97 13.08 11.53
2246 86.77 66.36 55.10 13.13 12.40
2247 86.49 23.29 16.91 8.73 8.64
2248 86.68 44.59 26.74 15.71 8.86
2249 86.64 53.08 26.05 15.02 10.43
2250 86.61 47.41 24.11 12.71 10.29
2251 86.76 34.99 22.03 13.12 10.21
2252 86.97 74.90 110.33 10.58 9.76
2253 86.66 51.09 27.05 14.86 10.55
2254 86.99 49.28 25.22 15.26 9.45
2255 86.84 68.29 71.87 12.29 12.58
2256 87.37 72.15 118.10 10.88 9.90
2257 86.98 27.11 19.48 11.71 8.68
2258 87.20 69.89 75.82 10.48 10.58
2259 87.05 57.06 31.37 14.65 10.27
2260 87.06 23.96 15.16 11.19 8.73
2261 87.10 46.41 22.32 13.66 9.73
2262 86.92 55.27 30.67 12.44 10.33
2263 87.38 33.51 17.93 12.16 9.63
2264 87.15 59.16 29.53 13.96 9.35
2265 87.09 43.84 24.86 13.43 11.29
2266 87.15 51.82 25.84 15.42 9.05
2267 87.35 36.52 20.54 14.10 8.83
2268 87.28 63.21 33.36 12.43 11.10
2269 87.43 40.37 22.58 12.74 10.26
2270 87.59 51.18 23.75 14.27 10.11
2271 87.46 55.52 26.67 13.87 9.93
2272 87.82 30.87 19.24 11.17 9.24
2273 87.60 38.51 19.52 14.15 8.74
2274 87.87 43.30 20.91 13.86 9.03
2275 87.80 53.78 25.19 12.88 10.57
2276 87.52 35.36 23.60 12.20 8.60
2277 87.63 66.98 38.86 11.49 10.47
2278 87.79 27.96 17.33 12.41 9.59
2279 87.75 47.84 21.61 14.50 9.34
2280 87.77 22.60 12.54 10.89 6.60
2281 87.77 26.36 17.00 12.50 8.18
2282 87.90 45.20 21.37 13.46 8.88
2283 87.92 60.83 27.92 12.22 11.04
2284 88.02 57.69 27.68 11.92 10.60
2285 88.06 24.19 15.45 10.07 7.61
2286 88.17 34.80 18.02 12.50 8.30
2287 87.97 59.02 27.17 12.43 9.29
2288 88.00 62.59 29.25 13.29 10.04
2289 88.12 41.68 19.72 12.90 9.62
2290 88.27 65.28 31.10 11.66 10.16
2291 88.11 68.88 43.50 10.14 8.79
2292 88.22 73.78 61.23 9.99 8.08
2293 88.46 49.79 21.76 13.35 9.40
2294 88.24 39.84 18.74 11.88 9.14
2295 88.20 67.59 36.54 12.50 11.04
2296 88.10 37.34 19.88 13.50 8.75
2297 88.51 36.44 19.90 13.90 9.03
2298 88.54 56.46 22.74 12.71 9.93
2299 88.46 33.29 17.23 12.54 8.77
2300 88.41 48.19 21.48 12.82 9.50
2301 88.97 45.55 20.80 12.48 8.98
2302 88.81 70.77 42.93 10.42 8.23
2303 88.67 60.10 23.84 12.31 10.31
2304 88.71 28.58 15.55 10.18 8.18
2305 88.81 54.70 22.70 13.48 11.05
2306 88.83 25.58 14.27 9.97 6.81
2307 88.70 40.82 18.70 14.15 7.36
2308 88.95 32.02 17.29 12.68 8.08
2309 89.10 63.51 26.10 11.37 9.82
2310 88.87 43.61 19.84 14.26 10.07
2311 89.32 58.13 22.13 12.97 9.61
2312 89.18 69.10 30.17 10.62 8.68
2313 89.14 30.56 17.13 12.33 7.92
2314 89.07 35.11 16.29 12.93 9.63
2315 89.60 61.15 23.18 11.18 8.72
2316 89.46 66.43 26.99 11.90 8.64
2317 89.54 50.29 18.35 12.54 8.58
2318 89.17 48.68 19.88 12.75 8.56
2319 89.45 28.78 14.71 12.09 7.55
2320 89.57 41.52 17.11 12.18 8.65
2321 89.27 39.95 20.38 13.38 9.62
2322 89.61 34.09 17.86 13.45 8.55
2323 89.53 43.17 19.66 13.98 7.46
2324 89.43 54.09 21.17 14.07 10.00
2325 89.70 47.97 16.53 14.74 9.08
2326 89.64 38.67 17.91 12.74 8.25
2327 89.42 36.13 17.67 13.33 10.33
2328 89.90 52.91 19.42 11.59 7.82
2329 89.64 26.68 14.51 10.77 7.51
2330 89.97 31.08 14.76 14.24 9.40
2331 89.91 40.36 17.00 12.78 8.22
2332 90.10 55.77 19.92 12.06 9.67
2333 90.14 63.63 24.13 11.73 7.67
2334 90.21 68.78 22.56 10.54 8.24
2335 90.08 26.22 16.20 11.20 6.60
2336 90.26 45.83 18.11 14.14 8.38
2337 90.23 43.08 16.11 13.43 7.79
2338 90.30 28.37 13.27 12.00 7.64
2339 90.65 34.28 16.97 14.32 8.83
2340 90.29 32.88 15.46 12.92 6.92
2341 90.36 57.67 17.73 12.27 9.14
2342 90.59 59.42 20.76 10.92 9.11
2343 90.88 49.41 17.16 17.29 8.86
2344 90.70 67.37 22.51 9.69 7.20
2345 90.78 37.40 16.94 18.47 8.34
2346 90.63 62.38 18.95 11.21 8.31
2347 90.96 40.83 15.83 20.50 7.68
2348 90.86 51.81 16.38 14.98 8.97
2349 90.68 33.23 14.44 16.33 8.33
2350 90.78 42.32 18.52 13.30 6.83
2351 90.92 56.83 18.80 12.38 8.46
2352 91.01 31.80 16.32 16.44 8.90
2353 90.94 45.30 15.71 12.58 9.19
2354 90.94 60.65 19.03 11.73 8.88
2355 91.01 43.45 15.50 16.55 9.00
2356 91.51 35.51 13.67 20.16 7.69
2357 91.19 47.12 16.11 19.54 7.68
2358 91.28 36.53 20.83 17.67 7.00
2359 91.62 27.10 11.15 16.56 5.88
2360 91.87 43.36 14.27 19.16 8.13
2361 91.64 64.12 18.92 9.22 6.38
2362 91.82 57.72 16.58 11.25 8.14
2363 91.67 60.59 19.03 9.88 8.69
2364 91.84 33.57 12.98 20.94 7.48
2365 92.00 50.06 16.45 20.94 8.15
2366 92.31 40.91 14.18 24.44 7.54
2367 91.81 46.57 17.11 17.86 9.25
2368 92.24 30.69 12.48 19.97 6.92
2369 92.39 37.98 13.85 22.03 7.37
2370 92.03 55.20 18.46 11.11 7.61
2371 92.13 44.90 16.12 15.34 7.41
2372 92.57 59.66 16.45 11.59 6.86
2373 92.40 52.02 18.02 16.74 8.22
2374 92.51 36.41 13.66 27.67 7.70
2375 92.55 32.57 11.20 17.33 7.60
2376 92.60 47.11 15.10 23.00 7.26
2377 93.00 35.20 13.88 25.18 8.19
2378 92.77 62.37 17.92 10.28 6.46
2379 93.05 44.91 14.78 21.43 8.17
2380 92.67 54.92 16.73 13.55 7.91
2381 93.16 49.85 15.71 20.14 7.24
2382 92.68 58.53 17.86 11.00 6.43
2383 92.95 55.79 17.41 15.69 7.24
2384 93.38 29.06 11.08 21.08 6.66
2385 93.04 32.29 13.47 17.06 8.06
2386 93.12 52.81 15.11 18.33 8.56
2387 93.35 66.19 12.66 8.38 5.34
2388 93.41 39.07 15.96 18.37 7.20
2389 93.89 42.36 13.85 23.17 7.60
2390 93.43 33.42 12.70 24.23 6.46
2391 93.55 47.20 14.90 24.21 7.80
2392 93.38 62.86 13.95 14.40 6.75
2393 93.49 55.64 13.22 17.98 6.95
2394 93.38 53.96 13.00 18.33 8.33
2395 93.80 37.15 14.16 22.11 7.49
2396 93.77 53.25 15.05 17.95 7.02
2397 93.82 31.03 10.40 18.21 6.94
2398 93.75 61.82 14.33 12.04 7.37
2399 93.96 56.63 14.32 17.10 5.84
2400 93.85 60.51 12.53 16.17 5.25
2401 93.95 63.33 13.08 11.44 4.83
2402 94.05 58.01 14.03 18.71 6.84
2403 94.16 33.17 11.81 23.66 6.90
2404 94.21 35.35 12.27 24.08 7.14
2405 94.41 55.21 13.40 17.60 6.84
2406 94.21 38.12 13.47 20.71 7.35
2407 94.50 51.21 13.13 20.31 7.15
2408 94.68 47.39 13.66 22.34 7.59
2409 94.41 59.46 13.21 14.42 6.92
2410 94.89 44.69 12.41 20.08 6.32
2411 94.68 37.46 12.39 27.61 7.22
2412 94.70 63.07 15.82 9.82 4.45
2413 95.02 32.20 10.90 20.27 5.92
2414 94.81 34.44 12.68 25.58 6.42
2415 94.77 49.89 13.64 19.73 6.36
2416 94.98 61.92 13.64 9.66 4.60
2417 94.93 54.16 14.03 18.87 6.47
2418 94.94 56.71 14.24 17.03 6.66
2419 94.80 57.82 13.17 16.00 4.83
2420 94.95 58.86 14.35 13.60 6.20
2421 95.39 35.06 10.81 25.59 6.57
2422 95.33 38.57 11.33 28.33 6.76
2423 95.25 40.15 11.94 24.82 7.74
2424 95.53 42.31 12.89 23.72 7.18
2425 95.47 51.62 10.64 16.87 5.49
2426 95.52 48.90 13.06 18.02 6.18
2427 95.65 53.34 12.50 19.17 5.93
2428 95.64 59.37 13.02 10.76 5.83
2429 95.79 57.46 12.69 14.62 5.83
2430 95.99 36.97 12.05 27.71 6.56
2431 96.04 40.02 12.09 23.67 6.21
2432 95.85 47.23 12.80 13.80 5.40
2433 96.21 44.41 11.32 20.73 5.30
2434 96.10 55.03 13.60 18.32 7.00
2435 96.23 47.79 12.11 15.63 5.96
2436 96.69 42.15 10.30 24.72 6.26
2437 96.57 53.67 12.04 18.63 6.19
2438 96.67 56.47 11.52 15.72 6.61
2439 96.80 50.74 10.07 16.88 5.81
2440 96.82 38.91 10.03 20.03 5.68
2441 96.67 48.46 10.72 17.28 6.12
2442 96.63 46.03 9.60 21.80 6.20
2443 97.04 43.89 11.47 20.12 5.95
2444 97.43 47.41 9.40 18.86 5.20
2445 97.00 55.15 9.47 16.05 4.74
2446 97.17 49.24 9.50 15.28 5.28
2447 97.67 40.95 9.48 18.52 4.96
2448 97.86 52.59 9.05 12.36 4.08
2449 97.81 44.35 10.44 19.92 5.54
2450 98.92 47.48 7.52 13.52 3.85

