#<Embryo name> <Cleavage cycle> <Temporal class> <Genes>
em37 14A 8 Kruppel even-skipped fushi-tarazu

#Quantitative data
#<Nucleus number> <A-P coordinate> <D-V coordinate> <Fluorescence intensity: channel 1 - Kr, channel 2 - eve, channel 3 - ftz>
0 1.67 44.22 8.52 2.43 31.32
1 1.86 40.72 8.53 2.71 30.24
2 2.01 42.71 8.92 3.14 32.50
3 1.98 39.27 8.48 3.03 31.74
4 2.34 41.45 8.47 2.50 32.78
5 2.32 46.55 8.07 2.69 30.52
6 2.63 47.85 8.46 2.87 31.25
7 2.66 39.35 9.94 3.35 31.46
8 2.97 42.23 9.23 2.48 32.29
9 3.05 48.61 8.50 2.50 32.79
10 3.20 37.69 11.73 3.67 34.48
11 3.58 34.88 9.78 2.94 31.68
12 3.59 43.03 13.65 2.61 31.74
13 3.85 47.94 9.68 2.79 32.00
14 3.94 36.73 10.21 3.47 31.40
15 4.02 45.87 10.67 3.27 32.70
16 3.81 41.83 10.20 3.40 31.50
17 4.35 49.75 11.27 2.99 32.26
18 4.03 40.67 11.26 3.19 34.44
19 4.35 43.64 13.13 3.17 32.68
20 4.43 52.02 10.62 3.32 32.79
21 4.69 32.81 10.39 2.92 33.38
22 4.53 34.87 10.97 3.55 30.74
23 5.03 41.05 12.39 3.84 33.07
24 4.72 46.57 11.11 3.55 31.18
25 5.07 38.30 12.33 4.25 34.18
26 5.28 35.79 11.76 3.64 34.40
27 5.11 54.31 9.58 3.30 32.82
28 5.65 51.50 11.78 3.94 32.29
29 5.54 43.37 12.14 3.96 36.93
30 5.48 46.06 12.19 3.63 34.61
31 5.24 48.46 10.08 3.33 33.08
32 5.56 33.79 13.44 3.56 30.67
33 5.74 53.41 10.69 3.00 34.04
34 5.90 55.10 13.47 3.37 32.65
35 5.88 32.06 14.43 3.43 33.77
36 5.88 48.27 16.18 3.74 33.73
37 5.76 44.74 16.92 5.08 31.23
38 5.90 37.44 16.68 4.79 34.16
39 6.21 28.49 12.33 3.07 32.83
40 6.37 35.53 14.67 4.18 34.38
41 6.25 40.70 14.78 4.12 37.13
42 6.38 56.88 13.07 2.59 33.42
43 6.29 46.36 13.65 3.62 32.12
44 6.50 33.39 14.75 3.89 35.14
45 6.48 29.99 12.72 4.00 33.52
46 6.62 37.50 15.38 3.84 35.45
47 6.65 43.16 14.65 4.03 36.34
48 6.48 50.21 16.08 3.69 32.83
49 6.63 45.05 15.92 3.88 35.23
50 6.84 48.52 18.14 4.20 34.75
51 6.83 54.74 18.07 3.00 32.89
52 6.90 31.31 14.52 3.50 34.25
53 7.06 51.91 16.21 3.62 34.92
54 7.03 53.58 12.71 4.12 34.91
55 7.16 58.94 12.32 2.94 34.44
56 7.26 28.07 13.95 3.23 30.80
57 7.24 32.82 15.89 4.63 36.79
58 7.46 35.34 18.01 4.71 36.53
59 7.63 42.66 18.54 4.39 36.25
60 7.67 56.83 14.96 3.51 35.39
61 7.52 26.12 14.05 3.71 30.15
62 7.55 45.85 16.81 3.87 36.99
63 7.66 47.47 18.78 4.62 35.42
64 7.96 32.79 17.72 4.12 36.07
65 7.84 51.37 19.12 4.55 35.32
66 8.11 53.89 16.55 5.22 35.42
67 8.48 28.05 17.98 3.91 32.79
68 8.38 49.34 20.79 4.42 36.67
69 8.37 37.48 17.54 4.13 36.62
70 8.15 35.36 21.83 5.00 35.00
71 8.90 39.30 19.61 4.71 37.89
72 8.66 34.51 16.72 4.39 38.00
73 8.41 60.00 11.28 3.03 33.22
74 8.49 46.55 22.63 5.29 32.46
75 8.45 30.58 17.29 4.36 36.07
76 8.78 58.83 15.02 3.52 33.89
77 8.79 51.21 24.98 4.98 34.07
78 8.56 55.14 22.00 5.52 38.04
79 8.85 56.65 17.15 3.71 36.93
80 8.77 47.69 23.47 4.84 37.06
81 8.81 30.10 21.82 5.25 36.54
82 8.72 31.88 19.77 4.63 37.66
83 9.16 42.31 22.04 4.35 37.56
84 9.05 25.70 17.92 4.49 31.59
85 9.07 53.64 21.12 3.88 37.16
86 8.95 23.71 14.93 2.97 29.90
87 9.25 36.57 20.13 4.56 37.05
88 9.29 29.11 20.60 4.79 38.75
89 9.64 46.56 23.69 4.87 38.10
90 9.30 48.46 26.96 4.38 36.58
91 9.39 40.69 27.50 5.06 37.62
92 9.49 32.15 20.70 4.21 39.17
93 9.72 23.94 13.65 3.86 34.17
94 9.57 34.76 24.27 4.76 40.47
95 9.55 59.29 14.59 3.38 33.74
96 9.60 61.75 11.27 3.33 34.31
97 9.51 45.29 24.00 4.53 36.00
98 9.98 52.63 25.15 4.84 37.69
99 9.88 26.43 16.61 3.76 36.70
100 9.88 30.93 22.22 4.48 37.57
101 9.92 44.13 22.59 4.47 36.86
102 9.87 60.34 14.63 3.56 33.81
103 10.06 38.05 16.02 4.35 39.95
104 9.78 54.87 27.33 4.17 33.17
105 10.09 29.38 18.56 4.71 37.89
106 10.24 33.93 17.12 4.15 38.95
107 10.23 41.30 22.17 5.34 38.28
108 10.56 48.11 24.47 4.72 39.22
109 10.30 54.66 23.78 4.13 38.78
110 10.18 58.40 14.58 3.75 35.86
111 10.14 39.70 21.96 3.96 39.75
112 10.34 56.57 16.04 4.60 35.42
113 10.28 27.68 18.00 4.70 37.80
114 10.52 44.77 24.11 4.85 40.70
115 10.75 63.15 10.12 3.02 31.70
116 10.87 25.23 17.57 4.26 33.64
117 10.98 32.51 20.92 5.11 41.43
118 10.84 38.73 24.06 5.23 38.32
119 10.77 64.72 8.36 2.94 30.83
120 10.89 27.52 18.37 3.40 35.19
121 10.78 51.80 27.25 4.88 40.88
122 11.07 43.93 25.32 4.62 37.91
123 10.95 46.00 20.41 4.80 38.65
124 11.27 42.54 21.11 4.24 39.82
125 11.26 35.47 20.54 4.85 39.09
126 11.28 51.68 28.42 4.81 38.42
127 11.32 60.74 14.93 3.70 32.23
128 11.55 28.40 17.86 4.29 40.48
129 11.65 22.65 20.08 3.49 31.44
130 11.74 30.26 20.40 5.11 38.68
131 11.55 39.60 22.91 5.46 40.31
132 11.81 58.07 16.14 4.23 37.12
133 11.64 45.88 24.02 4.95 36.25
134 11.60 59.42 11.60 3.27 34.93
135 11.73 33.23 22.10 5.04 38.96
136 11.87 54.37 20.17 4.73 38.14
137 12.06 43.41 23.37 4.72 40.47
138 11.77 66.93 8.08 2.18 32.12
139 11.86 51.25 25.25 4.62 38.17
140 11.85 35.13 19.27 4.00 41.09
141 12.22 62.48 12.37 3.43 33.21
142 12.27 40.28 24.47 5.25 39.78
143 12.18 27.07 22.18 4.94 35.71
144 12.24 45.71 19.95 4.34 38.15
145 12.18 59.55 15.28 3.66 39.24
146 12.40 65.63 9.12 3.24 35.07
147 12.22 67.86 7.39 2.45 31.90
148 12.38 52.02 20.84 4.33 38.72
149 12.38 31.29 18.18 4.97 37.24
150 12.43 34.44 19.74 4.67 39.57
151 12.20 33.67 17.33 4.33 42.67
152 12.42 47.31 19.94 4.86 37.91
153 12.35 19.30 13.56 3.22 29.50
154 12.49 49.16 23.89 4.05 39.76
155 12.64 28.54 19.26 4.71 39.16
156 12.51 32.62 24.09 5.23 36.80
157 12.81 53.70 19.90 4.82 38.04
158 12.78 22.78 20.61 4.52 33.72
159 12.74 44.13 23.39 4.19 41.28
160 12.70 20.98 17.09 3.51 33.38
161 12.65 57.12 15.67 4.24 38.26
162 12.75 50.50 23.69 4.41 37.28
163 12.72 60.03 14.82 4.21 35.84
164 12.79 41.85 20.79 4.75 40.33
165 12.93 24.94 22.80 4.09 36.73
166 12.72 68.02 7.17 3.39 33.67
167 12.83 19.81 14.82 3.47 31.88
168 13.22 47.88 18.78 4.35 39.75
169 13.23 64.01 10.93 4.18 34.36
170 13.33 45.81 21.46 5.47 38.12
171 12.98 55.75 19.25 4.91 38.66
172 12.98 43.07 26.71 4.86 43.29
173 13.30 26.50 17.62 4.85 38.71
174 13.44 36.11 21.45 4.93 40.39
175 13.58 27.69 17.80 4.93 40.25
176 13.71 50.87 16.90 4.85 39.97
177 13.30 52.75 23.18 4.55 38.05
178 13.40 58.89 14.68 3.98 37.07
179 13.45 67.87 8.28 3.52 32.54
180 13.64 32.23 20.19 5.25 40.66
181 13.56 39.02 21.30 4.48 40.92
182 13.57 42.43 19.76 4.76 39.09
183 13.57 54.92 18.17 4.44 39.31
184 13.50 22.95 17.40 3.90 35.78
185 13.74 69.60 8.41 3.02 32.71
186 13.92 61.65 11.76 4.44 39.61
187 14.11 43.83 20.10 5.26 38.22
188 13.68 57.43 17.50 4.72 39.67
189 13.96 40.75 20.38 5.14 42.58
190 13.91 53.28 15.62 4.76 39.21
191 14.07 21.81 16.56 4.48 33.92
192 14.07 24.24 18.06 4.53 38.28
193 14.25 44.98 18.59 4.79 37.53
194 13.95 67.33 8.55 2.91 32.55
195 14.10 47.84 18.14 4.79 38.72
196 14.60 26.58 19.53 5.07 39.49
197 14.31 58.12 17.29 5.18 35.34
198 14.26 37.27 19.55 5.32 38.21
199 14.32 55.13 18.12 4.56 33.64
200 14.32 30.37 21.88 5.24 38.64
201 14.32 70.10 7.82 3.13 34.37
202 14.63 35.66 17.59 5.29 39.41
203 14.83 38.85 19.05 5.63 40.46
204 14.69 65.80 9.43 4.08 35.26
205 14.67 60.16 13.32 4.38 38.48
206 14.76 53.16 16.16 4.87 36.45
207 14.58 32.71 19.00 6.00 41.00
208 14.56 57.08 15.82 4.98 39.15
209 14.81 33.93 17.29 4.88 38.37
210 14.99 31.38 17.85 5.94 39.25
211 14.68 41.72 20.70 5.59 40.61
212 14.91 63.31 11.55 5.25 35.89
213 15.18 21.74 15.88 4.56 34.05
214 14.82 47.66 16.52 4.71 40.50
215 14.95 17.70 12.00 3.49 31.82
216 14.89 50.43 15.33 4.98 36.06
217 15.15 55.04 13.94 4.87 38.21
218 14.97 70.87 8.28 3.19 32.85
219 15.18 19.98 16.02 4.36 32.60
220 15.13 44.84 13.55 4.88 41.45
221 15.42 23.74 17.84 5.39 37.05
222 15.38 28.90 18.66 4.95 39.28
223 15.35 58.74 12.98 4.57 39.59
224 15.19 67.15 10.21 4.37 32.05
225 15.42 46.36 15.03 5.11 37.90
226 15.53 72.75 7.44 2.95 31.27
227 15.39 42.95 14.03 4.56 41.01
228 15.35 51.90 12.26 4.45 36.90
229 15.36 40.93 18.00 4.66 39.58
230 15.40 61.99 12.82 5.00 36.14
231 15.59 39.28 14.96 4.96 38.46
232 15.53 48.11 14.60 5.00 39.57
233 15.70 35.60 13.87 5.31 40.38
234 15.49 32.35 15.00 4.50 42.40
235 15.64 37.63 16.30 5.91 41.00
236 15.85 49.98 13.62 4.61 38.18
237 15.88 71.23 8.74 3.19 33.51
238 15.95 33.33 16.22 5.18 39.40
239 16.26 60.71 12.19 4.60 37.49
240 16.17 17.67 12.37 3.95 31.70
241 16.40 55.45 12.61 4.86 39.17
242 16.33 40.22 13.95 5.51 38.66
243 16.02 62.56 10.77 3.79 34.72
244 16.10 64.33 11.00 4.56 37.08
245 15.92 52.30 15.00 4.75 37.50
246 16.08 67.79 9.22 4.28 33.77
247 16.40 27.99 15.98 4.80 36.90
248 16.40 48.08 14.86 5.54 38.12
249 16.47 53.39 13.15 5.01 38.58
250 16.31 19.13 12.73 5.03 33.00
251 16.32 29.62 15.40 5.71 40.36
252 16.57 37.17 13.77 5.16 38.67
253 16.55 21.51 16.90 5.56 35.65
254 16.24 70.38 7.83 3.17 34.00
255 16.57 31.08 15.62 5.34 40.33
256 16.80 46.33 13.31 5.00 40.11
257 16.69 73.72 7.54 3.32 29.56
258 16.70 24.53 14.32 5.55 37.53
259 16.84 33.86 15.27 5.73 38.82
260 17.00 41.97 12.42 5.22 39.82
261 16.52 20.14 13.33 5.67 33.00
262 16.76 23.01 15.10 5.36 39.07
263 16.57 57.88 12.00 5.05 37.26
264 16.83 71.68 8.02 3.51 33.52
265 16.94 50.68 12.45 4.88 38.34
266 16.92 58.86 11.81 4.77 36.67
267 16.88 43.77 12.04 5.48 39.40
268 16.70 67.34 9.37 4.84 35.37
269 16.82 63.90 10.00 4.93 40.98
270 16.86 68.67 10.32 4.38 32.62
271 17.13 26.49 15.54 5.50 40.28
272 17.08 66.36 11.02 4.60 32.64
273 17.46 62.58 10.45 5.53 37.52
274 17.20 36.05 13.18 5.84 41.52
275 17.14 20.13 15.28 5.64 35.60
276 17.29 31.82 15.84 5.44 38.00
277 17.42 14.85 9.80 3.44 31.92
278 17.26 16.80 12.03 4.08 31.45
279 17.30 30.23 14.00 5.06 36.28
280 17.52 18.09 11.41 4.91 34.28
281 17.48 28.90 14.60 5.73 43.27
282 17.63 39.20 13.79 5.23 40.84
283 17.43 45.01 12.81 5.61 39.00
284 17.43 48.57 11.80 5.86 41.16
285 17.50 53.88 11.72 5.15 38.15
286 17.49 68.63 10.08 4.61 35.28
287 17.64 24.26 16.19 5.43 36.71
288 18.00 35.08 13.85 6.06 40.65
289 17.79 74.13 8.08 3.44 32.16
290 17.84 21.01 14.01 5.57 39.33
291 17.77 51.40 13.15 4.80 39.58
292 17.75 57.99 11.42 4.97 38.18
293 18.22 54.29 11.90 5.22 39.81
294 18.17 60.72 11.09 5.05 36.64
295 17.88 66.38 10.31 5.03 33.38
296 18.12 37.25 12.45 5.13 42.45
297 18.13 50.35 12.44 5.63 40.20
298 18.02 56.38 12.24 4.80 39.09
299 18.15 42.38 11.82 5.08 37.25
300 18.01 44.39 10.88 4.88 38.88
301 18.07 29.97 14.75 6.15 40.68
302 18.13 40.61 13.60 5.15 42.06
303 18.20 68.21 9.64 4.19 35.19
304 18.21 58.97 10.23 4.82 39.23
305 18.02 16.58 10.75 4.50 33.50
306 18.43 65.11 10.49 5.21 38.42
307 18.45 23.02 13.50 6.79 40.57
308 18.59 49.11 12.02 5.89 39.30
309 18.70 17.17 10.99 4.64 32.97
310 18.37 20.54 13.14 5.34 37.26
311 18.51 25.32 14.43 5.58 38.91
312 18.27 47.06 12.18 6.35 38.06
313 18.54 62.40 10.26 5.16 37.79
314 18.50 31.63 13.14 5.10 41.08
315 18.68 46.68 12.43 5.58 38.11
316 18.76 33.74 12.53 5.58 40.16
317 18.45 51.73 11.82 4.59 39.86
318 18.52 19.17 12.72 5.69 33.69
319 18.92 28.50 12.96 6.45 38.96
320 18.88 43.72 11.95 4.78 39.56
321 18.64 71.74 8.47 4.13 37.07
322 18.65 73.62 7.73 3.78 34.45
323 18.88 70.14 9.19 4.89 32.17
324 19.15 56.23 11.48 5.03 38.86
325 18.80 59.31 11.22 5.26 35.96
326 18.88 52.47 11.46 5.29 40.14
327 18.79 68.67 9.21 5.25 35.71
328 19.00 38.41 12.41 6.08 39.59
329 18.97 40.77 13.05 5.86 40.49
330 19.00 27.07 13.57 6.71 38.33
331 18.99 35.23 13.11 5.67 38.93
332 19.11 67.18 10.53 5.22 35.92
333 19.11 18.38 11.10 5.48 33.14
334 19.32 21.10 12.88 6.15 38.33
335 19.30 75.95 7.14 3.75 30.42
336 19.25 19.57 12.48 4.94 33.97
337 19.55 58.40 10.39 5.80 36.68
338 19.28 63.27 10.06 4.97 35.86
339 19.33 14.32 9.29 3.25 30.61
340 19.22 61.79 9.95 4.23 37.95
341 19.60 65.78 10.09 5.16 36.37
342 19.51 73.72 8.26 4.73 33.33
343 19.51 36.41 12.20 5.98 37.23
344 19.21 46.13 12.46 5.85 44.38
345 19.37 25.65 13.94 6.23 40.16
346 19.58 42.52 11.96 5.36 39.05
347 19.44 51.69 11.43 6.04 36.93
348 19.66 31.86 12.32 5.64 40.90
349 19.42 49.33 11.95 5.40 41.10
350 19.43 71.77 8.72 4.89 32.94
351 19.59 39.69 11.31 5.54 39.51
352 19.62 48.09 10.98 5.73 42.13
353 19.54 15.75 10.20 3.73 31.13
354 19.67 46.84 11.56 6.00 42.00
355 19.70 60.71 10.85 5.40 39.50
356 19.67 45.10 12.73 5.54 43.12
357 19.78 77.99 7.29 3.65 28.20
358 20.11 53.87 11.49 5.93 38.64
359 19.81 33.84 12.53 5.75 38.03
360 19.83 50.13 11.91 5.31 39.29
361 19.98 27.50 12.24 5.75 38.99
362 20.03 24.24 12.51 5.57 39.18
363 19.91 63.30 10.63 5.31 36.26
364 19.96 68.72 9.16 5.44 33.53
365 20.15 16.39 10.30 4.90 32.85
366 19.95 13.01 7.86 3.86 31.86
367 20.10 71.56 9.24 6.17 35.53
368 20.05 15.20 9.82 4.18 33.77
369 20.23 25.86 12.48 5.54 39.56
370 20.26 17.72 12.03 5.47 34.95
371 20.04 52.18 11.28 4.72 37.56
372 20.33 76.24 8.05 5.92 30.65
373 20.25 21.24 11.81 6.36 38.23
374 20.23 29.19 12.64 5.59 40.18
375 20.35 14.26 8.91 4.60 32.35
376 20.25 47.83 12.64 5.75 38.64
377 20.48 57.55 11.09 6.01 36.93
378 20.30 45.18 12.23 5.69 40.29
379 20.47 37.44 12.51 6.07 40.54
380 20.56 50.64 11.22 5.68 39.40
381 20.53 60.79 10.09 5.60 36.54
382 20.55 67.55 10.31 6.94 37.94
383 20.55 73.85 8.83 7.55 33.00
384 20.81 77.97 7.83 8.98 32.57
385 20.93 22.41 12.57 6.75 39.35
386 20.87 32.18 12.55 6.10 39.78
387 20.73 12.33 8.73 3.68 28.11
388 20.73 63.37 11.02 5.68 34.77
389 20.90 70.16 9.74 7.23 34.97
390 20.69 28.17 13.50 6.33 34.67
391 20.94 47.52 11.06 5.37 39.37
392 20.70 46.17 12.93 6.50 38.50
393 21.06 59.19 10.88 6.42 35.90
394 20.93 24.23 11.72 5.87 37.98
395 20.81 58.40 10.15 5.77 40.31
396 21.10 30.16 12.62 5.93 41.17
397 21.07 72.82 9.88 9.07 33.93
398 20.92 27.25 13.94 5.53 40.71
399 21.08 39.42 11.88 6.53 42.08
400 20.84 14.04 10.75 3.75 33.25
401 21.10 44.16 11.05 5.38 41.40
402 21.30 41.47 11.86 6.28 41.99
403 21.06 45.36 10.52 5.95 41.57
404 21.28 49.20 11.46 5.89 40.84
405 21.29 55.18 11.61 6.22 36.76
406 21.32 61.82 10.29 5.92 36.25
407 21.17 76.29 9.24 11.47 34.78
408 21.21 56.69 11.06 4.81 37.19
409 21.06 13.38 10.00 3.00 32.40
410 21.48 26.40 12.16 5.80 40.47
411 21.48 51.55 11.30 6.01 38.59
412 21.27 11.85 7.64 3.27 29.95
413 21.33 25.17 12.86 6.14 44.86
414 21.78 13.29 9.24 4.00 28.28
415 21.64 20.80 12.48 6.57 40.82
416 21.70 64.95 11.12 7.79 36.94
417 21.66 28.41 12.99 5.92 41.04
418 21.57 34.36 11.76 7.12 40.58
419 21.40 46.29 11.50 5.46 43.62
420 21.65 15.70 10.48 4.74 36.02
421 22.16 36.56 12.38 6.50 41.37
422 21.65 68.97 10.48 12.19 33.35
423 21.58 32.80 11.63 6.09 42.83
424 22.13 78.16 7.96 78.35 30.40
425 21.74 38.55 11.95 6.16 41.53
426 21.63 14.63 8.88 4.25 37.25
427 22.04 59.38 10.57 6.39 36.36
428 21.69 73.18 10.17 11.75 33.83
429 21.80 75.74 9.44 33.84 31.56
430 22.06 43.94 10.90 6.32 40.10
431 21.99 57.19 11.31 6.06 36.18
432 22.10 66.76 10.85 9.96 36.34
433 22.20 54.13 11.03 6.08 41.30
434 22.21 22.90 12.00 6.94 41.46
435 22.11 48.16 12.15 6.64 40.38
436 22.12 61.05 10.33 6.57 36.75
437 22.22 30.20 12.75 6.42 39.70
438 22.14 31.90 12.06 6.90 38.68
439 22.34 41.50 11.37 6.77 40.01
440 22.45 46.21 11.78 6.00 40.22
441 22.25 70.58 10.50 19.52 35.13
442 22.48 74.27 9.65 59.01 32.04
443 22.21 26.78 13.90 7.29 42.62
444 22.43 39.37 12.48 6.07 38.12
445 22.34 14.54 9.50 4.45 28.00
446 22.43 34.26 12.67 6.21 40.67
447 22.63 52.31 11.49 6.28 39.69
448 22.34 62.29 10.00 8.88 36.25
449 22.55 16.02 9.98 5.07 32.58
450 22.58 68.84 10.00 17.24 33.84
451 22.61 63.46 10.80 9.14 35.34
452 22.94 48.60 12.71 6.65 40.43
453 22.93 24.99 11.93 6.34 40.61
454 22.88 11.58 8.18 3.80 28.34
455 22.96 28.83 12.25 6.85 41.95
456 22.68 44.18 12.27 7.00 41.80
457 22.87 17.14 11.72 5.86 34.56
458 22.92 26.64 12.31 6.88 44.29
459 23.35 71.31 10.45 102.31 34.17
460 23.02 58.93 10.23 6.90 39.69
461 23.10 61.14 10.19 7.88 37.53
462 22.91 64.57 10.53 8.00 34.68
463 23.06 31.65 12.71 6.51 42.68
464 23.40 21.91 12.39 6.90 40.93
465 22.98 23.44 12.30 7.57 37.57
466 23.06 37.72 11.89 6.12 42.28
467 23.51 53.92 11.17 7.11 39.22
468 23.10 65.64 9.83 13.09 36.06
469 23.08 14.75 10.11 5.33 32.18
470 23.53 76.62 9.29 129.10 32.86
471 23.16 33.71 12.86 7.10 42.71
472 23.05 17.92 10.12 4.75 35.38
473 23.44 50.57 11.02 7.45 42.10
474 23.10 55.92 12.00 7.78 40.78
475 23.44 44.83 11.76 7.00 39.81
476 23.24 49.43 12.42 6.95 40.26
477 23.22 13.29 9.90 5.30 34.20
478 23.40 46.59 12.02 6.66 40.19
479 23.45 57.34 10.76 8.13 41.26
480 23.65 42.81 12.44 7.15 43.64
481 23.35 51.67 11.55 6.85 41.30
482 23.54 39.25 11.94 7.16 42.10
483 23.78 17.58 11.11 7.18 34.28
484 23.83 74.01 10.39 192.47 34.49
485 23.82 79.19 8.64 110.31 33.54
486 23.69 26.83 13.13 7.31 39.91
487 23.63 12.21 9.00 4.08 28.83
488 23.93 36.39 12.23 6.71 38.10
489 23.75 19.34 11.63 7.29 38.26
490 23.78 63.98 10.61 17.07 37.07
491 23.53 23.49 14.00 6.00 44.50
492 24.16 15.07 9.89 5.83 33.66
493 23.96 13.30 9.21 4.87 31.41
494 23.83 22.91 11.56 6.67 41.22
495 23.99 34.42 11.88 7.15 41.97
496 24.17 68.48 10.44 121.95 32.04
497 23.87 23.94 12.17 8.33 44.25
498 24.11 55.77 12.00 9.49 37.50
499 24.13 20.48 11.56 7.02 41.88
500 24.32 61.04 11.23 13.66 36.27
501 24.19 27.84 12.30 6.30 39.94
502 24.21 48.12 12.30 9.15 39.29
503 24.30 25.03 12.83 7.23 44.37
504 24.38 46.33 12.47 8.68 39.61
505 24.37 50.08 12.37 9.63 44.92
506 24.63 58.32 10.75 13.63 38.99
507 24.75 65.92 11.01 129.69 35.99
508 24.68 26.68 12.76 7.12 40.54
509 24.68 33.29 12.28 7.09 42.19
510 24.39 41.96 12.88 7.75 48.38
511 24.58 52.02 12.17 9.17 41.36
512 24.46 13.05 8.67 6.11 30.56
513 24.58 37.71 12.41 7.35 40.31
514 24.50 21.46 12.22 7.33 41.67
515 24.46 39.35 12.17 7.33 46.17
516 24.88 71.56 10.56 194.14 36.02
517 25.05 77.79 9.86 112.56 32.78
518 24.69 39.96 13.47 7.94 44.88
519 24.91 18.44 12.09 7.01 38.04
520 25.16 62.19 11.34 57.06 34.81
521 25.03 74.89 10.47 173.61 35.70
522 24.89 43.88 11.98 8.85 40.80
523 24.91 80.77 8.75 63.24 34.36
524 24.98 41.73 12.42 8.22 43.55
525 25.11 54.25 11.52 11.23 39.28
526 25.26 57.07 11.90 23.92 37.39
527 25.11 28.84 12.21 6.66 40.70
528 25.01 39.02 12.74 6.48 45.44
529 25.02 10.05 7.62 3.72 28.50
530 25.39 47.72 12.34 11.14 39.19
531 25.16 12.11 8.77 4.59 30.06
532 25.19 21.47 12.61 7.94 37.55
533 25.46 68.53 10.76 217.24 34.79
534 25.30 19.92 12.17 7.76 38.52
535 25.83 64.08 11.46 181.39 36.57
536 25.54 27.05 12.12 9.31 39.31
537 25.54 34.88 12.41 8.01 43.05
538 25.89 59.87 11.54 114.29 36.63
539 25.73 37.09 12.89 8.47 42.72
540 25.53 82.63 8.18 30.91 112.09
541 26.04 83.88 8.26 19.36 127.79
542 25.60 23.56 11.71 8.75 36.04
543 25.71 38.96 12.40 8.68 42.98
544 25.66 44.85 13.46 10.67 39.51
545 25.71 52.32 12.09 13.48 39.74
546 25.89 41.05 12.26 9.83 42.03
547 25.90 43.20 13.44 11.50 42.78
548 26.13 79.13 10.07 35.96 114.13
549 26.13 10.43 7.98 5.45 27.55
550 26.16 70.74 11.24 190.13 38.44
551 26.19 73.27 10.83 108.28 34.81
552 26.01 81.77 9.02 24.97 141.32
553 26.05 49.93 11.58 14.10 42.98
554 26.19 22.81 12.33 9.19 36.23
555 26.19 75.88 10.61 84.60 42.65
556 26.15 31.63 12.55 8.82 38.09
557 26.40 66.34 10.76 217.70 36.23
558 26.13 30.09 11.22 8.94 38.62
559 26.13 46.53 13.35 12.70 41.10
560 26.59 57.45 12.17 150.24 37.50
561 26.38 47.79 11.68 14.43 41.28
562 26.15 52.90 14.83 22.00 40.25
563 26.39 14.20 10.05 8.54 31.96
564 26.34 27.09 12.12 8.75 42.00
565 26.14 45.18 14.00 10.57 43.86
566 26.38 35.18 12.47 10.60 39.18
567 26.46 24.16 12.45 10.73 41.45
568 26.54 29.04 11.20 9.35 40.04
569 26.74 61.86 11.96 217.35 37.74
570 26.70 45.25 12.37 15.22 41.24
571 26.94 39.11 11.62 13.79 40.17
572 26.49 43.02 12.91 11.45 41.18
573 26.85 37.06 12.49 13.02 41.17
574 26.93 68.87 11.95 154.59 38.09
575 26.84 18.15 10.82 9.95 38.07
576 26.68 34.07 12.00 11.89 38.06
577 27.01 54.83 12.08 166.47 40.05
578 26.99 41.65 12.16 14.97 40.08
579 27.04 52.39 13.08 58.90 36.48
580 26.64 30.78 13.40 11.80 40.40
581 26.80 40.45 11.93 11.00 40.29
582 27.03 25.63 11.81 10.85 42.21
583 26.94 43.50 12.72 14.38 39.44
584 27.03 22.18 12.21 12.42 37.56
585 27.09 74.18 11.14 50.89 95.61
586 27.37 30.97 12.01 13.87 40.71
587 27.16 46.60 12.38 20.74 41.21
588 27.40 76.71 10.94 34.00 174.82
589 27.45 15.25 10.19 16.12 33.71
590 27.49 48.03 12.72 55.70 38.98
591 27.42 59.32 12.46 224.29 36.78
592 27.49 64.19 12.08 191.24 39.74
593 27.34 33.65 12.07 14.14 40.14
594 27.43 71.52 11.59 89.74 45.00
595 27.49 79.82 10.17 22.47 199.76
596 27.20 24.62 11.33 13.50 40.83
597 27.27 16.54 10.11 10.05 35.53
598 27.66 20.58 11.93 15.44 37.52
599 27.18 84.83 8.71 11.14 166.57
600 27.47 85.80 7.57 6.00 153.00
601 27.46 35.30 12.02 15.12 41.14
602 27.61 81.20 10.93 17.48 189.57
603 27.79 28.03 11.68 18.54 39.51
604 27.39 44.04 11.42 21.58 44.83
605 27.71 66.66 11.53 143.73 37.72
606 27.69 23.78 11.86 15.41 39.24
607 27.89 13.40 10.54 22.20 30.29
608 28.11 50.95 13.03 161.96 41.08
609 27.83 84.26 8.67 11.64 175.54
610 28.03 56.53 13.18 226.01 41.35
611 28.07 61.46 12.45 207.86 39.28
612 27.93 68.92 11.88 84.78 48.86
613 28.12 18.46 11.79 21.82 38.10
614 28.39 43.56 13.47 102.94 39.23
615 28.45 73.08 11.79 32.72 181.84
616 28.38 38.99 13.02 114.29 39.31
617 28.23 41.24 13.08 72.67 37.48
618 27.89 22.62 12.89 20.11 39.00
619 28.16 36.62 12.87 50.88 36.81
620 28.26 53.63 13.56 221.26 41.27
621 28.30 16.64 12.16 23.78 39.75
622 28.31 11.85 9.55 29.24 30.29
623 28.26 30.62 12.79 20.74 43.79
624 28.59 48.56 13.34 225.81 42.09
625 28.66 75.52 11.52 22.99 207.43
626 28.63 14.67 10.46 38.56 33.61
627 28.67 46.08 13.84 208.98 42.29
628 28.76 70.52 12.43 31.29 202.64
629 28.51 86.67 8.14 4.02 160.89
630 28.64 59.10 13.77 199.26 41.78
631 28.76 78.76 11.67 14.06 206.12
632 28.70 63.22 12.58 113.16 46.51
633 28.91 22.12 12.12 54.17 36.96
634 28.74 32.03 12.65 53.54 35.81
635 28.65 65.46 13.27 65.54 97.73
636 29.09 81.39 10.38 8.99 184.73
637 29.01 34.33 13.37 126.16 40.34
638 28.81 82.51 10.24 7.79 188.39
639 28.79 24.96 12.56 51.52 33.75
640 29.09 67.75 12.49 37.12 187.55
641 28.98 29.75 12.56 65.13 36.53
642 29.22 17.81 11.43 90.90 36.10
643 29.26 57.02 13.55 197.91 43.24
644 29.44 12.51 9.92 137.22 31.50
645 29.29 27.21 12.41 148.98 37.87
646 29.41 36.88 13.14 213.80 41.37
647 29.39 54.65 13.77 194.85 41.53
648 29.41 60.84 13.25 152.65 50.03
649 29.60 10.07 9.41 151.18 29.22
650 29.35 84.50 9.61 6.37 177.58
651 29.48 20.22 11.77 113.96 37.23
652 29.43 49.95 13.80 242.16 44.87
653 29.60 52.19 13.75 208.86 41.50
654 29.47 41.89 13.39 218.86 41.75
655 29.42 86.78 6.76 4.25 145.51
656 29.79 44.80 14.52 233.48 42.23
657 29.76 24.69 12.09 180.27 38.32
658 29.86 39.29 14.21 234.42 41.48
659 29.86 63.18 13.24 68.99 207.83
660 29.94 31.61 13.47 209.33 40.98
661 30.02 47.36 14.29 224.49 42.52
662 30.04 58.64 13.69 125.24 50.35
663 30.11 65.70 13.28 36.38 217.29
664 30.09 71.14 13.42 15.54 210.91
665 29.81 88.13 7.48 3.87 84.35
666 30.18 14.79 11.10 177.21 35.17
667 30.00 77.84 13.20 10.07 208.32
668 30.19 28.96 12.83 214.51 39.41
669 30.01 80.32 12.41 8.38 174.69
670 30.19 21.95 12.70 199.78 40.94
671 30.29 34.53 14.12 225.51 43.19
672 30.41 68.19 13.05 19.84 210.06
673 30.13 83.47 9.90 8.43 141.10
674 30.70 88.60 7.62 7.51 56.03
675 30.49 56.24 13.96 119.14 53.18
676 30.72 86.44 8.82 6.93 91.00
677 30.54 53.68 14.64 130.92 42.35
678 30.70 41.12 14.91 230.28 43.60
679 30.67 43.32 14.53 199.37 43.91
680 30.36 84.65 10.16 6.36 131.52
681 30.75 37.15 14.71 221.99 43.91
682 30.58 50.22 14.01 163.45 42.02
683 30.80 60.50 14.36 55.35 208.05
684 30.74 26.81 13.48 230.48 39.83
685 30.53 82.32 9.92 9.12 141.08
686 30.84 16.95 11.98 184.64 35.71
687 30.95 11.07 10.06 166.04 31.07
688 30.82 19.51 12.83 220.31 39.77
689 30.76 76.03 14.07 11.05 200.07
690 30.88 8.70 9.46 123.33 29.66
691 30.69 80.46 11.36 9.28 160.74
692 30.95 83.68 9.97 8.70 112.89
693 31.11 13.35 11.07 181.40 35.57
694 31.05 24.27 13.11 226.65 39.32
695 31.08 63.39 13.84 32.03 221.50
696 31.19 32.49 13.85 213.73 44.37
697 31.26 45.15 14.76 159.24 48.05
698 31.16 75.00 14.14 12.27 198.62
699 31.21 70.04 13.91 14.43 211.88
700 31.18 47.71 15.06 150.63 49.89
701 31.45 72.89 13.58 10.99 200.64
702 31.30 29.90 13.75 210.11 42.53
703 31.05 79.06 12.60 10.08 185.88
704 31.21 85.47 9.93 9.67 70.74
705 31.43 57.74 13.89 43.54 206.34
706 31.46 39.16 15.22 177.49 43.30
707 31.21 65.88 14.62 17.64 219.04
708 31.41 52.45 15.38 74.77 60.46
709 31.47 54.69 15.34 43.53 179.98
710 31.74 21.63 12.94 160.96 40.72
711 31.61 35.06 14.61 188.10 44.82
712 31.58 50.34 15.36 95.88 57.03
713 32.03 15.47 13.01 139.36 37.72
714 31.90 67.96 13.56 12.55 227.67
715 31.82 81.01 13.71 13.86 96.40
716 31.60 89.59 8.72 21.24 37.00
717 31.68 78.27 12.11 10.20 164.54
718 31.82 7.71 8.54 67.63 33.79
719 31.99 27.12 13.60 182.10 41.13
720 31.93 61.49 14.14 26.39 234.31
721 31.86 42.15 15.07 149.67 60.44
722 31.94 18.36 12.65 163.09 39.35
723 31.80 65.71 14.94 17.66 223.50
724 31.97 55.69 14.70 46.84 210.62
725 32.07 83.60 11.98 25.96 45.28
726 31.94 88.47 9.74 26.56 37.07
727 32.15 10.08 10.10 93.61 34.84
728 32.20 24.29 13.10 142.84 41.05
729 32.28 48.41 16.22 63.78 180.20
730 32.39 59.12 15.68 23.44 231.04
731 32.26 45.89 16.43 93.32 162.22
732 32.36 75.68 14.27 11.18 123.03
733 32.41 37.15 15.41 127.31 54.44
734 32.36 63.76 15.31 15.00 223.82
735 32.33 12.91 11.22 117.51 36.52
736 32.40 70.86 14.67 10.72 205.49
737 32.84 86.02 14.44 86.14 36.98
738 32.40 32.28 15.58 131.44 53.16
739 32.61 51.57 15.70 36.75 207.14
740 32.42 29.62 14.63 152.72 50.32
741 32.51 39.45 16.11 99.47 69.18
742 32.97 43.94 16.45 57.84 202.70
743 32.80 54.10 15.91 26.62 226.53
744 32.71 34.57 15.38 106.97 69.29
745 32.86 56.83 15.87 21.27 210.33
746 32.81 78.04 14.95 19.85 72.98
747 32.68 7.17 8.05 36.34 136.75
748 32.84 66.08 15.21 11.78 222.42
749 32.98 81.02 15.22 97.27 45.12
750 32.84 20.06 13.04 118.36 53.00
751 33.06 73.41 15.56 12.62 118.47
752 33.02 41.43 15.66 51.63 205.66
753 33.65 88.78 12.57 77.31 30.86
754 33.04 22.33 13.14 85.28 67.13
755 33.14 9.25 9.54 44.07 124.75
756 33.14 17.66 14.15 93.76 61.19
757 33.26 68.68 15.12 12.33 183.82
758 33.17 25.03 14.49 87.46 61.38
759 33.17 61.52 15.61 15.56 223.25
760 33.64 83.31 16.78 125.57 38.25
761 33.53 12.41 12.69 70.50 131.85
762 33.39 27.91 15.98 80.81 148.26
763 33.52 49.29 16.86 29.65 220.04
764 33.41 15.40 12.79 74.88 90.55
765 33.44 46.55 16.29 40.44 225.58
766 33.57 30.73 15.37 64.89 191.29
767 33.66 35.84 15.70 50.35 196.90
768 33.71 38.88 16.50 46.18 211.35
769 33.71 64.11 16.23 11.60 193.59
770 33.79 33.05 15.48 55.04 190.23
771 33.79 59.55 16.60 13.73 226.72
772 33.75 71.11 16.96 17.74 115.23
773 33.65 75.19 16.74 29.29 55.03
774 33.86 55.05 16.64 19.44 232.67
775 33.99 20.63 13.89 55.09 175.99
776 33.94 51.89 17.07 20.26 229.15
777 34.00 78.05 16.76 103.10 41.46
778 33.92 6.17 8.89 17.94 165.71
779 34.18 23.56 14.36 48.36 180.80
780 34.19 66.74 16.09 16.13 154.89
781 34.29 9.19 10.18 30.68 169.92
782 34.28 57.61 17.20 15.80 220.29
783 34.21 41.76 16.22 28.13 217.59
784 34.31 17.79 12.72 41.56 185.00
785 34.38 26.38 15.15 46.55 198.78
786 34.42 44.43 16.85 31.46 216.25
787 34.49 80.93 19.66 143.67 38.89
788 34.60 62.35 16.37 17.82 141.19
789 34.26 10.38 10.20 34.30 175.80
790 34.75 15.45 12.17 41.55 203.63
791 34.58 85.91 17.89 91.98 34.39
792 34.65 11.67 12.84 34.18 183.47
793 34.60 72.73 18.28 91.65 49.58
794 34.65 46.94 17.67 24.33 226.04
795 34.69 29.11 15.62 34.45 214.94
796 34.72 37.46 16.39 26.68 220.94
797 34.54 7.57 11.02 18.82 179.48
798 34.60 69.39 18.87 37.32 72.88
799 34.80 34.03 16.35 35.79 221.25
800 34.87 49.44 18.62 17.63 237.82
801 34.96 53.56 18.63 16.83 228.91
802 34.99 75.44 19.67 128.45 40.10
803 35.19 55.58 18.37 18.86 201.50
804 35.22 31.46 15.70 23.99 208.65
805 35.03 64.87 18.93 23.90 83.95
806 35.10 90.11 15.03 49.79 30.71
807 35.06 18.96 14.84 27.22 208.74
808 35.28 40.16 18.19 21.19 219.99
809 35.34 60.28 17.87 19.49 149.72
810 35.31 83.40 21.71 112.00 34.28
811 35.40 51.55 18.16 18.83 217.21
812 35.31 78.24 22.54 170.99 38.99
813 35.47 88.27 17.31 57.92 35.25
814 35.14 6.64 9.39 13.97 186.70
815 35.27 8.00 10.26 17.06 174.19
816 35.45 20.93 14.29 26.45 209.26
817 35.50 42.67 17.17 18.46 217.81
818 35.22 12.48 12.05 34.23 197.32
819 35.52 22.64 13.43 21.76 209.55
820 35.29 67.30 19.40 56.41 76.16
821 35.20 10.25 10.90 25.00 176.30
822 35.49 24.74 16.11 22.32 223.18
823 35.62 70.47 20.80 165.49 41.69
824 35.40 16.76 13.26 30.67 197.12
825 35.65 27.25 16.09 22.80 209.33
826 35.62 35.92 17.79 21.21 213.61
827 35.85 45.32 17.78 17.04 199.43
828 35.58 57.56 19.97 20.72 129.15
829 35.99 73.09 22.21 169.52 38.54
830 35.92 47.96 17.93 17.27 218.30
831 35.92 15.35 13.50 25.84 203.03
832 36.03 85.81 25.15 85.87 37.54
833 36.10 33.51 18.86 18.91 204.68
834 36.16 38.36 17.38 18.51 186.90
835 36.14 80.93 26.35 119.47 38.84
836 35.82 5.23 8.72 7.11 159.78
837 36.18 9.13 11.41 14.45 172.04
838 36.14 29.25 17.53 20.68 200.05
839 36.18 11.33 13.05 17.27 190.50
840 36.15 65.53 24.35 167.10 50.43
841 36.11 18.61 14.34 18.86 209.33
842 36.12 13.71 15.61 21.58 206.93
843 36.18 90.33 19.82 36.65 26.65
844 36.31 68.23 25.20 200.60 44.95
845 36.40 53.05 20.63 28.76 133.38
846 36.53 75.43 29.29 145.90 39.24
847 36.44 58.66 21.65 80.09 75.79
848 36.37 4.89 8.94 6.33 145.92
849 36.59 50.36 19.48 25.77 150.35
850 36.43 55.66 20.66 50.35 104.84
851 36.54 6.60 8.56 9.00 129.50
852 36.52 60.94 25.12 91.49 59.66
853 36.61 78.07 29.77 120.28 37.65
854 36.63 24.06 15.34 18.23 196.75
855 36.89 31.21 19.49 18.28 181.95
856 36.83 40.66 18.33 20.20 165.49
857 36.91 43.14 19.44 22.30 166.62
858 36.49 15.89 15.09 15.91 200.36
859 36.54 17.25 14.21 15.24 203.29
860 36.84 20.93 14.95 17.33 181.11
861 36.87 63.33 26.72 196.10 47.95
862 37.03 35.23 19.31 19.82 155.57
863 36.83 83.15 30.87 71.13 34.86
864 37.01 26.69 16.52 16.89 179.29
865 37.01 87.37 26.15 47.15 33.43
866 37.12 70.57 28.43 140.85 39.83
867 37.23 90.43 23.09 22.76 85.08
868 37.03 47.89 20.77 30.22 128.98
869 37.15 45.42 21.06 32.20 128.90
870 37.64 13.52 15.18 17.77 123.16
871 37.17 15.26 14.88 16.25 185.21
872 37.29 92.68 17.54 13.06 100.25
873 37.20 84.72 24.65 41.20 40.02
874 37.40 5.13 8.81 7.46 57.36
875 37.45 56.98 27.70 176.82 55.96
876 37.47 37.75 20.37 27.98 122.71
877 37.39 54.28 25.40 157.08 58.32
878 37.44 73.34 32.45 127.18 36.32
879 37.47 11.68 13.85 16.19 131.70
880 37.45 67.77 30.59 191.38 40.91
881 37.35 9.75 12.71 12.65 116.97
882 37.52 18.10 15.63 16.53 162.18
883 37.55 28.92 19.49 20.91 136.61
884 37.54 33.25 20.03 25.06 105.31
885 37.64 65.18 32.30 196.97 45.46
886 37.72 59.22 29.90 205.58 49.53
887 37.57 80.06 41.73 78.25 38.50
888 37.68 23.14 16.48 20.19 161.58
889 37.60 51.81 24.40 146.90 62.82
890 37.71 61.46 32.01 208.44 47.35
891 37.78 7.16 10.59 13.27 66.25
892 37.72 76.62 38.40 95.92 37.36
893 37.86 49.31 25.25 133.67 63.10
894 38.07 25.33 18.42 23.57 123.60
895 37.97 41.73 24.40 52.42 79.70
896 38.13 46.73 24.75 167.38 61.20
897 38.12 44.25 25.59 142.81 62.37
898 38.00 82.75 52.26 58.33 44.41
899 38.09 39.63 24.38 71.04 75.96
900 38.40 88.20 38.27 23.49 125.51
901 38.15 20.47 16.43 21.66 121.18
902 38.18 85.20 43.79 43.70 48.02
903 38.19 35.24 23.12 47.80 78.20
904 38.46 71.71 45.66 119.98 40.76
905 38.29 92.37 27.72 7.81 142.68
906 38.34 9.65 14.27 28.24 68.39
907 38.46 69.17 37.69 114.20 38.52
908 38.47 55.71 33.36 191.38 47.59
909 38.56 63.07 36.42 174.59 44.18
910 38.74 53.22 32.49 200.56 52.66
911 38.39 91.11 35.57 13.43 168.00
912 38.60 66.64 39.74 150.81 41.43
913 38.57 18.71 17.31 31.85 88.31
914 38.70 74.41 50.06 108.58 41.79
915 38.50 11.87 15.56 27.12 72.21
916 38.45 16.94 17.94 27.24 85.71
917 38.55 37.29 25.34 95.10 61.84
918 38.72 33.21 23.74 138.83 49.90
919 38.91 50.75 33.88 187.32 54.45
920 38.76 77.48 57.58 61.22 93.86
921 38.63 7.44 13.58 51.27 36.45
922 39.18 40.66 29.64 194.50 54.17
923 38.78 79.84 57.03 59.52 75.76
924 38.82 90.10 38.24 15.88 181.98
925 38.81 23.40 20.82 46.86 74.20
926 39.00 42.97 28.25 210.97 53.36
927 39.12 57.92 35.71 180.84 47.24
928 38.98 60.47 39.27 202.38 46.06
929 39.13 48.14 33.48 206.07 51.19
930 39.25 83.38 55.45 32.91 151.90
931 38.98 26.26 23.76 132.27 54.85
932 39.20 30.85 25.40 184.75 51.87
933 39.35 5.52 12.08 65.22 31.01
934 39.21 13.92 18.77 117.02 44.87
935 39.16 20.50 19.93 90.82 53.65
936 39.14 92.09 32.30 8.46 148.38
937 39.48 45.29 30.14 206.44 47.63
938 39.39 64.70 50.13 118.18 43.79
939 39.42 38.37 32.24 188.68 49.80
940 39.29 16.03 19.62 108.38 51.97
941 39.56 9.32 17.99 119.91 36.51
942 39.46 35.45 30.72 180.36 51.66
943 39.45 11.51 18.65 131.76 44.71
944 39.61 28.47 26.58 166.62 49.29
945 39.54 69.86 60.86 104.70 51.57
946 39.89 87.15 59.82 17.27 185.12
947 39.85 17.86 21.76 146.13 46.71
948 39.58 72.46 68.16 77.33 60.98
949 39.67 75.36 69.58 54.09 167.43
950 39.70 55.34 41.19 162.90 48.28
951 39.68 67.14 57.16 110.49 48.97
952 40.00 78.39 72.39 36.47 191.30
953 39.98 22.25 23.71 164.61 48.17
954 39.84 25.49 26.16 148.33 48.13
955 39.90 62.52 61.06 121.20 43.92
956 39.79 89.69 57.47 14.17 189.23
957 39.83 92.84 34.97 5.00 131.24
958 40.10 52.63 51.19 158.76 54.36
959 40.07 32.94 31.89 195.69 45.82
960 40.10 49.48 45.08 172.18 50.06
961 40.12 60.01 56.85 153.71 49.69
962 40.31 7.52 17.82 112.36 30.95
963 40.20 42.69 39.27 199.25 49.22
964 40.31 46.86 47.34 187.32 49.62
965 40.43 19.98 26.63 177.23 45.07
966 40.53 80.85 77.88 25.19 196.05
967 40.50 12.41 23.66 154.60 39.14
968 40.45 37.34 37.43 176.99 45.97
969 40.43 57.45 54.97 129.39 52.53
970 40.70 70.65 82.44 51.33 193.95
971 40.32 91.74 39.15 6.79 184.26
972 40.52 15.34 23.70 162.08 41.20
973 40.58 83.98 94.07 21.19 208.86
974 40.68 39.90 46.50 189.24 50.08
975 40.67 67.81 80.13 76.53 186.20
976 40.39 90.01 52.95 13.46 181.39
977 40.61 30.13 37.04 151.38 45.06
978 40.45 75.53 66.12 56.07 195.86
979 40.56 64.87 72.14 89.18 92.19
980 40.81 73.25 91.61 43.79 202.70
981 40.70 27.76 31.26 135.66 46.69
982 40.81 5.51 15.30 73.62 30.43
983 40.86 35.14 39.27 182.04 49.41
984 40.81 55.01 67.78 132.85 64.59
985 40.95 9.91 23.80 122.83 35.20
986 40.90 50.69 63.56 133.28 68.81
987 40.97 44.77 50.23 144.36 58.95
988 40.94 62.01 82.40 120.11 69.28
989 41.11 25.36 33.00 154.27 42.48
990 41.16 18.15 32.35 153.82 43.21
991 41.11 23.52 35.49 167.72 46.47
992 40.97 91.34 56.17 7.93 170.33
993 41.26 32.06 43.43 153.37 47.25
994 41.23 47.75 63.73 117.08 63.01
995 41.31 59.48 82.29 83.90 193.32
996 41.22 42.10 50.48 153.20 62.85
997 41.27 77.81 91.50 23.97 206.42
998 41.57 13.31 32.09 138.50 46.40
999 41.51 53.10 86.20 89.85 196.28
1000 41.60 86.29 83.39 12.25 195.20
1001 41.22 90.05 68.17 10.03 184.37
1002 41.58 93.87 30.24 4.64 94.15
1003 41.53 22.03 35.30 144.02 50.70
1004 41.77 63.88 91.02 67.92 217.14
1005 41.53 38.05 58.17 141.00 69.68
1006 41.74 75.04 97.45 23.01 213.63
1007 41.53 7.32 24.88 92.29 50.49
1008 41.45 20.22 35.88 138.55 44.62
1009 41.67 56.86 81.78 80.96 207.36
1010 41.73 66.30 95.55 58.84 220.66
1011 41.76 82.89 98.50 14.84 207.42
1012 41.39 91.82 57.60 7.40 159.90
1013 41.68 89.03 63.27 10.08 181.78
1014 41.83 15.92 34.46 147.21 46.49
1015 41.77 29.08 52.14 128.89 58.42
1016 41.84 33.80 56.99 129.93 67.66
1017 41.87 69.09 106.19 43.44 219.58
1018 42.08 40.41 69.90 103.93 185.55
1019 42.08 45.25 81.01 101.01 197.37
1020 41.97 50.28 82.51 83.14 207.69
1021 42.11 79.98 115.01 17.57 220.39
1022 41.95 11.36 34.23 112.00 72.93
1023 42.07 71.90 117.39 25.48 221.32
1024 42.25 36.18 64.01 102.85 183.67
1025 42.29 42.90 73.64 106.01 197.22
1026 42.16 61.33 102.40 59.85 218.73
1027 42.00 20.66 38.14 139.95 53.62
1028 42.13 26.80 56.58 108.96 86.81
1029 42.15 24.32 47.82 131.16 83.81
1030 42.26 18.39 46.90 129.95 67.00
1031 42.46 47.31 81.88 72.37 217.97
1032 42.51 54.95 101.21 58.79 220.89
1033 42.41 31.33 66.46 120.06 118.38
1034 42.61 7.77 35.64 59.31 157.62
1035 42.49 5.94 24.85 43.69 160.59
1036 42.55 58.74 107.06 51.40 220.52
1037 42.64 76.60 123.92 16.78 204.84
1038 42.50 94.87 27.18 11.03 22.79
1039 42.62 92.08 50.39 14.90 62.32
1040 42.49 19.65 47.59 134.03 85.66
1041 42.73 89.46 110.99 23.28 132.61
1042 43.24 14.54 57.48 75.26 161.85
1043 42.85 38.65 86.63 77.06 203.93
1044 42.90 52.46 107.73 61.83 214.84
1045 42.79 21.86 54.87 118.90 153.11
1046 42.94 29.00 69.41 85.10 169.49
1047 42.81 68.07 119.52 28.72 229.88
1048 43.05 65.63 142.52 25.70 230.14
1049 42.98 81.27 118.74 16.73 183.71
1050 42.87 85.87 106.09 18.23 134.45
1051 42.81 11.72 46.66 68.73 155.51
1052 42.96 33.64 72.52 85.30 192.41
1053 43.14 63.34 119.89 31.97 231.77
1054 43.09 49.64 103.69 51.50 228.07
1055 43.02 73.71 131.88 18.60 208.88
1056 43.03 82.83 100.28 17.62 172.66
1057 43.28 70.63 118.00 19.42 217.03
1058 43.20 24.59 69.67 85.48 188.47
1059 43.33 56.65 130.26 31.34 231.97
1060 43.42 41.12 101.79 53.46 214.06
1061 43.36 44.19 99.96 46.06 221.07
1062 43.46 61.00 120.55 31.02 225.80
1063 43.56 78.53 128.19 17.96 185.08
1064 43.57 18.75 67.08 73.81 168.81
1065 43.59 27.03 84.80 49.30 192.37
1066 43.81 9.26 55.14 33.57 176.00
1067 43.37 20.21 66.66 81.32 184.46
1068 43.40 5.05 32.41 25.43 179.46
1069 43.55 36.33 98.42 58.75 226.19
1070 43.75 90.86 80.15 71.81 45.93
1071 43.88 58.72 135.07 28.06 227.04
1072 43.83 31.32 92.42 52.47 206.43
1073 43.65 47.30 119.68 43.16 234.31
1074 43.93 53.92 131.70 29.50 220.31
1075 43.78 93.56 45.14 58.28 27.96
1076 43.76 6.64 47.80 30.52 182.29
1077 43.86 75.59 141.64 18.30 165.13
1078 43.85 87.65 108.36 54.62 59.59
1079 43.89 67.79 129.34 19.95 213.21
1080 43.99 83.99 123.94 39.45 71.24
1081 44.05 16.94 73.21 73.24 191.27
1082 43.90 21.93 83.07 68.09 205.36
1083 44.05 50.64 117.58 31.30 232.68
1084 44.03 33.85 101.43 45.04 223.16
1085 44.09 38.45 104.19 34.83 226.07
1086 44.15 72.72 146.99 20.53 192.57
1087 44.15 80.79 141.14 36.19 88.84
1088 44.24 4.84 38.56 14.52 173.21
1089 44.32 29.05 104.00 38.37 205.47
1090 44.31 10.54 65.81 32.34 184.55
1091 44.28 12.05 76.05 40.52 205.20
1092 44.17 65.13 167.06 21.65 206.26
1093 44.42 62.81 154.35 23.00 223.30
1094 44.33 13.58 70.74 46.11 194.30
1095 44.41 42.63 126.66 36.71 219.08
1096 44.44 24.84 96.78 35.27 201.26
1097 44.45 45.32 129.06 28.66 225.50
1098 44.29 7.27 52.24 19.48 168.62
1099 44.24 23.48 96.17 46.83 204.50
1100 44.56 56.03 151.93 24.01 230.10
1101 44.60 70.35 164.30 22.43 182.28
1102 44.81 40.14 140.29 24.90 231.38
1103 44.71 48.04 135.58 23.86 231.98
1104 44.74 35.87 122.75 27.81 223.85
1105 44.87 60.62 160.28 26.32 210.52
1106 44.92 76.96 158.97 47.68 91.18
1107 45.00 93.68 58.20 88.76 31.40
1108 44.83 19.20 91.63 33.51 192.33
1109 44.93 51.84 149.29 23.54 230.85
1110 44.99 26.66 119.47 27.97 196.36
1111 45.08 85.48 131.77 97.49 44.77
1112 45.06 21.64 109.56 29.89 201.86
1113 44.74 65.54 128.09 21.03 183.71
1114 45.02 74.25 165.20 49.49 81.53
1115 45.16 88.14 130.11 131.35 41.58
1116 45.20 90.82 95.12 128.24 40.63
1117 44.98 7.61 65.93 16.51 172.96
1118 45.03 33.14 127.14 25.17 214.76
1119 44.94 67.64 175.59 38.94 159.05
1120 45.07 58.22 172.18 31.33 210.80
1121 45.27 30.89 126.67 25.03 206.83
1122 45.08 17.81 98.65 31.02 198.77
1123 45.40 82.81 144.18 143.70 52.84
1124 45.38 37.78 135.46 23.06 224.16
1125 45.37 54.15 177.30 31.85 219.40
1126 45.26 79.65 170.55 143.32 60.02
1127 45.37 5.44 53.94 9.97 162.18
1128 45.39 8.96 84.07 16.82 178.94
1129 45.50 43.97 163.17 31.48 188.44
1130 45.50 11.33 93.52 18.44 190.20
1131 45.33 15.91 92.72 24.49 192.16
1132 45.37 63.91 173.82 32.15 117.38
1133 45.58 28.59 130.86 24.87 197.90
1134 45.41 13.62 101.88 22.64 190.24
1135 45.59 41.66 160.90 28.72 214.36
1136 45.69 72.15 183.72 145.88 60.49
1137 45.57 46.30 167.36 32.00 197.19
1138 45.60 49.66 178.22 37.95 188.12
1139 45.70 24.12 125.86 29.47 175.70
1140 45.85 66.26 183.92 149.99 86.98
1141 45.66 69.41 187.12 63.92 81.03
1142 45.83 34.95 166.36 28.88 212.07
1143 45.82 56.46 191.02 61.86 145.75
1144 45.99 61.68 201.83 113.32 91.05
1145 46.13 18.38 119.50 25.14 180.78
1146 46.01 59.23 203.36 119.33 108.02
1147 46.09 52.26 208.42 88.76 115.99
1148 46.14 75.32 167.88 193.73 53.17
1149 45.96 21.10 121.33 27.94 164.67
1150 46.14 26.36 151.16 39.09 143.31
1151 46.23 32.71 161.44 30.95 180.15
1152 46.22 39.46 186.47 51.25 120.45
1153 46.31 78.35 164.87 194.71 48.31
1154 46.12 14.84 113.33 22.76 162.00
1155 46.11 94.82 46.07 76.77 25.72
1156 46.34 47.74 196.04 93.94 104.54
1157 46.55 86.55 153.63 167.00 42.76
1158 46.45 6.12 71.68 13.67 137.60
1159 46.40 36.66 188.27 43.96 164.99
1160 46.49 64.31 187.81 203.88 67.34
1161 46.58 81.17 173.16 199.01 50.98
1162 46.65 92.45 85.89 117.12 36.48
1163 46.53 30.43 169.63 44.49 123.44
1164 46.63 89.50 129.61 154.03 40.92
1165 46.37 3.68 38.20 7.04 114.72
1166 46.50 8.18 94.90 18.99 140.61
1167 46.49 11.11 114.49 22.12 156.15
1168 46.64 54.76 203.25 166.50 72.12
1169 46.70 68.15 193.78 229.09 61.27
1170 46.54 21.82 149.90 50.44 105.88
1171 46.53 42.35 187.42 112.34 95.58
1172 46.67 45.05 202.76 139.50 88.63
1173 46.77 70.62 194.24 217.76 57.69
1174 46.65 28.30 169.50 56.00 117.50
1175 46.75 50.07 208.97 182.03 79.45
1176 46.84 83.81 146.98 153.07 43.95
1177 46.73 23.99 160.16 68.37 87.66
1178 46.92 4.24 51.66 20.25 69.74
1179 46.88 57.44 207.69 213.06 67.28
1180 47.02 72.91 189.07 231.54 50.79
1181 46.85 94.86 43.90 63.07 24.24
1182 47.13 34.56 181.16 119.47 81.15
1183 47.26 59.84 195.51 230.48 62.06
1184 47.13 62.21 206.20 239.45 58.51
1185 47.26 37.50 189.54 141.98 72.22
1186 47.11 19.42 153.44 85.63 88.76
1187 47.30 52.37 203.46 229.38 65.07
1188 47.47 66.42 193.66 237.32 55.56
1189 47.37 77.55 173.59 182.37 47.33
1190 47.26 26.20 173.10 153.58 69.87
1191 47.32 40.34 193.61 208.76 69.40
1192 47.21 15.68 148.24 60.29 75.63
1193 47.37 47.44 216.92 227.69 68.07
1194 47.48 75.12 184.29 236.22 51.99
1195 47.33 10.26 131.44 51.99 71.98
1196 47.43 31.81 184.41 202.40 64.55
1197 47.44 21.15 162.44 142.22 66.59
1198 47.58 43.01 199.07 234.80 64.72
1199 47.49 7.73 116.18 54.78 55.80
1200 47.54 5.70 85.14 44.45 51.59
1201 47.70 80.47 159.73 172.84 48.71
1202 47.63 28.93 183.13 194.78 66.34
1203 47.76 64.07 199.60 242.99 55.19
1204 47.81 88.29 145.37 122.92 44.86
1205 47.84 54.62 207.14 245.84 63.28
1206 47.79 23.26 166.10 180.52 57.05
1207 47.74 93.95 58.02 46.51 31.29
1208 47.93 68.84 186.86 234.86 55.80
1209 48.04 91.05 110.20 89.05 41.50
1210 47.73 17.54 160.64 115.18 55.73
1211 48.03 45.39 208.84 244.79 63.57
1212 47.94 50.07 211.08 243.31 61.36
1213 47.76 15.44 159.97 102.75 60.75
1214 48.07 85.77 161.77 146.23 47.45
1215 48.04 13.64 151.80 142.90 54.35
1216 48.00 57.36 218.72 247.30 62.85
1217 48.13 71.31 198.41 229.40 55.65
1218 48.03 19.46 158.13 191.13 52.75
1219 48.24 38.45 202.65 239.48 62.59
1220 48.23 33.66 194.21 226.62 59.02
1221 48.32 83.03 172.04 97.92 53.43
1222 48.47 36.14 195.38 234.31 58.54
1223 48.27 61.64 208.32 244.80 59.14
1224 48.47 10.12 145.82 169.22 46.87
1225 48.51 73.60 201.36 197.19 60.56
1226 48.35 26.39 171.94 227.61 53.79
1227 48.52 40.86 207.50 238.04 65.06
1228 48.51 78.76 190.70 115.56 55.93
1229 48.65 7.11 125.08 143.94 42.96
1230 48.64 52.57 213.14 238.57 65.10
1231 48.51 17.54 154.10 192.48 53.85
1232 48.55 31.00 184.18 238.48 58.38
1233 48.59 47.88 215.80 247.62 62.40
1234 48.72 59.55 208.64 246.50 63.67
1235 48.62 65.48 209.51 239.71 61.14
1236 48.65 76.20 196.48 135.65 57.49
1237 48.63 21.40 168.54 210.10 51.33
1238 48.79 5.34 95.64 118.89 35.60
1239 48.79 15.55 143.59 167.40 49.17
1240 48.82 95.43 44.08 19.50 92.61
1241 48.74 28.60 195.12 234.83 59.28
1242 48.85 43.34 209.38 242.34 65.77
1243 48.76 93.48 69.04 34.59 110.88
1244 48.86 24.37 182.84 222.70 53.86
1245 48.85 55.26 218.69 239.53 63.17
1246 49.04 67.60 209.25 216.46 66.35
1247 48.80 22.98 193.00 224.09 54.91
1248 49.10 63.36 209.13 201.74 59.12
1249 49.16 69.88 193.50 110.95 86.44
1250 49.07 88.74 123.35 41.75 149.20
1251 49.06 50.41 221.36 247.73 67.78
1252 49.35 81.18 159.00 53.49 185.03
1253 48.98 18.06 166.69 205.69 52.85
1254 49.26 57.49 225.01 194.79 75.22
1255 49.27 19.42 166.96 207.94 57.82
1256 49.27 34.40 211.31 232.81 62.31
1257 49.31 45.85 218.32 228.45 63.63
1258 49.51 72.31 201.83 107.18 165.03
1259 49.40 84.95 161.24 52.50 163.90
1260 49.65 91.88 86.81 26.83 178.38
1261 49.42 13.12 165.70 159.54 55.04
1262 49.40 38.48 207.88 223.99 66.80
1263 49.55 32.04 207.96 216.71 60.05
1264 49.53 26.59 183.84 179.00 71.90
1265 49.73 61.36 207.46 154.66 77.10
1266 49.64 10.51 162.68 135.39 50.98
1267 49.64 29.49 203.10 163.19 66.27
1268 49.72 41.08 216.44 217.53 70.73
1269 49.83 74.79 170.89 61.68 197.83
1270 49.71 77.90 171.07 70.19 178.50
1271 49.72 48.69 219.50 223.18 80.76
1272 49.82 65.82 212.81 91.27 184.96
1273 49.84 90.27 113.55 27.84 190.31
1274 49.62 93.77 54.12 14.29 142.86
1275 49.75 3.83 69.06 41.75 42.24
1276 49.71 8.01 136.86 88.02 51.45
1277 49.77 16.64 190.12 154.81 70.95
1278 49.73 22.65 184.67 134.04 66.27
1279 50.10 36.16 196.34 158.49 69.29
1280 49.90 51.96 217.53 149.20 88.58
1281 49.80 54.82 220.03 164.78 83.96
1282 49.58 95.93 33.67 7.17 90.50
1283 49.83 24.34 189.55 137.12 74.88
1284 49.92 5.68 106.68 56.04 58.92
1285 50.08 59.19 222.61 124.77 205.15
1286 50.22 96.46 28.93 4.47 81.46
1287 50.04 43.74 218.16 158.20 96.21
1288 50.01 21.01 170.67 134.85 84.38
1289 50.30 63.74 200.58 77.26 221.94
1290 50.40 68.20 187.15 58.36 210.26
1291 50.38 70.77 189.22 52.15 213.36
1292 50.44 14.67 173.75 94.34 111.04
1293 50.23 18.52 179.47 97.55 140.08
1294 50.41 33.48 215.28 121.16 138.35
1295 50.38 46.52 224.93 130.93 139.64
1296 50.48 83.19 156.47 25.76 203.16
1297 50.48 12.19 152.65 67.04 92.39
1298 50.55 56.83 213.56 91.81 215.16
1299 50.58 87.29 120.85 16.41 194.12
1300 50.53 38.72 206.89 112.13 162.18
1301 50.62 79.88 164.62 35.06 200.57
1302 50.54 28.04 181.07 95.52 172.62
1303 50.57 30.72 206.30 115.07 140.27
1304 50.47 94.43 51.56 9.05 159.67
1305 50.75 9.38 153.66 53.72 118.99
1306 50.65 25.36 186.86 107.82 129.05
1307 50.76 7.07 133.35 45.63 144.32
1308 50.77 49.46 210.39 99.89 216.96
1309 50.81 85.85 144.21 20.23 194.17
1310 50.84 54.13 208.71 84.87 220.64
1311 50.85 76.55 166.05 32.71 210.97
1312 50.89 3.94 62.45 16.90 120.63
1313 50.89 41.81 205.70 98.46 205.38
1314 51.01 73.26 179.77 28.95 213.48
1315 50.68 19.95 180.00 68.00 151.26
1316 50.95 22.59 177.28 55.62 190.57
1317 51.05 89.57 140.62 19.38 200.43
1318 51.17 60.74 194.40 49.88 226.24
1319 51.23 51.77 220.57 85.13 230.44
1320 51.17 65.92 189.86 37.42 225.43
1321 51.09 17.31 162.90 46.87 172.82
1322 50.99 92.02 96.61 12.76 199.41
1323 51.27 44.40 197.45 72.89 225.97
1324 51.33 63.17 200.20 43.07 225.77
1325 51.11 11.21 169.39 43.74 130.97
1326 51.36 34.66 195.70 56.59 193.38
1327 51.34 58.47 213.80 48.51 233.41
1328 51.21 95.02 47.62 5.88 156.10
1329 51.55 13.07 173.34 32.26 172.63
1330 51.34 20.18 180.26 45.86 181.51
1331 51.60 32.05 198.69 50.94 212.27
1332 51.49 47.27 215.89 54.69 222.92
1333 51.74 37.45 198.37 43.30 209.49
1334 51.55 70.79 177.89 24.50 232.91
1335 51.63 27.40 179.40 40.88 204.19
1336 51.61 39.84 210.28 54.18 215.09
1337 51.72 81.60 154.34 19.56 216.55
1338 51.60 93.58 71.81 9.23 184.03
1339 51.72 29.65 183.10 40.01 211.59
1340 51.66 68.30 176.40 28.37 233.97
1341 51.76 78.50 153.71 20.54 214.36
1342 51.81 84.37 158.85 16.34 213.80
1343 51.98 15.55 170.86 29.39 182.55
1344 51.76 18.89 154.45 33.67 187.86
1345 51.80 25.23 167.50 37.81 201.89
1346 52.06 7.28 116.35 17.34 165.16
1347 52.02 49.88 209.59 40.16 235.88
1348 52.07 56.63 198.36 35.40 222.15
1349 52.09 87.88 128.10 12.18 205.24
1350 52.05 4.06 62.82 8.53 147.74
1351 51.81 10.32 166.88 26.59 185.16
1352 52.01 75.41 160.62 17.93 223.98
1353 51.95 54.11 197.81 43.23 236.11
1354 52.25 91.66 96.32 11.44 200.30
1355 52.19 9.05 152.22 21.68 176.70
1356 52.17 22.26 179.87 31.26 202.01
1357 52.29 42.04 193.68 39.28 224.05
1358 52.38 35.51 198.29 36.96 216.22
1359 52.39 64.58 186.46 25.76 237.49
1360 52.32 61.95 194.46 30.81 227.34
1361 52.34 45.08 193.84 34.53 231.70
1362 52.50 72.53 163.05 22.61 213.59
1363 52.45 59.10 188.66 28.12 231.86
1364 52.55 66.91 182.61 27.19 230.77
1365 52.42 90.16 111.41 14.69 189.13
1366 52.50 20.26 157.58 22.54 188.24
1367 52.67 52.22 198.31 33.63 226.65
1368 52.72 33.31 192.58 34.20 215.48
1369 52.69 69.75 173.56 22.56 220.98
1370 52.60 94.41 61.29 5.96 131.90
1371 52.71 11.30 147.18 20.28 172.05
1372 52.65 47.82 189.25 32.64 235.71
1373 52.46 17.63 184.16 29.21 192.37
1374 52.69 26.19 184.54 30.52 180.54
1375 52.77 31.02 186.89 27.33 209.78
1376 52.79 39.68 199.47 36.17 225.83
1377 52.94 28.44 167.75 26.41 174.98
1378 52.89 80.18 148.54 21.14 210.92
1379 52.72 18.63 158.63 26.41 182.63
1380 53.02 83.10 145.19 20.00 201.99
1381 53.10 86.02 129.09 16.92 187.48
1382 53.11 77.42 149.37 51.44 198.45
1383 53.02 54.91 175.93 30.20 216.31
1384 53.00 5.98 103.50 12.98 125.84
1385 52.97 14.43 157.40 29.18 164.07
1386 52.95 16.97 163.75 27.50 178.88
1387 53.09 24.41 170.69 34.62 174.95
1388 53.16 37.24 195.02 32.70 203.96
1389 53.13 74.78 148.73 28.99 197.31
1390 53.23 43.60 201.09 31.01 229.23
1391 53.34 50.34 190.58 31.36 211.67
1392 53.18 8.56 128.03 19.78 112.36
1393 53.36 21.67 167.73 45.40 113.77
1394 53.27 60.70 185.94 33.48 218.19
1395 53.19 23.28 170.03 37.93 155.86
1396 53.31 88.73 131.82 30.20 171.85
1397 53.49 57.73 170.84 33.97 213.67
1398 53.45 63.02 179.09 41.64 207.78
1399 53.51 46.08 176.59 32.81 217.62
1400 53.57 65.43 171.72 56.00 188.28
1401 53.59 16.25 161.84 56.25 109.69
1402 53.57 19.06 169.41 44.71 100.83
1403 53.65 35.01 186.16 44.09 175.87
1404 53.59 67.95 168.58 71.26 127.14
1405 53.60 70.96 163.93 56.27 156.52
1406 53.74 41.60 199.62 83.30 149.29
1407 53.65 90.01 92.29 32.95 157.32
1408 53.64 91.31 86.26 41.38 149.28
1409 53.69 30.38 182.97 41.97 123.09
1410 53.80 48.23 196.15 86.42 165.37
1411 53.74 26.06 169.80 63.04 83.10
1412 53.79 39.14 207.22 87.19 134.35
1413 53.96 32.75 188.63 87.68 89.88
1414 53.97 52.65 192.56 71.29 120.96
1415 53.78 9.97 138.44 46.97 77.84
1416 53.96 73.50 163.19 95.98 94.26
1417 53.99 13.78 150.89 91.80 92.70
1418 53.99 79.18 150.95 78.43 88.92
1419 54.01 6.70 107.52 31.79 75.26
1420 54.01 55.13 176.38 101.42 177.10
1421 54.13 93.31 53.84 40.43 100.92
1422 54.21 28.36 161.40 101.34 66.07
1423 54.16 81.73 153.42 66.56 119.60
1424 54.14 84.50 135.24 60.69 86.88
1425 54.17 60.27 175.46 99.18 104.70
1426 54.26 76.54 139.22 102.07 65.01
1427 54.24 23.88 154.07 96.21 66.00
1428 54.30 44.37 194.46 111.16 100.39
1429 54.34 87.32 136.07 92.27 88.05
1430 54.41 37.14 193.27 180.54 76.63
1431 54.46 69.21 159.38 169.31 68.30
1432 54.47 50.01 179.18 152.19 97.13
1433 54.44 63.38 164.71 151.76 78.62
1434 54.65 66.21 153.16 211.86 64.12
1435 54.50 20.00 165.12 139.80 54.85
1436 54.50 21.35 156.70 151.44 53.72
1437 54.53 57.24 188.94 165.39 98.51
1438 54.42 9.78 121.93 78.39 57.64
1439 54.50 15.86 155.92 132.42 63.66
1440 54.61 18.12 165.85 134.76 59.04
1441 54.76 90.16 102.35 121.35 50.94
1442 54.79 12.17 128.46 138.64 49.83
1443 54.77 71.90 136.21 181.20 55.40
1444 54.80 39.76 165.60 207.18 71.09
1445 54.79 47.08 168.22 193.07 76.62
1446 54.79 26.16 155.78 191.48 51.52
1447 54.75 30.67 164.37 189.03 57.81
1448 54.82 35.04 179.89 197.18 64.00
1449 54.94 42.40 173.26 212.15 68.36
1450 55.06 54.87 149.70 186.34 70.80
1451 55.13 59.39 152.20 195.19 65.03
1452 55.08 74.72 132.76 182.45 52.01
1453 54.96 92.35 65.77 99.91 43.68
1454 55.04 8.29 105.06 99.65 41.22
1455 55.19 32.87 159.29 220.08 57.26
1456 55.02 95.14 31.46 49.61 29.98
1457 55.16 51.97 162.21 214.25 66.11
1458 55.12 79.87 113.47 147.40 52.65
1459 55.29 61.64 142.03 207.58 60.58
1460 55.26 82.99 118.84 154.38 56.07
1461 55.12 93.79 46.15 75.92 35.15
1462 55.21 5.91 85.15 80.60 35.86
1463 55.34 85.87 121.16 146.02 49.76
1464 55.30 10.36 121.32 153.22 44.63
1465 55.28 14.42 132.92 164.43 50.99
1466 55.39 24.16 143.62 201.30 49.38
1467 55.37 28.33 155.63 196.55 53.67
1468 55.43 68.08 143.53 227.93 53.16
1469 55.43 44.91 148.95 221.91 57.80
1470 55.52 64.15 129.84 219.59 53.78
1471 55.55 22.04 128.86 193.15 49.23
1472 55.64 77.37 118.17 177.86 46.01
1473 55.59 37.52 153.30 216.86 54.44
1474 55.60 49.42 152.92 230.18 63.07
1475 55.63 19.26 132.45 167.46 45.82
1476 55.74 70.44 115.53 212.62 48.46
1477 55.84 88.38 79.62 147.71 39.44
1478 55.77 57.68 141.10 219.17 61.07
1479 55.50 16.58 137.33 160.38 50.62
1480 55.84 40.62 143.29 205.46 54.98
1481 55.90 30.69 144.23 212.82 51.93
1482 56.00 35.03 142.88 221.12 53.05
1483 56.09 53.45 130.88 231.89 57.51
1484 56.11 47.23 137.76 225.99 59.64
1485 56.07 72.90 112.28 202.44 45.24
1486 56.24 91.49 64.03 142.54 35.94
1487 55.92 12.97 115.74 161.38 47.39
1488 56.01 26.17 133.54 175.16 47.06
1489 56.11 66.47 130.70 213.47 48.72
1490 56.19 94.28 33.01 72.61 28.82
1491 56.23 7.54 88.67 119.40 38.49
1492 56.26 42.95 142.55 180.99 59.26
1493 56.31 55.76 123.96 215.67 55.00
1494 56.44 81.85 89.93 180.55 42.07
1495 56.38 75.36 101.21 188.43 46.84
1496 56.36 5.39 60.47 85.24 35.40
1497 56.38 9.75 99.60 140.72 44.95
1498 56.50 79.35 105.31 175.56 43.79
1499 56.34 14.74 117.70 157.60 53.00
1500 56.52 32.89 136.38 187.84 55.25
1501 56.53 51.31 133.49 217.37 63.48
1502 56.54 59.59 121.48 173.41 50.29
1503 56.41 62.17 116.75 198.00 49.38
1504 56.49 15.99 102.44 144.87 52.27
1505 56.50 85.16 89.07 163.52 40.80
1506 56.44 11.85 101.89 141.92 49.81
1507 56.51 28.47 137.87 163.40 51.58
1508 56.67 38.93 145.32 195.54 73.48
1509 56.55 23.88 117.18 153.10 60.52
1510 56.74 45.21 132.85 206.50 62.65
1511 56.74 68.97 115.30 212.26 47.40
1512 56.58 18.00 114.16 134.61 61.90
1513 56.76 64.82 113.73 173.92 48.32
1514 56.65 20.87 116.92 153.21 58.11
1515 56.89 36.87 134.36 177.98 63.78
1516 57.00 49.21 120.62 190.23 63.99
1517 57.12 71.40 106.56 182.39 46.09
1518 57.09 41.08 117.32 134.36 77.58
1519 56.99 26.11 127.25 117.19 107.04
1520 57.04 30.65 133.91 149.42 89.01
1521 57.24 88.42 74.56 146.48 37.48
1522 57.26 57.00 107.78 152.70 55.15
1523 57.25 34.77 134.82 179.91 93.57
1524 57.45 76.98 90.60 171.00 42.71
1525 57.20 13.80 103.97 105.20 98.45
1526 57.30 54.18 102.13 188.51 59.95
1527 57.46 67.22 108.44 179.63 48.26
1528 57.47 73.97 103.16 172.32 44.14
1529 57.47 4.40 35.08 28.08 79.51
1530 57.37 10.79 83.28 99.91 93.02
1531 57.40 6.52 56.07 49.04 90.29
1532 57.43 63.15 110.68 202.27 54.26
1533 57.45 83.45 98.56 182.54 41.24
1534 57.45 43.42 120.12 160.29 83.47
1535 57.50 47.13 116.90 137.95 103.25
1536 57.55 60.98 110.89 177.80 55.85
1537 57.48 8.30 72.61 78.18 95.20
1538 57.44 16.20 96.15 67.81 136.56
1539 57.66 91.03 48.86 94.57 35.17
1540 57.51 22.09 97.16 83.98 142.37
1541 57.62 28.45 104.24 78.53 164.72
1542 57.63 24.09 87.38 58.19 170.40
1543 57.74 19.50 78.21 56.04 150.43
1544 57.82 32.27 109.07 82.88 182.37
1545 57.73 51.73 113.65 181.95 72.40
1546 57.78 80.47 88.48 130.45 41.54
1547 57.83 58.85 100.58 150.28 61.56
1548 58.01 38.97 95.91 54.87 188.56
1549 58.07 86.16 76.00 126.68 38.76
1550 58.02 65.48 95.47 139.49 61.73
1551 58.07 69.44 100.50 145.84 59.82
1552 58.31 11.78 73.81 41.60 146.47
1553 58.21 26.55 91.40 43.44 191.10
1554 58.22 36.62 89.14 67.07 193.38
1555 58.40 44.62 81.54 58.68 201.86
1556 58.33 49.45 92.81 95.15 201.97
1557 58.34 13.89 73.57 36.67 168.65
1558 58.28 41.67 92.32 72.55 198.94
1559 58.45 34.27 84.90 50.38 211.81
1560 58.36 71.99 91.89 134.76 54.99
1561 58.55 30.45 81.53 40.64 189.25
1562 58.29 6.56 48.41 22.15 132.29
1563 58.38 54.44 92.72 129.88 179.17
1564 58.60 56.63 90.78 117.38 167.88
1565 58.54 78.27 82.96 116.13 49.43
1566 58.53 21.07 77.78 37.59 183.19
1567 58.60 4.49 26.93 8.94 121.45
1568 58.60 16.65 73.61 30.01 180.57
1569 58.34 24.22 73.72 39.45 179.48
1570 58.55 63.24 85.67 118.35 192.64
1571 58.76 8.01 53.61 23.04 153.97
1572 58.60 75.13 95.73 127.74 58.52
1573 58.72 9.89 64.16 29.68 146.22
1574 58.66 46.96 92.32 59.43 209.76
1575 58.58 83.36 77.96 116.50 47.00
1576 58.77 89.33 54.56 97.24 39.04
1577 58.90 23.14 64.53 28.82 181.52
1578 59.03 67.82 75.18 74.43 206.58
1579 58.88 61.03 77.96 78.19 206.15
1580 58.98 28.18 70.40 27.70 191.86
1581 58.96 52.22 77.15 60.84 213.56
1582 58.81 92.72 34.37 42.64 30.51
1583 59.09 58.53 80.75 63.40 211.72
1584 59.09 18.32 60.75 20.78 169.34
1585 58.90 94.93 17.41 18.29 24.03
1586 59.06 80.92 73.39 81.48 83.47
1587 59.34 37.54 72.63 30.68 213.64
1588 59.22 65.44 80.12 84.42 206.23
1589 59.29 32.59 67.44 26.43 202.18
1590 59.28 40.20 71.67 30.02 224.17
1591 59.40 70.29 71.75 60.58 212.70
1592 59.35 25.52 57.66 21.22 162.24
1593 59.54 42.74 68.85 27.76 210.22
1594 59.39 86.55 63.24 92.45 78.26
1595 59.45 73.14 65.09 63.04 199.03
1596 59.59 55.22 72.81 39.94 225.40
1597 59.36 19.45 50.54 19.62 173.73
1598 59.57 14.39 47.75 20.03 149.33
1599 59.66 35.04 58.76 25.77 200.08
1600 59.67 50.25 72.39 32.32 220.30
1601 59.73 45.05 60.39 25.89 215.32
1602 59.75 47.71 61.23 24.93 215.56
1603 59.81 76.21 75.86 62.39 165.57
1604 59.54 83.12 71.51 51.12 128.15
1605 59.87 84.67 55.42 50.84 144.09
1606 59.80 30.42 53.83 28.87 165.04
1607 60.06 91.10 37.79 23.39 143.39
1608 59.98 15.95 41.99 20.10 122.36
1609 60.04 20.24 45.55 24.93 139.80
1610 59.85 63.37 70.31 46.73 218.43
1611 60.08 79.05 62.87 35.94 189.03
1612 59.98 8.77 41.17 13.57 100.98
1613 60.20 11.26 39.29 20.91 84.42
1614 59.79 93.00 24.14 17.02 107.70
1615 59.74 5.75 27.26 7.77 86.83
1616 60.01 60.12 65.78 33.34 227.07
1617 60.20 88.69 55.04 36.55 160.24
1618 60.16 23.32 40.05 23.38 131.33
1619 60.08 27.91 50.79 25.96 138.80
1620 60.29 57.63 65.25 28.98 224.71
1621 60.21 53.10 59.27 26.55 217.69
1622 60.36 81.62 59.65 35.17 195.48
1623 60.24 66.18 65.73 36.32 214.91
1624 60.18 94.26 18.29 12.65 84.74
1625 60.28 38.66 57.91 39.90 157.94
1626 60.52 68.57 57.98 33.72 225.94
1627 60.60 74.53 63.83 29.55 205.03
1628 60.47 41.10 49.91 30.77 186.07
1629 60.55 25.54 39.95 42.66 108.28
1630 60.34 33.00 44.40 36.59 115.45
1631 60.50 71.63 55.87 28.21 215.60
1632 60.61 7.04 22.92 12.58 62.53
1633 60.51 14.03 38.44 30.27 79.84
1634 60.61 36.34 54.71 32.74 111.86
1635 60.74 62.12 59.35 22.59 235.78
1636 60.70 45.78 48.52 42.82 123.98
1637 60.75 48.58 47.83 33.49 180.98
1638 60.76 17.40 33.05 38.92 70.87
1639 60.98 51.22 49.29 29.88 182.29
1640 60.91 55.78 45.85 26.21 199.64
1641 60.81 21.26 38.85 51.32 82.41
1642 61.10 77.19 54.52 23.73 205.30
1643 61.15 86.95 58.39 28.80 204.46
1644 60.95 27.99 41.82 82.98 53.09
1645 61.18 64.38 62.18 23.14 235.22
1646 61.03 43.31 45.31 54.71 105.27
1647 61.19 59.80 46.00 23.47 211.96
1648 61.24 32.58 36.23 153.91 51.67
1649 61.33 34.92 37.32 130.68 56.80
1650 61.16 38.51 47.30 110.02 84.16
1651 61.15 8.92 24.03 25.03 39.65
1652 61.26 11.55 31.34 51.02 43.64
1653 61.38 19.15 29.86 93.70 43.14
1654 61.51 66.53 44.24 20.27 192.37
1655 61.47 90.01 35.35 17.03 175.13
1656 61.46 92.25 21.10 9.73 159.69
1657 61.54 29.75 30.61 158.68 42.95
1658 61.37 53.71 47.62 49.14 132.09
1659 61.55 69.94 44.57 19.64 203.82
1660 61.48 80.31 44.82 16.78 204.92
1661 61.53 93.80 15.43 5.80 114.45
1662 61.38 41.11 45.47 99.84 70.04
1663 61.50 7.15 21.20 39.52 31.89
1664 61.67 14.81 26.33 99.32 40.46
1665 61.47 25.43 34.34 81.05 47.52
1666 61.63 46.53 38.37 162.06 67.12
1667 61.73 72.68 43.54 17.52 207.58
1668 61.88 37.01 33.04 182.62 46.98
1669 61.65 49.15 42.88 155.32 74.88
1670 61.82 58.08 44.87 49.73 108.69
1671 61.71 9.67 24.92 47.68 31.41
1672 61.90 21.58 26.30 137.16 43.26
1673 61.94 44.02 33.05 177.98 54.23
1674 61.92 17.40 25.07 119.34 37.88
1675 62.14 75.49 39.36 17.31 193.38
1676 61.96 27.44 28.92 148.60 44.21
1677 61.94 62.72 44.17 25.31 187.30
1678 61.98 55.91 40.61 134.47 69.95
1679 62.08 85.43 40.38 16.06 218.40
1680 62.19 39.48 31.98 189.79 48.40
1681 62.26 12.75 23.86 109.85 40.96
1682 62.23 51.33 36.98 166.09 61.57
1683 62.26 31.29 27.74 202.78 46.91
1684 62.37 24.06 25.21 151.94 43.01
1685 62.46 41.75 28.89 196.45 48.01
1686 62.22 60.71 41.67 38.56 133.00
1687 62.61 6.70 14.05 58.03 31.06
1688 62.45 33.64 26.26 178.48 45.72
1689 62.35 53.72 36.01 199.06 61.49
1690 62.55 78.67 34.32 15.55 181.53
1691 62.39 83.91 39.24 15.21 208.65
1692 62.32 67.60 39.44 27.97 87.13
1693 62.42 88.08 33.42 15.39 196.44
1694 62.74 8.95 16.91 71.09 32.25
1695 62.69 81.65 36.25 19.12 170.76
1696 62.63 48.59 29.18 193.50 51.64
1697 62.77 19.48 21.01 133.14 45.15
1698 62.66 70.44 35.71 27.08 115.38
1699 62.82 35.62 27.12 177.43 56.79
1700 62.80 46.09 27.28 194.70 50.07
1701 62.86 26.42 23.05 161.95 45.23
1702 62.95 57.60 31.34 190.15 49.87
1703 62.82 86.52 32.40 14.65 192.65
1704 62.92 92.30 16.41 6.08 155.96
1705 62.94 73.09 32.05 25.42 97.65
1706 63.03 11.53 20.59 96.25 38.36
1707 63.00 29.18 22.60 137.37 46.68
1708 62.90 62.56 32.49 155.73 55.27
1709 63.07 14.20 19.67 121.04 42.51
1710 62.98 16.71 20.73 140.97 58.23
1711 63.09 59.94 31.52 192.24 52.56
1712 63.14 37.74 25.18 180.65 49.19
1713 63.22 55.38 29.38 216.62 48.71
1714 63.26 44.05 26.04 200.86 51.44
1715 63.26 68.48 32.10 129.40 51.82
1716 63.37 66.22 29.22 161.05 46.30
1717 63.26 22.28 19.62 153.02 54.08
1718 63.28 90.87 20.44 6.96 144.95
1719 63.34 31.51 22.44 172.81 59.62
1720 63.45 52.88 28.63 208.13 51.30
1721 63.45 50.50 26.69 197.91 54.56
1722 63.56 84.29 28.95 23.74 132.01
1723 63.53 39.93 23.77 163.10 70.00
1724 63.38 75.61 34.75 34.04 73.32
1725 63.68 64.00 26.32 186.64 43.99
1726 63.64 42.06 22.41 173.35 64.91
1727 63.75 87.06 25.34 24.99 135.82
1728 63.64 25.20 19.94 114.23 105.66
1729 63.61 78.02 32.47 26.49 89.67
1730 63.72 33.56 21.42 152.02 93.32
1731 63.76 47.83 23.18 185.87 58.83
1732 63.75 70.93 31.26 102.41 41.74
1733 63.87 18.99 18.14 103.72 127.79
1734 63.83 27.86 18.37 148.36 113.23
1735 63.83 10.52 15.21 90.31 76.36
1736 64.05 61.64 26.41 202.82 44.97
1737 63.92 17.70 18.16 124.84 121.46
1738 63.99 6.53 11.23 41.36 64.66
1739 64.00 35.74 21.17 164.52 101.73
1740 64.16 73.60 26.90 140.52 41.06
1741 63.99 8.54 13.36 51.20 80.78
1742 64.04 16.06 17.53 112.53 141.40
1743 64.23 45.79 21.82 162.19 108.50
1744 64.19 59.23 25.88 215.21 46.17
1745 64.03 12.70 15.35 79.81 104.86
1746 64.25 14.56 15.42 74.56 133.93
1747 64.29 56.82 25.20 205.80 51.06
1748 64.34 30.75 18.73 77.96 168.24
1749 64.43 38.23 20.04 95.12 189.64
1750 64.43 54.35 24.78 184.31 53.02
1751 64.38 68.50 23.50 180.23 37.36
1752 64.28 21.20 18.36 85.55 148.96
1753 64.37 22.67 16.68 79.18 178.54
1754 64.59 43.67 20.41 122.98 182.45
1755 64.46 78.86 24.94 123.80 45.94
1756 64.53 52.01 22.82 153.77 74.96
1757 64.53 76.01 24.12 131.04 40.95
1758 64.42 89.95 14.08 18.17 91.33
1759 64.51 83.09 26.03 106.33 64.15
1760 64.51 49.71 23.25 153.94 77.90
1761 64.64 65.59 22.59 184.92 41.60
1762 64.39 16.87 14.62 87.00 147.12
1763 64.73 41.16 19.65 73.48 203.30
1764 64.70 25.83 16.57 57.51 181.38
1765 64.71 23.78 17.04 59.54 178.93
1766 64.94 71.75 23.41 153.51 37.82
1767 64.61 85.22 23.94 94.12 58.47
1768 64.93 9.89 12.57 33.14 144.95
1769 64.77 13.04 14.24 41.78 142.70
1770 64.95 28.52 16.38 50.68 199.18
1771 64.94 33.56 18.16 80.22 182.93
1772 65.04 63.19 21.03 207.05 46.44
1773 64.92 19.38 15.66 55.18 180.75
1774 65.21 7.53 10.35 21.25 130.91
1775 65.11 47.62 19.78 88.13 203.58
1776 65.29 80.67 21.81 133.45 38.42
1777 65.06 17.79 14.63 44.39 177.45
1778 65.04 86.25 22.03 89.72 55.60
1779 65.10 36.37 17.85 82.11 194.19
1780 65.25 15.86 13.48 40.71 172.40
1781 65.30 60.85 19.44 168.30 53.07
1782 65.31 11.77 12.85 32.76 163.91
1783 65.25 58.34 20.33 158.84 61.41
1784 65.33 55.77 21.32 149.16 75.78
1785 65.40 21.41 15.14 46.01 194.77
1786 65.47 69.71 20.30 166.54 40.01
1787 65.24 87.61 18.11 74.17 43.78
1788 65.34 88.85 16.59 70.55 37.80
1789 65.46 90.55 12.92 54.98 33.90
1790 65.61 13.98 13.66 29.63 157.74
1791 65.53 39.82 19.33 48.19 225.10
1792 65.60 45.32 18.69 58.08 218.31
1793 65.55 67.11 19.97 165.16 40.75
1794 65.68 30.97 15.69 38.98 203.83
1795 65.60 50.32 19.00 67.75 214.07
1796 65.64 52.97 19.89 80.24 202.34
1797 65.66 74.31 20.63 133.07 35.11
1798 65.56 77.33 21.38 138.78 35.83
1799 65.69 23.81 15.07 38.40 182.38
1800 65.78 84.01 19.94 150.77 41.05
1801 65.89 26.17 15.05 32.30 183.17
1802 65.86 42.82 18.29 42.87 216.62
1803 65.90 64.81 19.47 133.81 65.54
1804 66.12 35.51 16.39 38.91 205.93
1805 66.23 38.09 16.73 33.21 207.81
1806 66.15 33.16 15.87 38.40 198.96
1807 66.05 28.69 15.95 31.25 190.54
1808 66.37 6.71 8.60 12.99 143.83
1809 66.42 19.07 13.01 38.65 151.34
1810 66.34 71.70 17.76 116.56 39.26
1811 66.38 86.91 14.87 112.07 33.26
1812 66.09 89.76 12.40 72.70 31.33
1813 66.25 16.83 12.92 34.18 149.51
1814 66.38 57.24 17.96 82.44 200.51
1815 66.38 59.93 17.31 101.43 185.45
1816 66.27 47.53 17.34 41.99 228.48
1817 66.50 54.51 18.10 52.24 220.68
1818 66.44 62.49 16.87 89.98 190.52
1819 66.56 81.85 18.70 137.42 36.88
1820 66.46 68.97 18.46 114.62 59.61
1821 66.61 79.10 18.55 142.53 36.40
1822 66.64 40.71 17.40 30.16 203.13
1823 66.56 88.88 11.60 85.04 29.13
1824 66.73 22.81 13.14 40.70 129.06
1825 66.72 76.38 16.95 114.68 38.67
1826 66.67 50.58 17.83 36.32 228.71
1827 66.67 66.58 17.80 88.86 128.77
1828 66.75 15.18 11.96 34.66 110.54
1829 66.98 45.45 16.94 35.73 220.61
1830 66.77 25.17 13.87 50.90 107.03
1831 66.90 90.25 9.68 56.33 20.28
1832 67.03 73.94 17.27 102.25 41.81
1833 66.88 27.34 14.94 57.58 121.42
1834 67.04 29.69 15.00 41.75 126.48
1835 67.08 43.13 16.48 36.80 205.12
1836 67.20 64.68 15.78 72.51 216.14
1837 67.11 31.91 15.37 47.52 126.13
1838 67.20 36.86 16.04 48.44 133.13
1839 67.47 52.80 15.75 33.29 216.37
1840 67.18 34.39 16.30 48.93 119.30
1841 67.42 84.40 15.08 119.83 35.32
1842 67.41 47.93 17.17 34.79 206.29
1843 67.46 58.32 16.10 46.76 225.73
1844 67.48 39.35 15.43 47.96 119.40
1845 67.57 60.79 16.49 58.47 231.82
1846 67.26 87.17 12.25 82.88 33.67
1847 67.54 69.29 14.93 60.23 173.20
1848 67.56 55.63 16.56 31.14 225.37
1849 67.48 10.44 10.38 58.89 68.79
1850 67.62 15.80 12.09 91.39 60.01
1851 67.61 21.91 13.53 113.24 64.22
1852 67.71 81.05 15.64 97.88 39.34
1853 67.69 26.41 14.00 161.81 58.63
1854 67.96 50.62 16.41 39.64 168.45
1855 67.88 62.99 15.28 41.21 229.72
1856 67.77 71.98 15.69 70.48 103.59
1857 67.80 78.10 15.76 87.86 43.09
1858 67.86 41.60 16.14 104.47 99.42
1859 68.10 66.65 14.71 37.56 210.74
1860 67.78 8.19 8.96 57.73 65.49
1861 67.93 75.86 15.84 83.32 62.65
1862 67.78 87.77 11.16 62.82 29.04
1863 68.39 89.42 8.46 40.93 27.02
1864 68.28 12.35 10.26 129.09 47.45
1865 68.02 24.60 13.65 139.00 48.52
1866 68.09 28.74 14.69 170.83 57.88
1867 68.08 30.93 14.68 157.15 61.36
1868 68.14 35.62 15.15 159.40 62.04
1869 68.13 33.21 14.75 141.18 60.17
1870 68.08 44.04 15.95 111.66 76.47
1871 68.37 17.96 11.67 159.23 42.42
1872 68.28 37.92 15.27 173.76 66.64
1873 68.22 46.24 16.35 117.49 86.69
1874 68.35 20.47 12.01 170.74 46.07
1875 68.35 73.31 14.29 50.52 164.52
1876 68.47 54.00 16.25 41.03 141.19
1877 68.71 59.16 15.31 34.44 217.04
1878 68.69 40.16 15.45 201.55 49.73
1879 68.57 56.68 15.46 35.24 209.53
1880 68.67 69.72 14.21 36.54 214.89
1881 68.60 82.72 14.00 70.68 85.55
1882 68.60 86.24 11.79 73.31 39.69
1883 68.90 9.20 8.84 97.39 36.40
1884 68.83 15.58 11.90 145.28 39.62
1885 68.82 79.29 14.54 57.70 155.54
1886 68.89 61.65 14.57 30.22 221.96
1887 68.92 64.46 13.11 25.70 225.10
1888 68.82 26.70 12.89 175.17 41.55
1889 68.78 80.99 13.88 58.42 125.54
1890 69.08 42.59 14.74 190.18 52.99
1891 68.68 83.84 13.07 80.07 87.21
1892 68.97 22.40 12.69 168.55 38.84
1893 68.88 77.26 13.91 36.17 167.61
1894 68.95 74.01 14.71 50.52 194.23
1895 69.29 44.91 15.56 208.17 49.57
1896 69.11 34.91 14.66 209.55 46.26
1897 69.19 47.43 15.97 175.25 59.21
1898 69.25 24.51 12.46 175.50 44.98
1899 69.23 31.97 14.03 162.33 40.24
1900 69.29 52.70 15.69 185.26 61.88
1901 69.26 29.50 13.10 177.43 52.36
1902 69.27 67.24 13.37 23.70 222.25
1903 69.34 76.04 13.44 38.41 191.82
1904 69.51 50.17 15.18 186.32 53.20
1905 69.46 38.01 13.84 190.17 47.12
1906 69.51 13.70 10.82 133.55 36.41
1907 69.42 55.43 14.87 151.70 80.57
1908 69.49 19.58 11.61 161.68 45.01
1909 69.66 72.09 14.00 26.67 216.04
1910 69.66 11.55 10.03 110.28 36.59
1911 69.86 85.93 10.62 51.74 146.98
1912 70.04 81.46 12.95 42.83 200.28
1913 69.78 89.49 6.78 21.47 27.95
1914 69.92 40.69 15.47 173.90 50.55
1915 69.90 17.01 11.46 114.25 52.98
1916 69.84 60.04 13.51 35.82 152.42
1917 70.00 69.63 13.17 23.13 217.08
1918 69.89 27.24 13.58 125.56 40.69
1919 69.95 62.77 13.59 33.83 177.69
1920 70.28 74.44 12.77 21.66 209.89
1921 69.94 78.78 14.04 46.53 209.23
1922 70.13 33.93 14.66 175.00 48.86
1923 70.01 7.94 7.97 66.78 48.03
1924 70.26 65.07 13.68 36.59 211.58
1925 70.30 36.43 14.78 183.85 48.71
1926 70.29 48.26 15.44 214.68 49.13
1927 70.16 22.05 12.18 159.10 58.46
1928 70.21 9.83 8.84 91.47 57.68
1929 70.37 54.33 14.99 218.58 47.53
1930 70.49 57.00 13.61 213.11 50.92
1931 70.32 24.93 13.23 115.20 70.20
1932 70.39 29.63 13.53 134.09 62.13
1933 70.46 43.28 14.24 180.20 50.67
1934 70.45 45.87 14.94 168.77 45.01
1935 70.47 51.97 14.43 225.34 46.58
1936 70.48 67.54 13.17 22.89 199.99
1937 70.49 77.02 13.00 29.40 212.09
1938 70.64 32.01 13.84 156.87 53.11
1939 70.53 14.92 10.45 89.31 87.19
1940 70.59 19.17 11.17 107.48 87.85
1941 70.71 38.88 14.24 146.22 93.03
1942 70.69 61.29 13.42 143.15 73.64
1943 70.77 87.96 7.49 16.29 117.25
1944 70.98 59.19 13.76 210.34 49.42
1945 70.92 71.70 12.44 21.79 198.38
1946 70.97 27.03 13.50 98.61 122.82
1947 71.12 50.07 14.87 181.16 43.35
1948 70.87 83.70 10.89 27.74 199.21
1949 71.11 41.19 13.67 147.56 94.27
1950 71.12 63.50 13.44 123.76 84.33
1951 71.49 10.60 9.19 39.32 132.85
1952 71.33 80.05 11.79 25.02 192.13
1953 70.92 23.68 13.67 73.92 124.92
1954 71.23 85.45 9.20 19.64 173.71
1955 71.32 21.38 11.50 62.96 143.91
1956 71.32 34.51 13.99 93.73 142.46
1957 71.07 78.20 12.21 17.63 184.84
1958 71.34 16.18 10.02 59.67 135.63
1959 71.55 45.11 14.72 172.22 93.23
1960 71.40 69.02 12.65 48.52 136.94
1961 71.27 12.04 9.00 42.34 117.47
1962 71.41 24.16 13.35 53.00 137.76
1963 71.47 47.57 14.92 170.37 86.82
1964 71.41 55.22 13.81 226.28 42.02
1965 71.38 66.09 11.93 144.68 75.04
1966 71.57 76.06 12.59 31.68 190.12
1967 71.63 13.60 9.63 40.94 136.52
1968 71.53 29.91 13.76 70.97 143.98
1969 71.25 13.15 9.22 40.78 127.11
1970 71.55 82.64 11.70 19.56 193.00
1971 71.66 36.94 14.13 74.25 175.60
1972 71.61 52.59 14.35 204.55 42.10
1973 71.83 42.88 15.11 102.61 161.90
1974 71.71 61.50 13.19 195.86 45.99
1975 71.89 57.23 13.50 214.67 40.72
1976 71.77 73.51 12.27 33.68 133.90
1977 71.99 18.91 11.36 33.92 165.31
1978 72.03 32.42 12.86 54.05 186.25
1979 72.02 39.60 13.79 63.14 160.09
1980 71.90 15.01 10.22 35.67 152.53
1981 72.09 25.40 12.72 39.39 168.47
1982 72.14 28.08 13.00 45.92 184.21
1983 72.08 71.08 13.43 110.28 63.90
1984 72.30 64.03 12.76 197.00 46.22
1985 72.39 78.07 11.31 50.94 163.04
1986 72.34 49.67 14.53 114.38 151.47
1987 72.37 59.40 12.86 201.59 39.40
1988 72.21 87.44 6.55 6.57 141.54
1989 72.19 85.37 9.12 9.84 182.95
1990 72.36 17.26 11.20 33.82 165.22
1991 72.41 23.21 12.28 30.44 169.39
1992 72.55 34.91 13.72 37.46 204.72
1993 72.47 54.76 13.25 207.00 52.70
1994 72.48 66.51 12.31 199.37 50.74
1995 72.49 11.30 8.79 22.66 164.32
1996 72.52 68.73 12.59 167.80 47.37
1997 72.66 9.21 6.68 14.75 152.94
1998 72.38 82.08 11.00 13.03 191.18
1999 72.51 21.75 11.76 26.60 182.10
2000 72.67 47.14 14.22 79.14 192.52
2001 72.70 13.57 9.67 19.96 158.04
2002 72.71 20.25 12.03 23.11 178.30
2003 72.64 52.19 13.86 137.32 88.20
2004 72.58 83.46 9.98 13.81 180.98
2005 72.63 75.64 11.04 99.18 72.55
2006 72.94 80.69 10.86 24.89 190.62
2007 73.02 42.05 14.10 38.91 205.40
2008 72.91 44.61 13.81 55.77 204.70
2009 72.77 73.17 11.95 117.19 49.53
2010 72.82 15.68 9.71 22.84 150.73
2011 72.97 30.70 13.03 27.88 194.00
2012 72.88 37.55 14.54 39.55 205.52
2013 72.91 61.75 12.11 185.84 40.18
2014 72.97 7.64 6.10 7.60 117.73
2015 73.05 26.21 12.94 28.80 181.07
2016 73.10 57.39 12.65 187.07 58.38
2017 72.95 85.50 8.40 8.84 157.76
2018 73.24 70.67 12.31 155.25 43.31
2019 73.33 39.93 13.64 31.44 208.16
2020 72.98 84.43 9.89 10.22 181.33
2021 73.54 24.12 12.20 23.99 154.81
2022 73.48 28.36 12.88 25.50 181.13
2023 73.55 33.04 13.15 30.88 186.84
2024 73.46 50.24 13.68 64.86 208.91
2025 73.55 65.47 12.59 198.33 39.53
2026 73.27 73.86 11.71 117.36 46.07
2027 73.62 18.91 11.07 28.15 140.62
2028 73.62 59.62 13.06 163.96 47.92
2029 73.80 75.82 11.46 148.77 50.16
2030 73.58 21.90 12.01 29.06 146.32
2031 73.61 55.27 13.29 113.82 160.31
2032 73.82 11.33 8.48 18.36 145.90
2033 73.86 52.82 14.44 76.51 190.59
2034 73.72 78.58 10.39 121.75 46.17
2035 73.87 63.56 12.58 151.17 52.16
2036 73.89 67.80 11.78 184.15 40.31
2037 73.60 83.77 9.39 15.98 153.54
2038 73.77 35.55 14.11 25.05 199.74
2039 73.85 48.02 14.13 50.45 219.85
2040 74.04 16.68 10.29 40.66 120.98
2041 74.17 38.24 13.99 31.81 197.67
2042 74.10 45.71 13.38 34.30 218.00
2043 74.24 43.31 13.97 29.18 203.01
2044 74.21 72.86 11.71 174.63 40.71
2045 74.21 30.11 13.46 46.29 147.41
2046 74.23 61.48 12.79 123.78 126.94
2047 74.30 26.35 12.35 43.74 130.17
2048 74.37 57.52 12.71 83.65 191.97
2049 74.54 40.89 14.14 30.94 180.82
2050 74.47 70.29 11.78 183.31 37.47
2051 74.47 13.96 9.66 57.38 106.27
2052 74.59 80.50 9.82 102.64 41.94
2053 74.36 21.18 13.10 104.78 90.12
2054 74.58 23.83 11.39 69.10 86.76
2055 74.75 34.16 13.21 49.00 142.09
2056 74.70 50.27 12.97 30.67 215.02
2057 74.52 83.26 8.76 25.58 105.15
2058 74.67 31.99 12.79 85.05 104.09
2059 74.78 55.11 12.58 55.16 214.70
2060 74.69 84.67 7.62 19.50 85.48
2061 74.73 9.22 8.14 27.75 81.90
2062 74.66 19.33 12.04 85.33 80.81
2063 74.79 65.75 11.62 133.97 47.49
2064 74.89 77.63 10.83 161.21 39.48
2065 74.83 36.68 13.79 78.32 122.49
2066 74.94 59.45 12.44 89.41 195.41
2067 74.84 11.08 7.81 35.02 75.58
2068 75.05 47.47 12.93 25.42 221.63
2069 75.00 28.37 12.89 122.41 66.61
2070 75.09 16.27 10.57 100.74 52.18
2071 75.20 52.87 13.79 31.00 218.85
2072 75.20 62.88 11.75 84.02 176.25
2073 75.22 68.67 11.80 111.67 48.78
2074 75.30 74.53 11.59 185.57 37.99
2075 75.32 44.91 13.28 34.34 202.54
2076 75.29 21.52 11.36 167.09 45.68
2077 75.33 82.19 9.17 62.75 45.13
2078 75.26 26.00 12.13 129.20 60.06
2079 75.16 42.44 14.03 77.72 114.79
2080 75.15 85.10 6.96 19.52 51.74
2081 75.51 30.62 13.09 179.16 49.75
2082 75.24 39.05 13.60 100.26 104.51
2083 75.30 60.58 12.08 72.18 193.74
2084 75.38 13.88 9.34 100.32 45.95
2085 75.67 18.92 11.65 168.66 39.75
2086 75.72 71.47 11.24 146.25 41.19
2087 75.62 57.39 12.79 29.26 220.93
2088 75.64 11.58 8.47 88.78 41.93
2089 75.85 23.69 13.10 171.82 40.77
2090 75.66 33.34 13.95 159.48 51.96
2091 75.91 41.32 13.52 171.64 54.84
2092 75.91 66.84 11.93 110.57 164.71
2093 76.19 80.34 9.54 119.18 32.85
2094 75.80 50.97 13.07 25.77 223.43
2095 75.72 36.21 13.32 180.45 50.70
2096 76.09 48.69 13.12 35.25 212.39
2097 75.81 83.78 8.00 52.43 31.30
2098 76.17 64.64 11.82 64.40 191.88
2099 76.04 55.20 12.56 21.96 222.87
2100 76.09 28.15 12.89 217.85 43.95
2101 76.19 76.78 10.55 149.34 36.66
2102 76.18 9.97 7.55 77.84 28.51
2103 76.30 16.78 10.92 177.55 34.68
2104 76.21 38.98 13.75 195.43 53.03
2105 76.21 46.42 13.63 73.47 150.32
2106 76.07 61.73 11.87 39.05 218.92
2107 76.35 59.55 11.78 26.42 216.40
2108 76.47 52.98 12.97 26.89 221.29
2109 76.58 14.77 9.70 143.25 32.64
2110 76.44 25.69 13.37 216.21 40.72
2111 76.43 43.89 13.22 174.29 77.78
2112 76.53 21.37 12.06 198.85 34.40
2113 76.65 69.01 11.13 85.46 178.69
2114 76.63 12.66 9.06 114.33 31.88
2115 76.53 62.78 12.73 36.59 213.49
2116 76.50 73.58 11.45 122.70 81.29
2117 76.65 32.09 13.08 222.01 39.93
2118 76.71 34.58 16.16 232.76 48.37
2119 76.82 36.84 14.26 233.89 41.26
2120 76.72 83.02 6.58 54.69 27.76
2121 76.90 57.31 12.95 16.81 208.15
2122 77.00 19.07 11.11 190.79 32.99
2123 77.01 29.63 13.04 226.80 39.42
2124 76.91 10.72 8.20 87.73 27.88
2125 76.93 50.66 12.61 58.45 162.45
2126 77.30 71.15 11.23 99.47 187.56
2127 77.23 78.68 9.49 127.54 31.98
2128 77.25 23.88 11.72 206.25 37.19
2129 77.15 41.72 13.36 212.57 46.04
2130 77.25 61.17 11.96 22.00 222.23
2131 77.30 66.45 12.01 43.25 207.25
2132 77.32 46.25 12.80 213.02 54.94
2133 77.31 55.10 12.78 32.50 194.82
2134 77.18 48.40 13.19 150.33 88.12
2135 77.35 76.01 10.55 119.76 52.05
2136 77.35 27.29 13.02 228.78 42.42
2137 77.39 38.93 14.59 232.38 40.24
2138 77.67 63.78 11.43 26.36 199.60
2139 77.82 73.10 10.96 77.79 175.21
2140 77.76 16.63 10.52 172.48 33.26
2141 77.73 44.26 14.08 235.89 46.61
2142 77.86 59.20 12.06 20.98 196.35
2143 77.90 33.20 13.93 221.02 44.81
2144 77.93 11.14 7.86 99.05 27.77
2145 77.81 21.55 12.35 214.49 44.79
2146 77.88 14.15 9.60 157.49 29.20
2147 77.88 30.92 13.21 224.34 42.10
2148 77.84 35.77 13.28 196.97 42.03
2149 78.05 80.73 8.18 74.81 28.69
2150 77.85 50.54 12.96 194.41 65.40
2151 78.03 68.72 11.09 37.12 197.94
2152 78.30 40.47 13.95 225.28 39.89
2153 78.33 25.90 12.92 199.43 59.61
2154 78.25 57.31 13.23 41.20 176.12
2155 78.23 19.06 11.61 201.90 47.99
2156 78.36 48.13 13.03 222.75 42.75
2157 78.45 28.48 12.53 213.24 57.12
2158 78.44 42.71 13.85 241.91 43.27
2159 78.43 61.68 12.68 18.90 211.58
2160 78.49 37.90 13.08 214.39 46.02
2161 78.36 77.85 9.38 79.68 44.91
2162 78.44 55.21 12.33 160.84 73.78
2163 78.61 23.84 11.94 163.66 73.42
2164 78.74 45.89 13.05 229.93 36.90
2165 78.62 65.54 11.45 19.13 210.04
2166 78.62 53.02 12.16 196.31 53.11
2167 78.81 75.25 10.51 58.59 164.50
2168 78.74 71.04 11.06 41.05 197.07
2169 78.91 34.71 13.92 196.15 65.28
2170 78.88 50.57 12.79 226.80 40.70
2171 79.05 12.67 8.81 96.54 56.83
2172 79.18 15.04 9.94 122.32 51.96
2173 79.02 21.46 11.65 158.19 95.14
2174 78.97 30.86 12.32 153.29 134.04
2175 79.01 67.84 10.77 17.56 212.47
2176 79.12 17.15 10.93 147.88 76.97
2177 79.19 59.81 11.88 56.40 135.69
2178 79.40 62.84 11.65 29.59 163.02
2179 79.43 80.36 7.59 39.04 106.06
2180 79.52 19.25 11.43 142.66 97.11
2181 79.49 43.85 14.69 225.80 50.12
2182 79.42 57.72 11.37 141.93 64.36
2183 79.51 36.81 13.42 159.60 128.50
2184 79.52 39.10 13.39 194.50 87.76
2185 79.54 41.54 13.32 214.88 49.25
2186 79.31 69.08 11.66 15.66 205.90
2187 79.60 32.60 13.40 122.48 156.26
2188 79.54 55.31 11.98 202.94 45.21
2189 79.72 47.88 13.26 236.25 39.92
2190 79.69 26.38 12.86 119.94 161.58
2191 79.78 76.85 9.56 48.22 167.72
2192 79.71 28.52 12.31 141.05 173.40
2193 79.75 52.81 12.41 236.26 39.18
2194 79.81 65.54 11.50 18.77 181.51
2195 79.81 73.11 10.08 41.24 194.56
2196 79.91 23.46 11.73 110.19 163.51
2197 79.91 50.22 12.75 237.47 38.00
2198 80.04 70.69 11.44 21.05 210.26
2199 80.03 45.59 13.86 220.76 48.42
2200 79.97 10.71 6.26 38.12 85.93
2201 80.33 78.29 7.95 26.81 168.52
2202 80.31 30.76 12.58 79.74 197.24
2203 80.02 60.93 12.09 127.37 59.46
2204 80.34 35.07 13.22 113.70 198.20
2205 80.21 67.60 11.79 16.05 206.32
2206 80.49 12.44 7.97 40.83 131.02
2207 80.70 15.24 9.58 46.60 148.58
2208 80.54 17.13 10.24 57.30 149.16
2209 80.08 74.39 10.00 35.00 191.67
2210 80.50 20.55 12.00 95.28 158.99
2211 80.59 57.34 11.72 196.74 40.94
2212 80.68 40.07 13.34 153.47 199.41
2213 80.50 63.64 12.21 86.55 73.83
2214 80.74 37.54 13.12 111.54 202.47
2215 80.76 42.45 12.84 134.07 168.60
2216 80.81 24.82 12.81 75.42 191.53
2217 80.65 54.72 12.10 217.51 38.48
2218 80.51 74.81 9.06 28.16 190.55
2219 80.87 59.73 12.89 181.07 44.92
2220 80.58 21.74 13.33 73.92 168.00
2221 80.87 52.05 13.11 222.90 36.84
2222 80.93 33.09 13.42 60.25 212.14
2223 80.88 49.24 12.97 197.64 41.14
2224 80.86 65.70 11.74 49.35 129.98
2225 80.89 28.57 12.85 60.68 204.88
2226 81.05 47.01 12.95 132.09 182.30
2227 80.75 68.15 11.53 18.33 198.33
2228 80.78 72.34 9.39 18.06 199.36
2229 81.16 62.11 11.91 174.73 46.61
2230 81.25 44.43 13.23 138.01 188.56
2231 81.46 69.46 10.47 25.19 183.52
2232 81.34 22.64 12.15 64.13 189.93
2233 81.44 26.61 12.78 49.79 198.03
2234 81.29 77.23 8.64 13.68 179.89
2235 81.24 75.19 9.05 20.28 187.52
2236 81.24 71.70 10.87 12.00 195.35
2237 81.74 64.49 11.33 149.98 60.70
2238 81.39 66.43 12.47 71.53 139.20
2239 81.79 20.44 11.70 47.10 174.02
2240 81.69 30.76 12.59 44.59 201.80
2241 81.91 37.87 12.53 65.17 216.87
2242 81.79 56.06 12.68 216.37 40.23
2243 81.81 35.49 13.52 56.58 215.70
2244 81.71 53.85 11.92 209.48 44.91
2245 81.95 18.19 10.68 38.52 159.56
2246 81.77 50.46 12.83 179.73 60.28
2247 81.89 16.01 9.38 33.67 155.13
2248 81.98 58.31 12.16 202.69 40.98
2249 81.86 13.70 8.85 19.06 159.44
2250 81.90 40.13 13.55 69.27 223.89
2251 81.99 42.42 12.76 77.37 218.20
2252 81.98 33.16 14.22 41.60 218.18
2253 82.16 46.32 13.78 103.98 213.10
2254 82.22 24.85 12.69 37.23 199.03
2255 82.34 48.41 12.29 119.36 187.65
2256 82.25 60.60 11.97 182.40 38.81
2257 82.25 28.43 12.89 41.39 201.35
2258 82.17 67.20 11.09 138.56 77.36
2259 81.99 76.42 8.38 11.74 168.65
2260 82.34 52.19 12.91 158.06 124.79
2261 82.70 74.81 8.32 7.72 168.38
2262 82.45 23.12 12.11 33.36 183.04
2263 82.68 44.58 13.28 65.98 226.49
2264 82.65 62.82 12.83 193.48 41.50
2265 82.71 69.64 10.95 68.23 104.71
2266 82.55 14.43 8.40 17.00 142.90
2267 82.83 77.78 5.56 5.08 102.44
2268 82.86 54.57 12.85 149.72 111.90
2269 83.07 21.21 11.57 25.63 176.09
2270 83.00 26.65 12.46 28.12 207.71
2271 83.00 65.53 11.46 200.06 46.59
2272 83.12 16.55 9.46 15.13 152.07
2273 83.03 36.63 13.14 22.79 215.36
2274 83.05 40.85 13.01 34.08 221.43
2275 83.02 72.33 9.34 23.07 119.98
2276 83.14 30.04 12.67 27.11 201.33
2277 82.98 32.21 13.90 28.60 210.18
2278 83.06 56.83 12.26 143.44 56.67
2279 83.01 34.45 13.78 29.85 214.56
2280 83.12 38.80 13.36 29.63 220.45
2281 83.06 50.41 13.22 108.68 191.55
2282 83.28 14.86 9.03 10.41 137.41
2283 83.28 42.94 13.21 42.24 224.07
2284 83.31 59.17 12.52 157.84 45.27
2285 83.38 18.71 10.70 16.73 160.73
2286 83.37 46.70 11.92 70.60 212.76
2287 83.57 68.26 10.53 151.70 42.68
2288 83.31 22.97 12.70 16.14 175.27
2289 83.54 24.99 13.38 19.10 184.67
2290 83.60 52.78 12.74 74.77 200.94
2291 83.70 61.31 12.34 170.31 47.95
2292 83.70 73.36 8.27 18.59 96.73
2293 83.95 28.37 12.50 17.13 174.97
2294 83.63 75.89 7.32 6.09 116.54
2295 83.81 48.74 12.25 52.84 224.89
2296 83.93 63.80 12.28 200.31 36.91
2297 83.77 70.93 9.83 66.67 54.65
2298 84.04 32.46 12.68 15.99 180.76
2299 84.12 34.92 13.32 15.26 185.59
2300 84.04 44.69 12.62 36.18 223.21
2301 84.12 55.25 12.81 84.18 183.23
2302 84.10 19.19 10.74 11.83 140.28
2303 84.17 41.78 12.37 23.33 219.28
2304 84.25 37.45 13.09 14.91 202.11
2305 84.28 39.64 13.31 20.47 202.09
2306 84.31 57.61 12.38 108.85 162.82
2307 84.42 23.99 11.35 20.58 147.78
2308 84.40 50.76 12.68 52.78 223.70
2309 84.47 66.08 11.65 193.94 37.08
2310 84.48 21.48 11.22 14.06 137.90
2311 84.64 30.26 11.81 12.58 143.64
2312 84.17 74.02 7.68 16.16 107.63
2313 84.34 14.80 9.16 6.75 127.55
2314 84.36 17.69 9.17 11.26 125.83
2315 84.46 75.06 6.21 12.73 86.13
2316 84.55 47.10 13.46 32.88 222.79
2317 84.67 26.51 12.41 11.83 120.51
2318 84.68 16.24 9.70 7.00 120.13
2319 84.72 69.97 9.07 102.36 36.92
2320 84.90 59.97 11.51 132.47 146.01
2321 84.82 53.04 12.92 56.90 208.80
2322 84.88 62.32 11.94 175.05 91.59
2323 85.07 43.40 12.90 22.05 222.76
2324 84.99 72.88 9.10 42.42 46.05
2325 85.05 33.07 12.57 11.51 124.14
2326 85.21 35.69 12.71 11.67 143.83
2327 85.17 49.21 12.50 30.87 226.57
2328 85.25 45.45 12.09 22.77 214.15
2329 85.26 40.92 13.12 15.54 209.63
2330 85.44 38.43 12.22 11.56 168.79
2331 85.46 55.04 12.64 47.06 223.80
2332 85.40 57.59 12.49 61.31 206.34
2333 85.63 64.29 11.56 166.57 72.17
2334 85.57 67.30 9.83 166.75 34.83
2335 85.80 22.27 10.62 7.85 71.66
2336 85.60 27.88 11.85 8.57 80.21
2337 85.78 16.82 8.99 4.90 68.09
2338 85.63 51.58 13.01 25.80 219.14
2339 85.74 70.65 8.17 86.26 33.63
2340 85.66 24.97 11.50 8.44 63.87
2341 85.84 31.33 12.05 7.89 94.91
2342 85.80 47.40 12.46 20.84 209.80
2343 85.88 19.24 10.20 6.56 55.42
2344 85.71 26.12 11.80 8.04 67.20
2345 86.08 61.71 11.39 92.24 181.00
2346 86.25 59.10 11.89 70.16 208.25
2347 86.23 42.45 12.34 11.70 203.45
2348 86.29 36.59 12.07 9.01 101.44
2349 86.43 33.44 11.75 7.21 70.96
2350 86.29 49.64 12.17 17.82 212.88
2351 86.43 40.09 12.12 9.45 118.57
2352 86.40 44.98 12.29 14.19 186.00
2353 86.43 53.63 12.57 24.09 209.39
2354 86.40 56.37 12.28 34.77 216.85
2355 86.73 24.32 12.50 7.46 42.75
2356 86.60 65.72 10.03 120.08 48.69
2357 86.91 26.41 12.62 7.06 45.48
2358 86.89 68.34 9.37 116.99 34.94
2359 86.91 30.38 12.02 8.28 49.32
2360 86.94 20.34 9.73 5.05 38.79
2361 86.67 23.23 11.56 8.25 43.56
2362 87.06 51.68 12.05 15.09 199.62
2363 86.81 47.57 12.66 13.47 179.75
2364 86.77 18.83 9.95 5.10 42.40
2365 86.98 28.49 12.15 7.10 46.80
2366 87.20 63.26 10.28 92.59 170.83
2367 87.19 37.86 11.83 6.87 61.09
2368 87.19 60.78 11.31 59.59 203.28
2369 86.94 22.29 11.76 6.47 38.65
2370 86.99 17.66 9.62 3.62 40.88
2371 87.40 43.10 12.35 8.58 114.58
2372 87.32 55.34 12.24 20.38 210.27
2373 87.43 57.96 11.72 36.05 219.82
2374 87.30 35.71 11.48 6.10 47.58
2375 87.19 49.51 10.95 11.33 177.90
2376 87.66 32.92 12.03 6.92 37.91
2377 87.30 40.43 11.22 7.65 67.16
2378 87.59 45.94 12.97 9.80 128.13
2379 87.67 21.09 10.73 4.65 32.06
2380 87.44 23.19 12.74 6.41 38.33
2381 87.41 24.73 13.12 5.88 34.00
2382 88.05 47.98 13.03 8.48 114.73
2383 87.85 53.37 12.50 13.43 185.53
2384 87.80 64.74 10.80 55.15 147.04
2385 87.91 50.07 12.31 10.43 142.43
2386 87.75 66.28 9.74 66.48 122.83
2387 87.75 25.32 12.52 6.52 31.76
2388 87.78 28.15 11.69 5.20 33.66
2389 87.99 39.15 12.19 6.93 46.49
2390 87.93 22.34 13.26 4.74 30.94
2391 88.04 40.97 13.38 6.56 56.98
2392 87.84 60.52 13.00 33.38 201.62
2393 88.05 23.90 15.28 5.78 30.00
2394 87.82 35.12 11.40 7.40 40.80
2395 88.24 67.71 7.82 44.26 123.50
2396 88.09 36.02 11.72 5.68 37.08
2397 88.36 69.36 7.14 40.19 81.28
2398 88.56 56.33 12.25 18.32 205.20
2399 88.37 44.65 13.23 7.77 67.82
2400 88.43 59.32 11.77 31.00 205.72
2401 88.51 30.28 13.11 6.18 32.54
2402 88.77 42.55 12.21 5.82 55.10
2403 88.37 28.39 13.66 6.34 33.38
2404 88.73 51.81 11.59 10.61 117.73
2405 88.44 35.14 10.80 6.07 37.80
2406 88.63 33.70 12.51 6.43 33.72
2407 88.69 21.03 12.37 3.93 29.44
2408 88.81 27.01 14.48 5.39 31.89
2409 88.80 64.14 9.51 53.17 180.82
2410 88.58 23.97 16.06 4.76 31.06
2411 88.53 36.38 12.70 5.00 35.00
2412 88.86 66.14 8.62 27.14 146.56
2413 88.83 62.04 11.32 31.74 194.11
2414 89.00 54.11 11.96 11.14 147.96
2415 88.95 39.78 13.36 5.78 38.64
2416 88.91 37.26 13.68 5.59 33.00
2417 89.20 49.39 12.03 7.28 70.55
2418 88.99 22.22 13.12 3.95 26.57
2419 88.91 35.56 13.00 4.84 35.42
2420 89.09 31.76 14.07 5.41 32.20
2421 89.33 29.46 15.94 6.20 31.73
2422 89.34 23.72 15.81 4.43 29.88
2423 89.54 34.63 13.52 5.61 31.99
2424 89.62 44.88 13.17 7.00 37.15
2425 89.54 61.14 9.87 34.92 183.49
2426 89.79 67.64 6.14 14.99 113.77
2427 89.58 57.22 11.76 14.06 171.56
2428 89.56 27.67 17.88 4.62 31.75
2429 89.55 38.55 14.84 4.48 33.68
2430 89.52 64.98 9.00 19.06 170.44
2431 89.54 37.58 16.55 6.09 34.36
2432 89.82 52.98 11.31 8.04 78.68
2433 89.90 41.30 14.68 5.77 32.70
2434 89.66 62.54 8.91 24.36 185.46
2435 89.90 21.62 15.35 3.93 28.02
2436 90.07 25.77 19.57 4.74 28.59
2437 90.11 39.44 17.77 6.12 35.02
2438 89.77 64.13 7.64 22.18 170.91
2439 90.19 36.67 15.37 6.07 35.07
2440 90.12 50.92 11.28 6.51 49.20
2441 90.15 43.49 13.89 6.39 31.75
2442 90.16 63.01 8.56 19.89 170.74
2443 90.45 55.57 11.24 7.98 93.63
2444 90.25 28.19 21.82 5.53 30.71
2445 90.45 58.13 10.39 12.26 140.80
2446 90.46 46.63 12.67 5.85 33.50
2447 90.34 65.10 7.21 13.00 144.45
2448 90.45 23.78 17.52 4.07 26.62
2449 90.34 35.09 16.71 5.39 32.71
2450 90.70 22.37 14.83 3.49 28.13
2451 91.08 60.85 9.29 12.73 151.19
2452 90.79 53.12 11.25 7.41 48.04
2453 90.79 25.26 19.26 5.47 26.47
2454 90.92 30.55 16.45 5.79 30.42
2455 90.84 64.02 7.29 10.13 167.45
2456 90.81 27.99 19.12 5.25 31.62
2457 91.03 40.75 16.27 5.38 32.33
2458 90.96 34.91 16.23 5.30 31.91
2459 91.03 39.13 15.46 5.60 33.46
2460 91.14 32.60 17.41 5.54 29.07
2461 91.26 43.33 13.83 4.90 32.65
2462 91.44 37.30 18.28 5.83 31.82
2463 91.08 50.48 11.21 6.28 33.05
2464 91.29 27.42 19.74 5.37 30.43
2465 91.23 25.95 24.34 4.31 30.97
2466 91.44 48.41 12.12 5.36 31.79
2467 91.28 57.90 9.78 7.56 89.93
2468 91.36 45.34 11.29 5.09 32.67
2469 91.48 23.71 20.02 3.31 26.98
2470 91.71 55.85 9.98 6.28 54.30
2471 91.81 46.61 10.72 5.30 29.74
2472 91.45 51.63 9.95 6.64 32.68
2473 91.87 25.09 20.77 3.95 26.95
2474 91.93 29.98 21.45 5.13 30.88
2475 91.95 41.04 15.28 5.12 32.99
2476 91.90 62.72 6.67 4.96 106.91
2477 91.82 31.42 18.79 6.33 29.08
2478 91.71 50.21 12.28 4.52 31.40
2479 91.83 57.66 10.31 6.58 70.12
2480 91.88 32.81 17.64 5.18 29.57
2481 92.02 59.16 8.15 5.34 72.32
2482 92.01 39.00 17.95 5.72 30.65
2483 92.30 33.97 17.36 4.76 32.86
2484 92.40 53.36 10.62 5.21 32.63
2485 92.31 50.47 11.11 5.47 29.96
2486 92.57 45.77 13.76 5.32 30.62
2487 92.31 36.73 21.00 5.55 32.38
2488 92.28 60.23 8.21 5.16 69.53
2489 92.47 58.08 9.07 4.24 46.71
2490 92.52 27.68 22.04 4.67 29.82
2491 92.37 31.80 18.00 6.27 31.27
2492 92.39 61.28 6.54 4.31 54.85
2493 92.97 25.93 19.79 2.94 27.16
2494 92.56 43.68 14.12 5.10 29.41
2495 92.54 47.56 12.72 5.17 30.50
2496 92.74 35.54 21.15 5.26 31.94
2497 92.66 38.75 17.89 4.76 30.58
2498 92.73 40.85 15.73 4.64 31.86
2499 92.82 48.73 12.60 5.09 32.13
2500 92.91 30.88 18.05 4.23 31.00
2501 92.80 32.35 19.31 4.96 32.73
2502 92.93 55.80 9.14 4.25 29.86
2503 93.01 29.25 20.24 4.39 28.91
2504 92.91 51.24 10.69 5.31 30.69
2505 93.39 40.22 16.37 4.47 30.41
2506 93.30 42.94 18.11 4.44 31.17
2507 93.67 46.62 13.75 4.55 30.39
2508 93.31 31.73 20.06 4.70 31.91
2509 93.33 37.80 16.90 3.80 30.27
2510 93.35 33.00 20.71 4.57 29.86
2511 93.56 51.38 10.82 4.48 29.56
2512 93.54 35.17 24.38 5.21 30.08
2513 93.80 28.03 16.09 3.47 27.91
2514 93.64 30.71 18.18 4.16 29.23
2515 93.74 48.61 12.81 4.19 27.74
2516 93.97 55.24 9.53 2.97 26.43
2517 93.98 33.46 22.85 4.79 32.90
2518 94.09 44.67 14.93 4.44 31.04
2519 94.16 42.03 19.54 4.63 32.48
2520 93.96 36.04 24.50 5.33 32.17
2521 94.54 36.93 11.46 3.59 40.16
2522 94.27 30.50 19.10 3.55 29.20
2523 94.54 49.54 13.06 4.57 28.82
2524 94.55 51.31 11.07 3.58 28.56
2525 94.55 28.54 14.07 2.74 24.87
2526 94.62 31.85 18.98 3.53 28.79
2527 94.71 33.42 21.81 3.45 30.68
2528 94.56 44.01 22.50 4.67 36.50
2529 94.94 39.53 15.43 4.19 34.52
2530 94.96 30.40 15.32 2.68 24.54
2531 95.09 41.97 17.91 3.82 30.59
2532 95.11 45.41 13.95 3.56 28.91
2533 95.06 47.24 13.33 3.75 30.10
2534 95.23 43.54 14.04 4.41 28.04
2535 95.05 35.87 16.64 4.64 34.09
2536 95.28 34.49 18.10 3.63 28.63
2537 95.38 37.84 12.37 3.72 35.74
2538 95.44 49.22 11.63 3.66 26.46
2539 95.83 30.18 11.52 2.84 32.12
2540 95.87 36.78 14.07 3.14 25.96
2541 95.96 45.49 13.26 3.54 26.04
2542 95.87 47.37 12.25 3.64 27.68
2543 96.70 41.19 14.87 2.69 26.35
2544 96.08 42.70 15.15 3.46 27.85
2545 96.13 35.71 14.34 3.26 28.18
2546 96.28 31.84 10.80 2.20 29.63
2547 96.07 44.35 12.83 2.92 26.42
2548 96.57 43.85 10.53 2.60 26.13
2549 96.85 35.56 9.97 2.82 40.41
2550 97.29 37.37 9.39 2.51 39.69
2551 96.75 42.46 13.64 2.45 26.00
2552 97.12 43.22 11.33 2.11 25.83
2553 98.17 39.57 8.07 1.80 32.63
2554 98.16 41.48 7.35 1.74 24.74

