#<Embryo name> <Cleavage cycle> <Temporal class> <Genes>
kd26 14A 8 Kruppel even-skipped fushi-tarazu

#Quantitative data
#<Nucleus number> <A-P coordinate> <D-V coordinate> <Fluorescence intensity: channel 1 - Kr, channel 2 - eve, channel 3 - ftz>
0 3.22 49.22 5.99 2.17 33.52
1 2.98 41.08 6.60 3.50 36.04
2 2.90 47.28 5.91 2.09 34.28
3 2.94 44.59 6.46 2.83 39.51
4 3.14 39.18 7.25 3.33 38.02
5 4.08 41.92 7.12 3.04 37.92
6 3.66 43.46 7.00 2.83 43.57
7 4.23 44.88 8.12 2.83 36.14
8 4.26 39.43 7.50 3.42 37.45
9 4.19 46.99 6.75 2.56 36.11
10 4.05 37.84 6.93 3.07 42.21
11 4.14 49.54 6.54 2.75 36.29
12 4.52 50.75 5.90 2.84 41.10
13 4.90 48.32 7.33 3.21 40.02
14 4.89 34.25 8.10 3.02 37.93
15 5.23 37.07 8.17 3.82 40.03
16 4.88 53.77 6.82 2.32 32.06
17 5.55 41.91 8.78 3.27 38.05
18 5.13 43.31 7.63 2.53 36.00
19 5.12 50.21 8.23 2.53 36.57
20 5.64 45.31 8.09 3.40 37.45
21 5.31 39.41 7.83 3.29 40.05
22 5.76 56.12 6.83 2.65 34.15
23 6.33 49.02 8.53 3.40 36.60
24 5.99 32.16 9.03 3.27 41.30
25 5.80 51.39 7.76 3.25 34.95
26 5.87 47.52 9.85 3.24 36.83
27 5.84 34.56 8.80 3.94 38.65
28 5.99 40.15 7.84 3.45 38.03
29 6.09 50.34 8.50 4.50 45.50
30 6.65 38.13 8.12 3.74 40.87
31 7.04 43.98 9.03 3.28 37.65
32 6.83 36.18 9.93 3.55 37.97
33 6.65 40.26 8.94 2.94 37.79
34 6.97 60.34 7.97 2.34 31.03
35 7.11 46.69 9.45 3.51 36.09
36 6.90 32.86 10.20 2.80 41.20
37 7.08 52.19 8.29 3.30 36.68
38 7.12 55.18 8.24 3.43 42.10
39 7.40 57.57 8.31 3.18 34.87
40 7.36 41.65 9.28 3.68 36.95
41 7.29 34.02 9.03 3.67 39.78
42 7.51 50.00 9.20 3.53 36.69
43 7.93 39.01 7.89 3.34 38.95
44 7.98 61.56 7.38 2.89 35.14
45 8.07 36.77 8.53 2.84 35.35
46 7.94 51.71 10.16 2.47 37.22
47 8.29 44.38 8.99 3.29 35.68
48 7.99 46.21 8.38 4.50 37.62
49 8.32 49.60 8.73 3.31 36.86
50 8.15 48.05 9.65 3.59 34.29
51 8.41 54.55 8.93 3.45 37.49
52 8.23 32.54 9.60 3.60 35.31
53 8.36 41.09 9.94 3.15 37.71
54 8.23 53.01 10.95 2.95 35.60
55 8.38 59.02 7.50 3.23 37.12
56 8.32 26.95 9.32 2.68 37.86
57 8.73 47.14 8.38 3.40 36.55
58 8.72 56.73 9.21 3.29 36.21
59 9.21 31.13 11.54 3.53 38.42
60 8.89 34.04 12.18 3.54 39.07
61 9.01 41.84 10.24 3.25 40.62
62 9.26 25.84 10.45 3.07 36.68
63 8.93 39.04 10.22 2.85 35.35
64 9.30 28.42 10.65 3.66 36.74
65 9.28 49.97 8.51 2.65 35.98
66 9.39 36.25 10.57 3.52 38.43
67 9.28 44.15 10.09 3.33 39.23
68 9.45 61.62 6.93 3.01 37.53
69 9.55 52.01 8.90 3.26 38.21
70 9.57 54.30 10.88 3.27 34.02
71 9.57 46.07 10.53 2.82 39.09
72 10.13 64.31 7.28 3.30 34.13
73 10.12 39.37 10.52 3.44 38.31
74 10.20 48.55 10.15 3.32 38.65
75 9.93 24.24 8.16 2.74 38.82
76 10.17 33.18 10.59 3.56 36.94
77 10.26 26.83 11.80 3.11 38.45
78 9.91 43.45 13.65 3.85 36.75
79 10.08 41.38 10.86 3.56 35.44
80 10.67 60.85 8.14 3.17 39.37
81 10.60 66.88 7.06 3.40 34.17
82 11.14 35.92 13.47 3.67 37.48
83 10.54 30.17 11.55 3.74 38.42
84 10.51 37.31 11.57 3.30 39.27
85 10.55 42.70 8.92 3.21 38.29
86 10.67 28.52 14.06 3.44 37.00
87 10.84 44.70 12.35 3.44 36.08
88 11.05 63.86 7.68 3.43 37.42
89 11.00 53.80 10.60 3.22 37.65
90 11.21 58.34 8.40 3.45 34.72
91 11.39 47.09 11.90 3.81 40.18
92 11.57 43.31 12.47 3.73 38.44
93 11.72 31.84 12.03 3.66 40.07
94 11.63 51.47 12.78 3.90 35.32
95 11.77 28.42 12.53 3.75 40.84
96 11.82 41.26 13.63 3.93 39.01
97 11.78 38.59 13.92 3.48 38.23
98 11.76 60.27 8.32 4.18 37.11
99 12.08 24.00 11.81 3.31 37.27
100 11.50 30.15 11.04 3.83 42.39
101 11.65 26.38 12.35 3.70 39.85
102 11.80 66.52 7.19 3.43 39.06
103 12.12 69.37 6.64 3.35 36.22
104 11.92 54.02 12.29 3.55 36.76
105 12.10 64.14 7.74 3.76 36.52
106 11.90 56.10 10.17 3.64 35.92
107 12.02 35.44 16.86 4.50 40.95
108 12.24 48.97 12.08 3.71 39.46
109 12.34 45.26 13.74 3.62 37.44
110 12.02 57.27 9.38 2.88 36.12
111 12.27 61.13 8.56 3.88 37.93
112 12.52 22.04 9.86 3.46 37.97
113 12.62 35.31 14.32 3.95 42.05
114 12.65 55.89 10.79 3.72 36.49
115 12.96 30.79 13.68 4.09 40.20
116 13.12 58.30 9.99 4.10 39.20
117 12.84 38.68 14.30 4.03 41.00
118 12.91 47.40 13.65 3.83 40.72
119 12.85 28.59 12.61 3.91 39.93
120 13.00 50.56 15.39 4.11 38.87
121 12.87 66.24 8.02 3.93 37.13
122 13.04 64.46 8.00 3.43 36.19
123 13.26 26.35 13.20 3.59 39.43
124 13.39 33.48 14.75 3.83 41.06
125 13.11 36.70 14.88 4.12 42.00
126 13.40 23.38 12.80 3.88 39.47
127 13.24 61.80 8.56 3.71 37.85
128 13.32 69.27 7.26 4.05 39.29
129 13.33 67.86 8.54 3.83 40.96
130 13.40 55.26 10.76 3.85 38.09
131 13.67 57.00 9.13 3.93 36.20
132 13.67 46.65 16.29 3.74 39.82
133 14.04 45.02 16.90 4.19 41.60
134 13.74 36.94 13.88 4.05 42.25
135 13.97 48.68 16.02 4.37 43.45
136 13.74 61.64 7.50 3.75 47.75
137 13.90 24.85 15.94 3.50 37.00
138 14.57 58.88 10.49 4.00 37.00
139 14.08 35.08 14.63 3.98 41.47
140 14.06 43.10 20.58 3.97 41.85
141 14.13 68.27 7.33 4.05 39.45
142 14.21 38.31 17.66 4.06 42.15
143 14.05 60.75 8.48 4.81 41.43
144 14.31 28.29 14.68 3.83 42.67
145 14.36 40.53 17.21 4.23 43.74
146 14.74 23.88 13.57 3.53 39.44
147 14.64 69.52 7.74 3.85 36.36
148 14.77 56.69 11.52 3.98 39.48
149 14.85 21.40 14.69 3.31 39.14
150 15.01 47.94 16.64 4.27 41.80
151 14.91 65.25 8.52 4.39 39.02
152 14.92 19.47 12.13 3.08 39.05
153 15.10 34.36 17.61 3.96 39.43
154 14.91 38.47 15.57 3.89 44.89
155 15.11 54.93 12.06 4.06 38.28
156 14.97 30.96 13.59 3.82 41.52
157 15.03 43.39 16.78 4.72 42.00
158 15.14 41.53 15.80 4.70 44.20
159 15.18 67.26 7.57 3.92 39.88
160 15.55 36.64 17.75 4.36 42.05
161 15.40 73.70 6.47 3.34 35.51
162 15.56 29.01 16.84 4.12 37.29
163 15.52 60.26 8.73 3.59 35.64
164 15.44 70.04 7.00 3.16 37.14
165 15.48 51.83 12.72 4.36 41.13
166 15.87 53.56 13.40 4.82 37.58
167 15.96 39.82 18.16 3.78 42.98
168 15.67 23.18 14.24 4.27 41.30
169 15.77 62.82 8.10 3.97 37.89
170 15.88 25.03 14.91 3.34 35.34
171 15.97 32.06 16.56 4.26 40.47
172 16.15 44.12 17.18 4.65 41.89
173 15.71 64.84 8.58 4.00 40.50
174 16.13 56.93 10.58 4.15 37.07
175 15.94 50.30 14.05 4.55 43.39
176 15.96 68.95 7.82 4.20 38.30
177 16.46 26.96 15.96 3.93 41.92
178 16.19 76.10 5.89 2.87 35.21
179 16.65 58.46 8.67 3.94 39.95
180 16.17 28.55 13.29 4.65 44.59
181 16.41 71.40 7.03 3.84 36.62
182 16.44 73.66 6.23 3.70 35.26
183 16.29 65.18 8.13 4.13 37.50
184 16.58 35.20 13.80 4.16 44.45
185 16.55 19.69 12.29 3.61 41.21
186 16.88 29.74 15.13 3.85 41.92
187 16.53 24.09 16.48 3.24 37.67
188 16.58 68.04 6.42 4.27 36.79
189 16.68 47.42 15.85 4.39 42.83
190 16.92 62.88 8.13 4.03 38.92
191 16.65 39.11 16.88 4.38 47.38
192 16.91 55.25 10.95 4.34 39.00
193 17.07 37.51 15.86 4.64 43.69
194 16.86 18.50 12.63 3.00 39.11
195 16.94 42.15 17.32 4.46 42.28
196 16.98 32.04 15.27 4.40 45.24
197 17.27 52.84 13.39 4.94 42.53
198 17.12 45.61 15.83 4.89 41.57
199 17.32 23.50 13.98 4.08 41.82
200 17.23 48.40 17.19 5.16 42.44
201 17.53 40.07 16.42 4.46 42.61
202 17.12 72.01 6.57 5.00 42.29
203 17.59 74.93 6.22 3.93 33.18
204 17.52 67.59 7.50 3.91 36.79
205 17.46 33.76 15.85 4.26 39.21
206 17.80 21.12 13.93 4.05 39.22
207 17.68 61.15 8.88 4.25 38.53
208 17.55 19.19 11.41 3.20 40.86
209 17.45 26.04 13.29 4.21 42.00
210 17.60 35.22 14.53 4.47 43.03
211 17.81 44.33 14.63 4.82 44.00
212 17.50 58.37 8.09 4.09 45.55
213 17.97 72.27 7.06 3.88 38.09
214 17.84 49.19 13.05 4.86 42.44
215 17.80 42.25 14.11 4.64 44.47
216 17.88 27.22 13.86 4.19 37.35
217 18.09 32.34 14.26 4.21 40.17
218 17.88 55.78 11.16 4.64 41.50
219 18.52 37.31 12.02 4.72 42.88
220 18.04 57.69 9.00 4.47 42.32
221 18.09 28.98 12.11 3.91 39.22
222 18.14 59.22 8.50 4.35 36.65
223 18.24 17.78 10.62 3.48 37.79
224 18.43 77.79 6.10 3.16 33.95
225 18.29 35.37 12.62 4.68 41.82
226 18.31 30.73 12.47 4.07 40.27
227 18.36 63.72 7.34 4.26 36.13
228 18.52 51.72 14.18 4.49 44.75
229 18.61 53.95 10.80 5.64 42.08
230 18.65 22.75 12.27 4.29 42.13
231 18.64 24.88 12.56 4.22 41.91
232 18.19 43.37 10.50 5.75 51.50
233 18.67 39.57 11.58 4.50 43.84
234 18.30 67.18 6.71 3.86 35.57
235 18.39 48.33 13.00 5.29 42.79
236 18.49 61.39 7.67 4.17 40.08
237 18.55 69.59 7.36 4.26 32.60
238 19.13 43.29 11.49 4.84 46.82
239 18.69 66.14 7.73 4.64 36.86
240 18.58 75.18 7.10 4.00 37.80
241 18.89 26.87 11.39 3.58 41.06
242 18.71 34.06 13.07 4.48 42.00
243 18.76 56.92 9.92 4.42 40.65
244 19.34 48.58 11.55 5.59 45.40
245 18.99 72.46 7.09 4.07 35.09
246 19.12 74.40 6.45 4.08 38.95
247 19.12 76.31 6.08 3.65 33.05
248 19.19 30.73 11.56 4.20 40.24
249 19.27 58.84 8.63 4.74 39.21
250 19.09 61.38 7.71 3.87 40.37
251 19.74 79.28 5.13 3.38 31.17
252 19.43 20.03 9.62 3.86 40.06
253 19.17 21.16 10.07 4.60 42.27
254 19.41 18.14 11.27 3.67 37.94
255 19.43 70.63 6.93 4.28 36.99
256 19.54 51.10 12.67 5.48 45.84
257 19.56 33.10 11.42 4.49 39.82
258 19.64 35.73 11.55 4.26 39.81
259 19.51 65.59 7.54 4.08 34.44
260 19.48 56.25 9.87 4.97 45.49
261 19.46 62.80 8.18 4.35 39.65
262 19.70 53.47 11.20 5.22 43.33
263 19.74 16.41 8.90 3.62 38.81
264 20.06 37.99 10.84 4.68 42.54
265 20.53 40.89 10.69 5.00 43.48
266 20.06 64.05 7.96 4.64 38.07
267 19.91 25.04 11.80 4.00 35.40
268 19.83 27.50 11.61 4.25 38.08
269 19.71 29.07 11.53 4.12 40.25
270 19.75 47.59 11.31 4.62 50.46
271 20.25 62.05 8.53 5.06 42.24
272 20.08 76.92 5.96 4.32 35.62
273 20.19 46.53 11.02 5.14 46.02
274 20.12 43.09 11.63 6.30 45.13
275 20.40 56.55 9.03 5.62 41.76
276 20.39 66.57 7.59 4.10 35.05
277 20.22 30.11 12.85 4.35 38.60
278 20.20 17.66 8.94 3.88 35.25
279 20.58 70.65 7.04 5.03 37.19
280 20.62 35.48 9.98 4.36 43.75
281 20.46 53.44 10.80 4.93 46.20
282 20.62 19.18 8.95 3.59 37.77
283 20.61 22.13 9.82 4.16 39.23
284 20.62 32.36 10.58 4.19 42.42
285 20.66 49.84 12.14 5.16 42.06
286 20.64 15.20 8.12 3.33 35.67
287 20.44 42.20 10.67 5.78 47.33
288 20.76 74.82 7.27 4.45 32.25
289 20.94 28.71 11.10 4.08 42.87
290 20.63 26.10 9.61 4.83 39.96
291 20.52 81.95 4.60 3.00 32.00
292 20.68 80.98 6.60 4.10 31.75
293 20.83 43.88 10.24 5.37 43.53
294 20.72 60.88 9.24 5.29 39.18
295 20.84 59.63 8.23 4.35 40.84
296 20.92 79.50 6.28 3.18 34.10
297 20.84 54.73 10.95 5.52 44.76
298 20.96 38.08 9.00 4.83 46.00
299 21.37 48.62 11.46 5.65 43.85
300 21.14 17.02 8.25 3.58 38.56
301 21.15 46.72 10.35 5.65 46.00
302 21.18 25.23 11.22 4.29 40.04
303 21.15 36.63 10.85 5.65 40.85
304 21.01 31.23 8.00 4.33 51.33
305 21.58 65.59 7.14 4.75 35.22
306 21.63 58.28 8.69 5.26 40.51
307 21.22 63.96 7.71 4.82 38.96
308 21.35 39.10 9.57 5.43 40.60
309 21.14 68.73 8.00 5.40 36.80
310 21.53 23.26 9.39 4.61 38.66
311 21.55 72.29 7.60 4.78 34.02
312 21.81 43.78 10.90 5.74 44.66
313 21.67 61.23 8.50 5.42 42.24
314 21.72 67.52 8.14 5.59 34.62
315 21.68 78.15 6.77 4.11 36.05
316 21.91 33.64 9.82 4.82 41.93
317 21.49 73.88 7.38 4.46 36.46
318 21.90 18.71 8.37 4.06 35.91
319 21.76 15.14 7.95 3.45 37.50
320 22.05 20.80 9.73 4.27 41.77
321 21.68 30.74 11.28 5.44 40.79
322 22.02 27.84 11.71 4.18 37.68
323 22.16 38.24 9.85 5.26 45.12
324 21.71 69.08 7.73 5.00 38.47
325 21.83 63.21 8.38 5.45 40.52
326 22.01 26.13 10.63 5.13 39.46
327 22.03 76.43 6.74 4.77 36.79
328 22.24 41.08 9.25 5.45 43.65
329 21.99 74.72 8.10 5.26 34.26
330 22.05 70.45 7.77 4.70 37.04
331 21.91 56.32 9.93 5.93 42.29
332 22.34 17.54 7.84 3.34 35.21
333 22.68 35.82 9.13 5.17 42.73
334 22.41 31.41 9.43 4.49 39.35
335 22.64 46.81 10.03 5.64 43.95
336 22.34 16.15 7.77 4.08 34.77
337 22.41 59.67 7.73 5.05 40.14
338 22.48 79.24 6.61 4.81 34.25
339 22.43 81.01 5.51 3.76 30.41
340 22.56 23.44 9.44 4.25 39.42
341 22.72 56.21 9.39 5.91 44.45
342 22.54 13.07 7.02 3.56 33.62
343 22.78 29.74 9.76 5.15 43.88
344 22.77 53.27 9.94 6.14 45.12
345 22.74 63.30 8.07 5.83 41.12
346 22.55 69.47 6.71 4.64 36.57
347 22.94 43.86 10.32 6.00 42.90
348 22.56 61.17 9.17 6.30 39.74
349 22.72 73.55 7.62 5.62 32.70
350 22.81 51.01 10.55 6.29 46.73
351 22.74 65.52 7.78 5.26 39.74
352 23.11 58.14 8.96 6.54 41.56
353 22.83 71.75 7.49 5.70 35.34
354 22.72 76.65 6.70 4.10 37.15
355 23.29 32.83 9.69 4.97 42.83
356 23.10 26.15 9.22 4.77 42.42
357 23.02 67.99 7.32 5.39 37.47
358 23.43 39.15 9.37 5.41 43.31
359 23.44 74.69 7.26 5.67 36.75
360 23.31 77.37 7.51 6.12 35.47
361 23.29 42.04 10.19 5.77 45.40
362 23.71 48.62 10.26 6.04 44.92
363 23.22 60.54 9.02 5.75 39.91
364 23.25 17.42 9.17 4.17 37.67
365 23.13 79.17 6.41 5.70 36.26
366 23.06 81.16 5.54 4.85 30.38
367 23.14 28.54 9.62 4.46 40.17
368 23.65 15.23 8.29 4.06 36.79
369 23.32 50.15 8.62 4.54 45.31
370 23.38 18.87 7.86 4.21 38.57
371 23.43 23.71 8.43 5.21 40.79
372 23.62 30.93 9.28 5.51 43.15
373 23.50 83.42 5.63 3.63 33.23
374 23.67 53.88 8.78 6.27 46.44
375 23.76 46.67 10.28 6.00 46.79
376 23.69 70.41 7.69 6.30 35.50
377 23.69 80.85 6.08 5.06 32.08
378 23.98 12.10 6.59 3.02 33.17
379 23.48 36.41 9.00 5.00 51.00
380 23.73 64.37 8.21 6.96 37.17
381 24.08 55.76 9.15 6.59 43.44
382 23.92 66.33 7.87 6.79 39.67
383 23.83 34.73 9.05 5.80 42.33
384 23.71 62.65 8.62 7.04 40.54
385 24.13 78.72 7.10 6.21 31.84
386 23.93 27.35 9.75 4.94 39.38
387 23.94 37.39 10.36 5.62 44.85
388 23.95 28.88 9.40 5.05 40.12
389 24.11 18.61 8.00 4.31 40.13
390 23.81 20.23 8.14 2.86 39.86
391 24.30 24.79 8.55 4.90 40.25
392 24.06 50.89 9.77 6.48 43.75
393 24.06 41.77 9.94 6.26 48.87
394 24.34 61.85 8.90 7.90 42.42
395 24.24 58.96 9.13 6.18 46.76
396 24.56 68.38 7.77 6.93 36.91
397 24.33 40.21 10.74 6.02 46.50
398 24.31 21.26 8.32 4.88 41.80
399 24.48 73.35 7.44 8.13 34.91
400 24.58 76.72 7.16 6.84 33.29
401 24.69 42.56 9.93 6.26 45.76
402 24.68 31.33 9.86 5.58 45.10
403 24.68 44.47 9.87 5.65 46.00
404 24.74 52.83 9.56 6.56 42.57
405 24.47 13.41 6.76 3.82 34.76
406 24.50 57.42 9.48 7.04 43.41
407 24.44 64.73 9.06 7.59 37.47
408 24.63 34.34 9.85 5.50 44.07
409 24.70 15.68 7.94 3.62 34.06
410 24.80 37.11 9.89 5.91 42.73
411 25.16 64.00 8.44 8.88 37.97
412 24.70 17.09 7.21 3.93 37.50
413 24.78 23.41 8.00 4.75 44.45
414 25.13 46.35 10.19 6.40 47.34
415 24.72 49.24 11.50 5.88 51.12
416 25.25 50.73 9.76 7.34 47.72
417 25.06 80.16 6.26 7.68 31.66
418 25.21 22.70 8.16 5.05 39.42
419 25.03 75.18 7.85 8.44 35.62
420 25.14 19.88 8.79 4.40 39.10
421 25.13 28.54 9.55 5.17 40.83
422 24.94 55.20 9.07 7.80 45.20
423 25.18 60.75 8.36 7.89 42.15
424 25.25 17.67 8.76 4.53 35.09
425 25.69 14.68 7.38 4.36 36.66
426 25.26 35.38 9.40 6.03 43.17
427 25.41 57.62 8.66 7.95 44.93
428 25.25 54.37 9.33 8.67 43.22
429 25.50 72.59 7.45 11.67 35.21
430 25.73 25.97 8.41 5.12 42.98
431 25.60 31.52 9.37 5.44 44.71
432 25.67 68.83 8.10 15.03 35.58
433 25.58 42.70 9.84 5.72 47.28
434 25.78 55.35 9.66 8.16 43.10
435 25.76 76.65 6.99 14.39 35.34
436 26.07 33.58 9.13 6.00 43.88
437 26.06 10.70 6.09 3.02 32.45
438 26.13 37.82 10.14 6.66 46.31
439 26.24 43.72 10.27 6.56 46.94
440 26.24 62.68 8.74 13.99 40.12
441 26.13 70.51 7.82 23.58 37.89
442 26.02 20.70 8.15 5.30 36.60
443 26.32 27.77 7.88 5.38 40.13
444 26.24 18.68 8.00 4.93 39.50
445 26.28 22.20 9.04 4.46 36.13
446 26.08 24.49 8.00 5.54 42.08
447 26.56 47.85 10.68 7.16 45.78
448 26.41 39.92 10.04 6.39 46.11
449 26.49 50.24 10.44 8.11 48.69
450 26.32 29.47 8.50 5.54 38.96
451 26.47 53.54 10.00 9.65 44.13
452 26.39 55.76 9.22 9.33 45.00
453 26.66 59.60 9.09 13.30 43.81
454 27.00 75.62 7.53 95.60 31.89
455 26.60 57.14 9.11 9.93 43.16
456 26.63 45.80 9.77 7.59 46.16
457 26.67 24.08 8.06 4.78 38.31
458 26.77 36.49 9.54 5.98 47.44
459 27.02 72.79 8.16 114.13 34.21
460 26.92 82.34 6.63 49.12 28.52
461 27.13 69.65 8.29 129.34 35.94
462 27.33 16.74 7.58 4.91 36.30
463 26.91 30.35 8.92 4.90 40.30
464 27.12 41.19 10.15 7.33 47.89
465 26.94 79.50 7.65 49.76 30.70
466 27.13 26.12 8.99 6.18 39.22
467 26.92 32.89 9.83 6.44 42.78
468 27.39 63.82 9.19 93.05 37.75
469 27.31 66.65 8.76 152.08 37.08
470 27.26 52.44 10.48 9.46 45.26
471 27.08 13.40 6.79 4.54 31.57
472 27.32 19.32 7.90 5.47 36.57
473 27.37 12.22 6.47 4.33 30.75
474 27.34 21.84 8.19 5.87 38.87
475 27.16 15.23 8.33 4.39 41.72
476 27.32 44.27 10.22 7.13 45.41
477 27.42 58.02 9.75 15.44 42.29
478 27.37 28.68 9.32 5.81 43.19
479 27.63 31.98 9.55 6.58 40.98
480 27.48 49.37 10.47 10.11 47.66
481 27.75 84.74 5.97 46.21 28.63
482 27.43 24.02 7.62 5.95 39.05
483 27.80 61.03 10.09 68.54 39.54
484 27.86 78.21 7.48 112.63 33.82
485 27.70 54.43 10.44 13.28 44.22
486 27.68 14.21 7.62 4.90 33.14
487 27.96 35.93 10.21 7.08 44.09
488 27.88 56.24 9.91 17.39 46.06
489 28.21 39.29 10.19 8.40 47.28
490 28.16 81.08 7.29 83.71 30.37
491 27.87 44.92 10.29 8.57 46.43
492 28.29 46.66 10.55 10.69 44.64
493 28.27 10.12 6.19 3.44 30.79
494 28.14 41.88 10.06 8.45 50.75
495 28.29 25.01 8.43 6.41 37.83
496 28.31 11.78 6.37 4.88 33.16
497 28.42 73.55 8.02 175.36 32.53
498 28.55 22.58 8.07 6.79 36.78
499 28.40 70.92 8.47 196.69 32.69
500 28.36 43.93 10.26 9.35 44.35
501 28.43 18.79 7.48 6.34 36.96
502 28.36 33.81 9.80 6.85 41.22
503 28.36 51.33 10.74 15.92 46.39
504 28.44 68.06 9.10 200.25 38.31
505 28.54 76.21 8.10 152.80 33.01
506 28.53 65.12 9.95 199.94 38.68
507 28.48 14.87 7.25 6.62 34.57
508 28.28 54.10 11.25 21.00 45.50
509 28.92 59.25 9.61 166.79 42.08
510 28.63 20.80 8.03 5.89 35.70
511 28.65 28.86 8.38 7.17 43.50
512 28.59 31.34 8.61 8.00 42.22
513 29.02 83.20 6.98 57.12 30.79
514 28.85 26.85 7.71 7.18 37.51
515 28.69 48.77 9.82 13.36 44.76
516 28.97 62.49 9.76 193.43 40.26
517 28.99 56.30 10.15 118.61 41.85
518 28.93 37.27 10.09 8.94 45.72
519 28.96 40.88 9.56 8.60 46.73
520 28.93 85.55 7.24 44.66 34.71
521 29.19 53.41 10.50 79.08 43.60
522 29.33 78.12 8.20 95.48 33.86
523 29.03 11.89 6.56 6.67 29.44
524 29.43 42.89 10.82 14.25 44.03
525 29.45 45.68 10.95 19.28 44.77
526 29.41 34.13 9.36 10.10 43.20
527 29.66 31.75 8.88 9.87 41.51
528 29.65 87.31 6.49 13.29 74.40
529 29.53 69.40 9.04 196.22 37.52
530 29.48 80.48 7.85 61.69 40.94
531 29.68 9.40 6.11 7.09 32.51
532 29.60 14.27 6.94 9.33 33.18
533 29.71 66.68 9.59 207.55 36.98
534 29.43 19.07 7.86 8.07 40.00
535 29.65 20.90 8.38 8.29 37.56
536 29.85 29.78 9.37 11.38 45.20
537 29.64 72.38 8.74 143.56 34.00
538 29.64 75.11 9.04 116.13 34.31
539 29.61 11.56 6.20 6.87 31.22
540 29.48 39.76 9.71 12.94 44.74
541 29.65 22.93 8.52 10.10 32.38
542 29.88 64.34 9.74 207.26 38.40
543 29.70 35.82 8.64 12.00 42.91
544 29.85 37.85 10.50 17.16 44.25
545 29.90 18.29 8.74 9.20 32.77
546 30.22 84.41 6.92 26.73 116.88
547 30.04 24.87 8.26 12.14 40.19
548 30.28 50.64 10.65 128.81 42.09
549 29.98 13.05 6.40 9.15 33.00
550 30.02 44.54 10.79 23.87 44.79
551 30.13 59.46 11.32 223.00 39.57
552 30.31 62.01 10.82 219.16 37.98
553 30.39 53.28 10.79 202.16 46.50
554 30.25 55.95 10.54 181.63 40.07
555 30.16 34.72 9.82 16.47 44.59
556 30.62 78.91 8.60 33.18 148.03
557 30.57 81.89 8.55 28.48 157.33
558 30.39 16.85 8.71 15.09 36.83
559 30.70 48.16 11.19 177.22 44.57
560 30.68 35.70 11.04 28.68 47.07
561 30.58 70.82 9.37 104.82 42.69
562 30.64 12.30 7.09 37.78 30.12
563 30.51 21.50 8.48 12.13 38.21
564 31.17 41.01 11.26 134.11 41.02
565 30.70 68.07 9.87 159.97 41.66
566 30.61 74.09 9.07 51.32 114.88
567 30.64 19.38 8.38 20.62 37.12
568 30.87 24.55 8.68 20.57 37.65
569 30.92 38.58 11.23 129.59 44.71
570 31.07 45.40 11.05 178.98 43.33
571 31.02 87.95 6.86 14.84 120.32
572 30.91 27.66 8.49 22.92 37.19
573 31.06 58.11 10.16 188.00 42.88
574 31.25 15.10 7.75 87.93 31.73
575 30.99 65.55 10.65 153.89 43.08
576 31.61 42.95 11.05 180.81 44.94
577 31.14 85.98 6.73 18.15 124.79
578 31.30 9.97 6.08 74.21 31.69
579 31.25 63.33 10.56 145.32 44.93
580 31.09 22.70 8.83 22.92 38.92
581 31.38 60.62 11.88 173.17 43.86
582 31.28 20.19 8.47 51.73 31.65
583 31.41 55.19 11.63 212.59 45.67
584 31.68 76.31 9.05 27.04 160.72
585 31.60 52.21 11.29 222.20 47.68
586 31.67 30.40 10.03 137.08 39.03
587 31.85 36.88 11.10 177.76 45.41
588 31.63 69.89 10.38 64.26 168.24
589 31.72 72.56 9.86 39.27 168.74
590 31.76 49.58 12.22 223.33 46.99
591 31.76 82.31 8.74 18.44 158.31
592 32.22 12.97 7.44 145.65 30.78
593 31.96 26.33 9.28 132.28 37.02
594 32.34 34.73 11.51 193.04 47.09
595 32.05 47.18 13.13 225.71 46.66
596 31.92 67.29 10.04 52.09 158.49
597 32.09 22.11 8.70 114.80 34.32
598 32.02 79.48 8.83 19.94 169.74
599 32.30 32.55 10.84 181.18 43.34
600 31.99 56.93 12.10 145.38 42.28
601 32.30 18.83 7.94 155.87 34.88
602 32.44 84.60 8.74 16.36 122.00
603 32.32 64.55 10.66 41.73 186.01
604 32.11 88.14 7.40 11.93 130.21
605 32.34 16.21 8.11 139.39 34.94
606 32.20 61.79 11.71 86.00 53.39
607 32.35 59.39 11.24 107.92 52.49
608 32.63 28.38 9.83 215.20 40.71
609 32.43 44.79 11.45 213.04 45.95
610 32.57 54.93 12.05 148.39 51.69
611 32.76 24.26 9.55 186.55 35.88
612 32.76 74.80 10.06 18.77 182.45
613 32.73 10.33 6.84 124.43 30.64
614 32.65 40.17 11.98 223.82 46.90
615 32.82 87.58 8.03 14.60 112.30
616 32.72 52.50 12.31 188.57 50.72
617 32.78 69.34 11.10 27.10 191.32
618 32.90 49.82 12.75 163.64 49.44
619 33.07 90.20 6.86 16.16 69.30
620 33.00 72.00 10.36 20.43 167.06
621 33.16 30.60 10.29 219.42 41.95
622 32.97 77.59 10.00 15.02 157.33
623 33.12 37.50 12.40 211.18 44.41
624 33.11 57.49 12.44 75.43 170.76
625 33.15 81.70 9.15 16.75 128.73
626 33.32 42.38 13.34 185.14 53.12
627 33.24 66.75 11.54 25.17 207.67
628 33.16 62.31 12.01 31.05 210.78
629 33.08 47.22 13.38 169.71 56.96
630 33.40 17.42 9.14 144.80 36.55
631 33.56 26.37 9.72 188.60 40.35
632 33.58 12.57 7.33 138.23 31.53
633 33.56 21.95 8.70 201.02 35.88
634 33.62 60.00 12.85 39.90 209.55
635 33.49 8.20 6.22 91.28 29.16
636 33.73 15.11 8.45 151.75 32.74
637 33.51 44.68 15.34 176.24 77.02
638 33.66 19.47 8.81 176.77 35.55
639 33.82 33.43 11.19 197.99 46.86
640 33.65 76.69 9.98 15.65 150.75
641 33.81 53.46 13.12 65.10 205.55
642 33.80 64.57 12.12 21.07 219.76
643 33.91 74.09 10.76 16.25 162.45
644 33.91 35.63 11.82 186.96 46.18
645 33.73 86.05 10.62 32.25 50.75
646 33.82 39.65 12.11 162.75 52.23
647 33.89 79.74 11.13 28.73 139.73
648 33.95 55.79 12.18 43.78 204.91
649 33.77 83.59 10.70 33.89 56.40
650 34.03 28.93 11.49 173.76 43.10
651 33.96 69.19 11.91 15.81 196.41
652 34.16 48.87 13.18 70.04 202.61
653 34.15 10.32 7.58 109.36 32.58
654 34.20 46.34 14.48 80.18 201.71
655 34.18 24.34 9.91 152.35 39.77
656 34.29 31.46 11.68 165.40 48.04
657 34.51 71.62 11.62 15.69 167.79
658 34.28 78.25 10.70 22.47 135.45
659 34.43 62.04 12.41 19.42 217.11
660 34.35 43.40 12.88 140.51 103.46
661 34.47 58.06 13.75 26.11 221.86
662 34.51 37.62 12.40 119.14 54.32
663 34.64 66.69 12.87 15.73 194.72
664 34.54 81.56 10.77 67.23 44.51
665 34.66 51.40 13.92 46.99 208.56
666 34.61 17.78 8.19 114.00 37.25
667 34.73 84.36 12.33 94.81 37.78
668 34.87 87.39 11.51 105.61 35.03
669 34.71 7.97 6.88 61.84 31.30
670 34.81 27.43 11.52 128.71 41.67
671 34.74 20.85 9.25 126.34 44.41
672 34.88 12.54 7.90 90.38 37.98
673 35.05 64.51 13.08 15.52 209.00
674 35.14 39.83 12.94 73.93 199.06
675 35.04 54.08 13.88 28.17 224.03
676 35.16 74.43 13.00 24.42 86.65
677 35.02 14.41 8.79 97.53 40.94
678 35.00 35.16 11.76 105.78 72.59
679 35.27 56.35 13.73 19.41 228.56
680 35.14 59.98 13.77 17.88 215.85
681 35.16 76.71 12.78 43.78 60.25
682 35.08 23.03 9.32 96.55 73.02
683 35.09 30.39 11.40 146.42 60.13
684 35.27 44.73 13.58 44.59 219.26
685 35.29 68.99 12.54 16.61 162.86
686 35.34 32.92 11.62 80.73 109.37
687 35.22 25.38 11.10 104.98 60.57
688 35.38 42.36 14.53 52.56 203.04
689 35.25 79.11 11.73 75.37 50.23
690 35.46 47.17 14.13 42.85 228.76
691 35.46 9.96 7.79 57.09 141.37
692 35.77 16.65 9.26 55.69 170.38
693 35.60 19.30 9.61 59.13 173.01
694 35.49 49.50 13.86 29.07 220.93
695 35.82 62.25 13.75 14.70 199.94
696 35.72 82.38 14.15 156.49 36.93
697 35.79 37.49 13.02 44.19 213.01
698 35.77 51.85 13.79 21.77 226.79
699 35.83 71.40 12.72 27.31 97.16
700 35.88 28.90 11.98 80.53 210.84
701 36.20 58.14 14.56 16.47 199.21
702 36.05 85.09 15.51 130.88 36.88
703 36.16 12.85 9.01 40.46 178.84
704 36.09 66.94 14.10 19.37 122.24
705 36.13 7.49 7.00 20.43 163.65
706 36.22 21.90 10.40 31.11 183.38
707 36.31 26.65 11.41 49.06 216.82
708 36.26 35.10 13.17 38.49 207.48
709 36.16 88.32 15.56 119.42 29.51
710 36.34 24.40 11.08 30.84 205.55
711 36.35 77.52 14.69 151.61 38.60
712 36.45 31.34 13.05 47.81 212.02
713 36.29 54.64 14.68 16.91 215.28
714 36.30 64.71 13.87 20.22 127.31
715 36.41 75.23 14.88 107.57 40.87
716 36.36 39.95 15.51 32.28 233.95
717 36.37 14.76 9.46 41.41 192.51
718 36.60 47.92 15.12 21.32 231.04
719 36.57 60.43 14.80 17.32 164.82
720 36.65 80.27 16.02 169.03 36.06
721 36.37 45.32 14.71 23.33 220.79
722 36.75 42.27 15.20 23.92 222.82
723 37.02 91.02 14.02 46.00 30.71
724 36.87 10.61 7.78 21.37 190.00
725 36.84 50.10 15.66 17.68 225.59
726 36.93 33.35 13.00 28.65 225.14
727 36.85 19.47 10.24 25.87 207.65
728 36.98 52.60 15.38 17.31 224.93
729 37.08 56.49 15.26 16.91 163.89
730 36.88 88.07 15.04 111.30 28.64
731 36.91 15.67 9.62 32.35 184.85
732 37.07 28.82 11.75 27.45 219.13
733 37.05 37.43 14.75 23.24 229.00
734 36.99 63.37 14.19 25.23 83.00
735 37.21 70.82 15.81 138.03 43.01
736 37.16 82.94 18.72 138.67 35.48
737 37.45 44.19 15.96 19.40 215.66
738 37.24 67.55 16.09 121.86 47.72
739 37.37 85.60 19.40 105.35 35.54
740 37.49 73.55 16.17 159.98 41.28
741 37.57 8.62 7.97 10.77 188.38
742 37.31 17.12 9.64 20.36 186.89
743 37.20 22.99 11.15 18.38 211.00
744 37.95 19.74 10.78 16.24 190.71
745 37.55 39.74 15.89 20.33 223.72
746 37.44 6.19 5.74 8.17 147.87
747 37.60 26.15 11.30 20.07 203.89
748 37.51 58.75 14.71 24.16 97.56
749 37.65 78.10 21.40 189.18 37.68
750 37.63 12.72 9.45 16.80 193.03
751 37.67 23.77 11.16 16.90 206.40
752 37.84 46.56 16.09 18.58 199.40
753 37.79 35.44 14.79 21.29 221.96
754 37.72 31.08 13.56 23.31 214.41
755 38.04 54.30 17.27 25.64 146.81
756 37.94 15.23 9.47 18.91 180.16
757 38.10 48.88 17.83 20.21 183.18
758 37.80 88.65 22.60 63.14 32.14
759 37.90 63.22 18.42 121.17 50.97
760 38.11 75.91 18.36 138.95 37.86
761 38.23 51.31 18.44 30.74 175.84
762 38.17 80.76 21.38 142.82 32.82
763 38.34 33.28 15.07 19.11 208.73
764 38.13 56.67 17.07 27.22 96.44
765 38.07 7.45 7.25 8.18 172.64
766 38.23 28.59 12.68 17.83 202.18
767 38.44 37.48 15.80 19.30 197.79
768 38.33 66.08 19.52 188.62 48.41
769 38.31 68.87 17.59 187.83 41.25
770 38.35 42.21 15.97 17.96 183.56
771 38.40 83.47 25.44 101.28 36.49
772 38.89 91.10 21.78 21.67 104.92
773 38.49 71.41 21.51 168.22 37.91
774 38.54 92.86 17.32 18.68 92.76
775 38.59 61.05 18.75 166.58 50.70
776 38.87 24.61 13.19 20.39 168.25
777 38.51 58.75 20.02 109.19 59.81
778 38.58 86.19 32.66 80.53 43.43
779 38.70 39.89 16.54 20.03 165.78
780 38.66 44.69 17.71 25.22 151.28
781 38.99 22.20 11.13 21.77 136.75
782 38.86 74.22 23.03 134.89 34.74
783 39.07 16.94 11.03 16.35 140.45
784 39.06 88.49 33.82 49.50 104.12
785 39.07 26.62 13.53 20.95 131.39
786 38.96 63.97 22.52 211.82 50.45
787 38.97 77.97 24.96 146.85 36.27
788 39.11 7.37 7.45 8.34 96.77
789 39.15 31.03 15.15 19.76 132.27
790 39.01 52.84 20.22 108.43 71.16
791 39.21 19.73 12.14 21.14 113.20
792 39.19 13.92 10.29 14.80 118.41
793 39.40 35.83 16.33 26.24 114.85
794 39.12 46.74 16.98 35.88 96.19
795 39.32 56.90 19.76 191.15 52.15
796 39.40 67.20 26.64 163.82 42.54
797 39.34 28.80 14.97 24.03 101.49
798 39.48 41.42 17.18 37.03 116.53
799 39.44 50.65 22.49 135.12 68.16
800 39.67 69.56 25.53 160.88 38.80
801 39.38 80.68 35.73 83.70 37.87
802 39.40 83.31 39.92 57.90 77.29
803 39.76 59.41 24.94 201.49 48.05
804 39.70 62.26 24.01 204.80 49.49
805 39.69 72.00 26.32 135.47 39.18
806 39.61 38.48 17.10 25.56 83.54
807 39.89 54.81 25.26 212.64 50.17
808 39.84 86.17 45.76 39.08 137.04
809 39.60 27.78 13.50 33.50 95.75
810 40.00 65.26 28.83 159.85 43.62
811 39.86 11.18 10.24 16.35 75.63
812 40.15 52.48 25.16 211.99 54.48
813 40.01 47.92 22.43 168.90 56.51
814 39.99 74.42 31.44 86.53 37.71
815 39.98 78.03 34.00 93.50 39.32
816 40.14 91.54 32.84 12.27 132.32
817 40.24 45.58 20.79 164.68 75.87
818 40.15 16.01 13.22 33.70 60.26
819 40.06 19.16 13.39 59.65 66.68
820 40.38 88.99 45.19 22.22 142.75
821 40.07 7.92 8.54 21.75 55.43
822 40.00 9.17 9.47 18.73 66.73
823 40.11 29.94 18.03 67.13 58.03
824 39.95 83.34 33.36 51.79 103.36
825 40.60 22.67 16.55 123.69 42.27
826 40.18 34.34 20.28 79.50 52.86
827 40.40 42.86 21.33 156.25 59.15
828 40.49 50.10 24.81 213.76 53.61
829 40.52 81.15 47.15 53.46 132.21
830 40.48 32.06 18.89 110.90 50.93
831 40.57 75.98 45.62 76.96 46.88
832 40.62 67.45 40.38 119.04 40.60
833 40.65 56.87 27.38 200.87 46.00
834 40.71 60.89 34.42 160.78 45.99
835 40.82 28.19 20.53 137.66 48.31
836 40.82 38.31 23.23 163.79 55.15
837 40.69 63.46 31.46 168.54 43.21
838 40.67 84.25 54.11 38.09 157.00
839 40.90 20.38 15.14 122.98 42.51
840 40.84 25.58 16.47 160.17 45.57
841 40.74 71.76 36.35 88.33 42.09
842 40.92 12.28 12.84 97.71 39.63
843 40.92 9.98 11.34 73.97 34.38
844 40.96 7.50 9.55 57.05 35.42
845 41.08 17.60 14.53 142.60 41.63
846 40.91 69.69 47.38 83.02 53.43
847 40.94 87.13 51.16 20.98 168.05
848 40.78 89.99 35.13 16.33 144.33
849 41.14 34.64 23.18 174.69 50.76
850 41.12 54.36 34.16 192.62 51.68
851 41.14 58.72 38.59 164.57 43.39
852 41.16 78.20 53.13 52.88 145.17
853 41.31 14.81 15.53 136.47 38.55
854 41.33 30.39 22.23 198.26 46.17
855 41.33 40.84 24.84 191.18 51.25
856 41.37 73.59 51.01 50.75 129.07
857 41.23 48.63 30.77 209.71 54.12
858 41.44 45.91 31.22 211.88 52.79
859 41.25 65.58 54.52 90.68 52.08
860 41.51 43.44 29.67 211.13 55.67
861 41.54 51.81 31.67 196.85 48.37
862 41.84 82.65 68.38 25.12 172.15
863 41.74 36.74 27.81 204.82 47.23
864 41.72 93.95 33.92 6.89 98.79
865 41.70 92.02 37.42 8.50 129.88
866 41.72 85.51 79.86 23.99 177.73
867 41.94 32.41 25.45 206.22 47.99
868 41.65 63.30 49.02 123.73 54.60
869 41.88 67.84 64.72 48.59 179.19
870 41.88 70.96 62.49 51.67 170.51
871 41.87 75.92 57.15 39.64 171.13
872 41.91 80.00 65.26 28.78 175.70
873 42.01 89.41 56.96 14.27 140.99
874 41.95 6.02 10.16 87.56 30.04
875 41.82 56.38 46.73 152.18 51.33
876 41.74 61.01 48.48 130.69 44.50
877 42.33 8.39 14.28 106.40 29.58
878 41.97 23.61 20.12 158.59 38.97
879 42.03 26.45 25.12 182.30 41.96
880 42.09 18.70 20.31 145.07 37.26
881 42.13 10.84 17.44 125.91 35.10
882 42.13 20.88 21.94 147.61 40.06
883 42.17 28.80 28.19 186.18 45.39
884 42.20 47.66 35.51 191.66 57.58
885 42.32 13.37 18.94 138.33 37.16
886 42.18 53.86 46.82 161.92 54.97
887 42.11 58.79 62.45 140.04 71.04
888 42.31 39.04 31.74 193.16 46.36
889 42.32 50.12 40.52 137.55 52.94
890 42.45 65.01 73.53 63.13 202.93
891 42.54 34.67 31.61 194.22 49.51
892 42.52 16.22 22.19 130.32 40.37
893 42.60 41.38 37.47 186.58 55.54
894 42.63 43.66 42.53 160.59 53.17
895 42.73 62.64 77.55 84.31 207.83
896 42.77 78.14 71.60 23.55 171.23
897 42.84 72.59 88.25 25.67 191.73
898 43.00 30.56 32.47 172.34 45.38
899 42.90 57.34 71.87 78.49 188.83
900 42.94 60.29 83.70 59.38 213.83
901 42.70 93.56 37.20 7.23 79.59
902 42.83 45.80 47.33 158.86 55.91
903 42.90 69.35 84.01 29.41 199.61
904 42.94 87.48 61.86 13.17 132.27
905 42.91 91.29 55.67 11.56 69.84
906 42.92 52.00 56.26 118.70 64.67
907 42.99 55.00 69.00 101.59 177.59
908 42.96 75.23 84.76 23.26 196.45
909 42.96 22.52 32.80 124.00 47.67
910 43.03 37.01 40.42 164.31 54.69
911 42.99 81.01 85.27 18.87 183.98
912 43.03 25.29 32.94 144.81 45.81
913 43.21 66.66 87.66 38.71 206.00
914 43.12 28.03 32.57 138.05 46.38
915 43.18 32.78 39.92 180.06 51.94
916 43.10 19.69 28.61 129.24 46.80
917 43.17 48.88 59.48 110.43 59.79
918 43.27 84.66 80.46 16.90 153.67
919 43.19 6.26 12.61 61.84 30.18
920 43.19 10.94 22.98 90.78 42.22
921 43.37 14.10 28.96 87.75 111.78
922 43.36 39.42 47.32 146.91 62.00
923 43.69 89.43 81.95 16.24 69.43
924 43.67 41.81 57.94 123.67 65.65
925 43.63 9.20 24.61 75.97 52.84
926 43.71 64.22 97.62 30.05 217.87
927 43.88 70.73 95.48 20.77 194.34
928 43.87 93.18 61.42 15.77 40.14
929 43.72 34.77 57.98 119.40 65.06
930 43.72 44.03 67.31 104.82 72.41
931 43.79 46.54 69.37 86.87 181.52
932 43.93 50.92 87.74 78.78 211.88
933 43.87 53.68 79.00 52.49 201.88
934 43.85 12.12 33.17 75.06 142.69
935 43.90 59.13 101.95 33.54 230.31
936 43.97 73.79 87.39 16.55 192.61
937 43.85 95.47 29.31 10.44 27.72
938 43.98 24.04 47.80 81.78 171.58
939 43.93 56.42 91.79 54.63 223.73
940 43.93 61.77 95.00 31.92 219.22
941 43.95 68.26 96.25 19.06 207.30
942 43.96 76.69 90.69 18.18 178.83
943 43.93 79.69 83.32 19.46 175.33
944 44.05 18.79 44.23 77.67 173.77
945 43.72 71.87 87.00 16.50 197.10
946 44.05 7.09 20.71 44.65 130.79
947 43.99 29.73 58.40 121.49 90.14
948 44.11 32.22 62.45 115.12 134.47
949 44.17 37.02 67.17 77.53 188.93
950 44.23 85.70 101.02 24.77 77.60
951 44.48 39.23 71.29 62.42 204.22
952 44.43 48.42 87.78 62.83 214.49
953 44.33 83.28 80.61 21.28 116.82
954 44.44 65.90 108.81 20.10 215.90
955 44.77 27.93 60.35 57.01 192.93
956 44.52 9.66 35.01 43.84 153.66
957 44.37 13.80 41.71 62.53 177.11
958 44.87 91.13 86.73 63.11 42.23
959 44.73 5.62 23.07 28.27 148.44
960 44.78 41.15 95.06 65.37 212.19
961 44.84 43.38 88.20 50.22 213.25
962 44.80 63.01 102.69 20.94 222.83
963 44.76 57.98 122.21 29.19 231.88
964 44.92 88.16 95.88 50.04 51.17
965 45.04 45.69 88.60 44.45 229.86
966 44.96 69.77 116.07 14.84 189.48
967 44.85 72.39 106.82 19.50 137.75
968 44.82 80.87 106.13 29.65 101.21
969 44.89 25.33 66.40 50.29 188.44
970 44.92 34.87 87.84 53.29 201.97
971 44.93 52.54 105.04 32.48 229.97
972 44.97 55.39 104.31 26.71 224.50
973 45.03 22.68 66.58 38.44 193.63
974 44.98 30.54 85.53 55.93 212.76
975 45.02 60.27 109.95 24.54 225.64
976 44.95 75.33 110.29 20.15 107.27
977 44.98 77.85 111.47 23.39 122.32
978 45.14 17.14 56.47 37.05 186.52
979 45.28 32.84 99.48 41.41 225.33
980 45.25 50.22 110.27 30.08 226.62
981 45.23 12.86 61.97 28.73 183.59
982 45.31 7.17 32.94 19.64 170.73
983 45.23 10.77 48.08 31.38 183.49
984 45.35 67.40 121.47 19.30 192.84
985 45.21 85.44 91.33 76.49 54.91
986 45.61 94.31 44.48 73.88 30.21
987 45.29 19.98 59.61 35.55 188.41
988 45.44 37.10 105.88 37.55 211.11
989 45.54 83.20 113.99 88.43 50.61
990 45.35 14.60 50.07 22.87 186.87
991 45.59 47.87 115.90 31.42 234.97
992 45.63 64.75 118.84 20.26 206.47
993 45.74 39.33 115.60 33.10 228.21
994 45.78 73.71 126.96 36.81 67.19
995 45.78 57.92 118.00 18.26 219.93
996 45.80 79.71 131.15 77.89 63.31
997 45.89 53.80 131.16 24.97 226.44
998 45.85 71.00 122.50 23.17 98.86
999 45.92 26.27 91.87 30.09 223.33
1000 45.96 41.78 112.25 32.30 227.15
1001 45.90 62.28 132.45 22.45 212.35
1002 45.97 28.99 90.83 25.86 204.86
1003 46.05 15.41 67.90 16.63 179.75
1004 46.01 76.56 126.46 60.86 50.14
1005 46.06 23.67 92.20 22.37 207.34
1006 46.20 89.84 84.37 131.70 40.17
1007 45.94 11.17 66.16 21.73 180.30
1008 46.14 31.50 112.47 26.36 221.58
1009 46.17 34.60 112.93 24.12 224.19
1010 46.19 44.14 119.59 25.44 228.92
1011 46.22 51.52 121.36 21.68 208.86
1012 46.15 87.42 111.28 181.96 42.82
1013 45.97 8.37 46.36 17.98 174.44
1014 46.13 21.17 80.93 21.91 203.18
1015 46.29 55.96 150.78 19.12 213.19
1016 46.25 60.11 138.79 28.58 214.58
1017 46.22 68.90 132.78 26.25 88.84
1018 46.46 92.29 70.47 120.27 36.02
1019 46.22 17.57 76.17 19.56 185.31
1020 46.49 46.53 127.67 23.33 224.32
1021 46.62 49.19 129.20 23.40 217.23
1022 46.80 5.81 43.27 8.58 167.24
1023 46.39 66.40 133.62 62.13 72.55
1024 46.67 84.71 105.64 178.80 39.14
1025 46.53 10.31 69.69 14.82 174.59
1026 46.61 36.90 125.01 22.99 225.89
1027 46.73 81.83 121.10 196.88 43.27
1028 46.64 13.53 89.34 16.33 180.06
1029 46.70 63.68 156.40 52.66 83.20
1030 46.69 72.19 142.15 80.54 52.29
1031 46.68 7.95 59.27 12.48 169.46
1032 46.84 74.61 127.37 114.81 46.92
1033 46.87 79.11 127.78 204.34 43.49
1034 46.88 39.55 145.48 21.80 228.22
1035 46.76 94.74 40.92 63.27 26.38
1036 47.07 24.74 102.01 15.64 192.60
1037 47.02 27.25 108.65 18.43 203.59
1038 47.10 29.95 115.77 20.21 207.44
1039 47.07 19.50 101.09 15.33 182.13
1040 47.11 32.67 125.54 21.93 215.90
1041 46.98 53.58 147.81 23.46 182.35
1042 47.04 58.03 166.37 32.41 119.22
1043 47.05 61.38 157.84 59.47 93.82
1044 47.14 22.24 102.76 19.92 190.58
1045 47.16 42.26 144.33 27.10 213.01
1046 47.28 70.16 152.21 116.38 49.76
1047 47.24 67.83 148.39 127.38 53.92
1048 47.27 76.81 126.68 179.05 43.42
1049 47.24 16.53 91.88 13.87 160.14
1050 47.19 8.86 78.37 13.37 161.17
1051 47.36 65.25 154.72 155.08 56.95
1052 47.38 11.35 102.72 15.21 162.05
1053 47.36 45.07 145.10 26.63 208.32
1054 47.32 51.11 146.48 30.67 145.62
1055 47.29 55.97 174.87 39.43 98.15
1056 47.44 87.75 102.22 179.06 37.88
1057 47.46 35.15 134.08 27.31 187.06
1058 47.58 90.63 71.48 136.33 37.15
1059 47.55 47.83 155.70 29.68 190.41
1060 47.60 59.44 186.91 116.34 70.67
1061 47.74 7.25 62.10 12.72 132.78
1062 47.71 37.96 149.44 28.02 192.11
1063 47.71 72.72 139.68 198.01 46.80
1064 47.80 93.33 44.98 69.33 30.96
1065 47.80 13.93 99.62 18.79 133.09
1066 47.83 62.82 164.02 204.12 56.57
1067 47.89 83.03 112.25 191.68 38.15
1068 47.98 40.46 167.71 34.85 119.14
1069 47.93 20.37 130.34 24.95 112.11
1070 47.94 25.90 136.83 29.56 91.28
1071 47.99 28.33 131.54 28.67 124.79
1072 47.90 53.31 164.28 72.23 77.58
1073 48.04 80.03 114.95 210.46 40.56
1074 48.00 9.74 104.63 18.02 117.22
1075 48.06 32.80 161.26 43.62 136.71
1076 48.12 49.86 172.96 98.49 78.98
1077 48.08 23.28 133.06 47.31 101.26
1078 48.30 66.48 149.54 198.04 48.03
1079 48.25 75.13 136.33 220.17 44.43
1080 48.14 30.55 149.24 48.93 81.17
1081 48.17 43.03 181.93 45.24 102.09
1082 48.39 85.38 99.76 165.22 41.32
1083 48.20 18.19 116.33 33.55 82.96
1084 48.22 55.89 181.94 143.45 71.24
1085 48.19 5.76 52.20 16.77 118.07
1086 48.32 15.94 129.88 48.05 83.52
1087 48.55 58.02 181.51 202.77 60.03
1088 48.48 77.45 129.99 219.94 43.36
1089 48.42 36.55 180.86 71.69 95.94
1090 48.36 45.71 178.58 82.70 92.11
1091 48.46 60.62 176.86 229.04 55.50
1092 48.55 68.66 146.92 196.00 48.24
1093 48.64 34.51 162.21 121.32 72.56
1094 48.61 47.78 182.61 130.54 77.02
1095 48.66 64.41 165.54 234.15 54.18
1096 48.68 70.68 148.00 206.12 46.95
1097 48.59 12.03 116.03 36.97 73.95
1098 48.76 51.72 187.91 212.33 64.59
1099 48.60 3.92 51.00 24.88 50.21
1100 48.72 21.15 139.70 107.78 55.20
1101 48.78 27.40 144.80 85.58 61.31
1102 48.58 87.33 98.83 128.00 35.28
1103 48.70 92.14 78.52 83.18 37.47
1104 48.85 25.14 146.03 163.28 62.66
1105 48.78 38.79 176.56 147.54 71.20
1106 48.73 89.09 101.07 124.93 37.72
1107 48.77 7.72 95.77 54.82 53.33
1108 48.88 54.00 178.02 230.95 61.90
1109 48.90 73.13 149.92 227.14 44.83
1110 48.86 13.87 119.82 77.97 53.94
1111 49.05 81.86 121.28 167.05 49.51
1112 49.00 31.90 167.05 137.28 63.60
1113 49.08 41.31 180.22 181.28 70.12
1114 49.05 5.60 80.44 69.29 39.67
1115 48.94 9.83 117.60 71.04 55.82
1116 49.14 19.03 129.09 126.20 50.53
1117 49.19 29.53 156.09 187.35 57.68
1118 49.10 44.10 192.36 159.18 72.28
1119 49.24 62.28 161.29 236.10 55.27
1120 49.24 23.00 147.60 163.02 56.65
1121 49.29 49.39 185.12 225.72 62.96
1122 49.35 56.08 190.16 238.09 59.81
1123 49.39 79.12 124.31 172.85 43.11
1124 49.36 3.41 39.46 54.77 30.56
1125 49.48 15.95 131.81 138.11 51.72
1126 49.50 76.18 139.51 185.46 49.03
1127 49.49 84.35 104.34 137.11 76.98
1128 49.49 36.41 171.49 207.45 63.81
1129 49.43 66.96 143.77 178.81 47.27
1130 49.59 59.90 165.08 239.26 56.90
1131 49.67 46.78 166.80 224.64 67.53
1132 49.63 86.74 104.25 108.14 44.38
1133 49.78 89.72 110.87 71.14 116.28
1134 49.73 7.38 107.71 115.45 40.14
1135 49.77 33.72 158.16 218.08 59.12
1136 49.82 39.10 178.71 210.13 61.36
1137 49.87 11.82 120.86 127.05 46.12
1138 49.82 64.48 156.03 203.45 59.40
1139 49.81 71.43 151.65 148.58 51.06
1140 49.84 26.58 150.54 194.99 53.00
1141 49.87 68.99 152.64 142.80 50.73
1142 50.10 92.34 100.65 52.34 168.62
1143 50.03 57.78 173.68 239.51 57.72
1144 49.94 51.50 187.13 237.92 62.15
1145 49.94 73.93 158.90 172.53 50.93
1146 49.98 43.33 172.60 219.97 62.97
1147 49.96 53.88 168.41 232.05 59.36
1148 50.14 4.39 60.88 88.06 38.31
1149 50.02 21.05 130.28 180.62 52.65
1150 50.19 31.25 162.32 233.65 59.59
1151 50.21 23.95 143.98 208.33 52.41
1152 50.19 81.14 118.87 82.61 137.13
1153 50.37 28.90 148.69 225.66 54.63
1154 50.50 41.08 171.17 222.54 59.32
1155 50.50 45.48 172.16 226.45 61.09
1156 50.41 49.19 181.94 231.33 66.84
1157 50.34 62.27 160.62 203.31 68.88
1158 50.35 66.52 176.86 121.02 60.72
1159 50.44 13.91 119.55 141.80 47.43
1160 50.51 18.79 133.75 184.18 49.83
1161 50.61 37.12 182.04 233.38 61.12
1162 50.46 78.67 126.42 71.05 155.54
1163 50.58 55.81 187.40 228.56 61.18
1164 50.68 6.41 104.27 125.39 57.11
1165 50.83 10.29 120.35 146.77 48.70
1166 50.74 35.00 174.19 222.33 68.03
1167 50.72 75.94 127.42 88.28 158.85
1168 50.58 84.61 105.01 35.96 140.09
1169 50.72 16.32 137.92 176.29 46.27
1170 50.72 59.95 162.04 201.96 61.25
1171 50.64 87.71 92.34 25.53 154.07
1172 50.91 70.55 153.50 74.85 179.91
1173 50.91 26.75 161.62 215.12 62.28
1174 50.99 64.32 170.67 115.03 181.47
1175 51.01 73.20 140.00 58.59 175.89
1176 51.05 32.59 165.22 223.34 64.85
1177 50.92 51.68 195.68 189.32 65.22
1178 51.07 68.35 166.14 104.69 178.97
1179 51.05 47.47 194.14 196.35 72.10
1180 51.09 89.21 78.61 16.87 151.94
1181 51.01 21.56 148.10 186.06 55.66
1182 51.14 38.96 179.26 206.02 68.28
1183 51.03 53.79 199.33 167.90 67.67
1184 51.17 43.19 187.81 220.64 69.83
1185 51.18 90.99 87.97 16.71 160.30
1186 51.39 94.52 56.53 11.69 133.35
1187 51.18 24.62 155.76 195.76 63.31
1188 51.23 57.75 179.48 192.69 68.72
1189 51.35 30.32 173.24 200.10 64.55
1190 51.40 81.13 117.66 32.25 163.04
1191 51.11 84.09 99.50 40.67 157.33
1192 51.49 61.88 165.48 108.39 190.61
1193 51.65 86.08 101.64 19.73 164.20
1194 51.42 49.87 182.85 117.02 89.66
1195 51.54 66.30 165.76 56.64 199.18
1196 51.58 14.21 139.62 80.36 141.80
1197 51.57 77.91 127.23 44.26 184.73
1198 51.62 5.23 72.45 44.80 129.82
1199 51.58 28.31 167.20 134.12 122.02
1200 51.63 45.50 195.11 128.96 103.38
1201 51.64 18.57 135.30 107.89 61.83
1202 51.76 41.06 187.41 167.82 86.18
1203 51.69 55.64 201.51 144.55 93.69
1204 51.75 36.42 175.34 181.60 82.24
1205 51.92 16.77 131.76 69.68 112.42
1206 51.86 75.11 144.14 36.61 191.36
1207 51.83 9.15 118.83 50.93 122.90
1208 51.88 23.35 162.15 97.43 155.68
1209 51.80 34.16 173.91 109.35 140.77
1210 52.00 59.63 166.71 96.91 209.26
1211 51.94 20.74 157.24 118.37 88.81
1212 51.93 52.69 179.06 87.49 215.58
1213 52.06 26.17 152.41 87.46 194.73
1214 52.05 72.17 154.34 31.82 203.08
1215 52.12 69.62 153.45 36.51 211.38
1216 52.15 64.25 178.65 67.63 215.66
1217 52.73 82.54 99.80 18.17 166.04
1218 52.20 31.92 174.06 97.89 190.24
1219 52.22 47.90 183.74 88.54 216.89
1220 52.35 90.16 95.69 13.24 152.41
1221 52.34 92.70 69.48 10.85 153.38
1222 52.14 38.67 185.39 123.96 166.41
1223 52.49 88.72 89.42 14.14 147.86
1224 52.34 43.35 184.13 70.91 216.29
1225 52.52 6.40 79.52 24.72 165.42
1226 52.13 11.86 131.74 43.89 141.78
1227 52.54 79.78 115.90 19.01 178.11
1228 52.48 57.44 178.99 53.41 208.61
1229 52.68 50.34 175.01 54.40 222.79
1230 52.52 29.48 168.04 70.69 203.88
1231 52.64 13.50 116.94 29.49 173.60
1232 52.47 15.36 132.37 31.50 158.23
1233 52.57 66.93 147.55 26.72 218.27
1234 52.48 17.95 77.29 32.10 140.48
1235 52.67 54.74 183.72 52.27 227.10
1236 52.63 62.07 168.02 44.25 219.90
1237 52.80 76.80 125.31 21.72 197.36
1238 52.94 19.42 118.21 40.73 163.15
1239 52.86 36.02 162.99 55.73 206.28
1240 52.88 45.72 184.49 47.80 218.03
1241 52.92 22.28 153.51 43.50 198.54
1242 53.05 33.50 156.52 46.36 202.80
1243 53.09 40.71 166.15 48.77 222.01
1244 52.89 74.09 139.94 21.35 197.84
1245 52.86 86.40 98.78 14.40 165.15
1246 52.96 24.86 153.00 37.70 202.07
1247 52.95 27.24 150.77 41.39 208.62
1248 53.08 59.78 166.64 31.29 224.29
1249 53.07 52.35 176.41 43.05 227.03
1250 53.34 94.33 50.28 9.95 108.92
1251 53.13 71.53 148.47 21.23 204.62
1252 53.29 38.50 170.01 43.08 221.40
1253 53.11 16.39 120.22 22.29 151.68
1254 53.30 64.32 171.12 27.14 223.29
1255 53.21 69.04 154.06 24.70 218.52
1256 53.40 31.02 163.03 33.16 219.36
1257 53.34 48.27 175.51 34.67 224.59
1258 53.48 43.18 180.74 42.29 230.21
1259 53.43 56.33 172.05 31.74 216.48
1260 53.59 84.53 100.43 23.04 166.87
1261 53.63 91.51 68.71 14.03 105.87
1262 53.90 7.22 98.58 14.62 150.01
1263 53.58 11.86 114.42 18.61 159.89
1264 53.79 28.51 167.08 27.72 201.63
1265 53.65 61.99 182.68 23.65 221.41
1266 53.62 66.56 148.86 22.95 226.09
1267 53.72 78.79 117.16 21.00 174.33
1268 53.73 14.94 116.82 20.71 163.34
1269 53.93 58.50 182.73 23.76 224.73
1270 53.95 88.58 99.66 26.13 119.02
1271 53.92 53.70 168.96 31.61 226.22
1272 53.99 76.05 111.22 23.51 180.86
1273 54.04 19.15 140.62 23.42 163.82
1274 53.91 21.46 150.90 28.71 196.08
1275 54.00 73.21 136.96 27.16 171.33
1276 54.05 23.58 138.14 29.39 191.91
1277 54.03 25.88 150.76 26.92 208.71
1278 54.15 36.86 161.67 32.10 231.24
1279 54.09 4.55 56.86 12.51 141.38
1280 54.13 34.57 171.37 40.53 219.94
1281 54.07 46.04 183.56 28.92 229.44
1282 54.03 50.77 160.38 25.95 200.91
1283 54.19 70.70 130.52 19.29 195.30
1284 54.30 82.89 105.24 25.02 154.95
1285 54.34 68.32 144.21 26.68 207.48
1286 54.30 32.20 157.74 29.17 195.76
1287 54.46 41.43 169.31 30.73 213.98
1288 54.44 11.48 123.03 26.33 132.74
1289 54.44 48.40 174.26 29.90 220.51
1290 54.52 17.03 135.68 31.11 133.39
1291 54.48 30.17 176.60 34.31 177.75
1292 54.53 39.14 169.72 29.52 226.28
1293 54.58 60.85 149.02 23.33 220.44
1294 54.53 63.50 157.85 29.02 222.09
1295 54.56 65.68 145.76 26.03 213.31
1296 54.59 80.40 110.08 32.36 144.92
1297 54.47 43.87 165.72 34.35 223.00
1298 54.60 56.98 168.19 27.04 208.21
1299 54.72 55.06 171.66 36.80 213.26
1300 54.63 14.91 132.47 39.92 92.58
1301 54.79 90.39 87.21 74.93 54.48
1302 54.93 26.95 160.08 66.97 143.23
1303 54.79 9.01 104.04 28.91 109.31
1304 54.86 74.67 128.67 71.26 92.54
1305 54.83 3.13 40.97 16.19 90.49
1306 54.95 52.49 162.40 47.82 195.37
1307 54.89 21.62 137.84 41.84 111.24
1308 54.96 85.68 105.94 63.73 60.30
1309 55.02 5.76 64.28 30.16 78.29
1310 54.98 24.61 153.42 82.38 85.47
1311 55.00 77.84 116.86 96.67 68.47
1312 55.15 50.40 171.41 68.10 150.86
1313 55.25 58.60 166.90 43.00 196.21
1314 55.16 13.51 129.54 56.04 87.75
1315 55.25 35.86 157.16 57.39 195.73
1316 55.10 72.12 131.71 45.27 98.77
1317 55.21 18.93 125.51 74.39 77.36
1318 55.27 29.01 164.15 127.68 81.56
1319 55.27 45.71 158.15 43.54 142.72
1320 55.22 69.66 132.86 30.93 110.46
1321 55.38 93.16 56.85 86.48 35.05
1322 55.28 33.53 171.00 52.20 142.24
1323 55.48 87.77 85.96 121.94 41.33
1324 55.35 11.33 112.41 53.76 70.34
1325 55.38 31.43 160.36 107.89 80.79
1326 55.33 43.33 165.68 55.91 146.90
1327 55.36 47.99 168.78 61.44 99.06
1328 55.41 67.21 140.96 53.30 96.35
1329 55.39 82.76 109.26 96.94 53.25
1330 55.43 38.04 173.56 84.83 147.49
1331 55.47 16.12 118.83 83.33 56.77
1332 55.50 40.50 162.56 63.19 105.12
1333 55.52 62.56 160.02 126.10 99.52
1334 55.54 64.94 148.18 77.87 106.89
1335 55.76 23.00 130.38 80.95 57.51
1336 55.62 54.27 176.64 130.36 94.74
1337 55.57 60.54 151.08 72.87 79.95
1338 55.71 8.60 105.79 82.60 54.44
1339 55.68 56.59 166.85 132.64 94.27
1340 55.81 75.81 103.17 144.16 47.74
1341 55.68 80.20 104.08 146.01 50.21
1342 55.87 20.73 120.30 126.33 53.23
1343 55.94 25.38 142.02 83.56 57.89
1344 55.97 73.46 110.74 136.42 59.34
1345 56.25 95.24 28.07 67.05 24.43
1346 55.91 84.11 86.73 138.19 42.02
1347 56.01 6.15 76.19 61.19 40.41
1348 55.97 52.22 158.32 145.54 71.43
1349 56.18 89.90 66.45 148.42 38.02
1350 56.16 71.12 114.58 170.11 49.62
1351 56.10 42.31 155.35 141.67 82.78
1352 56.19 27.69 129.64 143.88 54.90
1353 56.17 49.69 125.69 190.03 66.31
1354 56.31 12.32 104.87 128.61 44.06
1355 56.27 30.11 128.33 193.54 55.94
1356 56.20 34.72 164.87 193.58 100.53
1357 56.42 78.18 97.89 168.37 41.09
1358 56.42 18.52 116.91 132.92 46.42
1359 56.24 46.65 129.90 144.92 63.78
1360 56.36 38.96 133.20 193.80 76.82
1361 56.31 68.78 123.00 139.30 52.95
1362 56.35 85.22 84.77 145.14 42.00
1363 56.42 32.73 149.54 209.16 61.84
1364 56.55 36.85 129.91 209.15 66.16
1365 56.49 63.94 123.46 190.16 60.01
1366 56.49 66.35 124.48 170.77 56.17
1367 56.58 44.13 123.22 182.07 61.00
1368 56.41 58.71 133.13 200.16 63.10
1369 56.60 15.83 107.26 149.65 46.27
1370 56.59 54.46 169.06 234.03 72.02
1371 56.56 61.44 124.18 215.00 58.56
1372 56.69 82.16 82.78 172.92 41.94
1373 56.85 92.85 56.30 125.45 30.54
1374 56.80 41.01 117.93 210.03 63.86
1375 56.86 8.99 100.10 129.15 43.91
1376 56.81 56.52 134.22 215.52 58.09
1377 56.83 87.02 66.42 147.06 36.04
1378 56.91 21.33 111.39 170.63 45.20
1379 57.08 52.61 124.78 233.65 57.85
1380 57.16 4.55 47.02 94.62 35.60
1381 57.03 23.69 112.37 180.00 44.60
1382 57.02 26.18 118.06 170.35 46.55
1383 56.97 75.51 93.40 184.68 41.85
1384 57.12 48.19 123.75 208.47 60.22
1385 57.15 72.93 98.40 189.94 40.16
1386 57.15 50.66 123.56 229.69 60.82
1387 57.35 6.85 74.84 124.60 37.21
1388 57.34 45.81 122.03 224.47 59.59
1389 57.32 28.67 122.67 186.94 49.97
1390 57.25 31.17 129.79 200.43 55.22
1391 57.36 34.97 122.27 210.59 58.45
1392 57.43 80.19 72.94 177.47 36.45
1393 57.28 68.08 105.35 208.38 46.39
1394 57.31 12.23 93.58 163.40 42.81
1395 57.39 70.54 93.84 187.47 39.79
1396 57.44 59.83 110.25 228.46 53.82
1397 57.43 84.39 68.01 177.60 33.46
1398 57.50 90.07 62.72 144.52 32.77
1399 57.61 39.34 116.08 209.33 55.66
1400 57.55 62.65 114.71 226.54 49.78
1401 57.64 16.74 96.63 168.15 47.19
1402 57.69 19.20 98.46 174.60 43.68
1403 57.65 65.20 101.54 215.69 49.61
1404 57.80 14.30 87.02 151.05 45.23
1405 57.80 41.96 112.08 198.13 56.55
1406 57.71 57.63 102.33 195.40 51.78
1407 57.80 77.30 83.69 203.53 36.37
1408 57.90 33.05 107.70 184.78 60.35
1409 57.99 37.10 104.30 192.33 58.87
1410 58.12 54.56 106.58 186.98 55.02
1411 58.03 9.12 86.13 121.78 47.67
1412 58.07 26.07 108.45 159.77 57.29
1413 58.24 44.20 103.74 197.68 60.72
1414 58.21 87.79 61.11 133.44 33.31
1415 58.52 49.74 102.77 184.42 68.81
1416 58.13 74.37 79.77 184.44 43.43
1417 58.12 23.59 110.52 143.38 64.36
1418 58.10 21.32 97.08 120.86 58.41
1419 58.23 67.36 103.29 192.55 45.75
1420 58.10 11.08 81.45 133.09 48.23
1421 58.22 30.55 122.59 171.45 78.14
1422 58.34 46.75 96.88 194.04 56.12
1423 58.24 52.04 100.63 185.94 58.82
1424 58.41 92.70 46.36 103.10 31.12
1425 58.50 82.59 63.16 142.73 35.83
1426 58.46 61.08 102.36 187.39 53.16
1427 58.32 28.45 119.66 175.51 74.57
1428 58.54 69.51 83.91 196.10 41.91
1429 58.49 71.82 81.98 178.43 41.13
1430 58.35 6.05 62.14 74.36 51.45
1431 58.48 85.47 61.34 133.40 38.02
1432 58.52 12.28 82.07 134.46 73.60
1433 58.55 63.58 93.70 179.63 47.65
1434 58.62 56.35 95.54 180.38 60.73
1435 58.59 58.80 88.84 164.62 55.71
1436 58.71 79.78 67.16 168.31 40.48
1437 58.62 16.33 104.58 132.40 101.32
1438 58.62 34.96 111.24 175.57 66.64
1439 58.63 39.72 98.96 143.67 66.83
1440 58.84 89.84 47.55 114.78 41.33
1441 58.77 42.48 88.76 145.24 67.19
1442 58.95 18.82 69.18 71.62 145.79
1443 58.97 65.96 87.20 172.87 45.84
1444 58.94 75.98 72.18 173.82 41.97
1445 58.95 8.90 68.22 67.78 138.37
1446 58.95 22.03 84.87 74.06 146.40
1447 59.14 6.68 52.61 51.97 124.69
1448 59.12 27.02 84.01 78.32 186.92
1449 59.30 94.67 25.95 56.61 29.93
1450 59.04 37.50 109.03 131.23 138.52
1451 59.27 73.35 73.57 163.01 41.57
1452 59.18 47.79 101.38 172.30 59.55
1453 59.25 11.29 78.87 64.56 140.07
1454 59.31 30.19 85.24 65.72 187.91
1455 59.54 52.78 75.29 89.07 197.19
1456 59.68 57.70 82.24 79.36 188.67
1457 59.47 62.18 91.57 156.36 53.67
1458 59.47 84.99 56.96 96.10 56.00
1459 59.45 15.59 71.59 67.69 152.33
1460 60.34 40.62 65.04 44.51 202.16
1461 59.73 35.65 73.86 66.82 198.98
1462 59.46 59.90 84.47 121.00 86.83
1463 59.59 68.52 78.88 155.28 118.69
1464 59.62 77.95 71.31 144.20 61.23
1465 59.53 4.80 44.12 37.71 154.21
1466 59.74 42.40 87.60 94.72 178.34
1467 59.75 55.38 78.81 57.79 206.66
1468 59.69 39.00 82.47 92.62 179.18
1469 59.70 64.33 95.18 152.04 55.90
1470 59.65 70.85 79.76 127.89 65.71
1471 59.85 91.41 40.31 78.33 53.80
1472 59.81 80.52 61.35 93.95 54.56
1473 60.01 14.01 62.81 28.81 167.32
1474 59.82 33.32 75.52 43.84 197.16
1475 60.00 17.63 56.84 35.26 177.73
1476 59.85 83.15 58.17 84.77 80.92
1477 59.94 20.81 70.21 35.79 176.62
1478 59.84 88.02 44.80 63.86 88.83
1479 60.22 51.13 73.81 84.40 215.06
1480 60.16 28.43 77.97 40.13 210.86
1481 60.17 44.50 85.12 66.43 206.45
1482 60.35 46.74 70.14 56.01 208.20
1483 60.09 48.98 86.82 96.00 204.76
1484 60.07 75.50 64.22 132.29 101.35
1485 60.06 7.85 50.17 20.13 164.89
1486 60.02 10.70 58.55 23.99 155.94
1487 60.10 23.42 66.20 31.40 181.91
1488 60.18 26.03 80.34 38.47 212.77
1489 60.16 66.51 69.98 118.17 187.44
1490 60.39 30.84 57.37 24.14 202.23
1491 60.34 37.45 70.12 31.98 206.36
1492 60.48 61.09 70.00 69.91 192.56
1493 60.42 5.86 33.53 12.35 174.35
1494 60.31 72.79 67.05 76.46 163.57
1495 60.42 93.87 29.20 34.98 102.48
1496 60.26 33.82 64.00 27.00 208.00
1497 60.68 86.06 51.07 52.36 145.99
1498 60.89 54.38 64.90 28.51 224.28
1499 60.86 15.64 47.80 17.10 163.63
1500 60.78 58.84 63.82 37.91 207.67
1501 60.79 63.33 66.88 63.44 208.63
1502 60.94 70.59 65.16 47.08 175.98
1503 60.50 11.33 48.88 16.12 169.50
1504 60.64 78.36 66.28 76.70 157.55
1505 60.86 88.61 43.23 40.90 132.40
1506 60.52 94.90 17.90 20.70 111.50
1507 60.91 68.17 64.04 51.31 202.12
1508 60.93 56.54 56.76 30.02 207.22
1509 60.96 80.08 50.67 48.96 150.30
1510 60.94 12.72 40.65 14.85 149.54
1511 61.15 32.64 52.26 21.97 166.14
1512 60.69 43.41 71.67 39.33 218.67
1513 61.25 22.49 44.17 24.31 169.17
1514 61.11 24.92 47.24 20.04 179.57
1515 61.43 90.61 36.12 27.27 139.02
1516 61.19 20.23 46.87 20.06 173.76
1517 61.26 34.93 44.63 27.53 154.06
1518 61.18 74.99 54.29 41.29 181.35
1519 60.96 91.82 33.14 28.77 114.00
1520 61.21 10.50 35.72 14.43 141.07
1521 61.19 38.85 52.44 20.47 216.93
1522 61.23 49.36 62.88 29.65 223.72
1523 61.22 81.66 46.01 43.13 151.24
1524 61.03 84.52 46.46 32.92 159.50
1525 61.82 8.80 29.34 18.49 105.07
1526 61.24 27.77 46.87 21.14 168.06
1527 61.20 51.92 58.66 26.05 222.00
1528 61.43 45.37 58.93 25.35 215.93
1529 61.34 42.80 56.62 21.78 204.02
1530 61.42 77.28 53.72 42.19 159.41
1531 61.52 93.39 22.53 15.82 142.09
1532 61.92 17.96 34.18 28.38 105.81
1533 61.57 83.31 42.09 31.04 159.13
1534 61.49 6.50 24.47 8.82 159.30
1535 61.57 30.30 46.06 30.12 128.14
1536 61.56 60.68 60.50 27.64 219.89
1537 61.73 72.76 54.13 26.21 181.11
1538 62.03 37.03 37.24 31.62 163.18
1539 61.79 57.75 50.35 19.14 211.86
1540 61.97 68.87 48.13 28.16 209.91
1541 62.11 86.38 39.10 18.69 157.03
1542 62.35 53.32 42.52 24.74 158.15
1543 61.98 12.83 27.96 20.85 80.85
1544 62.23 40.16 37.54 21.14 141.55
1545 62.19 47.52 42.21 21.63 164.17
1546 62.01 63.89 51.61 28.42 212.79
1547 61.95 5.27 16.22 11.58 96.00
1548 62.42 55.83 40.79 20.39 179.58
1549 62.16 15.57 32.78 27.70 99.32
1550 62.07 26.21 36.44 28.94 87.10
1551 62.13 66.70 43.78 19.25 203.77
1552 62.13 88.28 28.78 12.87 140.87
1553 62.28 79.98 36.47 22.85 164.58
1554 62.21 23.97 35.31 37.36 101.53
1555 62.58 43.98 39.23 34.32 154.84
1556 62.47 50.97 39.82 30.04 154.48
1557 62.39 61.84 49.53 18.51 223.86
1558 62.48 74.93 41.54 19.48 175.58
1559 62.56 70.97 39.60 16.46 194.57
1560 62.43 21.67 31.74 35.23 72.58
1561 62.87 59.05 36.34 27.08 148.82
1562 62.50 90.55 26.05 12.93 149.07
1563 62.54 30.88 32.10 101.62 48.22
1564 62.81 77.71 38.22 19.17 184.35
1565 62.96 33.72 29.07 122.76 50.86
1566 62.93 83.05 34.86 17.59 143.16
1567 62.99 11.21 21.31 86.09 41.21
1568 63.37 64.93 33.15 26.40 148.25
1569 62.95 13.92 24.94 90.87 42.04
1570 62.93 26.67 24.85 74.80 42.02
1571 63.09 89.08 21.56 11.15 136.05
1572 63.04 36.24 29.55 114.41 57.20
1573 63.17 8.82 19.28 74.77 34.87
1574 63.48 20.86 22.24 118.27 40.70
1575 63.11 23.49 24.94 99.20 46.65
1576 63.31 67.89 30.02 19.89 164.11
1577 63.24 72.95 37.87 17.53 180.86
1578 63.23 29.00 26.02 122.45 46.83
1579 63.33 62.60 30.63 31.37 164.76
1580 63.19 86.48 29.92 14.42 150.22
1581 63.27 92.28 17.03 9.12 128.91
1582 63.40 7.36 15.24 67.44 33.15
1583 63.16 81.42 35.38 16.88 161.38
1584 63.20 4.31 13.10 35.20 34.40
1585 63.56 31.54 23.49 169.38 45.62
1586 63.78 15.39 18.22 122.20 40.30
1587 63.42 38.91 27.78 87.68 53.22
1588 63.52 80.16 28.90 16.00 160.46
1589 63.67 25.29 21.01 119.56 39.66
1590 63.54 46.55 32.07 115.89 59.85
1591 63.65 41.37 27.81 120.46 56.02
1592 63.67 76.10 28.76 17.75 180.65
1593 63.77 18.20 19.45 100.55 37.18
1594 63.75 49.52 29.18 128.69 52.68
1595 63.62 54.09 32.52 117.75 57.77
1596 63.87 70.68 30.44 30.61 149.20
1597 63.69 84.40 25.61 15.03 138.21
1598 63.80 56.50 27.16 114.54 50.82
1599 63.70 4.76 10.10 54.50 33.00
1600 64.17 27.65 18.60 145.16 46.51
1601 64.10 34.80 21.76 173.01 46.04
1602 64.00 37.34 23.67 169.81 46.06
1603 64.28 44.61 24.72 143.45 49.47
1604 64.13 51.86 26.65 172.08 49.68
1605 63.92 81.63 29.65 20.51 129.00
1606 64.13 10.03 16.09 102.29 35.24
1607 64.10 94.05 9.42 9.56 64.42
1608 64.23 78.64 26.95 22.29 137.60
1609 63.94 86.21 23.28 15.69 130.50
1610 64.17 12.49 16.34 122.25 44.71
1611 64.24 88.65 21.16 19.66 97.68
1612 64.14 61.10 27.19 119.19 57.31
1613 64.31 74.17 28.81 26.90 134.80
1614 64.33 5.83 10.06 75.00 31.18
1615 64.46 58.96 24.09 148.41 48.61
1616 64.39 23.45 17.58 140.58 39.59
1617 64.37 29.96 18.46 159.05 44.98
1618 64.54 7.92 12.34 96.39 33.26
1619 64.56 47.49 23.98 194.02 48.37
1620 64.44 83.66 21.99 24.79 84.61
1621 64.63 32.57 18.77 135.97 50.27
1622 64.68 39.79 19.57 171.85 51.22
1623 64.66 42.26 23.74 177.41 50.60
1624 64.57 54.32 23.21 180.39 48.26
1625 64.71 19.22 15.43 125.47 46.08
1626 64.88 56.49 22.05 200.65 44.64
1627 64.82 16.52 15.42 145.81 60.24
1628 64.91 64.55 23.42 150.87 47.04
1629 64.97 49.96 22.12 201.08 50.56
1630 64.86 25.83 16.80 137.77 52.67
1631 64.91 80.45 24.58 34.50 72.20
1632 65.02 13.87 13.24 111.74 85.21
1633 64.96 21.29 15.46 147.37 58.04
1634 64.93 62.07 24.56 162.10 45.14
1635 65.09 67.41 21.87 128.59 44.50
1636 64.92 70.05 22.56 81.08 41.62
1637 64.97 76.69 26.22 92.28 73.54
1638 65.16 37.14 18.59 156.56 63.25
1639 65.56 72.09 19.65 104.46 41.28
1640 65.21 91.79 13.39 74.49 35.66
1641 65.29 34.72 17.26 153.12 55.12
1642 65.49 11.41 11.63 77.12 128.07
1643 65.31 30.59 15.58 140.40 102.28
1644 65.15 82.76 22.24 54.41 46.65
1645 65.33 87.80 15.12 99.28 33.68
1646 65.36 52.30 22.11 186.74 44.04
1647 65.42 74.31 20.79 116.48 43.34
1648 65.63 43.53 19.64 168.04 55.26
1649 65.63 58.25 23.60 211.52 45.52
1650 65.57 46.04 19.67 157.82 53.20
1651 65.74 60.47 19.76 191.89 42.63
1652 65.71 78.60 20.00 119.01 45.02
1653 65.83 54.26 18.90 180.00 43.68
1654 65.64 8.43 10.25 74.14 117.01
1655 66.13 84.38 16.91 115.11 35.29
1656 65.74 18.42 14.00 104.35 153.12
1657 65.75 23.39 13.59 103.34 161.34
1658 65.73 32.73 16.89 124.11 115.68
1659 65.75 39.11 18.26 164.65 78.83
1660 65.81 48.15 19.18 177.57 55.84
1661 66.09 81.01 17.01 123.70 37.55
1662 65.86 15.98 12.35 96.46 153.02
1663 65.89 41.32 17.55 127.49 74.45
1664 65.96 63.04 20.35 197.14 41.11
1665 66.07 26.54 13.47 83.02 184.62
1666 66.02 65.47 19.75 200.34 38.96
1667 66.23 28.98 13.19 67.46 189.92
1668 66.08 69.84 18.68 158.18 38.05
1669 66.11 19.89 11.82 61.36 171.50
1670 66.10 50.25 18.95 182.41 59.27
1671 66.31 76.34 16.34 146.56 37.45
1672 66.42 86.71 14.61 127.15 32.42
1673 66.12 12.82 11.70 47.15 172.61
1674 66.26 56.34 18.81 183.44 43.87
1675 66.17 21.17 11.88 49.09 169.06
1676 66.31 67.78 18.84 184.62 39.72
1677 66.58 90.10 12.32 113.68 26.02
1678 66.60 6.51 8.24 42.03 165.41
1679 66.24 36.84 16.09 101.61 168.11
1680 66.57 31.41 13.60 60.27 203.84
1681 66.57 52.17 17.16 178.19 75.27
1682 66.63 34.48 15.03 73.64 190.99
1683 66.64 73.86 15.71 160.87 37.43
1684 66.75 11.37 10.52 37.98 173.50
1685 66.45 13.94 11.47 73.06 187.41
1686 66.79 39.30 15.45 71.00 203.90
1687 66.80 24.58 12.14 44.74 195.61
1688 66.85 43.29 15.62 99.65 194.57
1689 66.87 47.38 16.08 102.36 182.12
1690 66.94 58.76 17.37 159.56 47.38
1691 66.89 16.77 11.07 44.23 182.05
1692 66.86 61.46 16.91 172.33 40.82
1693 67.33 8.62 8.63 21.95 180.14
1694 67.05 71.44 16.04 179.20 35.55
1695 66.99 54.33 16.19 154.30 63.63
1696 67.18 22.30 10.78 26.95 198.38
1697 67.12 66.27 17.18 187.97 48.02
1698 67.22 78.91 13.79 139.31 33.26
1699 67.16 64.07 16.05 164.38 42.91
1700 67.49 41.28 14.95 38.82 218.54
1701 67.25 13.42 10.13 35.66 182.99
1702 67.32 36.81 14.52 58.33 222.08
1703 67.33 56.43 16.66 155.07 67.66
1704 67.36 19.83 9.77 20.74 198.64
1705 67.31 27.53 12.12 46.35 205.85
1706 67.45 68.82 14.17 148.51 42.28
1707 67.53 32.83 12.54 32.68 217.32
1708 67.46 81.57 12.94 136.43 31.46
1709 67.66 45.26 15.48 65.68 211.05
1710 67.48 83.33 13.10 137.79 32.85
1711 67.64 92.24 6.95 64.00 23.83
1712 67.91 50.57 15.84 48.67 215.17
1713 67.67 76.01 12.88 173.57 35.76
1714 67.78 30.17 11.41 26.71 194.05
1715 67.87 88.39 11.06 111.33 27.63
1716 67.63 86.19 11.79 121.10 30.23
1717 67.84 52.90 15.14 89.74 210.40
1718 67.67 10.96 8.94 19.47 179.26
1719 67.91 48.16 15.18 52.59 213.93
1720 67.81 60.29 14.75 148.23 69.40
1721 67.82 62.48 14.76 140.76 65.43
1722 67.87 73.27 14.14 156.48 38.95
1723 67.98 16.06 10.07 19.41 171.07
1724 67.98 25.41 11.78 20.43 185.01
1725 68.17 34.77 12.66 23.52 201.80
1726 68.00 39.04 13.11 24.73 221.97
1727 68.26 55.14 14.58 129.19 198.90
1728 68.06 66.45 14.40 129.92 92.38
1729 68.44 23.10 10.51 21.60 152.79
1730 68.28 43.25 14.14 30.45 218.52
1731 68.26 70.81 12.96 121.59 57.31
1732 68.47 64.35 12.68 76.06 173.71
1733 68.55 20.86 10.24 19.82 152.53
1734 68.37 78.18 12.55 145.67 41.22
1735 68.54 27.81 11.10 26.05 150.18
1736 68.50 80.95 11.65 132.23 49.96
1737 68.48 10.35 8.71 17.05 153.51
1738 69.00 56.74 13.60 51.14 211.71
1739 68.69 91.12 7.93 60.08 29.06
1740 68.57 36.70 12.52 25.08 210.94
1741 68.76 68.43 12.17 83.14 156.09
1742 68.89 7.17 7.72 20.03 133.17
1743 68.73 13.14 8.50 21.68 111.41
1744 68.53 17.78 9.38 15.78 138.03
1745 68.68 32.41 11.16 18.76 159.65
1746 68.66 46.55 14.24 24.76 217.72
1747 68.95 59.39 13.22 49.91 202.53
1748 68.70 74.98 11.02 110.19 90.96
1749 68.85 84.05 11.77 133.34 63.37
1750 69.04 41.46 12.16 21.64 200.81
1751 68.95 61.84 12.06 63.36 207.34
1752 68.87 86.56 10.78 102.42 38.53
1753 69.22 49.22 13.40 24.21 213.19
1754 69.03 51.67 12.91 26.26 218.80
1755 69.09 30.25 12.07 40.67 104.25
1756 69.54 39.02 12.58 25.89 166.22
1757 69.26 53.78 13.43 33.15 222.08
1758 69.22 72.82 11.56 82.30 160.89
1759 69.34 44.49 12.27 25.54 189.78
1760 69.16 25.36 10.72 38.87 89.92
1761 69.37 65.99 11.47 54.95 201.19
1762 69.47 77.82 10.57 77.15 149.20
1763 69.27 18.80 10.03 26.22 94.48
1764 69.50 88.68 9.56 75.00 59.31
1765 69.58 70.20 11.30 66.13 173.13
1766 69.55 36.00 12.29 27.56 129.20
1767 69.57 32.93 11.65 31.93 99.84
1768 69.80 81.47 9.85 40.80 141.15
1769 69.52 27.75 10.56 47.78 86.59
1770 69.77 63.43 11.46 40.64 213.47
1771 69.89 47.19 11.59 28.77 186.61
1772 70.09 12.07 8.28 97.77 48.56
1773 69.87 91.13 7.45 25.02 76.22
1774 69.97 74.82 11.07 38.86 181.20
1775 70.32 80.27 9.62 27.38 154.27
1776 70.32 13.85 8.64 105.88 41.54
1777 70.02 15.83 9.60 92.60 51.00
1778 70.13 67.87 10.81 47.35 197.48
1779 69.97 86.79 9.14 46.62 125.88
1780 70.12 58.23 11.77 24.50 216.61
1781 70.05 25.13 10.78 91.67 44.22
1782 69.98 30.13 11.77 89.91 55.60
1783 70.18 83.87 9.49 51.43 167.14
1784 70.01 18.28 9.49 102.68 50.17
1785 70.20 42.93 11.81 35.35 121.19
1786 70.09 51.49 12.31 19.64 207.19
1787 70.12 60.75 12.13 24.87 215.29
1788 70.40 10.19 8.08 106.70 41.82
1789 70.60 8.27 7.30 93.32 40.29
1790 70.32 34.59 11.05 103.89 59.44
1791 70.44 22.68 9.08 118.82 46.43
1792 70.44 27.35 10.44 139.00 46.28
1793 70.39 45.44 11.68 48.89 123.24
1794 70.43 53.73 12.25 22.53 211.66
1795 70.51 49.22 11.31 30.69 163.76
1796 70.61 65.56 10.81 32.55 211.55
1797 70.60 72.21 10.62 28.86 185.80
1798 70.54 32.11 10.03 117.68 45.70
1799 70.49 37.02 12.36 85.11 81.82
1800 70.81 20.13 9.22 142.92 40.73
1801 70.60 56.12 11.38 22.71 226.31
1802 70.70 77.08 9.65 25.85 187.85
1803 70.76 69.61 10.21 28.95 191.33
1804 70.92 79.43 9.36 22.89 167.86
1805 70.86 63.08 11.22 20.96 198.48
1806 70.95 29.81 11.16 179.30 50.57
1807 70.81 88.19 7.48 19.36 138.30
1808 71.46 39.81 11.45 139.26 52.75
1809 71.11 17.23 9.10 135.28 39.38
1810 71.15 59.70 11.13 15.22 190.57
1811 71.28 24.84 9.85 168.94 39.03
1812 71.28 51.61 11.79 31.44 151.09
1813 71.32 14.66 8.89 141.43 35.90
1814 71.58 45.32 11.47 135.01 55.83
1815 71.34 34.25 10.62 173.21 41.62
1816 71.32 86.00 8.32 26.21 161.55
1817 71.38 37.16 11.49 143.41 45.32
1818 71.53 67.28 10.41 17.24 194.35
1819 71.61 57.23 10.62 19.43 159.50
1820 71.53 11.78 7.91 136.17 37.16
1821 71.47 54.49 11.66 25.70 162.59
1822 71.45 84.28 8.62 21.00 159.51
1823 71.31 89.62 7.44 12.69 141.50
1824 71.69 42.39 11.11 161.98 49.46
1825 71.79 61.93 10.98 17.96 132.91
1826 71.52 27.36 10.59 191.21 35.05
1827 71.35 82.92 8.62 19.38 172.12
1828 71.75 9.28 8.00 121.16 34.46
1829 71.83 81.84 8.14 12.35 159.38
1830 71.74 31.74 10.96 186.64 42.92
1831 71.74 22.44 9.50 135.64 33.91
1832 71.88 48.06 11.93 154.76 51.01
1833 71.86 64.73 10.80 16.21 150.21
1834 71.82 70.63 9.40 15.71 178.16
1835 71.74 88.75 7.24 13.22 152.39
1836 71.95 77.66 9.04 15.01 169.24
1837 71.72 91.00 5.82 8.42 123.90
1838 72.07 19.37 9.20 148.74 36.18
1839 72.19 29.24 10.05 189.57 37.99
1840 72.24 50.77 10.36 118.66 43.79
1841 72.42 35.85 9.66 204.64 36.86
1842 72.47 74.84 9.37 15.14 161.00
1843 72.62 86.71 8.29 8.01 150.52
1844 72.33 16.13 8.50 136.94 42.53
1845 72.30 59.00 10.84 29.94 77.63
1846 72.44 13.58 8.41 126.42 42.99
1847 72.50 38.39 11.08 204.58 43.19
1848 72.40 55.44 10.74 58.17 111.85
1849 72.44 26.32 9.67 145.35 45.12
1850 72.76 84.35 8.52 10.70 136.36
1851 72.68 23.73 9.80 139.80 37.91
1852 72.41 88.77 6.48 7.19 134.59
1853 72.67 33.41 10.13 191.07 39.13
1854 72.74 68.53 9.90 22.27 152.70
1855 72.84 72.28 8.72 16.35 162.69
1856 72.67 60.98 9.71 78.09 66.77
1857 72.77 10.83 7.82 94.15 41.60
1858 72.85 43.13 11.39 201.68 40.95
1859 72.75 46.28 11.85 192.92 41.92
1860 72.81 65.95 10.06 26.52 93.25
1861 73.03 40.76 11.31 171.21 41.14
1862 73.09 31.18 10.47 153.00 41.82
1863 72.95 57.20 9.80 90.73 50.20
1864 73.09 8.49 6.98 63.51 74.10
1865 72.94 21.19 9.49 100.91 46.74
1866 72.97 49.40 10.69 190.45 39.09
1867 72.98 53.85 10.41 139.44 49.48
1868 73.19 28.23 9.00 138.86 39.41
1869 73.41 52.07 10.31 167.07 37.96
1870 73.17 18.83 9.21 108.10 81.21
1871 73.41 59.46 10.65 140.09 46.32
1872 73.83 79.40 8.61 19.83 97.91
1873 73.60 35.21 10.15 149.42 43.49
1874 73.49 37.83 10.37 164.31 41.48
1875 73.51 13.27 8.25 72.09 119.30
1876 73.50 25.78 9.59 108.72 45.43
1877 73.63 44.66 11.02 198.89 43.92
1878 73.71 55.57 10.51 189.71 40.51
1879 73.66 62.08 9.60 113.69 41.06
1880 73.58 70.11 8.81 40.67 92.40
1881 73.74 82.52 8.55 20.56 117.88
1882 73.72 47.51 10.33 193.40 38.14
1883 73.65 64.66 9.15 83.25 38.36
1884 73.75 74.67 9.23 35.86 118.21
1885 73.81 10.44 6.92 37.24 140.70
1886 73.70 23.18 8.80 74.63 120.83
1887 73.83 67.48 9.13 75.38 68.97
1888 73.89 86.05 6.73 12.02 72.82
1889 74.08 49.74 9.75 206.78 37.53
1890 74.07 7.66 6.67 26.08 149.86
1891 74.16 30.34 10.10 89.55 126.11
1892 73.93 32.80 11.02 110.90 66.00
1893 74.03 42.28 10.69 158.83 46.42
1894 74.13 16.95 9.03 37.61 163.00
1895 74.46 20.04 9.23 31.91 164.62
1896 74.15 39.65 10.25 135.21 57.47
1897 74.15 57.81 10.10 179.57 40.93
1898 74.10 27.90 10.16 92.73 132.78
1899 74.28 72.02 9.11 108.94 65.44
1900 74.34 11.72 7.77 27.08 157.00
1901 74.50 14.85 7.98 28.33 172.29
1902 74.61 25.37 10.02 46.92 175.15
1903 74.55 45.94 10.26 181.16 48.60
1904 74.65 53.98 9.85 186.76 39.63
1905 74.86 84.19 8.20 34.16 54.59
1906 74.60 13.28 7.93 28.46 173.05
1907 74.70 65.80 9.07 143.68 36.64
1908 74.63 37.47 10.21 104.33 137.00
1909 74.71 60.01 9.69 182.29 37.57
1910 74.63 69.18 8.59 115.92 38.44
1911 74.89 9.95 7.34 16.25 171.58
1912 74.67 34.92 10.49 86.59 151.80
1913 74.71 62.98 9.42 173.93 38.70
1914 74.72 51.83 10.90 189.53 37.04
1915 75.01 23.10 9.74 24.67 186.30
1916 74.66 28.15 10.71 77.71 153.57
1917 74.86 75.04 8.63 108.55 41.48
1918 75.13 44.29 10.92 92.30 142.15
1919 75.02 31.96 10.50 58.30 184.60
1920 75.11 41.38 10.35 111.87 166.01
1921 75.01 56.52 9.84 194.71 35.58
1922 75.03 48.22 9.91 135.28 41.34
1923 75.43 78.42 8.26 113.04 35.31
1924 75.36 12.82 8.20 15.03 177.47
1925 75.46 39.11 11.08 64.38 190.90
1926 75.22 17.32 9.26 19.81 191.22
1927 75.54 29.79 10.43 25.68 193.75
1928 75.46 27.42 9.51 27.08 193.82
1929 75.42 72.11 9.61 163.25 34.25
1930 75.45 50.24 10.33 134.28 42.98
1931 75.49 82.35 7.65 66.10 33.25
1932 75.69 67.08 8.60 167.48 34.69
1933 75.79 15.79 9.52 17.10 176.96
1934 75.73 20.82 8.84 16.23 174.88
1935 75.74 36.58 9.94 41.64 192.84
1936 75.67 61.17 10.36 172.57 34.96
1937 75.70 33.94 9.93 33.85 204.49
1938 75.76 46.64 10.66 69.29 157.42
1939 75.71 52.59 9.38 133.94 42.30
1940 75.98 57.97 9.14 142.42 45.39
1941 75.77 63.98 8.64 155.94 34.26
1942 75.63 9.09 6.89 9.16 176.05
1943 75.90 55.14 9.32 172.40 43.73
1944 75.86 69.82 9.03 194.16 34.53
1945 76.03 43.51 10.72 83.36 199.30
1946 76.07 74.38 8.64 177.24 32.60
1947 76.31 12.27 8.05 15.88 148.08
1948 76.43 17.68 8.70 18.85 146.36
1949 76.22 48.44 10.43 63.14 178.63
1950 76.87 10.26 6.98 17.08 133.38
1951 76.54 84.29 7.50 106.86 28.43
1952 76.49 32.13 10.46 19.83 201.34
1953 76.50 77.19 8.83 156.79 33.44
1954 76.48 23.89 10.30 16.40 174.61
1955 76.60 27.61 9.43 18.03 189.26
1956 76.63 51.00 9.05 71.04 178.98
1957 76.69 38.14 10.14 23.97 187.76
1958 76.68 60.06 9.31 138.47 44.53
1959 76.83 14.15 8.00 23.58 122.68
1960 76.61 45.92 10.71 47.64 209.69
1961 76.76 65.71 8.92 156.30 32.99
1962 76.90 21.83 9.94 25.04 125.41
1963 76.76 35.11 10.70 22.00 202.61
1964 76.87 53.70 9.43 67.38 170.22
1965 76.90 71.68 8.77 178.57 31.19
1966 76.95 81.66 8.16 154.52 28.79
1967 76.83 62.86 8.21 142.47 36.25
1968 76.93 68.53 8.72 178.64 32.54
1969 76.97 29.84 10.42 20.23 179.68
1970 77.31 43.61 10.65 30.07 203.05
1971 77.35 48.96 9.83 38.52 191.88
1972 77.23 58.24 9.23 112.12 72.26
1973 77.30 73.90 8.11 169.24 33.23
1974 77.29 19.98 10.08 33.00 89.52
1975 77.43 40.99 10.40 23.05 206.72
1976 77.41 75.46 8.16 186.32 33.26
1977 77.41 18.18 9.26 50.74 69.62
1978 77.57 25.18 9.77 30.18 111.62
1979 77.70 33.41 9.95 21.33 159.81
1980 77.85 79.57 8.45 130.84 31.76
1981 77.61 46.43 9.96 23.18 198.89
1982 77.76 36.64 10.36 20.30 186.30
1983 77.65 77.49 8.72 182.40 31.95
1984 77.70 64.48 8.83 108.18 49.22
1985 77.83 61.69 8.76 83.84 122.80
1986 77.90 51.46 9.58 26.01 195.58
1987 77.98 56.49 9.34 34.77 178.52
1988 77.85 28.54 9.66 54.24 97.79
1989 77.97 54.06 9.45 32.61 176.47
1990 77.94 67.03 8.46 133.04 43.67
1991 77.84 13.13 8.73 46.00 70.43
1992 77.90 30.99 10.45 35.15 126.87
1993 78.16 83.44 6.78 123.11 26.31
1994 78.06 70.19 7.83 131.71 33.40
1995 78.26 39.12 9.80 22.37 183.52
1996 78.31 59.24 9.01 54.08 174.26
1997 78.12 20.03 9.27 67.35 41.43
1998 78.38 72.47 7.93 136.16 38.07
1999 78.48 15.94 8.63 100.51 34.15
2000 78.42 42.63 9.58 20.40 180.66
2001 78.32 25.00 8.67 108.62 51.26
2002 78.45 47.97 9.59 19.35 186.45
2003 78.41 73.90 8.25 140.65 33.18
2004 78.59 34.96 10.51 53.53 96.22
2005 78.60 44.94 9.49 20.38 187.51
2006 78.51 76.24 7.78 136.38 27.81
2007 78.83 22.58 9.63 136.67 37.89
2008 78.75 27.63 9.46 133.51 40.49
2009 78.85 63.81 9.38 56.55 164.38
2010 78.85 12.31 7.48 106.40 33.02
2011 78.79 32.82 9.24 110.00 54.93
2012 78.99 49.69 9.60 16.58 195.07
2013 78.85 30.29 10.03 115.75 43.10
2014 79.16 80.76 7.07 123.41 25.61
2015 79.07 52.06 8.90 16.83 191.87
2016 79.06 54.67 9.51 17.61 197.04
2017 79.07 61.46 10.07 57.63 184.97
2018 79.17 65.94 8.43 51.67 154.47
2019 79.09 68.29 8.46 86.34 135.21
2020 79.16 19.48 9.47 153.04 36.10
2021 79.13 41.06 9.89 41.12 127.14
2022 79.40 56.75 8.90 18.58 191.77
2023 79.27 70.29 7.91 81.96 138.88
2024 79.39 25.46 9.77 158.27 38.29
2025 79.49 77.94 7.93 111.29 33.54
2026 79.44 46.61 9.99 31.67 170.74
2027 79.63 16.87 9.54 164.22 32.42
2028 79.46 75.25 8.02 131.14 44.82
2029 79.45 38.95 10.38 102.03 55.68
2030 79.55 59.15 8.72 23.06 201.69
2031 79.50 43.67 9.31 51.09 100.46
2032 79.61 36.04 9.88 136.52 46.76
2033 79.87 14.33 8.35 157.82 30.32
2034 79.88 33.05 10.01 156.40 42.82
2035 79.90 29.60 9.81 154.50 39.13
2036 79.74 71.99 7.75 70.50 143.56
2037 80.10 53.27 9.03 17.39 185.76
2038 80.18 21.27 9.53 171.09 37.04
2039 80.11 23.15 9.05 163.85 35.78
2040 80.10 48.46 9.42 45.50 114.29
2041 80.03 67.11 8.83 50.77 181.49
2042 80.37 26.91 9.20 145.96 34.21
2043 80.10 40.91 8.90 120.83 43.29
2044 80.30 50.69 9.67 30.56 137.28
2045 80.25 63.68 7.95 26.43 158.96
2046 80.33 73.32 8.40 70.01 146.38
2047 80.44 79.32 7.80 108.03 45.59
2048 80.41 38.14 8.11 169.51 35.71
2049 80.37 45.65 10.00 138.78 48.48
2050 80.44 12.44 7.51 125.48 29.45
2051 80.47 43.34 9.75 195.12 45.98
2052 80.49 60.77 7.99 15.48 170.91
2053 80.45 81.88 7.39 66.15 32.32
2054 80.53 18.91 9.63 161.47 36.07
2055 80.55 68.32 8.11 34.98 175.19
2056 80.53 70.23 8.03 45.16 173.19
2057 80.49 24.30 10.02 154.33 34.94
2058 80.87 55.42 8.56 18.61 152.61
2059 80.55 57.80 8.82 12.49 186.62
2060 80.67 75.26 8.00 61.12 138.02
2061 80.85 31.20 9.78 165.58 36.01
2062 80.81 35.67 9.69 204.91 39.60
2063 81.31 76.83 8.17 57.67 154.68
2064 80.92 16.78 9.00 161.71 34.09
2065 80.99 65.87 8.18 21.88 186.00
2066 80.78 83.98 6.40 34.92 33.68
2067 81.05 47.66 9.40 157.28 47.29
2068 81.23 29.01 9.24 159.42 36.50
2069 81.25 33.34 9.49 195.87 35.38
2070 81.16 39.94 10.45 199.13 36.28
2071 81.26 14.62 8.76 138.39 31.73
2072 81.13 52.63 8.60 45.02 110.55
2073 81.68 61.91 8.63 14.08 156.56
2074 81.43 42.09 9.68 203.38 35.33
2075 81.52 24.63 9.72 154.89 45.49
2076 81.47 45.17 8.76 198.17 37.13
2077 81.64 58.70 8.62 20.35 139.25
2078 81.42 21.69 9.06 143.51 39.20
2079 81.67 12.14 6.65 87.86 33.90
2080 81.60 72.85 8.04 48.07 168.26
2081 81.54 81.88 6.68 47.96 115.65
2082 81.69 26.86 9.85 174.12 41.78
2083 81.72 64.10 8.29 12.92 181.99
2084 81.78 38.08 9.58 205.78 35.52
2085 81.83 79.38 7.63 46.73 142.21
2086 81.75 19.12 8.19 144.02 53.00
2087 81.80 69.49 8.04 21.12 166.45
2088 81.99 52.21 9.20 166.58 41.26
2089 81.94 54.81 8.58 99.93 59.09
2090 82.07 35.91 9.68 176.45 33.88
2091 82.19 31.04 8.74 136.75 38.21
2092 82.14 16.85 8.12 133.12 45.49
2093 82.10 47.93 8.53 180.17 31.37
2094 82.18 67.01 8.96 14.03 175.04
2095 82.34 43.26 9.73 203.88 37.92
2096 82.46 23.38 9.42 122.58 106.35
2097 82.48 33.59 9.31 142.57 36.57
2098 82.51 40.58 9.62 184.51 33.34
2099 82.52 74.07 9.12 23.80 165.55
2100 82.43 81.79 6.45 36.36 132.54
2101 82.66 45.48 8.42 206.97 33.22
2102 82.58 28.45 9.20 123.13 60.36
2103 82.83 21.91 9.64 90.47 158.24
2104 82.76 50.34 8.88 169.10 31.16
2105 82.54 59.75 8.04 26.35 82.29
2106 82.56 20.44 9.08 108.40 164.44
2107 82.77 25.72 9.06 118.88 128.51
2108 82.90 56.16 8.01 115.16 36.04
2109 82.92 64.43 8.39 16.94 156.09
2110 82.81 78.13 7.48 21.94 149.21
2111 82.84 69.33 8.01 13.99 183.59
2112 82.98 53.46 8.53 139.77 34.41
2113 82.99 19.28 9.08 91.26 159.44
2114 82.99 38.18 9.51 151.65 45.79
2115 83.08 76.44 8.07 23.25 171.44
2116 83.12 15.23 8.14 76.68 140.97
2117 83.22 61.94 8.37 73.58 70.14
2118 83.27 80.02 6.76 19.39 143.68
2119 83.17 35.45 9.19 132.60 88.63
2120 83.22 47.63 8.49 184.07 34.17
2121 83.35 58.64 8.56 108.47 42.38
2122 83.22 72.21 7.86 14.92 167.97
2123 83.39 17.73 9.15 79.13 150.30
2124 83.55 67.01 8.52 16.32 163.87
2125 83.48 30.13 9.06 86.93 157.34
2126 83.47 32.37 10.33 96.50 132.21
2127 83.37 42.57 8.56 153.96 41.10
2128 83.81 27.55 9.82 71.01 184.85
2129 83.81 25.46 9.81 55.59 172.11
2130 83.85 40.41 8.46 119.80 122.26
2131 83.80 45.09 8.97 183.76 38.01
2132 83.93 20.60 9.35 55.65 166.46
2133 84.30 23.14 9.27 44.62 177.45
2134 83.92 51.97 8.57 143.43 30.43
2135 83.92 49.67 9.19 164.33 36.70
2136 83.79 75.25 7.00 17.83 159.24
2137 84.05 37.25 9.30 84.24 173.31
2138 84.10 54.36 8.70 132.74 31.86
2139 83.93 78.58 6.63 12.77 152.26
2140 83.88 15.51 8.41 62.05 161.36
2141 84.24 56.87 8.54 151.38 33.30
2142 84.39 71.66 8.23 12.03 147.34
2143 84.48 59.97 8.36 150.03 37.08
2144 84.43 62.91 7.63 118.98 41.88
2145 84.44 65.45 8.68 65.48 114.73
2146 84.22 76.80 7.22 12.61 163.61
2147 84.37 68.75 8.57 18.49 132.81
2148 84.38 47.42 7.64 144.97 39.89
2149 84.48 42.93 8.83 139.39 155.32
2150 84.45 74.42 8.25 11.88 159.26
2151 84.52 31.41 9.51 63.23 187.15
2152 84.59 18.24 8.27 36.96 167.14
2153 84.86 38.70 8.73 69.56 182.68
2154 84.97 16.40 8.29 23.84 187.45
2155 84.84 28.63 9.71 36.96 192.14
2156 84.98 26.09 9.26 34.86 194.94
2157 85.05 45.32 8.20 94.53 173.67
2158 85.17 41.03 8.51 82.51 180.90
2159 85.04 35.71 8.63 47.44 194.62
2160 85.04 49.79 8.89 105.76 111.52
2161 85.06 52.62 8.61 154.63 38.08
2162 85.51 70.34 7.83 27.93 72.30
2163 85.29 55.23 8.09 132.59 31.68
2164 85.26 76.06 7.02 7.13 137.48
2165 85.42 33.14 8.59 48.37 191.19
2166 85.33 67.17 7.78 47.52 101.82
2167 85.10 68.35 8.56 31.00 103.89
2168 85.46 24.14 8.86 24.48 195.94
2169 85.53 57.86 7.74 152.31 35.20
2170 85.68 18.64 8.34 18.76 177.03
2171 85.61 61.71 7.73 188.75 35.96
2172 85.48 64.10 7.91 144.23 35.83
2173 85.57 47.51 9.05 75.56 148.18
2174 85.74 30.79 9.72 26.08 194.56
2175 85.83 77.43 6.65 5.10 129.79
2176 85.81 21.81 9.01 21.17 195.20
2177 85.92 65.21 7.71 137.69 35.67
2178 85.83 72.68 7.48 13.60 73.18
2179 86.16 26.65 9.15 18.44 190.96
2180 86.03 37.40 9.04 45.92 193.61
2181 86.00 39.46 8.68 38.53 194.82
2182 86.07 35.15 9.20 24.82 206.65
2183 86.38 41.88 8.46 35.52 190.85
2184 86.29 49.48 8.36 64.26 166.40
2185 86.31 45.72 8.31 54.83 178.44
2186 86.48 59.83 8.00 188.94 41.44
2187 86.48 16.31 8.45 9.03 167.48
2188 86.39 68.28 7.70 94.07 38.43
2189 86.14 73.90 7.50 11.94 76.06
2190 86.45 52.85 8.02 65.18 158.25
2191 86.45 74.89 6.89 14.78 76.86
2192 86.55 55.71 8.61 103.87 114.90
2193 86.59 20.85 8.12 13.00 190.25
2194 86.77 33.43 8.83 16.61 190.39
2195 86.60 71.04 7.77 48.81 37.71
2196 86.86 23.78 8.88 16.45 189.80
2197 86.83 62.55 7.98 172.85 34.93
2198 86.85 65.56 8.47 148.12 34.98
2199 86.89 57.65 8.12 125.18 95.58
2200 86.83 31.03 9.11 12.51 203.57
2201 86.91 18.82 8.08 10.23 179.52
2202 87.16 76.23 6.74 30.94 56.84
2203 87.20 43.34 8.76 21.85 189.68
2204 87.00 73.02 7.88 47.51 33.80
2205 87.11 28.57 8.85 12.07 184.04
2206 87.05 36.14 8.62 15.80 183.73
2207 87.08 39.36 8.65 19.00 183.94
2208 87.23 47.82 8.13 28.52 168.62
2209 87.39 50.75 8.46 34.38 169.98
2210 87.31 26.52 9.97 9.79 176.49
2211 87.41 45.52 9.09 19.26 199.18
2212 87.49 21.35 8.93 9.38 172.97
2213 87.77 70.71 7.50 120.14 31.55
2214 87.57 17.70 8.56 5.40 152.64
2215 87.38 27.64 9.50 11.75 178.25
2216 87.57 67.66 7.78 141.30 32.85
2217 87.70 53.74 7.78 46.39 165.55
2218 87.76 59.55 8.24 127.72 90.89
2219 87.75 25.23 8.74 10.61 165.34
2220 87.91 30.78 8.81 10.30 192.70
2221 87.98 41.20 8.29 13.38 189.10
2222 87.87 33.36 8.52 12.38 193.75
2223 87.94 56.33 7.82 57.03 153.32
2224 88.12 64.80 8.85 160.05 37.05
2225 88.21 23.16 8.91 8.43 149.28
2226 88.08 38.35 8.09 13.05 187.99
2227 88.20 62.24 8.02 150.08 49.35
2228 88.51 73.09 6.89 89.24 29.76
2229 88.16 35.84 8.73 12.15 184.62
2230 88.28 48.98 7.93 17.82 178.45
2231 88.34 28.38 8.52 9.08 158.02
2232 88.51 51.82 8.23 18.12 182.60
2233 88.37 67.67 7.65 145.50 29.26
2234 88.48 43.74 8.68 10.73 178.32
2235 88.44 26.76 9.50 8.52 154.05
2236 88.58 46.42 8.27 14.16 197.41
2237 88.51 19.24 8.28 4.88 138.09
2238 88.56 74.61 6.63 74.39 27.59
2239 88.97 57.70 8.61 50.35 172.06
2240 88.87 25.12 9.03 7.12 141.00
2241 89.14 21.21 8.33 5.27 124.06
2242 88.89 54.29 7.92 26.61 176.24
2243 89.03 33.93 9.02 8.75 170.52
2244 89.09 60.63 9.48 72.37 148.92
2245 89.12 30.44 8.86 8.20 137.62
2246 89.13 39.82 8.01 10.66 173.68
2247 89.14 69.55 7.26 146.00 29.84
2248 89.21 37.06 8.57 10.34 162.66
2249 89.47 42.28 8.23 9.35 168.45
2250 89.33 65.68 7.74 130.35 50.02
2251 89.34 50.02 9.38 12.82 175.70
2252 89.40 47.59 8.52 10.25 170.82
2253 89.23 62.11 11.70 66.60 153.80
2254 89.70 44.96 8.00 8.93 154.31
2255 89.72 55.82 8.14 18.92 169.68
2256 89.85 59.34 8.27 33.52 162.02
2257 89.85 71.57 7.47 88.46 29.06
2258 90.01 53.28 8.96 12.23 169.91
2259 89.75 63.32 9.30 89.20 129.54
2260 89.89 32.74 8.68 6.47 105.31
2261 89.97 26.48 9.49 5.71 91.97
2262 90.22 68.10 7.62 110.29 73.96
2263 90.51 35.14 8.75 6.12 106.99
2264 90.02 38.82 8.89 6.30 127.86
2265 90.29 47.84 8.21 7.75 141.15
2266 90.24 50.77 8.14 10.34 162.93
2267 90.29 22.36 8.33 3.59 81.09
2268 90.61 40.89 7.82 6.48 103.72
2269 90.30 28.23 9.75 5.00 65.50
2270 90.68 43.86 7.90 7.43 118.25
2271 90.79 65.66 7.07 65.23 142.86
2272 90.63 57.83 7.95 18.86 148.61
2273 90.62 63.78 8.89 66.91 135.83
2274 90.69 38.01 8.95 5.77 99.27
2275 90.77 28.89 10.13 4.91 56.29
2276 91.09 26.14 9.09 4.62 57.94
2277 91.20 46.24 8.69 6.00 82.32
2278 91.16 49.15 8.65 5.77 116.75
2279 91.21 59.27 8.53 15.87 158.56
2280 91.23 60.95 8.40 18.03 164.14
2281 91.30 23.90 9.22 3.72 48.70
2282 91.38 30.96 9.32 5.61 50.32
2283 91.74 56.16 9.25 10.51 160.85
2284 91.61 53.03 8.94 7.89 119.88
2285 91.38 67.37 6.46 49.35 140.56
2286 91.46 27.89 10.31 4.52 41.69
2287 91.60 43.48 8.44 5.36 68.99
2288 91.62 62.81 8.02 17.37 153.49
2289 91.62 37.01 9.33 5.25 53.67
2290 91.64 38.91 8.86 4.52 53.36
2291 91.68 35.04 8.40 4.02 49.71
2292 91.95 47.79 7.24 6.10 58.46
2293 91.97 40.08 7.62 4.00 44.18
2294 92.39 32.30 11.47 4.24 33.79
2295 92.41 50.73 8.55 5.74 81.76
2296 92.31 61.12 8.04 15.18 154.80
2297 92.27 64.66 7.56 13.36 151.16
2298 92.05 66.80 6.97 22.30 135.76
2299 92.44 45.93 9.35 5.07 46.59
2300 92.30 25.03 11.61 3.74 30.26
2301 92.55 58.96 8.08 10.64 146.44
2302 92.43 34.00 11.98 4.62 40.67
2303 92.50 26.77 9.65 3.68 31.27
2304 92.82 37.64 10.52 4.88 33.27
2305 92.49 67.87 6.25 18.58 128.25
2306 92.72 42.56 8.94 5.25 35.19
2307 93.22 44.09 9.29 4.86 31.68
2308 92.62 62.80 7.54 8.85 143.54
2309 92.98 30.89 13.53 4.25 29.85
2310 92.93 39.81 10.73 4.42 31.52
2311 93.06 54.79 8.63 6.17 70.24
2312 93.01 35.33 13.77 4.38 35.67
2313 93.54 46.97 9.47 4.38 33.12
2314 93.15 41.32 10.75 4.79 31.00
2315 93.29 28.35 14.63 3.72 29.45
2316 93.88 57.13 7.89 5.57 63.51
2317 93.44 62.29 7.53 7.88 125.54
2318 93.37 58.92 7.35 6.52 92.65
2319 93.49 51.12 8.67 5.62 38.36
2320 93.96 52.80 9.07 4.66 34.33
2321 93.85 34.23 15.72 4.35 31.69
2322 93.53 42.09 11.62 3.15 29.85
2323 93.69 29.56 14.86 3.36 28.05
2324 94.07 31.11 16.32 3.70 31.24
2325 94.08 39.53 14.42 4.54 31.87
2326 93.87 37.40 16.45 4.86 34.97
2327 93.84 49.46 8.16 4.62 33.00
2328 94.55 55.11 7.75 3.99 28.66
2329 94.49 41.77 14.00 3.61 30.72
2330 94.42 59.76 7.47 4.51 60.18
2331 94.58 44.02 13.93 4.34 30.97
2332 94.49 37.43 13.36 4.36 31.00
2333 94.38 46.48 10.71 4.43 32.00
2334 94.68 36.13 18.64 4.39 34.09
2335 94.67 49.65 8.70 4.76 30.65
2336 95.11 51.73 7.83 3.93 30.44
2337 95.22 39.16 16.75 4.10 30.75
2338 95.13 31.15 16.48 3.93 31.21
2339 95.35 34.60 18.58 3.71 29.03
2340 95.46 36.95 14.00 3.60 30.22
2341 95.62 42.97 12.33 3.60 28.90
2342 95.60 53.84 7.31 3.31 25.25
2343 95.62 41.43 16.74 3.39 28.83
2344 95.65 46.18 11.75 3.34 32.28
2345 95.61 47.46 9.08 3.96 29.62
2346 95.75 48.94 10.31 3.51 28.84
2347 95.81 33.64 17.75 3.08 28.58
2348 96.24 50.63 9.02 3.68 26.13
2349 96.34 35.96 14.31 3.26 29.11
2350 96.30 38.73 11.08 3.62 27.53
2351 96.20 43.72 12.50 4.00 30.25
2352 96.52 41.01 11.39 3.47 28.49
2353 96.66 46.24 12.37 3.95 27.37
2354 96.63 33.43 14.58 3.52 28.77
2355 96.89 43.10 12.20 3.23 27.99
2356 96.99 48.34 10.90 3.30 27.70
2357 97.20 50.49 10.60 3.64 26.67
2358 97.54 40.44 11.97 3.34 29.71
2359 97.61 45.98 10.06 2.65 25.41
2360 97.65 48.67 8.00 2.87 25.13
2361 98.29 42.34 11.14 2.40 28.01

