#<Embryo name> <Cleavage cycle> <Temporal class> <Genes>
kd31 14A 8 Kruppel even-skipped fushi-tarazu

#Quantitative data
#<Nucleus number> <A-P coordinate> <D-V coordinate> <Fluorescence intensity: channel 1 - Kr, channel 2 - eve, channel 3 - ftz>
0 1.67 48.70 8.44 3.14 19.23
1 1.81 50.55 8.81 2.40 19.06
2 2.36 46.92 8.90 3.28 22.54
3 3.08 48.97 9.17 3.04 21.91
4 3.54 44.81 10.00 3.63 21.63
5 3.90 51.52 8.92 2.90 23.16
6 4.15 42.78 10.48 3.58 24.14
7 4.19 46.68 10.29 3.77 23.13
8 4.40 40.09 10.71 3.19 21.53
9 4.10 49.68 10.38 3.04 21.54
10 4.38 48.09 10.25 3.31 24.30
11 4.14 52.93 9.62 3.12 21.62
12 4.24 44.41 9.14 3.95 22.55
13 4.59 45.47 10.15 3.06 23.12
14 4.69 51.09 9.18 3.18 22.29
15 4.73 56.14 8.84 2.57 19.41
16 4.82 42.15 11.80 3.50 24.70
17 4.94 54.04 9.66 2.80 23.75
18 4.82 52.60 10.33 3.33 23.05
19 5.24 48.86 10.70 3.31 24.66
20 5.38 59.44 9.03 2.59 19.57
21 5.50 45.46 11.14 3.89 24.16
22 5.37 39.44 10.67 3.92 22.77
23 5.19 41.11 12.38 3.43 22.24
24 5.68 37.83 9.25 3.23 24.66
25 5.64 51.13 10.36 3.36 23.35
26 5.39 43.02 11.00 3.68 25.27
27 5.52 54.87 13.06 3.50 21.75
28 6.00 42.99 10.83 4.24 25.02
29 6.06 55.86 10.04 3.09 22.97
30 6.21 41.29 11.97 3.92 26.20
31 6.29 52.49 11.45 3.91 23.32
32 6.31 49.46 11.86 3.56 24.02
33 6.31 35.75 9.69 3.25 23.84
34 6.64 60.97 9.36 2.87 19.91
35 6.63 38.29 11.60 4.07 23.42
36 6.80 45.76 12.66 3.93 25.23
37 6.70 43.44 10.46 4.15 24.59
38 6.80 58.53 9.86 3.18 23.55
39 6.93 48.73 10.71 3.95 26.47
40 7.18 55.31 12.43 3.73 24.28
41 7.38 33.54 12.11 3.16 23.24
42 7.31 39.87 12.28 3.90 25.06
43 7.23 53.10 12.98 3.88 23.76
44 7.60 62.90 9.91 2.70 20.35
45 7.61 47.70 10.81 3.98 24.57
46 7.41 42.98 13.09 3.82 25.36
47 7.54 58.80 13.08 3.25 21.88
48 7.87 45.35 12.63 4.20 25.65
49 7.71 50.11 11.47 3.70 25.92
50 7.82 60.58 9.73 3.13 23.13
51 7.85 36.59 15.16 4.32 23.89
52 7.71 54.28 12.50 4.62 26.06
53 7.94 41.81 12.37 3.60 26.21
54 8.10 56.96 13.24 3.31 24.33
55 8.00 52.97 12.74 3.57 25.97
56 8.04 38.63 14.15 4.23 25.64
57 7.90 43.61 13.81 4.19 26.38
58 8.27 34.44 16.60 3.83 25.13
59 8.27 62.17 9.84 3.92 20.76
60 8.50 46.97 14.32 3.60 23.03
61 8.50 32.22 13.73 2.60 21.27
62 8.47 49.64 14.21 3.41 24.10
63 8.63 64.84 9.07 2.47 19.53
64 8.63 40.34 16.09 3.79 27.74
65 8.93 44.53 15.43 3.63 24.43
66 8.72 51.66 13.78 3.96 24.82
67 8.66 53.72 13.18 4.00 26.86
68 8.78 35.68 19.24 4.48 24.14
69 8.88 48.70 12.39 3.93 26.37
70 9.08 30.84 13.90 3.10 22.49
71 8.80 34.07 14.59 4.12 27.06
72 8.93 38.49 18.58 4.48 26.95
73 8.97 36.78 15.00 4.35 26.20
74 8.91 41.76 12.71 3.71 24.93
75 9.07 55.18 11.88 4.24 24.50
76 9.24 57.71 11.94 4.17 23.87
77 9.06 33.07 16.29 3.00 24.41
78 9.23 53.26 18.37 5.00 24.21
79 9.50 35.94 19.77 3.74 25.87
80 9.42 40.72 20.50 3.77 24.91
81 9.54 42.17 16.76 3.62 28.43
82 9.71 49.15 14.52 3.55 25.92
83 9.50 52.18 15.56 4.06 24.17
84 9.84 33.90 14.75 3.63 26.26
85 9.59 38.20 15.00 4.50 29.00
86 10.11 32.17 16.03 3.78 26.02
87 10.00 38.66 17.50 4.74 26.54
88 9.94 50.82 13.81 3.96 25.50
89 9.95 54.51 14.32 3.71 25.06
90 9.97 29.74 14.45 2.79 23.68
91 9.96 46.39 15.09 3.66 28.26
92 10.23 53.39 15.14 3.33 27.05
93 10.22 42.07 27.96 3.94 23.42
94 10.16 45.20 14.70 5.00 28.39
95 10.18 47.58 13.00 3.82 27.41
96 10.30 56.73 12.78 3.72 26.31
97 10.39 60.47 12.46 3.69 26.01
98 10.54 43.95 17.19 4.12 26.38
99 10.66 51.76 23.39 4.35 22.59
100 10.62 66.47 10.69 3.26 20.80
101 10.67 68.31 9.58 2.97 20.74
102 10.45 30.98 13.91 3.41 25.68
103 10.64 55.40 20.08 4.38 25.03
104 10.88 29.17 20.13 3.83 22.85
105 10.67 48.76 26.10 5.21 22.52
106 10.68 39.19 23.67 5.21 25.42
107 11.01 26.37 15.89 3.49 22.49
108 10.75 37.05 17.58 4.16 27.76
109 10.73 64.75 11.03 3.45 20.90
110 10.78 45.87 26.84 4.55 22.03
111 10.87 63.01 10.73 3.62 23.12
112 10.78 50.47 16.07 3.43 26.64
113 11.14 47.35 17.51 3.69 26.91
114 11.18 58.79 13.94 4.36 24.57
115 11.45 31.81 15.53 4.21 26.86
116 11.33 57.17 16.77 3.98 24.72
117 11.36 35.63 17.48 4.12 29.02
118 11.40 43.57 29.28 4.22 24.22
119 11.55 65.39 11.73 3.98 22.96
120 11.48 44.86 17.42 4.47 29.42
121 11.55 27.91 16.95 2.97 23.70
122 11.68 67.17 13.52 3.53 21.13
123 11.71 60.70 14.65 4.06 24.08
124 11.79 37.92 26.45 4.93 26.14
125 11.78 40.60 25.88 4.47 24.67
126 12.07 49.21 30.11 4.26 23.07
127 12.17 51.90 30.47 4.78 25.17
128 11.81 68.91 9.66 2.66 20.26
129 11.75 36.40 23.64 3.82 30.73
130 12.06 45.98 29.17 4.39 23.22
131 11.98 55.82 17.35 4.06 28.35
132 12.20 26.72 17.88 3.76 26.17
133 12.47 34.18 19.69 4.74 29.50
134 12.29 28.50 24.36 4.36 23.51
135 12.44 54.38 27.78 4.62 23.69
136 12.04 59.47 14.62 4.25 27.38
137 12.32 62.16 11.65 3.73 25.49
138 12.35 63.81 11.23 4.00 25.49
139 12.45 35.98 22.86 4.25 28.08
140 12.24 68.14 7.29 3.86 21.71
141 12.59 70.32 9.68 3.06 20.32
142 12.74 60.20 20.54 4.63 24.21
143 13.03 47.30 32.45 4.91 25.43
144 12.89 42.32 33.14 4.77 23.97
145 12.82 30.15 19.40 3.84 28.12
146 13.04 38.71 30.42 4.42 25.49
147 12.95 56.69 16.83 3.57 27.15
148 12.98 31.56 17.28 4.76 29.72
149 13.46 44.88 36.76 4.95 25.44
150 12.96 25.59 23.15 3.75 22.35
151 13.33 27.77 22.19 3.91 25.57
152 13.23 64.64 12.21 4.69 25.03
153 13.09 66.86 11.41 3.08 23.67
154 13.42 36.70 19.71 4.68 29.55
155 13.56 52.29 33.94 5.17 25.42
156 13.22 49.98 36.67 4.69 25.31
157 13.23 24.38 17.65 3.92 24.88
158 13.69 55.03 30.67 4.61 26.11
159 13.34 35.14 24.57 5.71 29.71
160 13.33 71.66 8.55 3.45 20.27
161 13.54 34.06 24.66 4.78 29.12
162 13.79 70.47 9.98 2.98 21.29
163 13.68 25.02 16.45 3.24 26.45
164 13.85 32.24 21.15 4.08 29.44
165 14.01 40.52 38.36 5.04 25.82
166 14.01 57.50 21.07 4.61 28.59
167 13.95 49.72 37.98 4.63 25.05
168 13.76 66.99 13.69 4.31 22.96
169 14.47 43.00 35.09 4.80 26.62
170 14.17 61.62 17.42 4.41 25.49
171 14.15 68.79 9.19 3.84 23.70
172 14.00 58.82 16.12 4.44 26.32
173 14.29 34.14 21.37 4.87 29.89
174 14.73 47.64 34.56 5.07 29.33
175 14.35 64.07 12.73 4.78 27.20
176 14.26 24.65 16.88 3.47 25.88
177 14.42 30.89 16.48 5.10 29.60
178 14.59 66.70 12.09 4.40 25.04
179 14.68 36.65 24.80 4.43 30.02
180 14.66 23.48 17.14 3.77 24.77
181 14.75 56.37 29.00 5.30 28.05
182 14.86 27.03 25.25 4.38 26.51
183 14.90 38.58 28.10 4.72 25.73
184 14.71 70.62 10.22 4.12 23.72
185 15.07 53.40 37.40 5.36 27.24
186 15.00 50.76 32.31 5.16 25.22
187 15.03 59.66 15.41 4.90 27.41
188 15.12 45.36 33.63 5.35 26.22
189 15.10 33.24 25.94 5.29 28.81
190 15.21 62.55 13.90 4.51 28.07
191 15.21 65.61 12.57 4.96 24.71
192 15.34 24.20 23.27 3.46 24.38
193 15.55 72.25 8.60 3.50 22.38
194 15.57 41.01 35.05 5.33 28.18
195 15.62 69.32 9.61 4.31 26.10
196 15.35 74.54 8.00 3.29 20.48
197 15.89 22.52 16.04 3.67 26.71
198 15.63 57.58 18.63 5.05 28.58
199 15.60 25.97 20.38 4.25 27.90
200 15.51 32.36 19.20 4.53 33.93
201 15.91 34.30 34.62 5.50 27.19
202 16.21 36.92 34.79 5.22 28.54
203 15.87 51.88 17.16 5.14 30.76
204 16.02 65.69 10.54 4.46 26.64
205 16.24 43.55 30.89 5.53 27.23
206 16.14 48.76 33.95 5.85 26.05
207 15.94 53.89 22.08 5.42 32.08
208 16.15 19.88 13.54 3.63 23.95
209 16.12 45.42 19.78 4.69 31.06
210 16.34 31.77 33.43 4.95 27.46
211 16.14 25.41 18.41 4.19 27.73
212 16.51 39.28 35.37 4.78 26.42
213 16.61 74.41 8.53 3.87 21.18
214 16.63 54.62 25.80 6.34 27.88
215 16.26 64.44 12.10 4.50 28.20
216 16.50 27.53 18.68 6.39 30.97
217 16.58 29.35 30.24 5.38 25.25
218 16.88 68.85 9.37 4.19 25.93
219 16.71 46.25 27.59 5.21 25.26
220 16.66 50.28 16.26 5.26 31.52
221 16.75 59.44 18.67 5.00 29.11
222 16.75 63.33 12.04 6.00 27.18
223 16.59 20.54 16.14 3.29 24.64
224 16.93 25.86 17.02 5.07 29.36
225 17.05 71.43 9.44 4.44 25.41
226 16.93 65.72 11.83 5.65 26.78
227 17.07 23.67 16.72 4.33 26.82
228 17.01 45.03 17.19 4.67 29.74
229 17.07 47.89 15.27 4.75 31.70
230 17.01 61.51 14.33 5.82 30.52
231 17.09 32.47 19.78 5.50 31.50
232 17.26 34.23 30.67 5.39 25.92
233 17.05 67.37 10.94 5.44 27.62
234 17.08 19.77 13.49 3.11 24.44
235 17.28 27.68 19.69 5.36 29.71
236 17.23 30.53 22.78 5.12 31.32
237 17.17 39.70 22.44 5.12 34.12
238 17.07 53.24 16.00 4.25 34.25
239 17.53 21.33 15.36 3.56 26.50
240 17.82 53.01 18.78 5.70 29.29
241 17.41 38.60 22.78 4.78 31.33
242 17.62 63.87 10.91 4.94 29.02
243 17.56 61.29 14.27 5.19 28.54
244 17.81 28.27 19.34 4.74 29.72
245 17.80 45.74 14.76 5.04 31.55
246 17.98 59.16 16.71 6.14 28.13
247 18.45 18.58 11.62 3.23 25.12
248 17.74 41.05 19.87 5.62 32.84
249 17.82 69.29 9.96 5.56 25.50
250 18.00 48.50 15.56 5.52 32.15
251 17.90 31.67 21.19 5.06 28.58
252 17.92 38.80 27.53 5.79 28.79
253 18.24 65.92 11.12 5.45 29.13
254 17.85 23.82 14.50 4.00 29.00
255 18.32 50.81 16.79 5.71 29.86
256 18.36 55.81 15.74 5.19 30.63
257 17.97 72.17 9.00 3.67 27.11
258 18.41 62.24 11.90 5.33 29.42
259 18.28 22.97 15.88 3.74 27.79
260 18.37 72.94 8.86 3.53 26.69
261 18.52 68.58 10.68 4.97 26.56
262 18.53 31.81 14.47 4.42 29.90
263 18.69 37.63 17.20 5.53 32.35
264 18.68 35.55 18.17 4.74 31.44
265 18.49 40.09 18.10 5.52 34.38
266 18.39 44.20 24.85 5.08 34.92
267 18.61 47.71 14.44 5.16 31.77
268 18.66 77.19 8.08 3.33 23.17
269 18.69 53.89 18.90 6.00 30.86
270 18.50 19.99 11.71 3.71 28.00
271 18.66 21.09 14.32 3.71 27.97
272 18.69 26.08 15.39 4.49 29.44
273 18.57 28.27 18.89 6.04 27.59
274 18.54 46.51 17.27 5.07 30.07
275 18.53 33.16 15.60 4.40 27.60
276 18.51 45.52 15.50 4.50 28.50
277 18.90 29.66 15.48 4.94 29.76
278 18.74 42.42 22.42 5.42 32.08
279 19.09 63.65 11.73 5.62 29.21
280 18.77 71.36 9.96 4.92 24.00
281 19.26 59.42 14.80 5.23 28.95
282 19.00 23.80 14.92 4.22 28.45
283 18.91 44.45 16.02 5.20 32.38
284 19.05 52.24 15.30 5.25 30.92
285 19.07 39.08 21.46 5.25 32.21
286 19.42 50.00 14.79 5.35 29.96
287 19.28 75.36 8.82 4.09 21.53
288 19.15 32.58 13.90 5.33 30.14
289 19.11 67.85 10.47 4.18 29.06
290 19.57 20.22 12.06 3.91 26.01
291 19.49 34.18 15.06 4.89 32.27
292 19.43 42.51 15.82 5.16 32.64
293 19.35 47.15 14.46 5.00 32.70
294 19.37 65.49 11.89 5.11 28.45
295 19.67 26.89 16.15 5.01 28.55
296 19.53 68.77 10.93 5.02 27.61
297 19.44 76.68 8.09 3.52 21.30
298 19.69 53.60 17.79 5.65 31.39
299 19.87 31.66 13.86 4.60 31.10
300 19.85 37.74 14.97 5.21 33.13
301 19.66 45.48 13.29 5.38 32.50
302 20.00 35.89 16.20 6.47 31.37
303 19.94 78.48 8.17 4.02 21.22
304 19.94 29.52 14.20 5.02 30.15
305 19.85 18.28 10.46 2.89 24.07
306 20.01 55.70 16.54 5.56 32.06
307 19.80 63.06 12.55 6.36 32.45
308 19.95 67.10 10.68 4.85 28.79
309 20.10 74.07 9.81 4.85 23.48
310 20.08 60.53 13.60 5.26 31.91
311 20.11 70.13 9.74 4.44 29.41
312 20.25 47.98 15.16 5.36 33.64
313 20.25 43.52 15.38 5.32 33.87
314 20.22 57.65 15.40 5.50 29.50
315 20.39 27.98 13.81 5.00 31.00
316 20.05 76.16 9.39 3.83 21.33
317 20.43 33.64 15.71 5.90 32.58
318 20.37 50.78 13.52 5.30 31.45
319 20.32 52.65 14.15 5.69 32.74
320 20.42 63.48 12.22 6.36 29.80
321 20.49 17.75 11.46 3.52 24.30
322 20.49 36.94 14.13 5.73 32.73
323 20.37 45.40 17.67 5.67 30.67
324 20.78 46.08 14.37 6.28 34.40
325 20.75 76.21 8.76 4.91 25.15
326 20.73 61.33 11.78 4.84 28.47
327 20.60 21.40 12.83 4.78 26.67
328 20.89 59.18 13.41 5.08 31.88
329 20.73 25.31 13.86 5.02 29.91
330 20.77 30.62 17.56 5.84 29.52
331 20.71 39.49 14.30 6.13 36.10
332 20.77 34.66 16.54 7.61 31.82
333 20.82 68.68 10.15 4.76 27.83
334 20.99 49.88 13.62 6.54 33.59
335 20.76 70.74 11.31 5.46 27.65
336 20.71 56.30 15.82 5.91 31.18
337 21.13 22.31 14.04 4.59 28.68
338 21.27 29.06 13.81 5.89 32.05
339 20.99 41.54 14.98 6.05 32.73
340 21.01 53.21 15.80 5.75 31.09
341 21.10 19.56 10.79 3.89 28.21
342 21.38 78.03 8.73 5.15 21.03
343 21.52 56.59 13.44 5.52 31.66
344 21.07 62.70 12.50 4.97 29.08
345 21.43 35.86 13.94 6.17 34.97
346 21.27 38.41 14.21 6.04 34.54
347 21.46 44.26 14.02 5.58 34.90
348 21.42 47.30 13.39 5.91 34.17
349 21.29 23.92 12.63 5.86 31.43
350 21.63 16.93 9.68 3.56 24.11
351 21.38 70.93 9.68 4.88 28.40
352 21.71 32.95 14.86 6.75 35.77
353 21.36 20.71 14.22 4.33 26.33
354 21.64 66.42 11.32 6.71 28.36
355 21.72 50.42 13.05 5.67 32.90
356 21.49 40.59 16.46 6.08 33.08
357 21.87 51.77 13.80 6.24 32.37
358 21.88 60.10 11.68 5.32 28.30
359 21.85 61.66 11.81 5.38 30.57
360 22.00 69.79 10.60 6.11 28.32
361 21.68 58.96 11.75 6.50 31.25
362 22.01 41.05 13.37 5.90 34.25
363 22.04 20.32 11.33 4.33 27.12
364 21.85 45.94 14.83 6.00 34.50
365 22.15 24.84 12.83 5.49 31.86
366 22.10 48.54 13.10 5.52 35.31
367 22.55 37.43 13.80 6.49 34.23
368 22.15 42.96 14.12 5.92 33.81
369 22.39 27.31 13.64 5.85 33.15
370 22.22 68.24 10.56 6.58 28.51
371 22.22 75.20 9.45 5.68 26.48
372 22.53 76.88 9.86 5.04 25.59
373 22.48 53.31 13.66 5.90 33.33
374 22.22 57.24 12.12 6.12 33.25
375 22.29 71.49 9.50 5.75 25.88
376 22.42 73.26 10.27 5.52 26.73
377 22.46 30.90 13.34 6.62 32.49
378 22.49 46.93 13.43 6.04 35.93
379 22.48 62.97 11.19 5.42 28.64
380 22.68 17.14 10.97 3.92 25.89
381 22.95 18.94 11.01 4.26 26.29
382 22.47 49.52 12.45 5.45 34.36
383 22.89 59.60 12.48 6.04 32.45
384 22.84 65.14 11.48 5.79 28.04
385 22.63 34.24 16.04 7.04 32.96
386 22.78 56.82 12.38 6.16 33.09
387 22.82 81.83 7.44 3.87 20.43
388 22.73 70.89 12.35 6.43 29.35
389 23.23 22.23 11.99 4.93 30.27
390 22.83 78.56 9.57 4.60 24.60
391 23.15 29.33 14.14 6.01 31.67
392 22.92 67.36 11.00 5.44 28.72
393 23.12 40.33 13.69 7.09 36.63
394 23.08 32.49 13.36 7.20 33.38
395 23.05 50.93 13.71 6.97 34.17
396 23.43 62.57 11.84 6.29 30.06
397 22.97 72.63 10.40 6.10 28.40
398 23.42 49.71 12.21 7.07 35.10
399 23.16 25.55 13.61 6.86 33.07
400 23.32 69.88 10.19 5.96 30.23
401 23.50 47.69 13.66 5.87 32.19
402 23.21 80.42 8.86 5.48 20.95
403 23.33 42.85 13.75 7.05 37.41
404 23.39 71.90 11.20 6.66 26.00
405 23.51 74.25 10.82 6.43 27.38
406 23.30 52.91 13.98 7.50 32.11
407 23.30 60.96 11.43 6.57 31.64
408 23.27 78.85 10.12 7.38 22.75
409 23.43 82.22 7.71 3.87 21.68
410 23.62 24.45 12.78 5.36 30.77
411 23.50 68.51 10.43 7.23 29.60
412 23.30 73.05 11.50 6.75 25.75
413 23.68 35.41 12.92 6.75 35.32
414 23.39 51.61 12.67 7.67 37.67
415 23.73 55.18 12.34 6.69 34.89
416 23.77 57.48 12.73 7.36 32.75
417 23.69 65.98 12.49 6.98 31.57
418 23.57 39.24 14.20 7.13 35.87
419 23.42 79.84 8.00 7.00 24.00
420 23.59 31.52 15.21 5.57 35.50
421 23.69 33.11 13.85 7.23 30.12
422 23.83 20.17 10.81 4.27 28.75
423 23.81 40.66 12.97 6.37 34.13
424 24.03 59.50 12.54 7.35 32.40
425 23.86 70.74 11.03 7.94 29.09
426 23.95 78.01 10.30 7.60 25.81
427 24.06 52.52 13.20 7.13 32.76
428 24.08 17.99 8.93 4.25 26.56
429 24.09 37.78 13.70 7.24 35.23
430 24.33 29.80 13.71 6.79 33.00
431 24.38 64.05 12.38 8.08 30.32
432 24.12 67.75 10.83 6.56 30.81
433 24.34 79.97 9.18 6.44 24.47
434 23.99 41.80 14.00 7.17 37.83
435 24.07 73.23 9.87 7.09 26.70
436 24.25 21.89 10.63 5.61 30.02
437 24.16 32.11 13.11 7.32 32.32
438 24.21 34.47 14.22 6.70 33.92
439 24.41 49.76 13.08 7.10 34.90
440 24.17 25.98 12.75 7.50 32.88
441 24.34 61.59 11.86 5.90 31.90
442 24.48 23.90 11.95 5.66 32.66
443 24.43 42.28 13.59 7.59 33.33
444 24.55 27.30 12.54 6.61 31.25
445 24.83 71.09 11.40 9.40 28.05
446 24.54 39.86 13.42 6.24 34.16
447 24.56 16.20 8.28 3.88 23.58
448 24.84 44.28 11.92 7.24 35.84
449 24.57 60.14 12.44 8.08 33.84
450 24.91 46.84 12.52 6.88 35.52
451 24.72 66.25 11.78 8.18 30.48
452 24.95 73.44 10.67 10.91 28.15
453 24.65 33.44 13.00 7.00 35.50
454 24.72 74.88 12.00 8.79 25.32
455 25.06 19.59 10.04 4.88 28.77
456 24.75 52.30 13.16 7.36 32.73
457 25.07 76.64 11.25 14.32 27.21
458 25.03 41.45 14.54 7.63 34.19
459 24.88 67.96 12.28 7.68 29.00
460 25.10 35.09 12.93 8.05 33.33
461 25.01 56.40 14.24 7.88 35.72
462 24.95 62.17 12.43 7.64 30.83
463 25.14 25.33 11.16 6.10 31.66
464 25.20 38.10 13.97 7.43 34.72
465 25.09 54.42 12.49 7.51 34.05
466 25.05 69.23 10.61 10.19 30.32
467 25.10 31.48 13.14 7.05 34.38
468 25.22 22.25 10.36 5.52 28.96
469 25.02 32.84 15.22 6.78 34.56
470 25.41 49.33 12.41 7.52 34.55
471 25.33 33.68 13.71 8.35 33.71
472 25.27 57.71 12.80 8.95 38.05
473 25.31 60.41 12.84 9.53 30.89
474 25.28 28.48 11.20 6.30 30.75
475 26.06 80.91 9.14 72.34 22.61
476 25.54 51.88 13.87 8.40 35.44
477 25.63 66.52 12.12 10.35 30.28
478 25.78 13.94 7.98 4.00 21.19
479 25.69 29.83 11.60 6.20 35.12
480 26.02 47.42 13.99 7.96 36.67
481 25.64 54.88 13.36 7.48 34.91
482 25.57 24.27 9.67 5.42 31.58
483 25.62 35.69 14.00 6.94 33.17
484 25.65 41.44 12.72 8.08 36.56
485 25.49 44.78 13.50 6.00 41.00
486 25.98 32.86 12.63 6.81 34.33
487 25.88 17.07 9.62 4.53 23.32
488 26.01 20.62 9.95 5.90 29.34
489 26.31 83.47 8.38 62.65 21.44
490 26.09 57.83 12.97 8.97 32.93
491 26.03 38.55 13.89 7.21 32.58
492 26.06 50.29 13.96 8.50 35.74
493 26.16 60.90 12.33 9.04 32.89
494 26.18 26.56 12.14 5.93 31.02
495 26.28 44.82 13.61 7.56 34.99
496 26.22 63.83 12.03 10.72 32.70
497 26.39 40.23 12.92 8.48 35.65
498 25.99 24.10 11.00 4.50 34.75
499 26.33 35.39 13.64 7.43 35.26
500 26.21 53.23 12.97 7.64 34.86
501 26.41 72.61 11.52 76.58 27.17
502 26.36 25.07 11.62 5.86 32.48
503 26.57 55.79 13.38 9.47 32.66
504 26.73 76.03 11.02 146.56 25.88
505 26.73 28.45 11.33 6.56 32.56
506 26.84 12.98 7.22 4.37 22.40
507 26.43 19.66 8.85 5.38 28.69
508 26.86 37.77 12.54 7.78 35.78
509 26.64 21.78 9.28 5.72 29.69
510 26.88 15.23 8.49 5.52 24.22
511 26.77 51.07 13.73 9.04 34.50
512 27.13 66.96 11.82 114.97 28.13
513 26.97 49.20 13.75 9.55 37.62
514 26.87 59.66 13.42 12.00 31.75
515 27.20 70.33 12.00 145.23 30.56
516 26.72 57.43 15.21 11.16 33.53
517 26.99 17.36 8.53 6.04 25.29
518 27.03 41.42 13.39 8.43 35.72
519 26.93 61.87 12.62 10.53 34.00
520 27.13 19.33 9.38 6.74 26.86
521 27.17 31.77 12.79 8.31 33.33
522 27.27 78.53 10.75 132.49 25.54
523 27.32 64.40 12.69 40.73 27.29
524 27.44 21.70 10.11 7.26 30.32
525 27.41 24.25 11.05 7.61 30.26
526 27.66 51.89 14.33 10.59 34.70
527 27.72 84.23 8.51 48.84 20.92
528 27.35 62.88 12.50 17.10 35.25
529 27.51 36.47 12.36 7.79 33.17
530 27.61 56.48 12.88 11.63 34.02
531 27.80 81.37 10.30 85.18 24.65
532 27.70 46.54 13.22 10.24 35.26
533 27.76 73.73 12.59 191.77 28.71
534 27.60 61.59 13.04 19.46 31.93
535 27.77 58.84 13.02 12.63 33.95
536 27.66 53.85 12.92 10.19 37.78
537 27.77 14.27 8.47 6.58 24.74
538 28.07 49.62 14.38 11.63 35.90
539 28.17 16.90 8.18 10.25 29.05
540 28.00 11.50 6.98 6.36 22.66
541 28.00 33.12 12.44 9.09 31.89
542 28.80 60.84 13.60 123.68 32.53
543 27.93 86.29 7.95 19.43 24.34
544 28.01 15.54 7.78 8.43 25.03
545 28.03 39.43 12.62 10.07 36.13
546 27.91 44.89 13.53 8.51 35.23
547 28.15 28.88 11.56 10.96 32.15
548 28.20 76.34 11.86 165.90 26.91
549 28.02 30.87 12.53 10.33 31.12
550 28.00 40.62 14.56 10.44 37.89
551 28.27 65.28 12.66 201.37 32.30
552 28.19 37.63 12.94 10.60 33.26
553 28.39 68.53 13.20 230.94 31.10
554 28.16 23.46 11.26 10.74 31.26
555 28.63 47.41 14.92 14.12 35.92
556 28.57 71.71 13.56 218.14 29.27
557 28.32 78.84 11.07 75.00 24.85
558 28.43 53.70 13.77 13.96 35.54
559 28.62 26.64 10.85 12.37 32.24
560 28.43 41.36 12.96 10.67 36.25
561 28.54 43.07 14.63 11.18 37.98
562 28.55 13.64 7.97 13.03 21.82
563 28.73 20.89 10.93 14.81 29.00
564 28.87 31.40 11.93 14.63 33.07
565 28.98 87.03 7.89 8.70 91.58
566 28.87 35.78 14.53 15.31 34.47
567 28.82 22.48 11.35 14.05 29.58
568 29.29 57.45 14.03 106.29 32.94
569 29.16 63.45 14.04 232.32 32.50
570 29.44 83.58 10.25 27.25 106.41
571 28.98 33.65 12.45 15.59 34.24
572 29.06 74.48 12.87 139.84 30.52
573 29.00 81.10 11.20 51.67 28.51
574 29.12 38.96 13.26 16.11 34.02
575 29.08 40.84 13.61 14.95 35.71
576 28.84 32.74 14.50 16.50 33.25
577 29.29 77.75 11.71 76.08 26.19
578 29.70 13.89 8.59 92.20 23.51
579 29.30 48.83 14.20 25.36 38.61
580 29.42 66.51 14.91 230.89 34.99
581 29.75 51.60 14.23 130.25 35.11
582 29.67 18.68 9.88 110.36 27.91
583 29.60 69.63 13.67 160.82 29.79
584 29.53 43.19 13.54 18.07 38.10
585 29.80 23.85 11.13 94.24 30.80
586 29.90 27.89 12.40 97.09 32.09
587 29.98 37.32 13.99 98.81 36.18
588 29.83 72.32 12.96 104.75 31.00
589 29.92 32.25 12.28 85.70 33.00
590 30.38 45.24 15.29 161.97 36.13
591 30.19 80.59 12.01 20.94 150.94
592 30.18 47.74 15.57 149.18 38.05
593 30.16 34.63 13.20 116.32 33.26
594 30.40 54.16 14.79 204.05 37.10
595 30.26 85.82 9.65 10.62 141.49
596 30.34 21.24 10.86 137.49 29.23
597 30.29 40.96 14.36 55.22 37.80
598 30.43 56.62 14.37 216.77 35.02
599 30.01 75.31 14.20 70.22 40.06
600 30.34 64.68 14.64 216.17 35.66
601 30.43 62.09 14.79 199.06 33.35
602 30.45 67.42 13.46 143.71 32.85
603 30.51 77.55 12.38 30.09 146.31
604 30.66 25.52 12.49 209.07 31.46
605 30.95 49.63 15.73 212.87 37.80
606 31.09 38.42 14.35 162.93 33.99
607 30.69 30.06 12.96 217.28 33.17
608 30.71 72.90 13.13 46.73 102.98
609 30.72 11.43 7.95 90.36 22.21
610 30.77 16.18 9.31 159.67 27.67
611 31.23 42.86 15.21 205.18 37.93
612 30.76 59.39 14.81 209.97 35.88
613 30.65 70.30 14.06 70.67 41.37
614 31.15 82.88 12.19 13.96 153.74
615 31.17 18.86 10.17 173.50 28.50
616 31.24 89.21 7.97 6.38 90.43
617 31.20 33.47 13.61 225.11 36.65
618 31.27 35.68 14.37 230.86 35.65
619 31.33 75.52 13.68 27.35 179.82
620 31.29 23.44 11.38 183.39 31.36
621 31.36 27.37 12.50 207.59 32.88
622 31.29 52.01 15.47 223.02 37.56
623 31.48 46.87 15.63 237.74 39.82
624 31.43 68.86 15.36 54.52 201.76
625 31.27 65.91 15.04 101.36 40.94
626 31.34 63.54 15.58 130.20 40.48
627 31.45 79.50 12.00 13.02 171.61
628 31.75 14.73 9.33 108.69 26.72
629 31.64 31.64 13.15 217.74 34.76
630 31.55 60.79 15.68 139.09 40.14
631 31.62 21.06 12.01 161.46 31.84
632 31.68 40.21 14.54 232.05 37.45
633 31.52 55.62 16.40 185.07 37.24
634 31.38 84.47 11.38 11.97 142.36
635 31.85 86.98 9.82 9.26 104.32
636 31.86 57.98 15.83 147.22 38.69
637 32.00 71.26 14.56 31.79 200.61
638 31.93 10.34 7.81 51.21 23.87
639 31.89 12.50 8.61 77.74 23.77
640 32.02 29.33 14.10 207.08 35.72
641 32.03 53.47 15.87 156.46 39.67
642 32.04 73.62 14.95 19.40 193.16
643 32.14 25.22 11.95 155.98 31.46
644 32.06 17.35 10.19 97.78 30.69
645 32.05 44.79 15.15 191.92 39.52
646 32.31 48.55 15.11 209.00 39.48
647 32.37 64.77 15.60 37.82 206.20
648 32.37 67.42 15.51 38.04 217.90
649 32.37 62.18 16.71 65.85 191.14
650 32.40 77.44 12.41 11.41 168.06
651 32.52 84.40 12.23 14.25 127.50
652 32.35 50.85 16.51 142.22 40.34
653 32.37 80.84 12.20 10.98 147.75
654 32.61 22.63 12.05 123.23 32.27
655 32.46 33.50 14.44 191.56 34.83
656 32.40 36.05 14.47 154.08 34.27
657 32.61 41.78 14.90 213.79 42.12
658 32.59 38.48 16.27 201.38 40.55
659 32.59 19.62 12.12 88.39 33.27
660 32.64 27.23 14.01 118.18 34.48
661 32.53 55.46 16.44 121.87 44.06
662 32.57 59.57 15.72 78.55 45.60
663 32.90 30.99 14.39 141.62 35.75
664 32.90 11.52 8.34 51.08 27.96
665 32.84 14.71 9.16 54.42 33.49
666 32.99 46.80 16.42 157.80 43.41
667 33.13 69.44 15.02 19.76 197.29
668 33.10 74.82 14.93 12.85 195.48
669 32.95 44.23 16.76 160.79 42.87
670 32.94 52.60 17.33 97.85 47.72
671 33.00 57.47 18.68 119.29 53.89
672 32.97 86.78 10.22 15.16 50.06
673 33.03 17.05 11.27 68.01 36.93
674 33.27 72.02 14.69 12.64 188.27
675 33.10 79.23 15.92 13.36 153.32
676 33.31 24.55 12.70 82.18 39.40
677 33.24 49.60 17.90 124.08 53.69
678 33.47 61.40 18.30 35.27 220.11
679 33.38 34.95 15.54 129.93 42.47
680 33.46 66.73 16.32 28.56 204.80
681 33.91 12.55 9.85 30.07 136.04
682 33.43 28.78 14.45 96.45 44.96
683 33.43 55.03 17.13 79.48 184.98
684 33.40 40.02 16.47 138.78 46.88
685 33.49 21.40 12.74 71.88 39.58
686 33.41 37.23 16.29 108.26 48.83
687 33.71 59.16 17.39 45.11 218.27
688 33.86 9.80 8.55 20.85 124.05
689 33.60 64.00 17.92 22.69 212.79
690 33.76 81.43 13.84 15.71 93.97
691 33.65 19.40 11.44 53.33 91.16
692 33.86 78.98 14.73 13.45 111.82
693 33.62 32.82 16.36 112.75 46.86
694 34.00 76.53 16.11 13.51 119.45
695 33.99 14.39 10.25 38.83 161.04
696 33.67 45.34 17.62 115.32 48.89
697 33.80 52.51 17.32 55.32 189.20
698 34.05 47.90 17.95 59.67 199.01
699 34.06 16.27 11.20 36.39 163.14
700 34.24 31.09 14.99 51.94 201.54
701 34.12 50.38 17.33 61.95 218.76
702 34.24 56.97 18.49 31.33 222.50
703 34.29 38.61 16.39 51.70 207.90
704 34.46 71.08 15.76 12.89 155.48
705 34.33 41.07 17.15 96.66 192.51
706 34.37 43.55 16.95 54.97 209.30
707 34.36 36.10 16.67 64.30 218.48
708 34.55 25.85 13.52 37.23 192.40
709 34.52 68.46 16.96 13.17 187.06
710 34.53 86.24 14.86 120.30 32.21
711 34.51 23.75 13.11 33.91 187.05
712 34.50 28.08 14.86 52.97 208.70
713 34.60 74.02 15.95 15.72 113.51
714 34.57 54.43 17.70 38.77 217.41
715 34.58 33.74 15.42 45.85 208.63
716 34.58 65.84 17.80 14.89 217.05
717 34.77 21.08 13.18 33.99 195.91
718 34.77 63.06 16.87 17.10 219.38
719 34.65 45.89 18.30 46.78 219.29
720 34.74 60.97 18.01 20.18 228.24
721 35.15 90.07 12.74 75.82 21.25
722 34.99 52.18 18.33 28.02 221.53
723 34.94 77.98 16.87 25.71 40.21
724 35.20 58.87 19.24 16.98 214.00
725 35.31 10.49 8.81 11.08 147.67
726 35.30 49.74 18.48 28.92 221.90
727 35.58 80.07 17.12 123.38 32.07
728 35.31 18.17 12.34 19.82 195.76
729 35.31 13.69 10.88 13.78 174.79
730 35.40 83.59 17.21 150.31 30.96
731 35.16 8.40 7.79 9.85 136.06
732 35.52 41.85 17.73 29.68 223.22
733 35.66 16.03 12.22 13.40 185.91
734 35.38 29.74 15.70 38.82 218.62
735 35.52 47.52 18.87 26.79 223.70
736 35.50 36.99 16.78 26.49 223.36
737 35.46 56.40 19.28 18.12 219.33
738 35.41 39.47 17.74 37.94 208.80
739 35.56 69.83 18.87 18.83 93.67
740 35.85 65.38 19.15 17.27 141.03
741 35.80 32.05 16.52 21.97 216.44
742 35.67 44.83 18.37 22.60 220.52
743 35.71 22.83 13.07 18.58 208.51
744 35.70 34.42 16.21 20.15 211.00
745 35.63 7.37 6.95 8.36 102.68
746 35.70 27.42 16.04 26.89 195.51
747 35.87 73.64 18.54 125.27 37.43
748 36.01 53.84 20.34 17.50 217.62
749 35.72 25.04 14.51 19.24 205.18
750 35.74 67.60 17.57 16.08 104.49
751 36.22 87.34 20.02 123.55 24.97
752 36.27 60.80 19.32 15.82 172.38
753 36.27 63.28 18.70 16.53 137.83
754 36.24 76.91 18.09 151.25 34.41
755 36.37 19.73 13.26 13.80 167.07
756 36.32 91.34 13.88 38.32 21.05
757 36.57 58.42 20.48 16.12 165.63
758 36.46 12.32 10.48 9.14 137.66
759 36.54 29.44 15.76 16.79 200.66
760 37.00 42.92 19.66 16.65 193.20
761 36.55 51.47 18.44 18.01 201.76
762 36.74 38.48 18.71 17.10 199.93
763 36.75 46.21 20.11 16.39 198.78
764 36.27 67.02 18.60 24.30 97.75
765 36.84 7.82 8.52 5.33 63.27
766 36.88 26.56 15.31 13.57 171.18
767 36.69 48.90 19.29 15.96 200.55
768 36.74 82.03 21.20 197.08 30.99
769 36.81 56.26 20.80 16.39 180.72
770 36.94 40.51 19.82 17.17 186.88
771 36.69 69.03 21.90 185.74 38.77
772 36.85 35.90 17.66 14.88 185.15
773 36.88 71.74 19.98 198.68 38.11
774 36.94 33.46 18.06 14.54 196.39
775 36.91 15.29 11.93 10.02 121.21
776 36.98 22.88 14.60 13.29 167.99
777 37.16 84.78 24.03 122.62 26.57
778 37.47 31.45 17.10 16.20 156.59
779 37.16 74.43 23.42 185.71 34.15
780 37.30 54.28 20.53 16.12 152.81
781 37.28 79.60 24.64 153.94 32.14
782 37.72 66.86 25.06 186.26 41.86
783 37.42 59.68 22.13 28.47 99.15
784 37.35 91.11 19.81 35.62 23.13
785 37.66 13.08 12.61 12.97 76.15
786 37.54 88.15 27.04 78.17 23.66
787 37.82 52.19 20.58 20.44 124.94
788 38.00 64.34 24.52 201.07 42.92
789 37.69 77.22 25.01 151.35 31.86
790 37.59 21.02 14.45 12.24 107.67
791 37.71 50.03 21.95 30.47 120.63
792 37.68 10.81 10.40 11.66 56.89
793 37.77 17.33 13.29 13.84 67.39
794 37.86 44.69 19.75 16.45 131.39
795 37.84 6.35 7.52 5.81 25.69
796 37.89 29.34 16.65 21.51 98.64
797 37.97 69.88 28.19 219.94 39.04
798 37.74 9.43 9.41 12.14 46.86
799 37.92 24.80 15.54 16.76 81.60
800 37.98 37.22 19.65 22.97 71.99
801 37.90 47.32 21.52 24.13 132.22
802 38.01 61.73 26.43 156.22 52.02
803 38.08 35.17 18.81 22.51 73.34
804 37.94 22.52 16.70 14.91 78.60
805 38.09 27.29 17.05 23.43 64.14
806 38.04 82.35 28.34 98.74 29.67
807 38.27 72.44 30.39 158.76 36.61
808 38.36 57.65 24.91 150.49 50.43
809 38.15 39.99 20.12 23.17 105.28
810 38.33 74.87 29.87 142.70 33.79
811 38.28 85.64 33.70 66.28 29.23
812 38.51 89.35 35.34 36.19 98.76
813 38.52 79.66 29.50 107.85 31.62
814 38.77 59.97 28.32 227.18 44.51
815 38.51 42.59 21.44 32.22 74.56
816 39.08 53.25 25.90 137.04 57.86
817 38.66 9.32 11.28 55.59 24.54
818 38.61 20.73 16.85 26.33 54.27
819 38.80 49.45 24.06 130.21 53.67
820 38.89 7.48 9.57 45.89 24.10
821 38.49 22.05 14.85 21.62 59.15
822 38.81 12.79 12.86 65.37 32.33
823 38.74 93.00 17.68 7.30 79.12
824 38.80 24.06 19.00 56.07 67.72
825 38.73 38.35 25.00 83.40 57.55
826 39.03 46.96 24.56 170.21 51.39
827 39.05 76.81 35.50 103.81 33.01
828 38.86 83.72 43.66 82.15 32.69
829 38.89 29.06 19.46 87.73 47.78
830 39.09 17.23 15.32 95.89 37.06
831 39.51 39.89 25.47 166.76 54.36
832 39.08 68.44 31.73 161.50 38.14
833 39.52 34.18 24.72 155.04 44.09
834 39.39 55.53 28.60 201.68 47.81
835 39.11 65.91 28.86 179.74 37.24
836 39.42 43.70 25.57 158.60 55.36
837 39.27 62.78 31.65 195.68 42.66
838 39.36 31.68 21.79 151.06 42.88
839 39.36 71.08 32.76 129.92 37.81
840 39.35 81.31 41.39 80.12 35.52
841 39.72 36.56 26.42 180.24 46.80
842 39.59 86.67 49.51 35.90 141.82
843 39.33 73.74 38.33 103.32 39.95
844 39.67 14.99 15.91 109.15 31.70
845 39.69 27.62 21.26 171.34 40.10
846 39.31 91.71 29.63 10.03 104.83
847 39.76 57.92 35.38 199.64 43.31
848 39.58 10.92 13.60 99.38 27.27
849 39.76 19.97 18.69 103.04 37.24
850 39.93 22.96 19.81 149.25 40.36
851 39.89 25.47 21.08 168.68 38.08
852 39.72 78.84 47.10 76.42 40.63
853 40.00 8.25 12.08 84.50 24.64
854 39.90 49.43 28.75 207.72 45.32
855 39.99 60.53 39.80 199.77 42.61
856 40.00 89.39 43.54 13.87 128.48
857 39.99 64.55 39.87 137.95 41.70
858 40.22 12.95 17.45 124.18 29.65
859 40.31 29.63 26.26 207.69 39.11
860 40.13 46.18 32.49 224.30 48.42
861 40.28 82.60 56.85 37.94 153.06
862 39.85 91.38 31.38 10.29 119.79
863 40.06 69.32 38.89 99.04 36.43
864 40.27 6.40 10.44 52.65 23.31
865 40.26 66.96 42.59 130.07 41.63
866 40.06 75.99 55.31 88.09 43.36
867 40.35 51.73 29.72 198.28 48.06
868 40.36 73.21 57.28 51.72 144.84
869 40.45 41.24 32.56 225.63 46.37
870 40.51 17.48 19.91 134.34 32.53
871 40.64 62.05 42.37 141.82 44.18
872 40.72 54.20 40.62 201.04 46.58
873 40.75 56.52 40.43 146.89 45.21
874 40.93 80.12 69.62 29.60 159.82
875 41.01 70.40 60.90 52.38 153.60
876 40.80 31.78 31.33 179.51 40.43
877 41.18 90.79 60.57 9.27 129.09
878 40.89 37.19 34.19 191.37 46.29
879 40.90 43.76 40.80 205.32 45.36
880 40.89 77.81 72.10 30.24 169.19
881 40.93 48.39 38.65 193.03 47.69
882 40.77 93.34 24.59 4.10 81.31
883 40.84 59.05 40.98 132.32 45.42
884 41.02 10.65 18.26 108.23 26.60
885 41.04 34.66 30.27 203.43 41.80
886 40.98 86.30 74.81 17.92 146.29
887 41.00 21.86 24.48 157.11 32.92
888 41.17 25.55 25.35 159.36 35.11
889 41.04 27.87 25.98 147.07 37.47
890 41.02 64.22 59.16 108.25 43.58
891 41.40 50.72 43.87 187.93 48.49
892 41.20 75.24 85.43 28.62 182.90
893 41.29 19.48 23.48 120.97 33.75
894 41.30 39.32 36.12 164.12 43.53
895 41.34 7.64 16.15 71.23 28.05
896 41.32 15.02 24.30 119.61 29.56
897 41.33 66.45 71.66 59.56 140.06
898 41.76 46.41 54.01 148.44 53.01
899 41.62 82.07 98.23 18.26 175.60
900 41.64 41.55 48.24 185.87 49.56
901 41.67 52.82 50.86 162.67 48.36
902 41.59 60.20 67.54 103.65 52.51
903 41.63 12.90 22.25 87.63 31.58
904 41.60 30.09 41.94 126.78 47.16
905 41.62 57.73 68.67 113.69 50.59
906 41.60 62.42 78.98 97.17 50.22
907 41.83 73.16 87.74 26.45 197.85
908 41.83 32.55 43.46 153.99 45.38
909 41.79 17.41 26.66 112.68 32.62
910 41.67 55.38 60.14 123.42 54.14
911 41.87 23.63 40.70 133.10 39.90
912 41.89 10.46 24.83 91.57 40.13
913 41.92 68.68 81.26 40.38 185.93
914 41.89 85.18 103.02 14.47 158.26
915 41.88 37.31 47.13 123.73 50.64
916 41.90 77.68 91.23 16.35 181.81
917 42.05 21.06 37.08 97.25 40.46
918 41.96 27.68 36.33 114.20 42.07
919 41.96 43.77 50.09 146.21 56.45
920 41.99 48.82 63.96 130.77 52.60
921 42.25 64.54 83.29 41.65 201.10
922 42.02 67.14 78.39 45.04 178.83
923 42.17 35.20 52.58 159.96 52.36
924 42.31 88.65 86.30 11.71 119.61
925 42.34 70.84 99.99 25.14 202.73
926 42.43 8.25 29.64 53.06 126.64
927 42.56 15.87 36.41 94.14 42.43
928 42.33 39.64 77.07 112.48 66.02
929 42.59 80.20 91.78 15.08 164.46
930 42.51 56.61 89.10 63.51 205.83
931 42.57 91.17 81.50 13.23 46.91
932 42.41 25.91 58.15 101.85 48.13
933 42.50 29.61 54.97 78.54 163.97
934 42.53 54.08 78.45 71.00 210.32
935 42.54 59.17 87.72 57.72 213.75
936 42.64 61.85 95.81 49.68 207.52
937 42.64 18.92 43.19 96.03 41.09
938 42.48 85.62 103.19 15.29 147.48
939 42.55 12.72 35.03 78.64 95.37
940 42.59 51.37 80.63 105.92 75.97
941 42.73 76.23 109.81 15.06 177.44
942 42.62 41.79 76.72 90.34 125.04
943 42.77 37.83 70.99 65.32 193.30
944 42.76 44.51 79.95 80.45 193.76
945 42.95 73.95 124.37 16.62 191.84
946 42.71 82.22 109.43 17.47 161.10
947 42.84 33.38 70.68 85.76 140.47
948 42.94 49.03 84.53 71.45 203.85
949 42.93 22.77 59.34 67.17 172.82
950 42.96 11.09 38.30 59.35 141.62
951 43.00 66.45 118.66 24.94 213.19
952 43.16 27.67 67.58 54.09 196.28
953 43.10 83.38 119.50 17.80 150.14
954 43.02 9.71 39.51 50.97 152.20
955 43.02 68.87 112.88 21.22 209.72
956 43.30 35.76 84.82 53.33 222.96
957 43.46 39.99 83.72 49.37 207.10
958 43.63 46.01 104.17 48.64 220.46
959 43.45 63.67 105.54 20.49 213.50
960 43.49 71.13 133.32 17.47 195.10
961 43.43 12.05 43.70 41.81 149.89
962 43.55 13.57 53.28 31.77 161.94
963 43.53 58.00 106.72 38.24 219.96
964 43.47 78.37 125.20 15.33 117.97
965 43.56 53.25 114.11 51.37 223.87
966 43.57 88.28 98.01 42.60 36.61
967 43.71 50.91 104.07 48.60 219.98
968 43.45 86.08 109.12 24.46 63.25
969 43.55 15.31 64.12 41.10 184.25
970 43.77 18.37 73.32 47.55 187.84
971 43.71 30.20 77.30 44.56 205.16
972 43.58 55.66 123.37 37.75 217.12
973 43.71 42.94 104.70 47.58 228.55
974 43.76 91.54 91.45 71.33 31.19
975 43.59 7.37 46.38 23.90 147.59
976 43.86 25.35 86.66 37.62 200.00
977 43.78 32.21 88.41 41.24 201.49
978 43.73 60.83 134.74 25.93 229.10
979 43.79 80.95 128.02 22.39 55.98
980 43.98 8.26 43.53 18.24 145.71
981 43.94 20.64 72.21 33.82 188.17
982 43.88 16.58 78.44 45.93 200.42
983 43.91 68.16 136.95 16.80 202.00
984 43.95 76.00 158.62 17.26 138.23
985 43.84 89.60 98.46 56.43 34.00
986 44.10 37.50 119.01 27.90 221.18
987 44.07 34.02 117.08 32.43 222.00
988 44.03 83.62 136.18 45.04 48.12
989 44.11 22.89 86.09 31.26 206.90
990 44.07 48.10 126.78 36.20 226.20
991 44.15 65.58 149.49 17.64 216.93
992 44.20 72.93 158.78 18.56 123.78
993 44.22 27.57 94.56 27.15 202.14
994 44.59 93.14 59.73 88.18 24.05
995 44.28 95.54 23.94 35.58 17.76
996 44.65 12.31 71.08 13.69 176.38
997 44.46 41.48 118.01 25.41 224.82
998 44.65 54.62 122.10 23.20 226.72
999 44.52 59.09 131.06 21.65 217.12
1000 44.50 63.07 169.28 17.65 222.75
1001 44.58 79.33 154.65 85.30 43.77
1002 44.65 87.05 115.36 147.48 36.03
1003 44.41 35.15 90.10 26.17 214.83
1004 44.67 56.81 134.13 20.02 224.40
1005 44.78 14.74 78.86 16.79 184.67
1006 44.50 70.00 137.98 20.08 141.47
1007 44.73 52.28 142.71 24.86 224.91
1008 44.51 84.59 134.83 90.66 46.60
1009 44.60 9.64 55.94 12.06 153.60
1010 44.64 6.08 36.39 6.54 131.95
1011 44.95 29.27 119.16 25.44 211.85
1012 44.75 44.37 127.60 24.47 211.03
1013 44.84 49.51 139.20 22.01 225.66
1014 45.03 38.73 128.98 17.58 206.14
1015 44.86 17.39 87.22 18.03 185.98
1016 45.01 31.47 125.51 22.06 201.88
1017 44.96 46.70 134.94 21.74 209.38
1018 45.14 19.59 101.45 16.47 186.30
1019 45.05 24.56 102.49 18.78 193.79
1020 45.01 60.84 150.24 19.43 214.32
1021 45.25 77.48 169.09 159.79 44.03
1022 44.89 67.24 181.06 29.19 68.39
1023 45.09 81.61 140.87 157.13 39.88
1024 45.08 90.08 92.27 132.32 30.05
1025 45.08 74.69 177.55 93.82 46.56
1026 45.20 7.78 56.60 9.13 137.58
1027 45.29 22.42 108.02 16.90 180.57
1028 45.25 26.18 124.17 18.51 206.06
1029 45.19 33.86 122.45 17.41 200.36
1030 45.18 36.27 145.54 19.01 197.85
1031 45.21 71.81 158.83 81.71 52.21
1032 45.23 27.44 110.26 17.16 207.76
1033 45.24 64.72 173.12 36.14 62.34
1034 45.47 5.40 34.07 7.92 87.26
1035 45.34 40.67 165.32 21.90 224.13
1036 45.53 69.23 181.04 170.64 52.53
1037 45.69 85.42 134.52 213.41 36.61
1038 45.44 10.17 69.32 10.11 155.23
1039 45.67 42.80 144.61 20.98 213.60
1040 45.53 58.30 160.58 21.98 148.13
1041 45.65 62.45 199.94 47.67 66.78
1042 45.69 50.82 166.89 25.54 204.23
1043 45.65 53.51 159.59 20.94 210.26
1044 45.82 16.54 106.35 16.79 180.27
1045 45.77 88.05 110.00 183.82 32.89
1046 45.83 56.07 190.74 27.50 133.82
1047 45.91 92.72 71.64 122.75 25.75
1048 45.87 13.44 97.27 15.55 167.05
1049 45.94 45.14 166.11 26.82 136.65
1050 45.88 47.87 174.52 26.16 184.20
1051 45.99 66.74 177.80 217.86 51.59
1052 46.06 79.64 137.04 176.86 42.57
1053 46.09 30.35 147.47 27.45 106.34
1054 46.05 32.66 152.16 26.56 79.06
1055 46.30 82.74 158.91 233.20 38.40
1056 46.18 27.96 149.22 22.39 154.92
1057 46.22 37.33 181.00 30.07 77.93
1058 46.21 60.24 192.70 41.08 66.10
1059 46.25 73.99 187.44 202.77 45.11
1060 46.20 35.10 164.23 27.11 77.79
1061 46.28 8.15 84.27 24.16 59.33
1062 46.29 18.15 132.45 25.50 116.10
1063 46.16 20.53 125.86 27.50 105.73
1064 46.22 25.04 157.03 30.25 100.21
1065 46.33 64.31 197.42 186.95 50.58
1066 46.26 39.70 188.08 29.54 77.54
1067 46.41 71.01 170.14 225.92 44.01
1068 46.34 22.69 127.68 37.49 70.89
1069 46.40 76.25 140.17 193.27 39.77
1070 46.55 90.41 105.81 162.62 31.53
1071 46.62 58.09 184.96 193.95 55.33
1072 46.60 54.33 202.12 63.74 71.27
1073 46.63 49.18 186.96 129.73 69.45
1074 46.61 52.07 192.08 69.31 67.00
1075 46.78 11.81 107.05 47.43 52.64
1076 46.76 43.21 183.90 109.19 61.10
1077 46.92 46.23 190.28 146.72 59.81
1078 46.88 62.17 185.29 233.13 52.30
1079 46.89 68.65 191.34 241.27 49.45
1080 47.21 6.05 71.90 86.17 28.30
1081 46.91 87.38 124.83 198.39 33.34
1082 46.80 14.95 127.18 72.25 47.89
1083 47.10 29.50 160.87 138.27 56.25
1084 47.03 31.63 166.00 156.50 57.19
1085 47.11 33.71 179.85 186.44 54.14
1086 47.17 56.19 182.32 207.00 53.86
1087 47.06 20.17 136.02 125.01 49.71
1088 47.20 36.24 209.20 179.18 59.08
1089 47.07 40.83 182.17 179.31 53.83
1090 47.12 24.36 161.97 118.68 52.17
1091 47.17 26.77 176.66 111.69 51.18
1092 47.19 66.33 184.57 241.08 46.55
1093 47.15 84.66 120.39 171.65 38.53
1094 47.18 9.86 103.66 66.35 37.33
1095 47.08 77.61 132.46 185.44 40.83
1096 47.26 81.30 140.97 196.41 38.31
1097 47.39 38.65 179.67 202.41 56.97
1098 47.57 17.59 137.51 153.08 46.34
1099 47.38 51.00 188.92 186.44 51.52
1100 47.40 72.41 160.57 221.90 44.87
1101 47.51 92.54 72.62 95.16 28.93
1102 47.54 60.13 184.96 240.59 51.31
1103 47.52 64.08 182.95 246.64 49.45
1104 47.46 74.76 148.59 182.08 40.93
1105 47.75 22.46 138.50 180.84 44.25
1106 47.69 48.42 178.82 220.94 58.35
1107 47.73 53.64 192.27 223.20 58.28
1108 47.68 13.19 133.41 147.84 42.57
1109 47.79 44.14 186.49 234.94 59.33
1110 47.73 79.16 134.54 169.96 42.17
1111 47.90 15.35 149.15 165.68 43.89
1112 47.97 58.16 186.96 247.63 57.43
1113 47.94 70.22 181.50 238.89 43.98
1114 47.77 89.61 111.40 120.53 31.88
1115 47.94 41.56 182.81 232.21 56.87
1116 47.91 95.53 34.62 26.03 51.97
1117 48.10 86.78 157.08 118.06 39.95
1118 48.12 77.11 185.24 159.40 42.34
1119 48.12 31.91 172.08 221.07 46.99
1120 48.23 46.42 191.37 238.10 53.93
1121 48.23 62.31 199.95 240.89 52.05
1122 48.14 67.93 177.37 231.82 48.26
1123 48.08 4.11 38.03 60.95 27.59
1124 48.29 8.44 108.53 149.29 32.19
1125 48.30 83.72 135.79 94.17 41.20
1126 48.19 20.09 125.30 173.01 41.31
1127 48.17 28.99 173.92 220.80 46.88
1128 48.25 34.57 184.17 223.40 53.55
1129 48.44 11.25 128.61 169.50 38.55
1130 48.34 24.54 152.03 193.57 45.77
1131 48.34 26.53 171.38 215.07 47.84
1132 48.38 37.03 184.46 231.80 53.33
1133 48.35 56.26 199.27 245.72 54.07
1134 48.33 65.77 208.53 233.51 51.36
1135 48.60 93.97 64.45 28.44 81.28
1136 48.33 50.67 167.19 228.66 55.57
1137 48.42 81.15 156.02 87.79 41.26
1138 48.64 39.64 186.43 241.74 53.92
1139 48.49 72.38 178.38 169.97 46.32
1140 48.49 5.79 76.87 105.97 29.62
1141 48.65 74.73 177.83 108.52 48.99
1142 48.71 91.04 105.68 37.68 90.01
1143 48.76 60.40 192.71 209.14 53.97
1144 48.86 52.34 197.29 224.75 53.21
1145 48.85 54.58 209.10 241.70 54.03
1146 48.89 48.73 203.37 241.87 58.37
1147 48.92 44.55 194.02 236.81 54.33
1148 48.85 13.51 120.50 145.67 43.73
1149 48.97 42.23 189.65 219.71 58.35
1150 48.91 79.32 162.02 77.02 52.63
1151 49.01 15.64 141.81 186.04 47.40
1152 49.10 18.30 161.90 210.50 52.31
1153 49.06 22.83 193.13 197.89 48.55
1154 48.94 69.28 195.37 145.54 53.84
1155 49.03 64.20 207.63 198.32 53.18
1156 49.08 30.25 180.94 219.32 55.80
1157 49.05 88.50 116.34 34.04 143.09
1158 49.15 33.11 195.97 198.59 58.92
1159 49.16 58.36 197.90 224.98 55.90
1160 49.12 7.37 103.72 111.10 43.72
1161 49.28 20.97 160.07 166.76 51.20
1162 49.32 85.14 161.29 53.07 171.22
1163 49.28 86.84 127.00 36.52 168.41
1164 49.27 66.70 173.71 121.71 57.39
1165 49.43 76.96 190.28 66.36 162.67
1166 49.32 27.29 169.64 143.79 49.75
1167 49.30 35.45 187.74 200.52 65.89
1168 49.52 81.73 163.93 71.62 188.17
1169 49.32 5.21 57.91 44.47 87.53
1170 49.49 9.73 134.17 102.28 62.31
1171 49.57 24.87 166.78 118.79 61.21
1172 49.42 38.00 197.22 220.28 64.67
1173 49.49 46.56 193.69 214.52 67.02
1174 49.49 62.19 214.63 161.94 57.34
1175 49.43 71.45 198.94 119.97 68.27
1176 49.54 56.49 222.34 194.64 67.30
1177 49.71 93.22 67.79 13.18 116.35
1178 49.75 3.69 53.47 27.00 94.45
1179 49.67 50.78 213.34 204.09 71.78
1180 49.67 96.18 24.54 4.39 70.84
1181 49.85 74.14 176.07 57.01 184.08
1182 49.64 83.41 133.32 59.97 179.86
1183 49.74 11.93 121.80 89.97 83.02
1184 49.77 40.80 210.54 150.16 72.18
1185 49.75 53.74 205.81 158.93 72.71
1186 49.78 43.88 194.76 159.94 63.45
1187 49.86 60.07 200.03 144.35 62.97
1188 50.00 89.22 103.36 20.33 150.96
1189 49.95 90.53 89.65 19.05 131.40
1190 49.94 5.95 75.60 38.85 130.33
1191 49.84 48.40 222.52 192.35 71.94
1192 49.92 69.11 183.87 76.60 189.91
1193 49.92 31.44 192.44 124.50 116.05
1194 50.03 64.73 202.58 71.61 207.78
1195 50.00 14.68 145.21 70.47 156.66
1196 50.08 28.90 183.60 84.74 117.37
1197 50.16 79.04 159.91 36.82 185.38
1198 50.37 87.35 130.56 30.69 189.91
1199 50.20 20.08 156.30 67.48 158.61
1200 50.26 33.88 180.23 95.01 212.42
1201 50.18 36.29 199.14 104.16 193.31
1202 50.38 23.44 149.75 47.27 178.13
1203 50.36 38.80 205.43 105.51 210.37
1204 50.53 58.05 198.40 78.65 222.61
1205 50.44 67.11 194.73 61.01 212.27
1206 50.42 8.24 108.16 39.85 145.02
1207 50.51 52.50 204.01 128.69 214.80
1208 50.51 26.42 157.68 49.46 183.21
1209 50.49 55.55 217.10 116.03 189.51
1210 50.52 71.87 191.99 39.87 221.65
1211 50.66 84.52 157.10 37.93 191.02
1212 50.60 42.85 207.13 78.81 208.55
1213 50.74 45.20 194.87 58.93 223.68
1214 50.61 62.49 196.27 55.16 219.74
1215 50.42 93.12 71.79 14.33 134.42
1216 50.71 47.48 204.72 74.40 217.42
1217 50.73 49.81 192.15 64.81 212.35
1218 50.73 81.34 154.91 25.36 201.20
1219 50.70 76.63 137.49 22.85 193.70
1220 50.85 10.18 94.06 17.39 148.12
1221 50.93 6.17 83.82 18.30 133.16
1222 50.88 12.83 112.88 23.59 168.55
1223 51.14 41.20 184.17 49.19 223.64
1224 50.94 60.27 207.38 47.33 228.71
1225 50.87 31.21 177.75 45.20 203.33
1226 51.01 74.43 186.63 28.02 206.11
1227 51.01 91.56 74.16 11.23 136.10
1228 51.12 94.04 35.34 5.10 97.67
1229 51.11 69.78 187.98 34.98 217.98
1230 51.11 95.98 22.40 2.64 70.89
1231 51.20 18.06 132.88 29.85 186.03
1232 51.17 28.75 160.13 35.42 210.61
1233 51.21 64.73 172.81 27.46 230.44
1234 51.20 15.75 134.86 23.04 175.05
1235 51.19 21.29 159.32 26.22 191.69
1236 51.26 37.06 189.46 40.35 224.56
1237 51.35 88.93 112.70 16.09 177.35
1238 51.28 34.85 196.00 46.93 226.79
1239 51.33 23.76 156.08 25.78 186.51
1240 51.34 54.50 196.10 47.62 227.24
1241 51.62 32.83 151.43 28.02 221.10
1242 51.56 39.36 181.64 40.16 227.01
1243 51.38 4.45 55.12 9.25 123.90
1244 51.54 79.37 136.40 17.63 189.20
1245 51.25 11.18 86.09 12.73 170.91
1246 51.49 51.49 193.04 38.43 232.62
1247 51.50 67.72 185.08 22.58 215.32
1248 51.73 56.81 192.84 29.74 223.42
1249 51.65 26.04 155.42 24.39 198.26
1250 51.67 72.36 177.47 23.81 213.90
1251 51.89 86.16 142.13 20.14 158.01
1252 51.80 43.36 169.25 33.35 222.95
1253 51.73 46.36 184.96 29.51 224.90
1254 51.75 61.84 163.34 26.56 224.38
1255 51.77 82.60 144.13 22.96 190.60
1256 52.01 14.20 114.07 17.74 159.14
1257 51.91 48.77 186.25 34.81 223.32
1258 51.83 58.95 196.88 26.78 220.34
1259 52.21 18.85 131.72 22.60 168.83
1260 51.98 30.51 173.76 24.22 216.08
1261 52.07 8.40 107.48 12.53 144.38
1262 51.98 11.41 116.27 13.48 159.42
1263 52.07 6.08 73.60 9.44 124.02
1264 52.03 75.05 121.48 15.55 198.50
1265 52.01 96.21 28.18 4.00 54.32
1266 52.15 66.18 189.22 21.18 227.72
1267 52.20 77.50 147.01 18.00 190.84
1268 52.26 90.92 94.30 14.13 138.57
1269 52.21 53.60 195.83 27.17 222.42
1270 52.34 63.94 179.07 19.63 228.67
1271 52.71 68.64 156.27 22.23 213.04
1272 52.43 93.24 50.26 10.14 75.90
1273 52.31 28.18 178.11 24.42 205.99
1274 52.45 36.29 158.63 30.65 216.57
1275 52.37 22.07 127.23 34.25 143.23
1276 52.44 70.78 123.31 18.49 196.05
1277 52.42 95.11 42.44 7.66 53.80
1278 52.60 34.14 170.00 30.45 213.91
1279 52.40 38.44 182.46 29.07 227.38
1280 52.53 24.08 156.30 42.05 142.57
1281 52.50 51.11 184.71 25.78 222.44
1282 52.76 40.65 169.88 27.12 198.72
1283 52.68 44.76 179.06 27.37 215.28
1284 52.85 46.81 171.28 33.62 206.75
1285 52.81 59.86 165.84 29.69 222.92
1286 52.80 80.71 128.79 21.50 172.86
1287 52.85 88.67 107.59 33.60 102.99
1288 52.74 55.65 160.58 24.62 182.91
1289 52.87 61.99 165.47 21.40 227.22
1290 52.78 72.89 150.35 18.62 186.79
1291 52.75 83.65 122.60 36.95 160.23
1292 52.76 26.24 147.33 28.02 150.23
1293 52.92 31.76 178.82 37.51 148.98
1294 53.00 42.63 175.92 33.29 171.31
1295 53.15 57.48 165.06 40.23 152.94
1296 53.08 11.52 120.32 42.90 62.94
1297 53.16 20.30 129.20 66.40 89.69
1298 53.12 8.96 105.64 39.68 59.73
1299 53.24 48.80 163.48 35.07 203.81
1300 53.18 65.86 179.40 24.38 161.47
1301 53.17 75.64 126.62 23.54 171.82
1302 53.20 78.08 157.29 43.17 107.42
1303 53.18 6.08 75.98 35.51 68.68
1304 53.15 14.25 133.79 33.23 73.81
1305 53.12 29.66 159.00 45.22 108.41
1306 53.20 85.73 109.20 39.14 110.37
1307 53.29 53.56 171.12 32.12 182.70
1308 53.50 17.49 146.09 99.83 54.52
1309 53.42 27.58 141.74 104.94 67.32
1310 53.31 38.40 176.53 70.51 150.36
1311 53.36 94.70 41.43 33.32 28.71
1312 53.54 35.66 161.61 105.64 124.81
1313 53.54 50.96 171.03 36.73 149.85
1314 53.60 63.70 134.57 31.64 141.19
1315 53.94 90.99 62.97 125.10 35.04
1316 53.73 23.29 126.38 157.14 48.10
1317 53.59 70.93 131.44 38.55 126.66
1318 53.72 25.63 137.22 122.07 54.86
1319 53.71 33.37 171.72 137.43 67.09
1320 53.80 44.71 169.61 125.28 67.83
1321 53.81 59.13 161.49 149.70 85.85
1322 53.83 82.65 121.57 106.38 71.18
1323 53.85 73.68 154.04 105.07 76.64
1324 53.90 87.78 114.53 182.77 43.78
1325 54.12 30.96 144.74 140.77 57.49
1326 53.99 55.27 154.19 117.49 81.82
1327 53.99 61.29 154.54 74.15 99.18
1328 53.89 68.00 151.82 95.65 82.49
1329 54.18 39.79 145.96 202.87 64.68
1330 54.04 42.08 149.60 191.47 60.83
1331 53.94 15.55 88.03 110.67 42.97
1332 53.98 79.66 109.02 126.31 50.58
1333 54.22 7.28 67.20 86.40 30.45
1334 54.13 10.44 92.87 99.16 34.77
1335 54.23 47.17 152.31 176.98 62.92
1336 54.13 93.21 41.54 78.37 27.48
1337 54.22 28.94 148.28 168.11 49.16
1338 54.39 13.09 90.45 124.04 38.37
1339 54.27 37.52 153.49 202.97 63.65
1340 54.42 57.36 129.88 197.26 57.19
1341 54.33 76.87 116.94 195.34 47.76
1342 54.50 19.49 108.29 164.94 41.99
1343 54.27 52.67 137.39 196.39 67.24
1344 54.37 65.76 128.53 194.83 61.86
1345 54.33 89.03 94.62 194.56 37.13
1346 54.54 69.77 126.19 184.39 52.29
1347 54.46 49.44 137.07 204.57 63.28
1348 54.40 84.55 90.34 170.46 37.07
1349 54.67 35.25 110.51 198.33 49.80
1350 54.69 63.30 127.66 205.94 55.33
1351 54.82 27.05 113.92 179.30 44.65
1352 54.79 17.31 98.83 153.20 41.38
1353 54.91 4.31 32.20 52.73 24.26
1354 54.93 71.95 102.39 194.56 49.29
1355 54.81 32.89 120.60 205.68 52.13
1356 54.86 45.38 136.34 220.58 55.10
1357 54.93 59.59 118.87 222.06 54.19
1358 54.81 24.92 109.58 196.80 42.99
1359 55.06 15.19 74.70 126.14 36.45
1360 54.98 21.86 98.53 173.58 44.18
1361 55.00 74.48 109.06 204.71 45.63
1362 54.88 81.35 104.06 193.02 42.97
1363 55.12 43.32 119.49 221.25 54.42
1364 55.29 67.60 117.14 231.25 49.29
1365 55.27 79.27 103.48 210.41 39.38
1366 54.90 86.08 86.91 193.28 38.09
1367 55.30 61.47 118.41 224.54 52.40
1368 55.15 8.76 73.60 99.47 30.42
1369 55.15 51.34 123.30 242.32 55.16
1370 55.23 53.97 126.43 236.62 52.70
1371 55.25 41.11 108.55 211.41 55.64
1372 55.41 56.05 114.71 233.34 55.21
1373 55.51 92.46 53.39 131.10 25.64
1374 55.44 83.52 85.31 199.04 36.18
1375 55.30 88.74 68.51 173.15 31.91
1376 55.37 29.24 114.56 178.11 46.96
1377 55.23 37.15 108.45 202.88 54.32
1378 55.61 38.85 115.61 199.37 53.46
1379 55.48 65.07 100.51 229.51 47.76
1380 55.52 6.11 46.92 72.97 30.50
1381 55.47 11.47 73.92 114.38 37.21
1382 55.62 31.32 110.07 188.33 53.86
1383 55.64 47.07 113.98 216.10 56.14
1384 55.63 49.37 110.28 220.06 53.06
1385 55.75 23.57 98.11 161.62 58.17
1386 55.85 76.89 95.39 210.11 40.79
1387 55.75 58.23 98.71 203.88 51.70
1388 55.83 35.63 102.80 185.14 54.17
1389 55.79 13.77 79.24 101.16 40.63
1390 55.74 19.52 90.33 117.13 49.45
1391 55.84 33.52 99.84 170.90 59.66
1392 55.97 86.66 76.97 203.46 32.64
1393 55.86 16.77 92.10 105.37 40.26
1394 55.88 25.95 96.00 145.02 48.19
1395 55.84 95.27 14.58 32.06 19.45
1396 56.08 27.79 106.89 125.34 51.55
1397 56.09 44.66 110.39 177.13 61.30
1398 56.22 63.00 99.30 192.48 49.85
1399 56.23 52.50 103.10 221.47 52.77
1400 56.15 72.67 95.28 215.62 44.25
1401 56.22 74.63 82.08 194.80 41.72
1402 56.01 8.45 60.00 73.46 50.91
1403 56.35 81.25 80.68 155.86 36.32
1404 56.27 4.17 27.65 37.16 66.19
1405 56.33 42.42 98.82 175.46 60.22
1406 56.46 70.41 89.35 198.99 43.16
1407 56.39 10.63 70.88 84.25 57.47
1408 56.43 59.91 100.42 132.87 54.60
1409 56.52 54.91 99.16 154.74 52.93
1410 56.43 40.41 102.27 113.76 61.49
1411 56.52 66.05 90.04 187.42 46.47
1412 56.48 30.26 98.63 93.52 143.56
1413 56.51 89.84 50.97 121.67 29.03
1414 56.44 37.16 100.27 123.37 65.49
1415 56.51 78.69 70.69 149.89 38.33
1416 56.39 12.24 56.80 67.70 105.20
1417 56.33 18.66 61.20 57.00 152.00
1418 56.65 48.57 103.51 150.85 59.40
1419 56.78 20.37 83.84 60.03 167.16
1420 56.72 50.62 98.08 147.41 57.28
1421 56.75 13.26 63.15 53.36 127.23
1422 56.65 57.26 102.18 131.88 56.66
1423 56.89 93.38 32.55 72.95 24.21
1424 56.75 15.22 82.09 79.03 120.98
1425 56.63 24.57 92.44 94.75 132.15
1426 56.72 46.41 105.24 151.57 63.37
1427 56.74 84.14 66.79 159.91 34.79
1428 56.86 17.59 66.15 61.19 128.09
1429 56.86 32.44 94.59 79.56 194.28
1430 56.78 34.62 86.33 73.37 167.63
1431 56.97 26.81 79.74 56.51 186.33
1432 57.00 8.51 50.59 45.53 113.19
1433 57.19 39.14 87.07 92.24 184.72
1434 56.94 61.68 93.50 138.09 57.70
1435 57.14 87.72 62.94 145.39 32.80
1436 57.30 23.05 68.88 35.00 189.12
1437 57.13 76.38 59.66 133.89 38.35
1438 57.25 44.12 84.80 80.36 203.65
1439 57.33 29.11 74.55 63.70 194.36
1440 57.22 64.10 93.83 123.51 57.91
1441 57.22 73.79 85.03 145.08 39.63
1442 57.57 41.76 77.56 73.31 205.14
1443 57.30 53.09 89.25 134.93 62.93
1444 57.58 11.51 44.94 23.40 152.76
1445 57.45 36.00 65.49 35.10 209.68
1446 57.38 79.31 69.76 113.93 37.65
1447 57.47 58.44 75.15 78.76 154.10
1448 57.53 60.44 75.74 70.95 160.28
1449 57.37 70.88 78.47 119.91 47.49
1450 57.44 66.38 89.67 75.49 47.97
1451 57.58 82.57 67.83 115.63 36.81
1452 57.59 48.30 78.92 83.56 183.02
1453 57.52 55.85 77.45 80.69 188.86
1454 58.23 16.41 52.72 20.01 165.07
1455 57.70 68.59 71.57 61.23 145.96
1456 57.81 25.19 65.89 23.58 211.04
1457 57.79 31.15 66.65 31.99 208.91
1458 57.76 46.00 77.94 48.91 215.12
1459 57.83 18.76 60.39 21.73 191.52
1460 57.51 49.89 91.40 74.10 158.20
1461 57.74 90.36 50.90 74.87 29.95
1462 57.77 51.07 75.05 62.74 170.02
1463 57.72 94.97 18.65 18.56 49.98
1464 57.83 6.97 38.15 18.28 135.07
1465 57.95 62.55 82.08 68.54 199.15
1466 57.84 85.69 62.70 129.30 46.83
1467 57.97 21.16 67.03 25.80 192.74
1468 58.00 33.50 65.45 27.80 205.56
1469 58.02 37.69 82.26 36.76 227.58
1470 58.17 4.38 25.26 9.64 113.39
1471 57.99 72.57 87.11 77.41 54.00
1472 58.19 27.45 57.86 20.03 201.68
1473 58.04 75.06 79.32 75.22 45.35
1474 58.56 92.97 33.83 23.50 122.20
1475 58.46 64.64 62.96 34.52 207.38
1476 58.08 77.24 71.59 74.92 57.65
1477 58.24 88.15 59.23 94.05 37.13
1478 58.32 53.83 74.24 56.98 223.43
1479 58.77 69.76 61.36 34.74 201.48
1480 58.48 39.92 76.48 29.25 226.20
1481 58.47 79.73 66.36 69.12 91.77
1482 58.55 44.28 67.81 25.73 224.63
1483 58.57 57.02 65.41 31.47 226.11
1484 58.63 59.38 63.51 32.21 216.99
1485 58.58 66.81 69.43 31.10 218.85
1486 58.89 12.71 39.45 14.13 143.78
1487 58.56 23.38 48.96 14.96 182.48
1488 58.58 9.31 36.31 10.40 130.70
1489 58.67 29.64 57.00 18.54 204.36
1490 58.70 49.35 66.54 28.96 231.18
1491 58.66 35.66 62.03 23.36 220.76
1492 58.67 83.95 63.13 100.98 140.71
1493 58.67 6.03 28.47 8.27 125.60
1494 58.70 51.52 72.31 31.02 226.93
1495 58.83 46.77 60.49 21.83 225.22
1496 58.87 42.09 68.77 24.84 226.39
1497 59.14 76.62 62.14 39.51 181.05
1498 59.07 90.13 47.37 31.13 146.93
1499 59.02 73.33 53.67 27.76 188.76
1500 59.13 31.68 44.49 17.55 192.73
1501 59.17 25.50 40.50 18.90 167.28
1502 59.22 19.35 48.66 15.97 154.41
1503 59.11 61.71 61.91 25.14 224.50
1504 59.08 86.63 42.26 31.76 150.78
1505 59.35 14.21 35.09 18.01 122.69
1506 59.22 37.58 57.96 21.39 199.51
1507 59.32 33.67 43.98 23.29 180.10
1508 59.28 55.42 58.64 25.77 230.33
1509 59.16 94.74 19.83 13.19 88.81
1510 59.21 7.77 25.86 8.12 111.37
1511 59.53 21.86 36.43 19.87 123.46
1512 59.42 27.87 43.59 22.72 169.64
1513 59.44 81.94 52.94 34.80 179.72
1514 59.34 4.61 15.97 4.79 110.39
1515 59.34 17.12 42.87 14.10 161.77
1516 59.58 53.06 56.91 20.97 227.02
1517 59.63 39.64 49.26 24.86 203.38
1518 59.65 43.88 48.99 22.40 193.56
1519 59.76 63.98 54.38 20.51 230.32
1520 59.81 66.39 43.97 16.63 217.55
1521 59.89 48.23 44.68 23.89 185.70
1522 59.86 50.68 50.23 22.17 222.37
1523 59.73 70.74 47.68 17.35 207.91
1524 59.62 85.53 54.40 30.64 184.16
1525 59.78 35.74 47.05 28.13 134.66
1526 59.82 15.79 33.77 27.24 120.93
1527 59.98 57.35 48.07 18.29 215.36
1528 60.02 59.46 51.36 19.25 207.98
1529 59.96 30.47 36.98 33.06 115.06
1530 59.99 45.67 40.54 23.73 134.39
1531 59.87 93.78 17.22 6.65 99.48
1532 59.94 10.01 29.86 18.23 93.84
1533 59.94 23.89 34.52 48.28 71.68
1534 60.09 41.86 49.44 27.17 179.42
1535 60.11 5.21 14.29 9.81 63.35
1536 60.13 75.15 49.88 17.88 206.16
1537 60.56 87.48 36.57 13.57 185.20
1538 60.42 91.77 27.30 9.47 140.89
1539 60.33 80.46 49.49 19.12 202.35
1540 60.50 61.30 46.25 19.98 207.66
1541 60.24 68.75 47.77 14.95 219.16
1542 60.44 72.55 47.37 15.96 210.81
1543 60.45 54.99 43.09 23.92 208.15
1544 60.40 28.17 32.82 113.81 70.92
1545 60.49 32.64 33.44 87.91 51.10
1546 60.43 94.92 12.28 4.41 79.78
1547 60.92 12.22 19.17 91.57 31.70
1548 60.62 15.38 25.34 78.61 39.28
1549 60.56 17.50 29.36 68.08 36.33
1550 60.80 65.50 38.65 17.67 202.49
1551 60.79 83.08 45.77 15.39 201.71
1552 60.78 35.55 34.83 136.10 50.09
1553 60.68 39.54 36.56 127.69 52.11
1554 60.74 52.35 46.03 32.82 176.42
1555 60.77 78.38 36.14 12.87 191.72
1556 60.97 9.14 15.30 62.74 27.01
1557 60.91 24.20 26.36 102.86 38.94
1558 60.82 43.71 35.36 133.60 55.62
1559 61.00 63.25 38.85 19.97 202.77
1560 61.02 30.40 28.27 152.97 43.65
1561 61.17 45.83 32.99 166.04 54.70
1562 60.94 49.70 41.17 94.04 65.42
1563 61.03 70.42 41.05 16.76 199.96
1564 61.00 19.50 24.21 89.24 33.65
1565 61.13 74.88 38.35 16.13 207.70
1566 61.09 57.27 39.81 63.23 113.26
1567 60.97 67.76 39.00 16.65 179.17
1568 61.27 6.56 12.67 43.52 23.18
1569 61.18 41.75 37.00 170.15 54.46
1570 61.15 26.35 25.17 130.84 41.14
1571 61.37 21.54 23.19 105.17 34.31
1572 61.32 59.46 41.84 37.43 113.80
1573 61.44 85.20 39.79 13.57 182.29
1574 61.41 28.38 26.00 153.83 39.18
1575 61.54 47.82 31.55 205.42 51.94
1576 61.68 14.38 18.28 118.76 30.65
1577 61.55 34.23 26.02 185.63 42.37
1578 61.50 37.15 28.74 185.69 45.89
1579 61.67 80.89 35.39 16.34 166.89
1580 61.45 54.27 36.89 152.88 52.57
1581 61.47 68.57 31.12 24.62 151.38
1582 61.67 16.89 19.27 138.43 32.63
1583 61.87 71.64 31.27 30.57 148.02
1584 61.85 88.82 35.51 12.26 163.06
1585 61.55 91.82 29.56 9.78 155.02
1586 61.74 32.24 23.41 160.47 40.12
1587 61.69 39.35 27.63 200.08 48.08
1588 61.70 66.28 37.01 34.13 160.74
1589 61.75 77.11 30.90 16.54 169.44
1590 61.70 51.65 34.84 145.22 50.38
1591 61.76 61.49 40.04 32.54 101.02
1592 62.00 9.75 14.16 81.95 31.36
1593 62.09 55.89 30.07 223.88 49.45
1594 61.77 86.70 31.97 11.21 159.24
1595 62.04 23.37 19.41 129.71 35.46
1596 62.12 43.80 27.33 197.38 51.10
1597 62.07 63.59 35.22 112.04 54.18
1598 61.98 94.19 11.66 5.02 79.39
1599 62.16 25.38 20.36 149.33 37.06
1600 62.30 57.97 31.29 190.12 51.30
1601 62.20 41.27 25.96 199.91 44.16
1602 62.24 49.46 29.46 204.00 49.91
1603 62.29 7.81 11.81 62.15 29.79
1604 62.26 19.53 17.27 131.43 36.38
1605 62.36 12.20 14.08 99.11 40.40
1606 62.28 29.99 21.46 154.10 42.65
1607 62.30 75.03 33.82 48.75 130.68
1608 62.32 91.31 23.60 11.74 126.11
1609 62.54 59.95 32.65 201.16 47.77
1610 62.37 27.50 20.61 158.93 40.49
1611 62.54 53.65 29.31 217.28 49.68
1612 62.45 67.91 31.77 130.86 57.43
1613 62.62 35.94 22.17 189.20 43.74
1614 62.50 46.57 27.15 195.31 49.49
1615 62.47 78.65 25.91 22.85 98.01
1616 62.56 83.42 32.53 21.39 117.96
1617 62.65 33.83 21.93 164.10 49.28
1618 62.61 38.07 24.22 199.29 47.73
1619 62.78 21.92 18.21 128.81 41.68
1620 62.75 65.46 28.06 198.84 45.40
1621 62.81 86.18 30.02 16.87 134.27
1622 62.88 14.87 15.13 121.68 52.51
1623 62.92 51.34 25.43 213.80 49.86
1624 62.97 62.06 29.15 218.74 49.45
1625 62.79 72.88 29.00 130.50 65.14
1626 62.86 31.75 20.86 154.46 45.97
1627 62.90 17.23 14.97 104.95 55.63
1628 62.90 80.79 27.81 81.56 55.51
1629 62.87 6.31 8.04 34.21 61.04
1630 63.06 42.50 22.88 160.80 52.60
1631 63.11 89.17 22.39 19.29 75.03
1632 63.20 39.81 22.58 151.38 50.43
1633 63.25 71.11 26.58 195.14 45.41
1634 63.24 8.80 10.66 57.55 96.14
1635 63.10 24.31 17.21 127.51 50.10
1636 63.20 44.85 23.75 169.13 55.49
1637 63.37 69.05 25.59 207.82 43.73
1638 63.13 5.13 7.25 21.00 63.38
1639 63.23 28.59 15.70 108.45 137.66
1640 63.34 49.02 24.43 158.46 52.29
1641 63.41 55.86 23.45 195.64 48.48
1642 63.24 26.43 16.76 109.49 90.92
1643 63.41 19.75 13.94 90.42 109.62
1644 63.59 64.14 27.13 226.95 43.03
1645 63.47 46.93 23.63 168.77 55.90
1646 63.61 79.01 23.77 164.34 40.55
1647 63.50 6.88 8.33 34.81 79.26
1648 63.49 12.81 12.60 103.58 125.40
1649 63.60 57.98 24.56 209.16 48.53
1650 63.66 30.11 17.04 136.57 174.30
1651 63.70 53.34 23.28 160.44 56.60
1652 63.64 33.04 17.34 84.75 182.95
1653 63.58 35.53 19.15 116.88 71.85
1654 63.79 66.59 24.99 215.20 42.57
1655 63.93 82.04 23.98 166.72 42.35
1656 63.66 37.71 20.31 126.71 87.82
1657 63.80 60.42 24.21 205.99 44.57
1658 63.78 21.75 14.55 90.66 138.00
1659 63.75 16.12 12.54 61.89 169.61
1660 63.91 85.67 21.07 117.85 38.50
1661 63.99 92.38 12.10 48.30 26.17
1662 63.73 14.04 13.22 78.56 142.67
1663 64.04 17.56 13.79 79.32 162.36
1664 64.01 23.60 15.16 66.26 181.95
1665 63.80 31.16 16.00 103.50 183.17
1666 64.11 43.80 19.53 83.05 192.54
1667 63.91 50.95 22.04 132.69 55.98
1668 64.07 41.19 19.29 84.46 177.26
1669 64.18 73.03 22.66 191.49 39.02
1670 64.17 25.79 15.73 58.65 188.21
1671 64.20 27.97 14.79 63.82 202.04
1672 64.13 11.57 11.38 62.90 147.60
1673 64.28 89.08 14.70 89.36 28.77
1674 64.21 14.99 10.76 61.43 175.52
1675 64.35 62.82 23.68 180.40 41.44
1676 64.49 34.54 17.08 72.50 218.60
1677 64.44 46.31 21.06 83.99 190.43
1678 64.41 9.06 9.38 48.94 153.27
1679 64.35 7.56 8.67 39.81 144.07
1680 64.61 36.66 18.70 59.68 194.90
1681 64.32 48.61 20.75 102.47 126.38
1682 64.71 38.81 18.30 64.38 217.50
1683 64.45 58.97 24.13 182.06 50.73
1684 64.45 70.49 21.14 175.38 38.21
1685 64.52 19.57 13.86 59.33 189.62
1686 64.69 31.89 16.14 39.29 217.34
1687 64.44 55.10 21.28 159.92 62.32
1688 64.86 84.14 21.53 174.93 35.07
1689 64.63 13.43 10.35 31.84 163.57
1690 64.75 57.03 23.03 169.92 65.47
1691 64.65 68.10 22.21 185.13 40.46
1692 64.88 53.12 21.23 92.59 222.17
1693 64.58 10.44 9.83 58.09 145.96
1694 65.00 29.33 14.39 37.75 219.02
1695 64.91 6.45 7.38 30.02 138.82
1696 64.84 22.11 13.16 44.11 206.92
1697 64.81 65.24 21.51 170.32 42.74
1698 64.93 50.34 20.14 57.66 211.88
1699 64.90 61.14 21.06 153.19 54.50
1700 64.99 78.04 20.04 171.86 36.00
1701 65.17 86.67 18.46 138.27 31.06
1702 65.14 40.89 19.60 35.85 229.34
1703 65.07 43.03 18.24 40.19 231.30
1704 65.00 75.18 20.32 176.09 36.10
1705 65.01 80.81 19.85 189.36 35.22
1706 65.05 24.68 13.59 32.61 201.39
1707 65.16 15.68 10.57 26.26 183.56
1708 65.33 27.11 14.38 30.66 215.38
1709 65.31 72.44 20.02 177.11 38.18
1710 65.45 17.90 12.13 23.25 193.64
1711 65.49 45.13 18.89 52.70 233.20
1712 65.60 47.42 19.46 44.64 221.85
1713 65.43 11.22 9.32 22.84 169.22
1714 65.44 8.66 8.72 23.20 152.21
1715 65.59 55.27 18.72 56.45 218.40
1716 65.41 63.21 19.11 125.50 52.17
1717 65.55 89.20 13.68 97.65 23.40
1718 65.52 59.26 20.09 98.84 205.73
1719 65.55 67.31 19.46 147.48 56.54
1720 65.53 70.05 20.56 123.39 40.72
1721 65.67 33.45 15.96 28.93 217.02
1722 66.00 35.44 16.58 23.47 198.94
1723 65.88 20.43 11.77 20.91 175.76
1724 65.99 23.04 12.38 21.80 179.99
1725 65.91 31.06 14.84 22.54 210.51
1726 65.94 37.91 16.32 23.69 223.52
1727 66.03 49.29 19.44 36.18 232.36
1728 65.91 51.86 18.48 41.00 238.43
1729 65.93 65.07 18.27 88.39 171.51
1730 66.15 57.35 17.75 58.39 227.29
1731 66.10 61.37 18.11 97.40 212.75
1732 66.04 25.53 12.78 23.21 205.06
1733 66.01 76.58 19.29 133.67 38.76
1734 66.30 92.00 10.81 63.39 21.08
1735 66.14 14.78 10.70 16.13 156.38
1736 66.04 74.04 17.81 136.20 37.00
1737 66.30 82.76 16.51 128.60 33.42
1738 66.16 84.83 16.12 133.37 30.18
1739 66.26 40.52 17.89 22.15 207.41
1740 66.19 79.96 19.06 183.79 35.33
1741 66.79 12.94 9.87 38.22 94.41
1742 66.26 43.18 17.84 21.94 213.46
1743 66.40 28.84 13.47 23.79 159.19
1744 66.53 16.70 10.47 19.65 132.29
1745 66.65 10.55 9.04 23.82 110.51
1746 66.62 53.41 19.00 29.26 236.90
1747 66.57 66.99 16.95 66.10 191.59
1748 66.45 69.41 18.08 112.66 67.11
1749 66.69 63.33 17.49 67.05 227.30
1750 66.41 71.85 19.07 98.87 45.69
1751 66.54 86.57 13.07 76.55 27.88
1752 66.78 46.50 18.97 26.73 212.16
1753 66.65 32.89 14.96 29.67 142.58
1754 66.80 55.45 17.93 31.30 232.72
1755 66.83 59.41 18.01 42.81 221.35
1756 66.94 88.83 11.77 77.31 28.41
1757 66.79 19.15 10.80 23.79 93.02
1758 66.92 26.81 12.58 26.01 135.62
1759 66.99 50.55 18.56 24.66 217.92
1760 66.86 24.24 12.92 26.10 98.10
1761 67.02 36.87 15.56 32.07 138.80
1762 66.91 75.11 16.85 112.93 44.81
1763 67.08 78.41 17.80 107.10 36.47
1764 67.05 30.68 14.03 63.11 86.73
1765 67.10 39.33 17.05 37.44 144.28
1766 67.21 41.85 18.07 31.33 115.44
1767 67.47 65.01 16.75 51.27 228.24
1768 67.29 44.51 18.31 43.51 146.46
1769 67.40 70.66 15.96 60.54 191.79
1770 67.15 81.12 16.60 103.45 48.24
1771 67.32 84.32 13.37 97.74 35.33
1772 67.25 8.23 8.21 31.98 53.09
1773 67.36 48.60 17.28 25.20 160.42
1774 67.46 57.08 17.51 24.47 220.37
1775 67.51 61.30 16.04 31.45 226.10
1776 67.57 67.71 16.59 51.10 217.24
1777 67.55 28.79 13.65 82.71 56.15
1778 67.60 32.74 14.18 132.72 50.92
1779 67.68 52.48 18.59 24.10 181.89
1780 67.33 91.29 9.60 31.80 48.20
1781 67.57 17.37 10.62 73.38 49.16
1782 67.79 25.24 13.35 124.41 46.63
1783 67.70 87.01 11.61 61.31 45.06
1784 67.67 90.50 9.69 44.08 44.97
1785 67.87 22.48 11.39 134.54 42.76
1786 67.83 19.72 11.58 114.77 40.04
1787 67.86 54.68 17.04 26.93 193.81
1788 67.89 75.55 16.62 59.92 151.02
1789 68.25 10.48 8.01 86.70 31.01
1790 67.99 35.77 15.58 158.14 54.70
1791 68.06 13.36 9.30 102.67 47.14
1792 67.96 43.19 16.28 150.52 52.43
1793 68.16 58.66 16.78 25.54 215.43
1794 68.02 38.33 15.32 147.82 52.61
1795 68.08 40.78 16.51 172.37 54.56
1796 68.04 79.65 16.59 87.82 132.23
1797 68.10 30.70 13.23 152.61 43.35
1798 68.09 81.80 14.20 65.39 130.92
1799 68.33 8.28 7.13 66.08 30.19
1800 68.32 15.89 9.80 109.83 37.99
1801 68.19 50.91 17.82 49.87 119.29
1802 68.52 71.54 15.47 39.02 209.44
1803 68.35 63.07 15.86 27.03 216.87
1804 68.20 27.32 13.44 116.15 46.51
1805 68.45 48.96 16.38 177.46 61.04
1806 68.49 85.72 11.73 65.66 117.91
1807 68.98 88.84 10.40 31.72 138.87
1808 68.60 34.00 13.54 193.49 45.93
1809 68.44 69.07 16.32 31.72 224.86
1810 68.50 90.61 9.78 14.85 93.78
1811 68.60 65.80 16.24 25.00 203.88
1812 68.75 92.65 6.92 9.85 70.35
1813 68.82 44.76 16.82 205.00 46.95
1814 68.63 87.47 10.83 32.41 119.59
1815 68.73 47.07 17.68 166.82 51.97
1816 68.64 56.19 18.01 31.45 151.84
1817 68.72 60.54 16.73 33.90 188.71
1818 68.91 18.41 11.08 121.78 33.63
1819 68.85 29.07 13.39 176.55 41.37
1820 68.86 73.83 15.81 51.49 220.75
1821 68.68 53.12 17.62 137.53 74.33
1822 68.95 37.31 15.29 204.12 45.02
1823 68.87 21.47 10.69 144.83 36.93
1824 68.85 24.41 11.99 138.95 34.99
1825 69.13 39.88 16.26 206.61 44.57
1826 69.04 76.07 14.30 32.48 199.78
1827 69.11 79.00 15.29 49.12 195.20
1828 69.09 42.35 16.56 188.63 49.45
1829 69.31 84.29 13.03 43.90 177.10
1830 69.14 31.70 13.55 187.70 39.84
1831 69.22 26.74 12.80 163.34 36.79
1832 69.23 13.26 8.38 126.27 30.07
1833 69.44 51.68 16.72 207.44 50.76
1834 69.34 68.15 15.96 20.21 213.62
1835 69.34 81.72 13.56 46.85 195.19
1836 69.43 54.40 17.84 206.65 47.86
1837 69.39 63.98 16.51 26.93 155.64
1838 69.28 91.12 8.68 12.09 102.03
1839 69.47 62.03 16.97 60.44 108.46
1840 69.65 16.59 10.12 122.64 38.17
1841 69.58 8.96 6.94 81.58 30.42
1842 69.75 35.95 14.39 181.64 44.31
1843 69.79 33.78 15.01 168.59 42.21
1844 69.79 46.65 16.75 208.79 49.15
1845 69.67 49.25 15.80 206.08 51.77
1846 69.63 59.69 16.71 177.03 60.99
1847 70.05 69.63 14.94 21.15 164.51
1848 69.69 72.21 14.00 18.98 205.78
1849 69.89 20.30 11.13 131.25 51.09
1850 69.86 66.22 16.21 23.51 170.38
1851 69.96 86.83 11.72 22.64 176.61
1852 69.73 23.39 11.42 141.08 38.53
1853 69.97 30.00 13.69 167.32 47.19
1854 70.04 56.01 15.62 207.88 50.82
1855 70.09 43.93 16.59 192.03 46.03
1856 70.28 74.09 15.03 20.04 194.80
1857 70.18 38.94 16.00 150.17 54.01
1858 70.06 27.98 13.40 114.03 47.11
1859 70.25 41.57 16.35 123.23 50.75
1860 70.18 25.76 11.85 129.24 42.88
1861 70.19 92.46 6.22 4.34 54.49
1862 70.19 14.23 8.83 103.57 46.86
1863 70.33 77.75 14.11 24.38 186.67
1864 70.37 80.16 13.24 31.54 194.74
1865 70.39 58.14 15.96 227.88 49.58
1866 70.31 12.02 8.83 95.33 60.27
1867 70.41 63.32 15.82 161.31 53.79
1868 70.56 83.17 13.06 22.04 205.35
1869 70.51 32.24 13.49 138.16 48.02
1870 70.57 53.56 16.99 219.39 44.14
1871 70.55 61.03 15.64 196.96 47.93
1872 70.61 51.10 17.40 178.17 49.35
1873 70.53 9.00 7.86 50.09 82.77
1874 70.66 22.47 10.97 67.45 137.27
1875 70.61 36.60 15.18 128.07 49.45
1876 70.48 88.71 9.53 8.94 121.76
1877 70.73 48.52 17.58 161.65 46.92
1878 70.57 8.04 6.20 31.40 85.70
1879 70.84 16.84 10.13 55.43 126.12
1880 71.25 25.26 12.10 56.99 180.23
1881 70.91 45.61 16.73 167.92 49.20
1882 70.90 71.42 14.54 27.12 138.13
1883 71.12 75.94 13.75 23.58 163.30
1884 70.89 86.08 10.85 17.48 172.84
1885 70.81 65.83 14.85 135.15 46.62
1886 70.95 34.67 15.40 75.21 112.74
1887 71.35 19.69 10.85 55.52 162.56
1888 71.15 27.71 12.71 56.81 172.46
1889 71.15 30.11 13.69 56.20 183.24
1890 71.04 88.29 9.18 8.71 123.12
1891 71.19 14.29 9.14 46.80 138.62
1892 71.25 7.72 6.40 17.38 100.95
1893 71.16 38.88 15.83 71.14 132.83
1894 71.27 56.39 16.06 215.82 42.18
1895 71.17 11.24 7.97 40.71 126.68
1896 71.37 59.18 16.02 224.84 40.61
1897 71.44 63.89 14.92 216.49 41.66
1898 71.48 68.11 14.85 172.23 43.84
1899 71.44 90.08 8.22 5.63 101.30
1900 71.78 41.71 15.60 60.70 175.71
1901 71.56 79.45 12.80 16.76 162.24
1902 71.64 32.84 14.50 51.02 179.10
1903 71.62 50.18 15.77 120.98 54.19
1904 72.10 52.02 14.88 153.09 92.41
1905 71.76 36.88 15.11 54.49 190.13
1906 71.58 47.63 16.95 155.30 60.04
1907 71.77 61.77 14.76 212.47 42.61
1908 71.68 81.17 11.42 16.48 163.27
1909 71.75 54.34 16.13 183.73 51.39
1910 71.96 84.63 11.46 12.49 144.76
1911 71.84 22.28 11.32 32.67 179.58
1912 71.77 70.17 14.81 138.55 47.38
1913 71.78 10.36 7.79 32.83 148.96
1914 72.07 65.91 15.34 219.74 39.85
1915 72.12 72.48 13.82 139.98 54.08
1916 71.84 8.92 7.74 14.39 119.65
1917 72.34 39.60 15.25 51.42 213.29
1918 72.34 45.90 15.75 45.92 205.17
1919 72.30 88.17 9.30 7.81 109.28
1920 71.96 18.83 10.84 27.16 171.87
1921 72.36 43.81 15.91 61.96 216.57
1922 72.22 28.98 12.18 21.22 200.15
1923 72.16 77.16 12.42 43.07 95.64
1924 72.29 14.21 9.25 18.67 178.09
1925 72.47 30.81 13.53 21.93 208.32
1926 72.32 34.81 13.45 37.53 198.66
1927 72.35 57.83 16.15 168.42 45.12
1928 72.49 16.59 9.98 16.97 177.93
1929 72.50 48.79 16.41 84.06 200.64
1930 72.44 60.07 16.14 175.33 40.36
1931 72.79 89.46 8.64 5.45 79.40
1932 72.48 26.61 12.58 17.42 194.00
1933 72.61 55.83 16.02 150.71 48.04
1934 72.65 74.56 13.02 147.39 39.15
1935 72.48 10.62 6.67 13.91 145.12
1936 72.71 20.48 10.86 18.14 162.55
1937 72.68 63.65 14.63 182.11 39.72
1938 72.72 68.05 14.89 190.29 36.85
1939 72.70 79.81 12.42 63.63 102.04
1940 72.83 24.26 11.62 19.63 150.99
1941 72.99 54.06 15.85 88.70 169.98
1942 73.12 70.39 14.51 190.67 38.17
1943 72.90 11.89 8.38 12.53 141.85
1944 73.07 33.15 13.59 20.78 204.30
1945 72.80 82.26 12.90 40.76 78.69
1946 73.22 9.78 6.86 12.00 123.08
1947 73.12 27.03 11.97 20.95 166.66
1948 73.08 37.45 14.33 21.91 206.91
1949 73.09 76.58 12.52 162.37 43.00
1950 73.12 61.61 15.53 128.25 44.50
1951 73.11 85.04 10.88 32.52 72.73
1952 73.14 18.56 10.50 21.66 146.47
1953 73.24 41.99 15.08 28.62 226.86
1954 73.33 65.83 14.81 146.90 39.20
1955 73.32 47.70 14.86 45.11 223.35
1956 73.38 77.90 11.91 145.66 57.18
1957 73.44 50.10 15.77 57.97 223.73
1958 73.31 59.23 15.24 115.55 51.81
1959 73.46 22.20 11.93 34.93 119.83
1960 73.46 28.70 13.77 30.63 150.83
1961 73.50 72.53 13.11 181.97 35.42
1962 73.80 13.04 8.35 21.16 103.76
1963 73.50 44.45 13.98 20.76 208.00
1964 73.66 57.18 15.38 67.23 184.59
1965 73.73 35.44 14.10 20.78 194.50
1966 73.56 90.15 6.69 5.67 34.27
1967 73.80 52.63 15.77 61.62 211.63
1968 73.85 82.13 11.93 148.76 34.50
1969 73.59 87.08 9.48 13.52 56.02
1970 73.65 17.43 9.92 26.72 118.72
1971 73.67 25.03 12.00 29.32 77.07
1972 73.83 31.04 13.01 24.17 178.62
1973 73.79 39.79 15.61 18.94 190.56
1974 73.72 63.75 15.18 101.27 48.93
1975 73.93 68.16 13.60 121.30 38.00
1976 74.01 74.89 13.03 191.76 36.30
1977 74.00 55.44 14.91 59.16 213.72
1978 74.37 79.63 12.46 189.73 35.64
1979 74.02 16.26 9.76 33.41 102.07
1980 74.05 20.30 10.32 55.98 106.11
1981 74.11 61.45 15.16 80.81 180.40
1982 74.24 46.17 15.28 17.31 219.65
1983 74.39 48.66 15.06 26.10 220.29
1984 74.37 85.46 10.17 90.51 29.27
1985 74.28 33.44 13.62 57.04 137.92
1986 74.40 42.09 15.34 24.51 185.97
1987 74.30 59.08 14.05 94.66 213.07
1988 74.34 37.52 14.61 30.86 138.04
1989 74.40 22.56 10.77 105.42 39.82
1990 74.28 65.93 14.58 88.78 46.92
1991 74.49 70.63 13.84 140.20 39.02
1992 74.43 10.91 6.61 31.56 53.85
1993 74.64 50.91 15.55 46.17 226.76
1994 74.56 28.92 13.31 107.62 63.09
1995 74.65 77.06 12.51 191.58 36.58
1996 74.51 54.43 14.88 35.79 216.48
1997 74.59 88.82 7.45 28.28 22.15
1998 74.65 25.21 11.98 120.14 43.04
1999 74.61 73.02 13.36 131.85 36.89
2000 74.61 17.96 10.40 82.75 51.21
2001 74.73 63.92 14.75 86.02 186.81
2002 74.82 44.55 14.73 20.60 182.64
2003 74.84 39.70 14.77 38.85 127.83
2004 75.07 20.19 10.96 136.90 36.16
2005 74.92 31.23 14.04 134.50 49.63
2006 75.16 33.76 13.85 154.51 49.90
2007 75.06 57.25 14.71 41.29 220.18
2008 75.16 14.82 9.14 97.52 35.53
2009 75.35 27.41 12.63 158.37 41.25
2010 75.25 52.70 16.38 19.85 230.67
2011 75.26 61.90 14.95 47.09 223.90
2012 75.36 13.04 8.04 87.68 31.23
2013 75.37 59.77 15.28 32.74 223.50
2014 75.45 65.83 14.46 79.44 204.00
2015 75.48 55.26 13.43 21.14 224.22
2016 75.44 11.24 7.19 72.66 26.86
2017 75.43 37.05 14.53 175.69 49.86
2018 75.37 47.16 14.54 23.39 180.63
2019 75.42 75.42 13.21 115.96 36.32
2020 75.58 83.49 10.37 134.95 26.99
2021 75.64 22.73 11.07 162.33 34.96
2022 75.52 70.15 14.38 104.41 141.02
2023 75.63 86.84 9.32 71.48 25.32
2024 75.59 41.24 14.57 126.40 53.98
2025 75.51 72.63 14.05 121.03 45.25
2026 75.76 17.81 9.96 149.10 32.99
2027 75.70 49.51 15.20 23.70 177.87
2028 75.73 78.82 11.35 165.98 32.89
2029 75.85 29.64 13.46 176.60 41.07
2030 75.85 38.92 14.90 178.19 45.78
2031 75.99 34.90 14.07 204.62 44.60
2032 75.97 67.92 14.91 55.12 189.53
2033 75.92 25.22 12.17 162.83 38.39
2034 76.01 45.09 14.57 135.85 63.09
2035 76.24 81.19 11.25 139.67 29.48
2036 76.11 51.28 14.38 33.21 177.75
2037 76.33 31.85 13.52 187.80 40.07
2038 76.34 15.41 9.23 161.82 29.26
2039 76.33 53.72 14.31 22.55 198.80
2040 76.24 58.22 15.19 17.45 198.56
2041 76.55 64.89 13.83 32.06 222.17
2042 76.42 61.58 14.56 22.78 221.48
2043 76.42 20.13 10.99 168.00 34.48
2044 76.47 43.11 15.26 182.56 52.31
2045 76.36 74.44 13.04 75.30 112.77
2046 76.56 85.64 8.87 94.56 23.97
2047 76.41 47.40 14.79 157.80 55.62
2048 76.97 11.17 7.60 95.11 23.25
2049 76.58 55.80 15.27 22.51 158.47
2050 76.67 69.98 13.25 52.40 207.43
2051 76.67 13.18 8.54 142.11 25.22
2052 76.71 40.84 15.75 215.69 45.19
2053 76.70 77.14 12.32 138.34 46.90
2054 76.76 27.49 12.47 177.91 36.30
2055 76.86 72.36 13.13 52.21 184.16
2056 76.91 36.19 15.09 189.90 42.84
2057 77.17 82.38 10.26 112.23 29.96
2058 76.99 22.40 12.01 175.51 36.82
2059 76.97 24.78 12.39 186.82 35.37
2060 76.98 38.43 14.32 209.92 40.61
2061 76.90 49.52 15.28 152.59 46.38
2062 76.88 29.43 12.06 170.06 34.29
2063 76.98 56.78 14.55 28.98 152.85
2064 77.21 17.94 10.65 181.83 31.39
2065 77.12 34.13 14.04 193.36 41.58
2066 76.99 79.44 11.42 115.51 33.07
2067 77.06 52.03 14.49 131.25 51.61
2068 77.33 44.87 14.82 197.28 41.42
2069 77.53 58.96 14.59 54.16 143.29
2070 77.53 63.14 13.70 18.68 184.50
2071 77.36 67.84 12.34 17.65 201.90
2072 77.38 30.19 14.53 168.43 38.16
2073 77.38 47.01 14.88 208.38 39.80
2074 77.28 54.42 16.19 41.00 110.03
2075 77.49 75.02 12.61 54.53 179.86
2076 77.67 15.70 9.19 164.21 29.63
2077 77.74 20.48 10.98 171.91 36.98
2078 77.73 32.24 13.84 166.14 40.56
2079 77.78 42.61 14.17 190.69 38.73
2080 78.06 85.37 8.63 72.27 22.18
2081 77.93 50.76 14.52 221.79 40.52
2082 77.92 65.64 14.38 19.37 197.94
2083 77.80 13.61 8.48 117.20 28.98
2084 77.99 37.23 14.17 184.63 42.38
2085 78.02 26.42 12.17 166.40 48.96
2086 77.93 40.30 14.85 206.66 39.78
2087 78.00 55.63 14.56 149.21 50.23
2088 77.88 69.84 12.20 20.59 192.74
2089 78.02 78.48 10.67 79.19 140.24
2090 78.12 23.34 11.74 153.53 53.92
2091 78.12 53.08 14.19 203.17 41.63
2092 78.04 28.64 13.17 148.75 42.03
2093 78.20 48.83 14.68 219.16 38.11
2094 78.29 34.91 14.47 155.78 44.24
2095 78.30 73.23 12.91 36.45 205.24
2096 78.19 61.03 12.73 45.67 110.06
2097 78.37 12.31 7.46 96.67 34.58
2098 78.51 18.54 9.91 139.04 46.16
2099 78.67 30.64 13.81 143.24 80.77
2100 78.56 44.07 14.54 191.57 36.79
2101 78.47 46.56 14.01 202.70 39.75
2102 78.50 68.39 13.18 13.63 187.82
2103 78.77 75.40 12.46 61.53 187.53
2104 78.69 16.07 9.11 118.46 72.25
2105 78.94 59.52 14.37 179.94 46.95
2106 78.78 63.51 14.88 40.94 104.26
2107 78.91 83.39 9.37 68.72 32.89
2108 78.82 33.02 13.72 138.23 59.33
2109 78.78 39.10 14.53 164.47 42.68
2110 78.79 13.93 8.03 96.63 63.92
2111 78.97 57.18 15.14 215.84 42.08
2112 78.93 66.30 14.27 20.58 159.01
2113 79.40 69.71 12.75 19.01 161.85
2114 79.07 78.58 12.19 49.55 177.02
2115 79.17 41.54 15.66 178.59 44.98
2116 79.01 24.24 12.56 105.76 169.66
2117 79.09 28.68 12.25 137.09 145.83
2118 79.27 61.74 14.71 188.79 47.29
2119 79.08 51.33 14.45 222.77 40.11
2120 79.07 54.33 14.25 214.16 39.99
2121 79.12 36.74 13.88 121.10 69.05
2122 79.24 80.91 10.29 40.34 125.57
2123 79.12 26.46 12.63 131.33 162.95
2124 79.30 48.63 16.36 208.77 38.67
2125 79.50 20.09 10.39 83.03 163.19
2126 79.71 34.98 13.62 93.02 179.10
2127 79.55 46.20 14.84 182.80 42.11
2128 79.59 74.02 12.31 25.12 191.90
2129 79.88 12.35 7.42 53.50 107.24
2130 79.70 17.43 9.80 87.27 146.70
2131 79.80 15.22 8.56 61.42 138.77
2132 79.64 43.89 14.52 160.58 46.67
2133 79.88 32.53 13.70 86.41 180.83
2134 79.65 39.10 14.57 140.85 111.48
2135 80.15 30.22 13.14 89.28 203.92
2136 80.07 76.23 11.27 36.49 182.76
2137 80.03 22.45 11.71 74.13 187.80
2138 80.04 63.35 14.22 176.72 43.58
2139 79.97 65.65 14.20 108.84 58.39
2140 79.81 78.61 9.66 43.17 186.23
2141 80.13 85.11 7.26 23.49 61.93
2142 79.77 18.53 9.27 73.18 158.09
2143 79.97 52.84 14.64 201.42 37.94
2144 80.00 55.57 14.65 222.33 39.61
2145 80.13 82.29 8.62 33.13 125.84
2146 80.12 24.64 12.14 81.69 197.80
2147 80.10 50.33 14.49 199.26 38.31
2148 80.11 58.38 14.57 217.36 39.59
2149 80.13 27.35 12.79 72.83 206.69
2150 80.34 37.54 13.43 95.75 195.43
2151 80.16 60.47 13.10 187.12 38.58
2152 80.40 40.60 13.95 93.42 188.23
2153 80.27 42.22 13.93 114.86 176.68
2154 80.41 48.03 14.13 172.69 42.01
2155 80.91 78.45 10.28 19.10 176.65
2156 80.54 45.58 15.26 155.40 63.24
2157 80.80 33.81 12.96 81.12 221.59
2158 80.60 43.32 13.55 105.75 169.57
2159 80.89 20.40 10.93 53.42 203.55
2160 80.93 54.38 14.19 199.99 36.83
2161 80.87 67.62 13.62 100.41 56.21
2162 80.97 64.86 12.58 166.75 38.57
2163 81.14 72.78 11.43 21.39 152.65
2164 81.14 31.87 13.62 71.24 223.70
2165 80.92 51.73 14.03 150.23 43.93
2166 81.01 57.09 13.41 182.87 36.87
2167 81.27 35.72 13.47 50.78 209.15
2168 81.15 61.94 13.12 193.43 35.55
2169 81.04 70.47 12.65 54.14 101.71
2170 81.30 15.58 8.23 29.60 163.54
2171 81.05 81.84 7.85 12.49 118.85
2172 81.44 39.72 13.15 43.66 208.55
2173 81.35 75.64 11.50 11.93 183.52
2174 81.22 25.56 12.64 34.03 200.77
2175 81.29 28.04 12.79 33.32 213.52
2176 81.28 49.39 13.56 129.44 116.54
2177 81.22 23.64 11.29 32.40 192.49
2178 81.66 79.90 9.02 10.71 138.43
2179 81.48 59.52 13.62 181.86 40.91
2180 81.46 44.46 13.05 91.30 205.11
2181 81.53 41.86 13.93 68.29 220.84
2182 81.52 47.22 14.19 155.71 190.96
2183 81.63 37.63 12.71 45.10 224.16
2184 81.56 30.20 13.44 35.65 220.98
2185 81.82 22.37 11.04 34.25 196.30
2186 81.81 53.28 13.88 153.23 49.60
2187 81.85 69.01 12.92 135.90 43.61
2188 81.75 82.45 7.60 7.02 92.52
2189 81.89 66.38 12.76 164.82 41.59
2190 82.02 51.18 13.12 113.44 170.08
2191 82.00 55.52 14.73 169.17 43.53
2192 82.10 15.01 7.75 14.70 131.03
2193 82.18 33.76 13.42 26.29 214.26
2194 82.17 64.02 13.12 173.31 35.98
2195 81.91 20.13 9.70 29.46 174.52
2196 82.24 18.07 9.70 21.60 169.66
2197 82.15 57.79 13.88 159.73 44.38
2198 82.10 71.63 12.16 103.35 76.69
2199 82.34 61.35 13.20 168.43 39.01
2200 82.37 26.19 12.26 24.49 206.86
2201 82.39 74.91 9.88 19.29 122.97
2202 82.16 76.95 10.16 8.95 150.90
2203 82.39 43.56 13.07 52.86 222.81
2204 82.52 46.01 13.20 80.87 216.59
2205 82.54 48.57 12.90 91.93 207.86
2206 82.47 31.40 12.31 23.30 208.02
2207 82.56 28.83 12.57 18.73 203.27
2208 82.64 24.25 12.77 13.67 186.75
2209 82.56 36.19 13.28 26.25 209.13
2210 82.67 82.17 7.22 5.25 97.93
2211 82.64 38.81 13.52 28.51 212.78
2212 82.68 41.37 13.04 33.09 206.71
2213 83.13 19.69 9.76 12.68 175.93
2214 82.94 67.99 13.37 180.01 36.45
2215 83.02 22.31 11.06 13.00 173.45
2216 83.01 59.29 13.31 142.11 45.46
2217 82.87 76.95 10.00 11.82 110.84
2218 82.94 53.55 14.75 107.75 190.41
2219 82.97 70.92 12.69 173.56 40.26
2220 83.32 16.32 8.48 8.47 130.83
2221 83.01 50.73 14.28 71.11 220.80
2222 83.51 78.84 9.05 10.53 120.52
2223 83.02 56.35 13.66 118.66 146.88
2224 83.43 65.83 13.03 140.32 37.56
2225 83.22 80.90 7.92 5.79 109.92
2226 83.18 63.66 13.54 125.90 38.27
2227 83.40 73.75 10.97 129.69 56.67
2228 83.46 34.76 13.57 14.72 206.33
2229 83.56 30.10 12.70 10.40 182.75
2230 83.51 32.51 13.02 16.22 205.69
2231 83.42 44.36 13.24 41.67 214.35
2232 83.49 61.63 13.88 138.45 49.31
2233 83.45 47.15 12.79 37.88 207.53
2234 83.57 37.22 12.40 14.94 213.16
2235 83.65 39.73 13.46 17.99 209.82
2236 83.62 27.09 12.68 10.06 181.85
2237 83.70 41.89 12.88 18.91 227.95
2238 83.76 76.14 9.32 38.69 61.48
2239 84.27 23.71 10.56 7.32 118.82
2240 83.94 49.79 12.70 34.05 223.61
2241 83.93 52.22 13.55 51.69 209.69
2242 83.95 54.96 14.46 60.55 209.39
2243 84.08 57.40 13.06 74.26 199.60
2244 84.23 68.78 12.33 184.49 34.26
2245 84.33 71.72 11.93 179.90 36.46
2246 84.01 21.19 10.70 7.18 114.04
2247 84.17 18.20 8.59 5.24 112.35
2248 84.22 64.14 12.94 119.41 63.16
2249 84.33 45.64 13.17 18.77 218.65
2250 84.47 61.24 12.71 76.50 178.74
2251 84.61 35.81 12.36 10.31 170.01
2252 84.41 47.91 13.42 22.24 216.86
2253 84.54 28.39 11.69 7.20 110.12
2254 84.55 43.41 12.49 15.03 223.17
2255 84.62 31.06 12.68 7.82 120.00
2256 84.54 33.99 12.12 9.18 158.90
2257 84.62 38.34 13.26 11.62 183.95
2258 84.87 74.28 9.80 128.31 33.78
2259 84.71 66.30 12.46 124.00 42.28
2260 84.75 40.92 13.10 12.01 200.86
2261 84.67 78.10 8.52 27.54 45.98
2262 84.63 20.26 9.38 6.31 91.53
2263 84.84 53.83 13.55 36.80 222.66
2264 84.97 25.60 10.90 7.24 89.56
2265 84.95 51.73 13.13 22.35 215.66
2266 85.03 32.77 11.59 6.76 101.73
2267 85.06 76.23 8.66 69.19 31.51
2268 85.27 49.58 12.92 15.52 220.08
2269 85.29 55.93 13.85 27.84 214.58
2270 85.36 59.34 13.16 45.18 215.96
2271 85.46 47.13 13.23 15.99 217.09
2272 85.38 63.68 12.23 61.69 184.89
2273 85.46 44.86 12.24 12.93 217.38
2274 85.55 69.13 11.74 185.08 39.28
2275 85.63 27.56 11.48 8.07 70.02
2276 85.68 42.33 12.49 10.88 176.64
2277 85.51 71.55 11.98 148.86 32.72
2278 85.69 18.23 8.32 2.98 55.02
2279 85.76 37.20 12.51 7.88 137.26
2280 85.78 39.84 13.10 8.33 146.62
2281 85.70 24.31 9.80 7.17 53.68
2282 85.88 30.40 11.78 6.11 72.49
2283 85.90 21.55 9.62 4.23 49.97
2284 85.94 34.65 11.55 7.76 83.61
2285 86.04 66.53 13.66 139.32 169.02
2286 86.29 77.04 7.95 83.37 27.42
2287 85.89 53.83 12.46 15.94 198.67
2288 85.99 32.56 13.46 5.44 66.57
2289 86.24 73.53 10.15 117.19 28.07
2290 86.10 51.24 13.85 12.24 216.95
2291 86.16 19.42 8.19 3.22 50.16
2292 86.29 23.31 10.20 4.20 41.86
2293 86.37 57.20 13.18 20.19 213.92
2294 86.45 48.82 12.81 12.24 208.71
2295 86.31 62.06 13.08 33.95 195.05
2296 86.59 43.99 12.22 7.40 180.27
2297 86.55 46.63 12.62 11.24 186.27
2298 86.54 59.85 13.02 30.06 195.96
2299 86.73 64.53 13.78 56.44 194.50
2300 86.30 58.71 13.80 28.40 211.60
2301 86.83 71.26 10.26 142.57 37.14
2302 86.79 29.14 11.86 4.57 49.57
2303 86.78 35.99 12.14 6.29 49.86
2304 86.81 39.20 12.71 6.83 73.30
2305 86.83 41.72 12.44 7.50 102.17
2306 86.90 55.35 12.49 12.58 209.42
2307 86.79 22.51 9.59 3.69 33.38
2308 86.95 52.49 12.38 11.46 206.01
2309 86.90 68.46 11.47 124.51 119.49
2310 86.93 19.79 9.04 3.04 35.87
2311 87.27 25.26 11.27 4.65 35.25
2312 87.26 27.64 12.43 4.25 41.33
2313 87.15 33.43 12.20 5.13 44.22
2314 87.41 30.77 13.39 4.33 35.66
2315 87.32 21.31 10.49 3.59 29.82
2316 87.49 50.52 11.66 8.66 165.71
2317 87.38 61.69 13.20 21.77 204.55
2318 87.40 75.03 8.37 85.96 27.10
2319 87.40 57.93 12.63 10.78 185.89
2320 87.59 45.39 12.79 6.50 104.56
2321 87.70 47.87 12.24 7.71 104.88
2322 87.67 69.29 10.91 92.18 144.98
2323 87.41 36.17 12.82 5.64 44.55
2324 87.50 63.35 12.81 24.62 203.00
2325 87.80 37.76 12.01 4.67 46.41
2326 87.70 22.64 10.65 3.65 28.43
2327 87.98 73.01 8.85 105.71 42.95
2328 87.84 40.61 11.95 5.79 57.61
2329 88.02 54.15 12.72 8.96 176.91
2330 88.05 43.04 11.68 5.34 70.77
2331 87.91 66.89 11.18 69.81 187.44
2332 88.11 59.88 12.86 12.18 197.64
2333 87.98 64.34 11.90 27.75 195.28
2334 88.09 56.49 11.80 9.17 164.96
2335 88.08 70.42 9.61 96.24 133.30
2336 88.53 29.10 17.77 4.28 30.49
2337 88.23 33.13 16.41 4.56 34.39
2338 88.43 31.25 19.05 4.17 31.69
2339 88.47 49.92 12.26 6.99 95.58
2340 88.37 35.30 15.50 4.71 31.58
2341 88.84 52.36 12.02 6.39 72.47
2342 88.62 23.07 13.95 3.35 25.11
2343 89.00 25.17 17.63 3.25 26.73
2344 88.60 40.68 19.50 3.94 37.69
2345 88.97 58.45 12.91 8.57 143.86
2346 88.76 34.07 23.39 5.11 33.79
2347 88.83 39.30 15.02 4.43 35.59
2348 88.81 65.18 10.60 25.32 185.47
2349 88.87 67.95 10.38 47.89 177.36
2350 88.76 69.99 10.36 68.43 142.71
2351 88.94 45.00 11.78 5.32 47.05
2352 89.03 47.45 11.62 7.69 53.46
2353 88.90 71.62 8.90 81.20 124.16
2354 89.01 74.15 7.86 57.39 73.47
2355 89.31 37.58 20.87 4.57 31.78
2356 89.36 32.64 31.62 4.71 31.48
2357 89.36 42.42 14.34 4.69 33.80
2358 89.20 54.47 12.38 7.51 61.23
2359 89.54 56.70 12.31 7.53 76.69
2360 89.19 30.80 28.20 2.90 28.80
2361 89.66 50.01 11.40 5.32 43.60
2362 89.52 27.77 21.62 3.70 30.72
2363 89.48 69.58 9.32 37.08 149.72
2364 89.53 29.18 27.33 3.87 30.47
2365 89.56 63.37 10.64 15.08 163.88
2366 89.64 71.58 8.81 56.05 124.16
2367 89.88 60.68 11.40 10.66 149.67
2368 89.66 68.51 10.12 39.04 157.62
2369 89.50 73.22 7.17 38.92 94.92
2370 89.75 30.14 24.26 3.94 33.31
2371 89.62 44.52 16.17 3.67 30.83
2372 89.77 52.35 12.76 5.79 47.52
2373 90.14 67.17 9.29 27.70 152.81
2374 89.82 47.71 12.63 4.26 34.21
2375 90.02 26.09 21.53 4.03 28.03
2376 90.37 33.65 28.40 3.65 29.91
2377 90.09 35.38 31.30 4.30 27.65
2378 90.24 24.04 24.20 3.02 25.95
2379 90.07 42.76 18.92 4.29 31.21
2380 90.27 36.90 33.44 4.72 30.68
2381 90.35 31.41 36.86 3.53 28.91
2382 90.18 63.17 10.61 14.29 156.61
2383 90.22 38.71 22.38 3.97 30.77
2384 90.53 70.09 8.50 21.40 118.09
2385 90.39 44.45 17.98 5.18 29.71
2386 90.79 29.01 31.76 3.46 27.03
2387 90.66 47.09 13.53 4.44 31.15
2388 90.27 52.07 10.60 4.40 37.80
2389 90.30 29.45 27.60 3.40 35.80
2390 90.44 45.91 17.24 4.29 32.24
2391 90.54 41.31 17.97 3.86 33.31
2392 90.71 64.52 9.88 13.19 142.90
2393 90.57 57.94 11.12 5.79 46.06
2394 90.69 42.56 18.08 4.04 32.96
2395 90.82 48.94 11.77 4.48 30.89
2396 90.65 50.61 12.28 4.14 32.00
2397 90.82 52.87 11.65 4.65 31.29
2398 91.15 62.10 10.72 9.41 94.63
2399 91.05 25.86 25.65 2.67 24.96
2400 91.20 40.28 18.65 3.92 31.52
2401 91.24 58.83 10.36 5.73 43.60
2402 91.25 36.03 39.05 3.83 27.10
2403 91.40 66.81 9.24 13.18 155.63
2404 91.32 31.14 30.34 3.31 27.60
2405 91.17 43.46 18.69 4.31 32.28
2406 91.23 56.11 10.51 4.93 30.44
2407 91.36 45.31 16.63 4.18 33.21
2408 91.17 34.43 22.81 3.62 36.19
2409 91.64 27.11 24.69 3.31 28.50
2410 91.87 29.17 32.42 3.05 24.73
2411 91.72 25.26 25.77 2.23 23.51
2412 91.86 47.34 16.57 3.81 31.76
2413 91.80 56.51 11.03 3.59 29.90
2414 91.97 60.26 10.32 4.70 45.17
2415 92.06 68.85 7.48 10.02 119.41
2416 92.20 33.99 35.26 3.43 28.07
2417 92.20 43.39 35.04 3.73 26.58
2418 92.43 64.03 8.89 5.12 53.73
2419 92.42 31.57 24.03 3.45 27.00
2420 92.28 37.05 32.69 3.28 27.72
2421 92.16 27.09 30.00 2.60 22.10
2422 92.45 57.63 10.38 3.62 27.92
2423 92.53 38.58 21.85 3.44 32.59
2424 92.65 66.48 8.21 4.99 66.54
2425 92.74 61.36 8.62 3.38 32.69
2426 92.70 26.28 27.00 2.27 21.37
2427 92.72 51.24 15.10 4.10 30.90
2428 92.97 40.72 20.34 3.96 29.54
2429 92.94 59.58 10.19 3.44 26.92
2430 93.19 47.02 19.20 3.32 30.08
2431 93.35 28.24 29.50 2.35 21.60
2432 93.24 39.23 30.56 4.07 29.14
2433 93.64 36.08 34.54 2.84 26.54
2434 93.69 33.36 35.02 3.06 24.20
2435 93.47 37.81 29.87 3.67 27.97
2436 94.13 30.74 32.82 2.43 22.97
2437 93.57 56.48 10.64 3.32 28.60
2438 93.54 61.76 9.02 2.90 27.21
2439 93.87 59.93 9.38 2.72 23.78
2440 93.89 40.88 19.68 3.51 32.08
2441 94.07 43.65 16.38 3.81 28.32
2442 93.98 49.66 14.92 4.59 27.03
2443 93.96 53.84 15.66 3.70 28.47
2444 93.88 57.52 9.81 3.10 25.48
2445 94.03 63.20 7.70 1.81 26.51
2446 94.03 55.41 15.40 4.47 26.83
2447 94.23 39.16 29.03 2.98 28.66
2448 94.27 46.03 14.52 3.79 27.98
2449 94.23 58.23 10.20 3.20 25.40
2450 94.55 42.57 16.76 3.56 29.91
2451 94.72 59.86 9.63 2.86 23.22
2452 94.66 52.90 19.52 3.91 26.87
2453 94.65 57.15 10.55 3.10 24.74
2454 94.73 41.09 20.25 2.86 29.75
2455 94.61 51.29 18.44 3.60 28.24
2456 94.96 49.25 15.27 3.19 27.49
2457 94.75 54.73 16.30 3.27 25.97
2458 95.37 36.87 31.36 3.41 26.21
2459 95.10 58.53 11.59 2.75 26.86
2460 94.90 50.51 20.00 2.60 24.80
2461 95.26 33.81 23.69 2.11 22.21
2462 95.38 39.87 19.69 2.76 30.63
2463 95.14 52.18 16.00 3.12 26.18
2464 95.62 55.78 12.32 3.02 25.79
2465 95.72 45.89 27.97 2.78 24.90
2466 95.80 57.96 11.26 2.67 24.92
2467 95.83 52.83 15.19 2.98 26.51
2468 96.00 50.35 15.60 2.79 26.77
2469 96.32 47.53 15.58 2.75 26.92
2470 96.46 35.78 30.25 2.02 22.24
2471 96.19 40.01 18.74 2.61 26.65
2472 96.39 44.23 14.69 2.77 24.21
2473 96.41 39.04 24.00 2.00 21.00
2474 96.84 40.87 15.69 2.31 25.92
2475 96.87 52.26 15.00 2.62 23.12
2476 96.89 49.11 20.13 2.66 24.47
2477 96.96 45.18 14.34 2.45 25.16
2478 97.43 42.57 11.75 2.23 26.00
2479 97.54 48.80 17.31 2.33 21.94
2480 97.66 44.13 12.34 1.73 25.23
2481 97.61 45.80 14.52 2.52 21.85
2482 97.68 39.50 13.60 1.49 25.29

