#<Embryo name> <Cleavage cycle> <Temporal class> <Genes>
kd9 14A 8 Kruppel even-skipped fushi-tarazu

#Quantitative data
#<Nucleus number> <A-P coordinate> <D-V coordinate> <Fluorescence intensity: channel 1 - Kr, channel 2 - eve, channel 3 - ftz>
0 1.80 46.12 8.03 2.68 36.76
1 2.02 44.60 11.02 3.49 36.20
2 2.39 48.05 8.94 2.89 34.65
3 3.08 45.30 11.85 3.59 34.25
4 3.21 43.07 12.26 4.02 36.50
5 3.26 47.68 10.74 3.37 35.15
6 3.33 51.19 8.81 2.89 28.36
7 3.98 45.94 11.62 3.90 35.85
8 3.88 49.29 10.08 3.34 32.42
9 4.46 55.33 8.84 2.75 33.64
10 4.24 52.35 9.99 3.60 32.95
11 4.23 42.76 11.40 3.98 37.44
12 4.29 38.22 11.43 3.39 33.57
13 4.38 41.18 12.74 4.11 34.49
14 4.69 47.72 15.57 3.71 31.51
15 4.84 49.21 11.46 3.56 33.80
16 4.84 46.09 14.06 3.48 38.24
17 5.09 37.49 11.87 3.73 36.46
18 5.41 40.10 13.54 4.55 36.11
19 5.16 42.57 12.28 4.48 35.96
20 5.64 49.67 12.73 3.67 34.70
21 5.89 43.43 14.70 4.12 36.67
22 5.63 45.92 14.42 4.43 37.34
23 5.68 52.35 10.46 4.69 33.77
24 5.74 58.23 8.78 3.11 33.18
25 5.86 35.13 12.27 3.91 34.82
26 6.06 36.59 13.64 4.02 36.46
27 6.17 56.03 10.47 3.58 35.51
28 6.23 33.80 14.17 3.97 33.11
29 6.26 58.60 9.76 2.96 34.12
30 6.59 38.39 15.31 4.87 36.80
31 6.52 41.26 15.93 4.86 40.10
32 6.41 52.35 12.12 4.06 34.85
33 6.62 49.69 14.58 4.00 38.78
34 6.75 59.40 10.13 3.63 33.31
35 6.70 32.29 13.24 3.71 32.68
36 6.80 46.12 15.49 4.34 36.40
37 6.98 54.20 12.90 4.07 36.80
38 6.82 34.79 19.61 3.39 35.39
39 7.11 36.18 16.98 5.09 41.12
40 7.42 48.53 17.06 4.79 39.72
41 7.36 57.12 12.68 3.25 35.63
42 7.23 31.24 15.30 3.80 31.55
43 7.37 33.28 18.45 4.18 33.04
44 7.21 41.41 15.39 4.71 39.29
45 7.27 51.96 15.67 4.33 33.51
46 7.54 44.38 16.16 5.59 41.22
47 7.35 38.67 18.45 5.75 37.65
48 7.82 46.59 20.37 3.78 34.98
49 7.81 40.21 18.74 5.67 38.95
50 7.84 42.73 17.33 4.85 40.85
51 8.12 37.26 19.90 5.28 40.73
52 7.98 54.93 14.48 3.98 38.24
53 8.15 31.15 15.55 4.69 38.22
54 8.39 52.37 14.13 4.29 36.43
55 8.20 29.37 19.98 3.98 39.26
56 8.26 33.39 19.09 4.82 39.27
57 8.37 50.16 15.71 4.49 38.90
58 8.89 58.35 10.80 3.76 37.55
59 8.37 47.92 21.06 4.78 39.06
60 8.48 56.28 11.71 4.42 35.81
61 8.61 61.39 10.11 3.35 34.71
62 8.65 63.51 9.79 3.35 34.79
63 8.61 35.06 18.14 5.00 39.51
64 8.78 46.10 16.15 4.85 38.80
65 9.10 42.67 20.54 4.81 39.73
66 9.34 44.34 17.36 4.28 38.85
67 9.21 31.21 24.60 4.96 37.50
68 9.08 49.54 18.06 4.94 42.77
69 9.36 47.46 15.85 4.84 40.56
70 9.24 55.57 11.73 4.04 38.15
71 9.30 65.68 10.12 3.50 33.34
72 9.15 37.88 18.29 4.29 43.93
73 9.85 36.50 20.38 5.99 42.33
74 9.51 60.54 11.78 3.52 37.90
75 9.33 64.27 9.90 4.10 35.10
76 9.52 53.24 12.81 5.33 34.44
77 9.64 32.89 20.54 5.00 41.26
78 9.61 51.06 16.12 4.55 38.28
79 9.92 27.44 18.20 4.23 37.94
80 10.01 62.78 10.70 3.61 35.73
81 10.00 41.92 21.50 5.02 40.71
82 10.11 56.32 12.45 4.90 38.93
83 10.06 39.36 26.38 5.66 36.49
84 10.20 47.54 18.69 4.66 37.62
85 10.65 49.56 15.96 5.53 40.99
86 10.68 31.62 26.51 5.18 41.12
87 10.64 53.39 14.12 4.88 38.15
88 10.37 33.61 22.04 5.48 41.12
89 10.74 58.94 12.39 4.82 37.54
90 10.93 34.59 30.94 5.55 42.33
91 11.05 65.62 10.48 4.10 36.63
92 11.01 43.96 19.20 5.18 40.45
93 10.91 27.44 17.73 4.61 37.41
94 11.10 29.33 21.20 4.46 38.07
95 11.04 55.37 13.36 4.83 40.68
96 11.03 63.15 10.78 4.09 37.55
97 11.19 51.41 16.41 5.07 39.61
98 11.30 41.58 20.95 5.50 40.93
99 11.47 69.23 8.51 4.00 34.89
100 11.62 57.76 13.50 4.65 39.18
101 11.29 60.62 12.14 4.86 37.81
102 11.54 47.13 18.56 4.78 39.25
103 11.88 40.12 32.90 5.18 40.25
104 11.71 67.12 9.89 4.38 35.70
105 11.91 33.43 26.92 5.49 44.69
106 11.68 34.45 22.50 5.50 48.50
107 12.08 55.45 14.33 4.86 40.43
108 11.93 48.95 15.44 4.96 42.17
109 12.09 53.30 16.30 5.44 38.59
110 12.26 60.77 11.79 5.03 35.14
111 12.27 29.78 22.79 5.50 42.36
112 12.16 44.15 20.84 5.04 43.35
113 12.14 35.91 25.08 5.27 46.24
114 12.20 45.98 17.90 4.28 42.18
115 12.14 50.45 18.89 4.89 38.79
116 12.58 27.83 23.35 5.12 42.16
117 12.40 32.06 26.46 5.59 42.32
118 12.55 63.72 10.32 4.44 37.07
119 12.49 65.45 11.58 4.42 38.84
120 12.53 69.92 10.04 4.34 33.95
121 12.51 58.28 14.67 5.24 44.47
122 12.62 41.64 24.47 6.02 39.38
123 12.54 51.80 15.68 5.47 45.37
124 12.67 25.23 20.72 4.32 39.58
125 12.60 43.05 22.00 5.08 42.31
126 12.66 48.10 20.75 5.43 40.21
127 13.14 55.76 14.55 4.92 40.48
128 12.68 36.33 24.72 5.17 44.17
129 13.04 67.15 9.91 4.32 36.52
130 12.89 35.09 27.05 5.21 45.47
131 13.08 33.65 21.66 5.77 43.11
132 13.23 45.66 21.13 5.23 42.08
133 13.21 58.77 11.18 4.48 37.38
134 13.27 62.44 12.32 4.65 37.94
135 13.31 31.49 22.45 5.68 44.90
136 13.39 52.27 18.38 5.07 41.31
137 13.33 47.90 17.71 5.24 40.95
138 13.67 60.91 13.15 5.19 39.56
139 13.42 29.54 41.45 4.90 31.97
140 13.63 42.47 23.47 6.01 41.73
141 13.50 35.75 22.15 4.59 40.89
142 13.69 38.75 25.49 5.43 41.53
143 13.41 57.10 17.50 5.70 40.70
144 13.79 54.12 15.02 4.95 41.57
145 13.80 63.50 12.06 4.48 37.82
146 13.99 72.81 8.62 3.94 33.03
147 13.95 65.15 10.91 4.46 42.06
148 14.11 23.42 20.96 5.42 39.42
149 14.05 33.03 22.57 5.54 39.49
150 14.06 28.22 28.11 5.87 41.73
151 14.05 45.26 22.26 6.03 40.42
152 14.09 69.19 9.86 4.27 36.73
153 14.14 57.60 11.97 5.19 39.19
154 14.44 47.52 18.76 5.47 41.72
155 14.29 30.36 25.45 5.55 43.34
156 14.31 66.91 10.88 4.69 37.36
157 14.65 58.71 13.22 5.30 38.74
158 14.43 71.18 9.46 4.68 35.61
159 14.55 50.33 18.58 5.37 45.20
160 14.64 35.63 19.51 5.44 43.56
161 14.42 43.94 19.50 5.63 43.00
162 14.40 56.72 13.70 5.20 39.50
163 14.81 52.69 17.00 5.60 41.01
164 14.68 60.53 12.21 4.64 39.00
165 15.11 42.20 19.53 5.84 42.01
166 14.96 55.52 14.43 5.70 40.57
167 14.84 63.70 11.05 4.47 41.21
168 15.34 25.34 19.97 5.12 39.72
169 14.93 44.61 22.00 5.24 36.95
170 15.26 28.41 24.52 5.32 40.32
171 15.09 67.69 10.78 4.38 39.62
172 15.48 62.48 11.12 4.87 40.03
173 15.11 29.92 18.93 5.50 42.50
174 15.52 31.53 17.53 5.87 44.44
175 15.58 69.34 10.78 4.94 35.27
176 15.92 39.03 16.73 5.73 40.01
177 15.47 65.67 10.74 4.66 38.15
178 15.48 71.46 9.23 4.79 34.58
179 15.70 45.19 17.31 5.78 43.49
180 15.56 73.84 8.83 4.01 35.31
181 15.32 26.78 18.00 6.67 45.33
182 15.53 47.00 15.90 5.28 45.64
183 15.60 49.73 18.02 5.80 43.73
184 15.46 59.24 11.78 5.00 39.00
185 15.72 56.72 12.63 5.47 40.50
186 15.91 53.63 13.56 5.20 45.72
187 15.96 58.27 12.04 5.16 39.78
188 16.11 60.35 11.55 4.91 36.07
189 16.17 22.43 17.75 4.73 37.64
190 16.01 43.30 19.85 6.38 47.92
191 16.18 27.87 20.21 5.10 37.88
192 16.22 42.22 15.63 5.60 43.63
193 16.28 35.52 16.23 4.89 40.13
194 16.19 52.51 13.75 5.83 45.83
195 16.35 47.29 17.57 4.43 44.57
196 16.22 62.08 11.85 4.62 40.31
197 16.62 64.61 10.68 5.54 39.06
198 16.46 50.78 15.85 4.98 43.75
199 16.55 67.46 11.66 5.17 36.80
200 16.54 25.60 18.58 5.19 42.88
201 16.58 33.41 18.62 6.10 40.74
202 16.39 40.59 19.71 6.14 42.14
203 16.98 44.62 15.69 5.59 41.72
204 16.64 72.54 9.47 3.97 37.76
205 16.60 30.45 16.39 6.02 39.50
206 16.61 69.61 9.93 4.38 37.10
207 16.76 48.39 16.70 5.68 43.48
208 16.81 37.13 17.00 6.06 40.32
209 16.85 41.54 14.22 5.20 43.98
210 17.17 75.21 9.67 4.44 34.14
211 17.00 54.02 13.53 5.34 43.58
212 16.95 61.23 11.93 4.98 40.77
213 17.24 26.32 16.97 5.33 38.61
214 17.36 56.41 12.84 5.32 40.27
215 17.19 22.46 15.57 4.74 36.83
216 17.23 20.23 15.88 4.26 34.82
217 17.00 70.94 10.00 5.60 37.20
218 17.19 32.26 15.04 6.04 39.04
219 17.15 38.34 13.38 5.69 43.31
220 17.53 50.73 13.69 6.06 45.14
221 17.55 35.11 16.10 5.97 41.19
222 17.71 47.67 14.79 5.47 46.27
223 17.27 58.25 12.58 4.92 46.83
224 17.51 23.98 18.29 5.35 36.00
225 17.79 59.31 11.94 5.83 43.41
226 17.66 39.49 14.83 5.17 41.42
227 17.84 41.01 13.64 6.06 43.00
228 17.77 61.95 10.99 5.06 39.16
229 17.69 71.59 10.04 4.60 37.15
230 17.84 65.72 10.12 5.56 39.36
231 17.93 18.32 11.60 4.45 37.08
232 17.81 42.82 15.12 5.28 42.47
233 17.77 63.71 10.00 4.36 43.00
234 17.98 69.44 10.41 5.41 38.10
235 17.92 20.90 13.14 4.18 37.69
236 18.21 28.96 14.63 5.56 40.91
237 18.02 53.24 13.72 6.30 45.65
238 17.98 32.17 14.01 5.11 41.95
239 18.33 38.08 14.49 5.44 39.74
240 17.85 74.57 9.80 4.60 37.35
241 17.83 77.51 6.50 3.92 30.08
242 18.39 73.34 9.69 4.27 34.41
243 18.59 24.09 14.01 5.24 37.86
244 18.16 26.23 13.65 5.29 40.29
245 18.52 78.49 8.34 4.05 36.53
246 18.47 43.73 14.76 5.03 40.21
247 18.81 35.49 14.30 5.70 43.94
248 18.83 45.95 15.44 5.64 40.69
249 18.87 52.10 13.86 6.49 44.84
250 18.72 62.55 11.19 5.19 40.04
251 18.82 21.33 13.89 5.10 34.16
252 19.05 40.89 14.28 6.04 41.43
253 18.73 65.69 11.53 5.09 42.53
254 19.26 48.64 14.34 6.25 42.58
255 18.75 58.23 12.80 5.44 44.38
256 18.75 26.65 13.47 5.77 40.60
257 18.86 69.74 10.03 4.54 40.38
258 19.30 60.07 11.27 6.04 42.89
259 19.08 67.27 10.79 4.79 41.21
260 19.22 31.72 14.43 5.51 40.63
261 19.48 57.09 12.81 5.38 41.50
262 19.12 43.54 14.76 6.88 44.12
263 19.33 18.61 11.43 4.47 36.53
264 19.22 71.06 10.42 4.67 36.46
265 19.17 29.62 13.89 5.26 38.95
266 19.75 38.20 13.29 5.96 43.81
267 19.56 64.83 11.22 6.06 42.31
268 19.42 26.30 14.14 5.35 40.19
269 19.37 63.33 11.11 6.11 44.33
270 19.62 23.50 13.41 5.33 37.63
271 19.58 42.33 14.12 5.38 46.21
272 19.55 50.93 14.08 6.64 42.64
273 20.13 76.25 9.44 4.97 36.05
274 19.98 53.85 12.65 6.40 44.53
275 19.96 28.19 14.00 5.69 37.74
276 19.79 35.87 14.59 6.14 43.93
277 19.99 43.94 13.50 6.00 41.50
278 19.83 67.96 9.59 4.82 38.41
279 19.90 62.49 11.88 6.06 39.90
280 19.87 33.41 14.77 5.35 41.23
281 20.11 55.87 12.33 5.60 44.55
282 19.91 79.68 9.24 4.40 37.08
283 19.95 25.22 12.52 5.19 36.52
284 20.09 20.40 12.51 5.02 36.88
285 19.97 70.62 9.46 5.57 35.24
286 20.72 52.59 13.25 6.90 46.59
287 20.24 50.14 12.77 5.82 46.48
288 20.14 40.55 14.73 7.27 39.55
289 20.37 46.33 13.62 6.82 44.17
290 20.05 60.67 11.75 6.75 49.00
291 20.61 72.81 10.15 5.44 38.39
292 20.39 17.99 12.21 5.37 38.72
293 20.06 30.24 14.33 5.67 39.33
294 20.69 42.02 14.12 6.15 43.58
295 20.53 39.41 13.89 6.16 42.04
296 20.82 33.42 13.73 6.01 39.65
297 20.62 64.74 11.42 5.84 39.84
298 20.69 31.04 13.35 5.61 40.05
299 20.88 61.60 11.50 5.71 39.79
300 20.83 67.82 11.17 5.09 39.67
301 20.82 69.98 10.17 4.98 37.69
302 20.72 78.04 9.88 4.90 36.35
303 20.86 35.84 14.04 6.32 39.72
304 20.98 26.08 13.69 5.89 40.31
305 21.09 24.22 11.53 5.31 40.03
306 21.11 19.92 11.38 5.34 39.38
307 21.14 49.55 13.74 6.18 46.41
308 21.45 47.04 13.38 6.38 46.43
309 21.38 55.46 12.54 6.10 43.56
310 21.17 17.46 11.16 5.47 33.16
311 21.47 28.77 13.52 5.83 41.43
312 21.53 64.25 10.74 5.32 38.22
313 21.75 22.25 11.93 5.41 35.76
314 21.58 37.50 13.40 5.86 42.00
315 21.48 39.11 14.53 5.78 47.11
316 21.44 75.78 11.08 5.08 38.26
317 21.47 79.80 9.41 4.78 35.35
318 21.51 44.31 13.32 6.25 44.55
319 21.51 51.13 13.94 6.70 44.91
320 21.70 73.24 10.89 5.62 38.49
321 21.60 59.98 11.86 6.20 41.78
322 21.50 78.19 8.00 5.83 37.83
323 21.73 31.24 14.22 5.62 41.11
324 21.80 67.24 11.07 5.04 39.52
325 21.80 42.27 13.68 6.88 47.90
326 21.60 65.97 9.33 6.33 41.00
327 21.68 20.69 11.50 4.50 43.88
328 22.10 33.40 13.71 6.56 43.74
329 21.96 40.63 14.70 6.27 44.75
330 21.91 52.44 14.48 6.39 47.30
331 22.00 70.53 10.84 5.72 35.62
332 22.30 25.31 12.97 6.01 40.80
333 22.50 19.20 11.64 4.73 36.24
334 22.24 49.12 13.53 7.16 46.45
335 22.56 58.58 13.02 6.40 43.71
336 22.49 78.90 10.18 5.86 39.12
337 22.24 61.96 12.02 6.68 42.07
338 22.09 20.19 11.86 4.14 42.14
339 22.47 36.04 13.29 6.84 45.12
340 22.42 76.03 10.30 6.42 37.63
341 22.35 27.36 12.96 6.15 41.00
342 22.27 45.22 13.39 6.46 46.25
343 22.35 68.74 10.55 5.94 38.52
344 22.34 81.81 9.20 4.49 32.98
345 22.40 16.96 12.08 5.39 38.78
346 22.69 64.09 11.79 6.19 38.58
347 22.44 30.31 13.52 6.50 36.89
348 22.37 46.78 12.57 6.93 44.57
349 22.79 14.93 10.51 4.34 36.47
350 22.35 37.51 12.00 7.00 50.20
351 22.80 53.40 13.85 7.11 43.74
352 22.73 74.47 10.59 6.22 38.93
353 22.91 66.38 11.00 6.49 38.11
354 22.69 72.91 11.23 5.71 36.17
355 23.04 39.09 13.66 6.06 44.15
356 22.69 42.42 13.77 7.17 45.11
357 23.11 22.36 12.09 6.01 38.74
358 22.95 44.25 12.82 6.96 45.33
359 22.86 51.19 13.98 6.74 46.79
360 22.87 56.52 12.90 6.46 47.29
361 23.41 46.45 13.99 6.68 43.26
362 22.99 60.71 13.52 6.45 43.50
363 23.19 28.49 12.63 6.18 43.75
364 23.27 41.18 13.07 6.57 43.37
365 23.05 24.44 13.61 5.94 39.94
366 23.08 71.21 11.69 5.75 43.88
367 23.17 32.95 12.96 6.38 43.92
368 23.14 69.25 11.14 5.98 36.44
369 23.33 49.63 14.85 7.24 47.17
370 23.98 31.24 13.08 6.60 40.83
371 23.54 77.01 10.17 6.39 37.78
372 23.44 78.85 10.26 6.08 37.41
373 23.84 83.52 8.64 5.66 33.14
374 23.59 36.09 14.03 6.53 44.44
375 23.77 16.03 11.19 4.95 34.95
376 23.85 17.46 11.87 5.19 34.47
377 23.57 75.15 10.50 6.50 42.33
378 23.58 26.36 12.92 5.32 41.04
379 23.88 62.02 12.49 7.00 42.81
380 23.78 73.39 12.15 6.40 35.92
381 23.70 43.40 13.88 6.42 43.38
382 23.76 63.97 11.67 6.89 42.92
383 23.75 33.92 13.79 7.33 43.88
384 23.71 54.32 12.79 8.18 42.92
385 23.83 56.33 12.95 8.23 46.27
386 24.03 68.16 10.06 6.48 36.77
387 23.79 71.62 10.92 7.42 38.38
388 23.94 80.88 9.73 5.51 38.63
389 24.04 25.26 12.53 6.84 38.49
390 24.08 51.56 15.06 7.51 46.88
391 23.98 48.32 13.32 7.54 45.03
392 24.51 65.21 11.54 7.60 37.81
393 24.20 37.72 13.00 6.32 43.23
394 24.02 53.06 13.87 7.80 39.80
395 24.01 58.64 13.00 6.15 42.92
396 24.18 22.55 11.42 5.98 37.75
397 24.05 39.03 14.55 6.73 48.45
398 24.47 14.11 9.30 4.64 33.95
399 24.64 42.98 14.08 7.06 45.50
400 24.33 57.50 12.90 8.17 47.31
401 24.17 41.16 12.29 7.29 43.86
402 24.27 59.85 14.62 7.65 41.69
403 24.28 55.00 12.50 8.83 50.42
404 24.35 70.49 10.13 7.48 34.83
405 24.62 27.72 12.00 5.94 39.69
406 25.00 40.28 13.77 7.85 42.07
407 24.58 74.46 11.03 6.93 37.79
408 24.62 78.73 10.14 8.14 35.62
409 24.38 23.83 11.88 6.25 40.75
410 24.64 34.55 13.49 7.14 48.10
411 24.94 45.63 14.50 8.22 45.95
412 25.02 76.73 10.39 7.12 36.39
413 25.38 29.61 13.00 7.04 39.65
414 24.92 71.88 10.94 8.04 36.30
415 24.87 48.14 14.39 7.72 46.22
416 24.82 61.28 12.66 7.12 41.90
417 24.82 53.84 13.22 9.67 47.94
418 24.87 69.09 11.74 6.79 37.26
419 25.03 55.14 13.43 8.95 46.80
420 24.98 82.38 9.11 8.17 36.31
421 25.14 52.47 14.10 8.02 49.41
422 25.21 66.67 11.79 7.72 36.34
423 25.54 80.19 9.99 8.20 36.49
424 24.98 85.45 8.37 6.49 38.32
425 25.12 18.30 12.29 5.47 38.14
426 25.10 36.98 13.84 7.16 43.80
427 25.67 84.27 8.57 8.17 33.12
428 25.13 26.09 13.16 6.76 39.08
429 25.17 57.32 13.06 7.73 45.25
430 25.33 22.01 12.08 6.29 38.37
431 25.18 32.68 14.46 6.81 41.58
432 25.68 63.14 11.63 11.43 42.91
433 25.72 14.41 10.98 5.26 32.25
434 25.40 59.67 13.35 8.67 43.40
435 25.56 16.49 10.75 5.33 39.75
436 25.50 38.59 13.79 7.91 43.97
437 25.62 35.42 13.57 7.82 44.43
438 25.92 70.01 11.27 10.17 38.47
439 25.86 42.55 13.29 7.89 44.46
440 25.84 31.72 13.45 6.78 41.33
441 25.85 50.04 13.80 8.97 46.52
442 25.89 74.81 11.41 9.49 37.86
443 25.95 72.66 10.75 9.17 38.60
444 26.21 26.22 11.95 6.06 40.67
445 25.99 54.86 13.62 10.20 42.22
446 26.27 19.87 11.47 5.99 36.23
447 26.15 47.28 13.53 8.97 45.52
448 26.26 67.62 11.34 13.45 38.29
449 26.19 77.13 11.11 10.23 37.15
450 26.12 34.24 13.03 7.18 41.87
451 26.13 52.74 14.68 10.66 47.21
452 26.12 24.34 13.29 6.66 40.73
453 26.42 56.93 14.62 13.34 47.42
454 26.25 44.82 13.73 8.56 43.04
455 26.28 17.20 10.72 6.00 36.96
456 26.43 28.53 12.55 7.02 42.72
457 26.37 36.64 13.93 8.18 40.93
458 26.63 59.38 13.40 13.56 44.72
459 26.39 22.58 12.47 6.78 37.19
460 26.53 51.17 13.68 10.68 44.73
461 26.58 39.90 13.61 8.53 42.56
462 26.49 18.51 11.38 5.46 40.00
463 26.78 81.82 10.00 11.71 36.38
464 26.68 85.01 8.76 12.21 33.56
465 26.81 74.34 10.31 11.47 36.94
466 26.88 30.94 13.67 7.12 42.09
467 27.19 14.28 10.82 5.97 33.80
468 26.97 42.89 14.57 9.32 45.55
469 26.93 54.54 15.06 16.28 45.53
470 27.19 71.01 9.85 16.02 37.38
471 26.92 49.09 14.96 12.83 44.15
472 26.90 21.50 12.62 6.31 35.31
473 27.40 65.49 12.27 123.62 38.42
474 26.74 76.30 13.00 13.00 49.00
475 27.14 35.32 13.41 8.90 41.88
476 27.64 68.70 11.53 91.20 33.89
477 27.30 33.20 13.85 7.64 43.34
478 27.42 44.87 14.51 10.98 46.12
479 27.24 78.95 10.36 12.44 36.76
480 27.45 19.90 11.77 7.19 35.20
481 27.40 26.74 12.85 7.41 39.78
482 27.12 28.45 11.92 7.92 41.92
483 27.51 76.61 9.97 15.16 39.09
484 27.03 41.06 13.00 11.00 41.00
485 27.39 46.84 14.28 12.53 46.26
486 27.34 52.32 13.77 16.65 45.39
487 27.37 16.45 10.55 7.48 37.41
488 27.29 24.03 13.34 6.95 34.95
489 27.72 17.85 12.32 8.20 34.20
490 27.59 62.46 13.17 114.59 42.02
491 27.48 84.20 9.38 17.12 33.60
492 27.52 40.66 14.52 9.80 43.18
493 27.70 37.75 12.77 8.98 42.78
494 27.69 59.31 13.62 58.93 39.62
495 27.69 73.19 10.49 16.43 37.19
496 27.84 29.73 13.13 7.91 39.78
497 27.70 42.79 14.36 10.64 45.00
498 27.85 50.05 14.17 18.97 46.69
499 28.05 11.93 9.24 6.76 32.00
500 27.90 81.27 9.60 19.62 35.40
501 27.98 22.27 12.52 6.84 35.57
502 28.50 31.56 12.93 9.30 42.51
503 28.50 86.33 8.83 52.29 31.66
504 28.20 39.91 14.41 10.97 44.44
505 28.47 55.00 14.61 175.21 43.98
506 28.07 20.29 11.38 7.50 43.88
507 28.33 48.30 16.18 23.22 45.95
508 28.73 82.84 9.59 59.96 35.05
509 28.16 27.27 12.89 8.89 36.89
510 28.47 42.64 14.68 14.94 43.03
511 28.61 57.85 13.63 198.99 41.67
512 28.35 25.91 12.00 7.71 39.34
513 28.44 45.50 13.40 19.29 45.19
514 28.71 73.99 11.54 77.95 35.24
515 28.66 51.99 14.63 186.70 43.33
516 28.48 28.45 13.13 8.13 41.09
517 28.55 71.35 11.78 105.46 37.27
518 28.51 20.56 11.10 8.79 35.03
519 28.66 22.95 12.29 7.87 33.35
520 28.86 76.74 10.24 85.76 33.96
521 29.14 80.06 10.36 85.17 37.93
522 28.86 61.00 12.80 219.11 39.55
523 28.89 63.85 12.05 209.94 40.53
524 28.96 66.56 11.81 212.81 37.07
525 29.02 37.09 13.96 13.14 42.12
526 29.08 40.60 14.10 18.16 46.36
527 29.18 15.96 11.13 16.32 34.39
528 29.23 69.37 12.19 180.89 37.00
529 28.89 17.59 11.18 9.64 38.14
530 29.06 19.40 11.73 11.68 35.24
531 29.29 34.98 13.89 14.89 41.30
532 29.44 47.84 14.55 188.50 45.38
533 29.38 29.36 12.75 12.84 37.14
534 29.16 38.80 13.68 15.11 44.53
535 29.51 32.52 13.95 14.02 40.44
536 29.20 45.04 14.00 55.29 37.24
537 29.34 21.65 12.73 10.56 36.31
538 29.50 42.64 14.38 51.65 39.92
539 29.52 11.88 10.00 14.96 31.66
540 29.65 56.63 15.61 241.70 46.30
541 29.75 50.65 14.44 240.81 43.44
542 29.60 23.15 12.64 16.64 34.96
543 29.73 27.15 12.35 15.43 41.84
544 29.80 24.77 12.39 17.55 37.79
545 29.80 53.79 14.08 245.07 40.83
546 29.86 19.43 13.42 23.11 39.28
547 30.12 59.28 13.54 206.85 44.60
548 29.98 83.12 10.85 53.25 38.08
549 29.77 85.22 12.07 42.54 39.93
550 30.08 62.23 13.57 192.46 39.14
551 30.12 71.56 11.86 95.75 35.25
552 30.19 77.63 11.13 95.84 38.61
553 30.21 74.35 11.32 76.84 38.30
554 30.14 65.37 13.08 197.60 38.57
555 30.46 88.73 8.90 19.33 125.28
556 30.43 38.23 14.62 151.80 41.74
557 30.29 45.89 15.54 241.13 41.45
558 30.57 14.02 10.69 113.57 27.99
559 30.53 17.42 11.43 128.14 33.61
560 30.49 43.35 14.83 230.81 43.12
561 30.39 68.34 12.79 150.58 36.32
562 30.43 20.78 12.07 43.43 30.11
563 30.68 40.62 14.75 218.86 43.38
564 30.41 80.74 12.89 53.52 42.00
565 30.68 35.59 13.91 155.53 40.88
566 30.77 85.75 10.41 26.96 133.41
567 30.40 90.20 6.80 17.13 149.20
568 30.56 30.30 13.58 50.58 35.61
569 30.83 32.90 13.73 179.74 36.98
570 30.77 56.16 15.42 212.38 43.78
571 30.82 27.38 12.66 100.57 37.36
572 30.78 49.77 16.14 235.03 43.10
573 30.82 52.82 16.75 231.60 45.96
574 30.99 23.40 12.32 122.86 31.59
575 31.03 63.77 13.70 143.05 41.33
576 31.20 83.90 12.07 22.84 161.39
577 31.24 47.53 14.65 243.65 46.89
578 31.25 61.00 14.05 145.12 46.85
579 31.34 70.42 12.57 37.75 120.95
580 31.51 81.62 12.16 21.30 165.99
581 31.60 87.74 10.62 13.74 166.76
582 31.23 66.34 13.67 68.58 157.64
583 31.63 78.74 11.52 26.28 156.68
584 31.59 19.90 12.08 199.72 34.06
585 31.55 30.39 13.73 209.75 37.59
586 31.50 58.28 15.31 159.41 46.14
587 31.58 44.49 15.87 231.11 43.83
588 31.58 67.69 14.08 62.37 144.79
589 31.74 51.66 16.29 170.00 44.74
590 31.98 25.34 13.07 217.49 38.79
591 31.75 54.77 15.36 164.31 54.52
592 31.89 16.44 11.21 210.50 30.61
593 31.96 39.01 15.92 236.82 44.19
594 31.88 41.61 15.36 238.75 46.06
595 32.01 12.77 10.93 179.46 32.16
596 31.99 36.35 16.04 232.08 46.39
597 31.99 33.64 14.01 240.19 37.77
598 32.10 75.49 12.91 21.97 159.31
599 32.10 28.05 13.63 231.89 37.20
600 32.06 64.25 14.32 41.46 198.67
601 32.16 49.26 16.22 171.02 51.31
602 32.34 22.33 13.35 223.23 34.88
603 32.55 59.90 15.59 47.48 198.89
604 32.34 46.30 15.81 217.20 53.23
605 32.50 84.06 11.79 17.03 179.81
606 32.28 56.56 16.55 58.86 155.96
607 32.65 70.64 13.60 22.32 187.05
608 32.91 73.52 12.95 20.40 191.30
609 32.74 67.76 14.34 29.17 205.65
610 32.75 30.99 14.13 232.53 39.53
611 32.71 43.04 15.73 187.05 47.84
612 32.65 52.17 16.82 94.37 146.37
613 32.93 18.64 12.32 207.92 32.64
614 32.92 54.68 16.46 67.48 220.87
615 32.80 57.59 15.78 71.10 170.43
616 33.04 62.21 15.12 46.67 208.07
617 33.35 80.91 12.51 16.28 160.90
618 33.20 86.93 11.89 14.62 154.62
619 33.26 90.34 10.10 18.35 131.17
620 33.19 15.31 11.49 166.49 32.17
621 33.00 37.45 15.71 202.52 48.60
622 33.03 34.08 15.23 214.23 47.22
623 33.07 40.38 17.38 167.94 46.73
624 33.21 77.84 13.29 18.06 179.64
625 33.38 12.25 10.65 150.08 30.94
626 33.20 27.78 13.75 210.39 40.98
627 33.16 47.99 16.79 99.59 188.80
628 33.25 65.03 14.58 32.27 224.11
629 33.28 25.01 13.99 207.44 33.38
630 33.25 45.00 16.66 123.93 147.25
631 33.62 50.68 16.38 44.72 216.19
632 33.59 22.13 13.49 200.33 33.10
633 33.80 30.24 14.94 177.38 41.24
634 33.96 43.07 15.68 57.71 215.39
635 34.00 56.30 16.80 27.70 221.59
636 33.90 59.41 16.14 27.68 220.33
637 34.08 19.72 13.62 158.14 40.37
638 34.14 69.53 14.59 19.36 187.72
639 34.27 75.80 13.86 20.35 162.86
640 33.96 83.24 14.78 26.43 94.35
641 34.04 35.30 16.62 102.76 186.91
642 34.08 38.00 16.69 88.56 207.60
643 34.34 72.55 14.25 19.25 161.82
644 34.00 32.55 16.21 127.79 55.86
645 34.21 66.62 14.99 19.96 203.42
646 34.25 40.56 16.71 49.84 212.59
647 34.27 45.95 18.74 42.19 224.24
648 34.21 9.71 11.07 82.41 37.65
649 34.34 63.22 16.16 23.06 208.21
650 34.25 16.59 13.24 98.76 35.29
651 34.40 48.70 18.39 32.40 234.20
652 34.32 87.40 14.12 36.55 87.33
653 34.46 24.33 15.12 183.84 40.79
654 34.39 27.36 14.73 137.09 45.80
655 34.45 91.21 10.95 57.42 46.20
656 34.55 13.40 11.48 88.06 38.06
657 34.63 79.39 15.77 26.10 97.74
658 34.90 30.02 16.37 88.81 188.52
659 34.94 21.73 14.18 105.44 47.19
660 35.10 60.89 16.81 18.91 196.12
661 35.06 33.47 17.37 50.84 215.70
662 35.17 18.67 13.76 73.80 147.33
663 35.12 51.49 17.52 22.39 225.85
664 35.18 57.73 17.93 18.85 202.90
665 34.97 84.53 16.50 92.60 48.34
666 35.15 54.64 18.01 20.89 227.27
667 35.36 10.79 11.98 46.92 154.98
668 35.28 38.82 17.87 29.23 230.40
669 35.32 36.21 18.21 36.20 216.79
670 35.23 42.56 17.99 25.78 222.84
671 35.26 7.92 10.07 26.91 139.57
672 35.44 25.78 14.42 57.02 195.50
673 35.45 68.26 16.30 24.36 117.76
674 35.50 88.82 14.51 120.30 39.54
675 35.56 15.79 13.20 42.36 169.32
676 35.47 65.02 16.61 20.58 109.84
677 35.50 71.39 17.07 26.07 71.20
678 35.41 45.20 19.09 23.89 222.41
679 35.46 48.29 18.97 21.37 229.36
680 35.36 85.99 17.60 103.36 51.82
681 35.65 76.95 16.43 111.17 46.84
682 35.50 74.40 17.76 51.08 58.24
683 35.92 28.32 16.61 33.46 208.01
684 35.93 80.16 16.61 145.67 47.27
685 36.19 23.09 14.50 30.62 185.62
686 36.00 83.16 17.40 143.79 47.70
687 36.04 31.34 16.95 31.58 213.19
688 36.18 13.28 13.06 29.31 171.50
689 36.18 20.47 14.23 33.02 189.29
690 36.14 40.61 19.56 21.67 227.45
691 35.90 73.03 15.50 42.90 54.75
692 36.26 53.73 21.39 18.87 189.38
693 36.01 6.90 9.43 19.27 143.51
694 36.27 34.33 17.87 25.51 217.77
695 36.23 59.79 20.08 25.49 126.09
696 36.43 50.54 21.44 18.05 172.10
697 36.47 56.86 22.04 21.71 140.23
698 36.55 43.42 19.75 19.77 222.27
699 36.55 85.77 18.00 133.64 40.22
700 36.73 9.14 12.04 17.78 164.60
701 36.46 46.88 19.87 17.18 221.67
702 36.56 70.02 19.13 149.77 48.82
703 36.51 37.58 18.57 21.52 216.22
704 36.45 66.51 19.38 78.78 50.44
705 36.70 75.23 19.31 150.78 43.13
706 36.80 17.85 14.12 23.23 198.01
707 36.76 25.51 16.10 29.49 192.79
708 36.75 89.71 16.40 104.59 35.77
709 36.62 6.70 8.56 10.56 144.81
710 36.98 61.86 21.51 122.23 55.27
711 37.10 15.06 13.67 21.10 180.46
712 37.10 28.60 16.62 18.65 208.86
713 37.28 64.65 23.25 128.99 47.67
714 37.18 7.44 11.22 11.80 130.05
715 37.31 78.70 21.62 127.95 40.27
716 37.20 5.55 7.93 8.57 116.69
717 37.25 31.85 17.75 20.58 208.21
718 37.39 73.03 20.98 159.62 42.31
719 37.43 11.24 12.83 15.56 172.56
720 37.36 35.05 18.57 20.07 209.58
721 37.28 40.58 19.71 19.99 197.34
722 37.39 82.41 19.18 101.44 37.20
723 37.51 20.63 16.38 20.98 191.48
724 37.59 45.57 22.39 21.20 170.18
725 37.50 48.47 22.38 22.41 114.76
726 37.33 53.84 24.23 31.63 110.91
727 37.51 59.19 22.53 139.63 58.52
728 37.72 86.69 24.59 106.84 41.14
729 37.56 67.32 23.52 192.51 48.93
730 37.60 56.58 24.43 88.74 61.94
731 37.90 38.14 19.93 19.81 166.66
732 38.00 70.54 23.72 177.81 43.71
733 37.98 43.03 23.38 25.94 131.44
734 37.88 90.64 21.38 86.64 39.99
735 38.11 26.03 16.93 18.03 189.43
736 38.28 17.75 13.81 15.99 163.30
737 38.18 8.37 12.53 12.56 126.30
738 38.24 76.43 24.88 123.58 41.19
739 38.32 29.22 19.42 19.01 164.46
740 38.15 62.37 25.15 196.15 48.05
741 38.19 22.74 16.12 17.86 183.17
742 38.29 52.48 26.89 184.61 55.28
743 38.34 81.04 24.24 77.76 43.44
744 38.68 6.78 11.21 13.86 81.21
745 38.55 32.33 19.68 19.96 161.44
746 38.50 35.47 21.37 21.67 158.42
747 38.45 49.73 27.55 106.84 54.28
748 38.60 55.22 28.46 204.81 58.69
749 38.45 40.76 22.12 31.34 82.61
750 38.49 84.14 30.54 87.03 44.89
751 38.68 88.52 34.83 80.58 84.81
752 38.76 58.12 27.79 186.92 49.35
753 38.97 10.54 14.76 20.86 103.65
754 38.69 68.12 29.26 183.10 45.26
755 38.82 73.62 27.48 130.52 44.00
756 38.92 64.75 28.79 171.33 46.64
757 38.70 72.17 27.66 142.03 38.69
758 38.89 92.02 26.50 42.76 128.85
759 38.98 20.59 16.49 21.56 108.10
760 39.08 61.12 31.60 201.98 48.85
761 39.08 78.95 31.44 82.49 43.24
762 39.35 14.65 15.91 21.98 91.61
763 39.09 45.04 26.58 185.11 57.57
764 39.03 24.17 20.27 24.59 100.08
765 38.94 39.09 25.77 38.34 77.20
766 39.04 42.82 26.64 133.62 61.07
767 39.23 27.03 22.11 29.32 78.91
768 39.40 82.57 33.42 56.68 119.89
769 39.64 86.26 41.08 37.50 154.01
770 39.36 36.85 23.98 93.15 64.48
771 39.50 70.30 34.91 105.96 47.71
772 39.51 49.49 30.30 214.40 55.47
773 39.43 75.93 37.00 89.97 44.70
774 39.48 34.13 24.80 59.18 79.68
775 39.45 52.66 30.44 221.36 51.94
776 39.89 89.44 41.20 31.82 166.55
777 39.53 16.03 16.46 23.46 82.71
778 39.71 41.18 27.23 200.33 55.83
779 39.72 67.13 38.76 154.21 46.02
780 39.76 17.91 17.37 65.40 56.10
781 39.89 46.90 31.26 226.06 59.19
782 39.88 56.34 33.98 208.57 49.74
783 40.06 22.62 21.96 131.60 46.70
784 40.01 31.70 22.07 128.23 58.66
785 40.09 38.87 27.07 208.64 55.25
786 40.29 7.02 15.07 83.02 34.34
787 40.03 59.23 42.13 184.70 48.20
788 39.96 72.55 41.68 93.12 79.44
789 40.11 62.69 39.28 134.55 46.61
790 39.94 92.95 27.67 22.92 152.65
791 40.19 28.66 22.54 192.71 49.84
792 40.20 19.88 20.97 122.07 46.16
793 40.16 25.57 23.44 128.70 46.21
794 39.93 80.96 32.00 40.33 148.17
795 40.40 36.00 26.93 200.70 51.07
796 40.43 43.86 32.62 209.66 51.22
797 40.35 78.86 43.32 44.83 165.03
798 40.49 54.21 39.38 162.23 53.22
799 40.50 65.24 49.70 113.65 51.00
800 40.60 51.56 38.89 199.48 49.58
801 40.60 75.61 45.50 50.50 158.94
802 40.73 10.00 17.65 133.90 34.62
803 40.68 68.35 60.87 98.13 101.39
804 40.63 80.57 51.98 46.34 168.98
805 40.87 16.05 18.83 147.05 37.79
806 40.88 33.33 27.87 229.22 49.39
807 40.99 70.83 57.30 40.34 174.20
808 40.87 13.16 19.32 148.85 33.31
809 40.84 49.08 37.44 179.67 49.60
810 40.94 17.78 20.63 132.41 39.72
811 41.27 82.56 66.10 27.12 183.33
812 40.99 41.25 35.77 208.44 50.33
813 40.95 60.32 50.54 102.16 52.56
814 41.01 46.34 39.79 194.59 53.01
815 41.04 57.27 51.72 110.43 52.20
816 41.32 24.05 27.30 201.92 39.84
817 41.14 84.63 59.18 25.07 187.18
818 41.33 30.35 30.05 227.24 45.60
819 41.34 26.89 26.78 217.90 42.66
820 41.35 38.45 35.74 222.26 50.27
821 41.22 63.13 64.45 80.75 60.38
822 41.32 20.81 22.84 191.55 40.34
823 41.57 73.41 73.42 33.22 185.18
824 41.52 90.90 57.38 17.21 169.13
825 41.55 77.98 63.85 38.52 190.69
826 41.36 87.95 65.93 19.54 184.78
827 41.48 53.90 61.89 105.79 52.12
828 41.63 65.78 70.94 53.49 167.48
829 41.58 7.35 18.95 127.50 34.13
830 41.98 86.20 74.02 20.28 177.92
831 41.67 35.61 37.55 201.17 49.29
832 41.79 43.18 44.68 158.30 52.97
833 41.78 51.25 59.46 110.09 56.53
834 41.96 61.20 70.29 55.41 143.20
835 41.68 79.92 55.53 18.53 186.20
836 41.91 48.68 60.54 112.07 58.31
837 42.01 45.88 53.21 149.91 52.91
838 42.09 56.09 68.93 55.97 152.54
839 42.26 68.29 88.01 41.23 201.33
840 42.11 13.62 26.42 178.77 34.47
841 42.48 58.48 90.35 42.23 197.42
842 42.30 16.61 28.78 182.97 36.00
843 42.01 33.04 35.33 193.93 47.20
844 42.34 75.78 74.50 23.98 193.23
845 42.34 9.94 28.31 132.66 30.81
846 42.40 19.16 30.37 162.38 39.31
847 42.24 40.43 49.46 180.75 53.13
848 42.28 81.15 74.42 19.88 191.92
849 42.30 28.40 40.43 206.27 41.52
850 42.35 71.11 90.55 30.34 192.58
851 42.54 63.37 92.96 37.81 214.58
852 42.45 22.80 31.32 194.50 40.29
853 42.52 37.70 53.49 163.71 51.33
854 42.68 89.71 67.51 13.76 158.06
855 42.71 6.14 23.68 110.13 33.06
856 42.78 25.81 39.11 161.58 44.57
857 42.69 31.31 41.97 197.47 43.04
858 42.56 53.32 68.05 67.53 148.16
859 42.75 35.07 50.54 178.83 47.83
860 42.94 83.89 78.14 13.96 150.01
861 43.01 78.86 78.53 18.32 181.10
862 42.75 87.84 67.67 13.70 157.60
863 42.87 44.46 67.59 83.11 114.43
864 43.03 50.32 89.31 53.52 199.47
865 42.96 47.54 78.26 70.22 195.65
866 43.04 65.64 108.68 35.33 209.05
867 43.05 92.58 55.48 10.05 134.42
868 43.18 73.57 84.73 20.17 195.94
869 43.02 42.24 68.85 114.50 59.74
870 42.95 94.69 40.41 5.78 113.59
871 43.31 11.56 37.16 133.72 36.74
872 43.33 20.59 48.70 120.64 38.56
873 43.37 60.57 104.66 29.25 217.73
874 43.38 14.59 44.28 133.55 39.40
875 43.38 28.89 48.35 147.11 43.71
876 43.38 39.19 70.78 113.27 60.55
877 43.51 55.75 107.98 36.22 211.94
878 43.60 70.42 107.21 19.71 196.84
879 43.58 33.77 63.81 138.41 54.51
880 43.61 23.10 54.75 141.30 43.20
881 43.75 67.69 126.86 25.09 206.17
882 43.61 36.58 69.36 139.34 62.92
883 43.73 17.67 55.41 96.84 53.68
884 43.51 52.40 101.10 38.53 202.93
885 43.90 76.38 100.21 17.12 158.59
886 43.85 82.05 87.79 17.01 118.24
887 43.85 63.13 123.84 22.80 221.75
888 43.73 88.14 91.38 16.25 134.84
889 43.78 6.71 34.32 76.08 54.28
890 43.87 45.75 108.72 45.62 219.21
891 43.84 31.47 69.25 129.12 71.27
892 44.00 90.18 78.20 11.72 104.61
893 44.07 25.16 64.25 87.35 178.11
894 44.02 41.07 94.78 71.91 193.18
895 44.15 58.19 135.41 27.94 222.99
896 44.27 9.55 56.63 58.76 132.90
897 44.17 43.54 106.88 48.83 210.71
898 43.94 53.50 123.15 38.09 203.76
899 43.95 86.28 80.97 15.55 129.53
900 44.20 48.18 118.12 36.79 216.67
901 44.26 27.44 80.92 131.62 81.38
902 44.50 50.82 149.65 28.06 222.00
903 44.28 65.25 126.51 21.36 214.17
904 44.26 79.28 108.93 19.56 97.76
905 44.45 73.02 129.00 19.58 162.39
906 44.53 15.21 68.39 59.24 150.00
907 44.58 37.69 107.01 63.57 213.66
908 44.58 95.20 57.15 10.71 47.11
909 44.49 20.37 73.52 58.97 154.12
910 44.58 29.67 87.82 90.86 183.68
911 44.76 12.11 69.42 50.29 152.92
912 44.59 84.49 97.64 28.41 67.61
913 44.79 35.22 96.20 59.73 198.83
914 44.69 60.86 148.44 24.27 208.25
915 44.84 32.66 99.80 52.37 204.24
916 44.88 55.86 138.82 23.00 212.28
917 44.88 92.15 85.80 28.34 49.37
918 45.03 23.10 87.54 44.27 195.26
919 44.87 53.16 152.96 22.79 225.02
920 44.92 87.50 110.33 29.01 64.56
921 45.02 40.19 130.90 40.50 216.61
922 44.91 70.51 147.95 22.10 128.46
923 45.13 17.79 83.10 37.26 168.45
924 45.26 6.02 58.34 29.66 141.25
925 45.03 67.97 143.15 25.40 179.69
926 44.92 65.67 117.30 20.67 194.18
927 45.18 45.69 138.88 28.28 222.51
928 45.19 75.48 127.99 23.23 71.28
929 45.20 82.16 111.10 35.67 58.75
930 45.29 63.56 160.25 23.60 180.71
931 45.24 78.72 131.86 26.06 69.42
932 45.33 25.87 108.61 35.94 200.78
933 45.42 42.86 140.44 25.92 219.90
934 45.44 48.57 156.02 27.13 218.38
935 45.48 58.44 173.45 24.73 179.63
936 45.62 28.42 126.89 39.42 210.36
937 45.60 89.86 101.96 73.22 47.92
938 45.67 8.94 81.01 27.04 157.24
939 45.74 14.15 109.11 29.25 168.62
940 45.72 20.86 116.02 27.58 184.76
941 45.74 72.76 141.13 47.85 60.31
942 45.80 94.82 68.80 59.06 36.11
943 45.82 31.08 136.26 31.64 212.24
944 45.84 38.47 152.53 29.62 229.04
945 45.89 51.79 176.43 23.20 218.55
946 45.76 61.41 171.33 29.60 143.88
947 45.89 86.03 115.47 120.69 49.65
948 46.04 33.90 142.58 28.69 213.95
949 46.04 36.26 150.31 31.88 214.81
950 45.90 54.45 178.33 24.14 200.89
951 45.95 66.42 166.49 50.12 98.30
952 45.99 69.82 161.86 68.70 66.05
953 46.26 11.54 107.27 25.94 163.40
954 45.99 16.43 116.64 24.68 176.87
955 46.24 77.17 151.53 97.06 59.78
956 46.31 40.65 158.41 23.97 222.75
957 46.50 18.65 135.05 21.30 194.11
958 46.37 24.00 124.15 22.19 192.61
959 46.40 80.16 139.31 148.59 55.31
960 46.49 92.32 92.43 123.98 40.50
961 46.38 44.87 179.43 22.59 217.44
962 46.49 56.68 200.47 41.93 102.48
963 46.56 83.07 115.36 139.69 49.64
964 46.17 9.88 70.82 20.82 163.46
965 46.47 47.23 179.60 26.98 204.71
966 46.44 6.41 86.10 17.66 153.02
967 46.49 49.83 196.98 29.52 195.87
968 46.53 63.31 186.89 59.05 83.28
969 46.64 26.85 138.72 21.29 201.03
970 46.50 59.88 179.12 44.29 93.13
971 46.70 74.45 160.25 173.82 60.64
972 46.71 42.76 175.53 20.97 224.77
973 46.72 89.12 107.53 161.34 44.46
974 46.69 16.23 110.66 22.87 175.26
975 46.84 29.61 161.60 22.72 213.77
976 46.95 21.24 139.65 22.16 182.79
977 46.97 68.68 167.49 214.70 61.04
978 46.93 65.71 186.21 183.12 72.16
979 47.00 32.45 158.95 22.05 203.31
980 46.99 38.44 173.30 26.03 201.66
981 47.13 71.79 165.88 210.92 62.41
982 47.16 14.36 140.94 21.64 163.20
983 46.97 53.69 196.09 44.52 89.01
984 47.00 87.03 133.66 172.47 49.68
985 47.15 85.33 133.71 150.42 54.02
986 47.08 6.50 97.69 16.61 152.28
987 47.19 35.90 189.31 24.83 180.60
988 47.42 8.85 125.47 24.21 147.82
989 47.47 46.19 210.42 36.30 117.90
990 47.46 58.34 200.49 156.28 71.22
991 47.38 77.23 137.32 188.58 55.31
992 47.53 11.86 135.57 21.18 170.16
993 47.43 51.32 215.02 113.36 81.87
994 47.50 61.22 199.94 174.32 73.29
995 47.65 23.33 187.91 29.64 119.13
996 47.51 48.93 208.95 91.75 87.03
997 47.64 80.28 147.55 192.86 51.53
998 47.68 25.63 171.77 25.25 143.80
999 47.64 55.75 210.48 171.11 68.98
1000 47.66 41.35 197.82 29.12 129.57
1001 47.71 17.49 166.96 29.10 127.18
1002 47.70 43.86 188.38 36.07 113.82
1003 48.17 94.61 72.08 109.63 37.85
1004 47.74 4.33 74.57 13.99 108.04
1005 47.78 28.28 186.40 53.12 78.62
1006 47.93 64.01 198.38 228.75 68.94
1007 47.91 91.34 114.34 156.40 43.29
1008 48.12 82.86 133.27 203.10 48.84
1009 47.93 66.81 177.27 226.88 65.08
1010 47.92 30.96 188.74 43.26 90.09
1011 47.94 33.96 188.89 40.03 100.53
1012 47.96 74.81 166.59 192.59 54.11
1013 48.05 20.66 168.41 65.27 74.07
1014 48.08 70.10 174.13 237.73 57.30
1015 48.06 38.88 206.64 67.97 86.94
1016 48.14 53.08 219.70 242.30 67.50
1017 48.34 86.16 150.34 213.96 50.87
1018 48.05 88.76 109.58 171.24 49.75
1019 48.32 36.62 206.28 86.05 75.73
1020 48.45 6.84 121.23 47.28 63.62
1021 48.45 14.80 170.42 38.00 66.52
1022 48.39 47.71 217.06 197.46 64.21
1023 48.68 57.36 204.90 245.03 69.64
1024 48.48 50.45 211.32 239.23 67.94
1025 48.81 59.60 208.13 241.82 68.45
1026 48.71 72.77 156.58 234.06 52.40
1027 48.60 11.00 163.42 58.34 84.48
1028 48.66 61.85 206.74 244.13 67.27
1029 48.59 78.02 155.85 208.00 55.19
1030 48.60 45.40 218.14 195.96 68.31
1031 48.74 26.53 195.22 147.49 61.23
1032 48.81 43.31 225.13 197.52 66.16
1033 48.75 18.43 184.46 102.78 49.21
1034 48.78 29.25 210.11 216.06 59.11
1035 48.71 40.93 217.02 117.72 73.11
1036 48.83 55.12 214.94 245.03 65.19
1037 48.78 23.55 190.57 123.99 54.54
1038 48.92 31.93 206.02 209.44 62.77
1039 48.96 68.41 189.93 245.77 59.74
1040 49.19 65.75 191.17 246.18 64.75
1041 48.98 34.71 216.66 200.77 65.47
1042 49.32 80.74 150.59 161.78 52.59
1043 49.22 90.41 110.37 140.20 44.28
1044 49.05 92.81 78.97 92.85 39.38
1045 49.24 20.90 205.38 203.12 51.45
1046 49.32 75.44 153.18 186.46 52.21
1047 49.24 38.60 217.16 244.61 65.16
1048 49.31 48.26 212.88 250.87 61.22
1049 49.42 16.44 192.41 215.37 50.15
1050 49.32 53.03 216.07 245.43 62.99
1051 49.45 9.35 161.88 104.37 52.01
1052 49.54 63.35 196.92 238.12 60.87
1053 49.58 87.66 136.98 165.47 51.36
1054 49.62 13.51 172.04 171.96 48.89
1055 49.59 70.76 177.12 223.94 57.05
1056 49.53 83.93 139.54 154.17 49.97
1057 49.60 95.18 69.44 65.44 33.15
1058 49.60 50.59 221.30 243.21 64.41
1059 49.76 6.48 142.90 159.74 42.59
1060 49.67 45.95 224.24 243.62 58.56
1061 49.81 25.10 207.97 226.88 52.39
1062 49.82 36.22 210.47 242.24 61.68
1063 49.72 41.45 214.34 247.72 60.56
1064 49.84 27.65 202.39 237.20 52.20
1065 49.91 30.16 210.09 244.56 53.80
1066 49.95 78.38 152.64 151.32 51.72
1067 49.87 33.13 216.84 245.80 56.64
1068 50.12 58.47 207.95 230.42 65.04
1069 50.13 43.87 217.53 240.92 62.45
1070 49.98 55.93 209.32 233.54 67.38
1071 50.22 19.17 175.78 218.77 44.39
1072 50.18 22.44 199.52 229.70 50.85
1073 50.17 61.21 203.54 211.29 68.71
1074 50.16 73.40 166.46 115.78 56.00
1075 50.24 11.19 178.00 186.51 46.62
1076 50.17 68.05 191.24 221.77 65.56
1077 50.33 92.03 112.67 74.75 45.68
1078 50.36 39.23 218.93 249.42 61.44
1079 50.37 52.72 223.89 199.43 68.76
1080 50.49 16.11 196.11 221.80 46.89
1081 50.43 47.74 220.11 237.05 62.41
1082 50.54 64.84 207.37 161.41 71.92
1083 50.64 76.16 157.85 91.57 56.39
1084 50.58 81.76 143.03 91.11 60.59
1085 50.70 50.34 224.70 172.97 69.83
1086 50.74 86.40 138.60 79.87 54.82
1087 50.68 89.31 113.73 66.18 71.50
1088 50.60 83.93 140.37 82.74 60.51
1089 50.93 2.14 59.09 66.92 27.32
1090 50.97 7.85 151.29 159.64 44.56
1091 50.84 33.92 217.97 232.99 64.69
1092 50.85 41.60 223.70 240.53 64.91
1093 50.78 70.92 189.97 142.96 62.33
1094 50.90 37.11 209.51 233.24 64.58
1095 50.90 54.87 222.33 172.80 72.56
1096 50.73 95.40 53.23 28.54 72.00
1097 50.95 30.85 207.85 232.00 57.56
1098 50.97 24.62 203.46 224.86 55.89
1099 51.15 14.07 187.51 146.98 50.60
1100 51.12 45.75 223.58 209.86 67.79
1101 51.01 27.82 207.53 220.05 55.99
1102 51.13 79.25 142.74 67.75 144.96
1103 51.13 4.77 127.69 125.98 42.63
1104 51.10 94.23 79.26 36.36 115.15
1105 51.27 60.21 213.98 169.81 80.30
1106 51.39 57.50 215.61 136.61 134.48
1107 51.32 66.61 190.40 118.99 210.68
1108 51.31 21.30 197.99 163.86 49.90
1109 51.39 63.10 205.91 86.07 188.02
1110 51.46 73.85 163.28 66.86 167.63
1111 51.43 17.99 181.92 181.82 45.11
1112 51.36 11.12 186.99 150.49 54.58
1113 51.48 43.69 227.47 168.26 108.50
1114 51.43 52.63 225.28 136.43 163.11
1115 51.57 47.93 231.93 117.02 193.29
1116 51.43 91.48 89.42 34.42 138.76
1117 51.66 39.79 223.00 197.68 71.19
1118 51.84 68.59 177.67 56.84 192.78
1119 51.85 82.61 150.96 39.76 185.22
1120 51.83 35.01 217.23 149.77 163.51
1121 51.80 76.79 164.63 49.23 196.09
1122 51.93 87.78 141.37 36.64 171.48
1123 51.84 93.06 82.50 31.15 147.25
1124 51.80 50.38 233.38 86.85 225.84
1125 51.76 84.79 131.63 38.65 169.72
1126 51.89 32.01 223.68 138.38 135.77
1127 51.96 71.31 176.92 50.83 205.99
1128 52.03 26.51 205.19 158.03 115.96
1129 52.10 29.40 221.15 128.93 146.41
1130 52.20 90.16 116.32 28.41 165.82
1131 52.10 23.59 200.42 112.55 147.01
1132 52.10 37.32 213.02 105.87 183.65
1133 52.04 54.80 220.13 122.80 206.13
1134 52.19 3.17 87.62 46.31 88.11
1135 52.24 5.78 142.77 77.56 128.88
1136 52.24 9.04 170.90 73.50 137.66
1137 52.28 41.77 226.38 95.66 211.37
1138 52.23 15.71 200.71 88.62 143.13
1139 52.35 12.67 196.63 85.52 150.99
1140 52.37 19.69 195.72 74.52 116.12
1141 52.45 62.15 204.41 50.84 219.41
1142 52.50 46.53 222.70 77.45 223.25
1143 52.23 85.87 108.19 25.06 174.38
1144 52.52 59.45 224.96 55.69 215.47
1145 52.51 65.47 189.55 53.05 205.93
1146 52.54 44.41 229.67 122.07 221.00
1147 52.75 78.54 147.06 25.62 195.14
1148 52.68 56.86 213.53 58.50 220.62
1149 52.68 52.19 225.62 50.42 228.93
1150 52.74 92.19 100.17 19.07 165.98
1151 52.69 96.10 60.25 12.30 133.62
1152 52.70 49.17 229.17 63.34 233.25
1153 52.77 75.32 160.45 29.60 199.85
1154 52.77 33.37 220.29 62.13 206.36
1155 52.88 39.05 227.66 52.10 214.23
1156 52.96 72.45 169.89 27.66 206.48
1157 53.11 21.85 200.76 41.88 173.10
1158 52.92 69.06 189.26 35.54 182.66
1159 52.82 84.76 147.30 22.15 172.10
1160 53.14 17.26 210.03 50.79 178.05
1161 53.07 83.49 126.27 21.79 181.42
1162 53.17 27.82 202.76 46.94 196.30
1163 53.20 24.95 202.52 43.41 197.41
1164 53.16 36.18 215.75 45.80 221.42
1165 53.27 81.18 138.98 22.37 182.29
1166 53.55 4.59 112.22 21.13 146.84
1167 53.32 30.67 203.30 41.99 206.20
1168 53.31 54.15 225.96 36.06 231.25
1169 53.20 88.06 124.13 19.48 167.68
1170 53.33 7.73 168.81 37.73 157.74
1171 53.38 14.25 190.22 34.26 169.13
1172 53.40 43.09 215.41 39.18 232.90
1173 53.35 11.14 191.08 32.90 173.66
1174 53.47 63.99 213.08 32.10 218.22
1175 53.42 94.78 92.55 15.66 150.58
1176 53.63 40.66 227.27 40.65 232.00
1177 53.67 61.28 206.59 28.65 226.98
1178 53.70 48.06 219.70 33.11 230.57
1179 53.81 58.76 211.05 30.33 223.14
1180 53.66 67.02 185.86 33.01 214.86
1181 53.82 19.28 187.24 26.34 176.99
1182 53.85 45.84 215.49 42.84 224.21
1183 53.67 50.62 218.18 32.28 236.90
1184 53.95 76.63 135.97 21.15 200.57
1185 53.97 92.18 113.64 15.85 166.59
1186 53.77 33.22 211.08 32.17 226.32
1187 53.87 56.32 223.84 29.73 221.00
1188 53.97 70.52 171.04 23.83 211.65
1189 54.06 73.63 152.34 27.63 203.58
1190 54.11 85.21 120.34 19.94 160.20
1191 54.20 38.37 216.14 31.02 216.48
1192 54.32 79.59 138.78 22.16 163.58
1193 54.20 23.42 189.04 28.53 181.87
1194 54.30 52.59 219.77 36.30 228.25
1195 54.32 89.00 116.63 17.46 170.24
1196 54.27 26.64 200.58 28.46 197.04
1197 54.40 29.52 202.61 30.47 203.40
1198 54.36 35.52 193.73 29.90 212.21
1199 54.48 82.74 121.74 33.73 149.85
1200 54.24 9.93 172.74 21.29 164.46
1201 54.34 15.86 202.40 31.02 165.10
1202 54.49 42.08 221.62 32.21 227.89
1203 54.64 12.97 179.22 29.58 145.10
1204 54.62 6.64 150.92 20.38 143.06
1205 54.62 65.39 185.55 42.16 213.24
1206 54.64 44.56 214.45 37.79 221.66
1207 54.65 62.77 200.66 35.44 213.30
1208 54.76 68.81 169.31 38.86 200.83
1209 54.83 20.54 184.67 30.62 133.97
1210 54.75 32.54 196.48 36.99 194.93
1211 54.71 49.71 209.33 35.89 211.12
1212 54.79 54.82 214.68 37.66 200.65
1213 55.11 17.87 190.51 47.01 84.89
1214 55.02 60.04 201.60 61.60 164.99
1215 55.02 57.42 194.99 38.03 167.79
1216 55.11 47.67 204.44 89.40 163.58
1217 55.23 40.44 207.26 54.43 186.69
1218 55.12 72.00 162.86 51.24 158.97
1219 55.09 74.81 156.27 33.70 145.27
1220 55.26 77.82 125.00 65.68 74.74
1221 55.27 23.20 190.68 41.03 133.63
1222 55.37 25.86 201.22 43.45 128.30
1223 55.26 9.88 167.30 34.06 109.74
1224 55.39 38.05 209.49 115.19 140.40
1225 55.40 90.68 113.02 25.56 127.19
1226 55.65 94.95 67.69 23.07 109.10
1227 55.39 52.14 199.61 100.79 132.25
1228 55.42 86.48 111.47 35.91 128.08
1229 55.51 28.38 195.85 93.82 91.52
1230 55.40 35.64 201.69 109.22 137.49
1231 55.47 67.24 167.29 110.61 133.18
1232 55.63 15.36 162.20 99.94 52.81
1233 55.49 30.97 200.60 131.84 91.55
1234 55.49 83.62 116.03 79.55 77.45
1235 55.55 43.16 201.05 120.95 106.38
1236 55.57 80.29 110.10 109.27 57.71
1237 55.62 45.69 216.00 121.13 107.63
1238 55.65 62.15 186.82 159.75 94.07
1239 55.81 6.82 141.09 76.46 59.10
1240 55.80 64.83 170.98 190.05 84.92
1241 55.86 70.24 157.48 173.33 80.83
1242 55.89 12.56 164.64 82.48 60.80
1243 55.89 49.79 188.48 200.40 88.43
1244 55.86 54.67 184.37 158.87 86.62
1245 55.97 21.29 188.72 113.04 66.28
1246 56.01 33.89 187.46 156.10 76.32
1247 56.06 57.41 188.95 180.69 70.41
1248 56.11 75.70 119.43 147.62 54.23
1249 56.18 3.76 71.34 49.63 37.93
1250 56.28 18.97 163.63 170.46 49.39
1251 56.34 72.78 130.99 211.14 60.43
1252 56.31 59.92 158.40 206.20 66.57
1253 56.32 39.62 175.80 225.76 71.73
1254 56.34 23.95 178.93 187.66 60.75
1255 56.33 47.41 182.44 223.40 75.18
1256 56.28 9.84 160.86 137.04 46.82
1257 56.39 36.69 168.52 219.53 62.45
1258 56.53 26.80 160.93 220.00 50.47
1259 56.44 42.28 174.33 234.46 69.95
1260 56.51 84.67 86.25 154.22 49.60
1261 56.40 88.17 109.80 101.53 56.82
1262 56.48 31.85 175.75 227.81 60.38
1263 56.49 68.07 155.22 208.24 65.73
1264 56.64 78.13 102.05 152.74 49.05
1265 56.59 52.25 173.05 233.61 68.04
1266 56.48 92.19 87.23 75.20 53.27
1267 56.74 29.37 151.45 222.12 53.46
1268 56.72 62.66 153.61 230.30 61.57
1269 56.65 81.45 88.85 184.07 47.46
1270 56.71 16.66 152.71 179.75 45.76
1271 56.72 44.77 159.93 234.51 66.89
1272 56.88 14.09 148.43 187.20 45.92
1273 56.85 55.30 156.88 226.82 62.03
1274 56.93 65.43 135.92 237.22 61.70
1275 56.93 5.63 115.89 137.25 39.56
1276 57.05 49.43 150.95 243.12 65.38
1277 57.16 70.71 118.80 221.99 52.89
1278 57.26 8.35 124.98 177.38 40.68
1279 57.19 21.41 134.99 207.62 43.16
1280 57.21 34.95 152.15 238.13 55.09
1281 57.26 11.46 132.62 195.77 41.95
1282 57.28 58.12 150.43 235.89 62.38
1283 57.18 75.35 102.53 200.38 49.30
1284 57.24 24.63 149.11 228.74 44.06
1285 57.30 38.34 151.30 242.06 55.46
1286 57.38 41.43 152.66 245.93 57.89
1287 57.53 89.90 85.90 179.44 44.74
1288 57.53 46.91 146.25 244.67 59.58
1289 57.58 18.61 135.17 199.85 44.02
1290 57.56 32.21 140.82 228.60 54.20
1291 57.62 85.60 81.14 173.19 49.58
1292 57.69 60.59 134.88 227.01 60.06
1293 57.68 68.45 119.71 237.68 54.23
1294 57.64 92.56 53.94 116.46 38.08
1295 57.73 53.55 146.00 236.68 61.13
1296 57.77 73.07 104.87 221.04 50.04
1297 57.84 26.85 126.95 207.86 45.68
1298 57.79 51.17 156.50 237.09 60.02
1299 57.74 79.65 87.39 198.81 48.81
1300 57.80 44.34 145.18 241.88 59.15
1301 57.96 15.73 118.24 201.27 43.35
1302 57.97 29.55 126.84 220.03 53.13
1303 57.99 63.25 121.40 229.15 57.61
1304 58.08 82.55 69.35 172.11 46.94
1305 58.06 56.28 138.62 230.16 58.76
1306 58.20 76.58 86.79 197.44 47.31
1307 58.13 66.01 111.35 244.25 51.13
1308 58.13 6.46 95.07 117.60 36.35
1309 58.17 23.42 118.05 213.49 45.40
1310 58.25 36.66 135.87 233.80 57.43
1311 58.34 12.89 122.48 179.56 47.98
1312 58.28 39.72 130.36 222.97 57.24
1313 58.39 34.13 129.48 187.81 55.52
1314 58.37 9.75 120.64 157.60 43.52
1315 58.47 49.13 129.77 216.31 62.59
1316 58.48 20.52 113.06 136.74 64.38
1317 58.57 42.24 122.27 230.68 59.36
1318 58.67 70.78 97.91 213.54 51.24
1319 58.53 87.64 63.53 154.19 45.43
1320 58.76 59.10 133.74 201.78 59.38
1321 58.80 93.67 51.75 107.04 33.74
1322 58.76 17.87 108.96 148.43 94.13
1323 58.70 46.64 126.12 215.70 58.28
1324 58.77 31.42 121.76 159.79 55.24
1325 58.85 84.86 76.99 164.27 44.07
1326 58.98 90.65 62.30 145.58 38.24
1327 58.88 51.79 121.75 211.92 59.07
1328 58.93 54.34 122.67 185.87 56.75
1329 58.90 61.64 116.47 183.50 56.12
1330 58.98 25.51 115.40 125.72 82.30
1331 58.89 28.34 117.56 156.60 69.29
1332 59.03 68.04 91.65 215.93 55.19
1333 58.97 73.64 82.73 169.67 48.66
1334 58.97 79.39 80.26 157.38 50.03
1335 59.05 44.26 120.25 212.81 66.96
1336 59.15 15.15 108.88 133.93 122.06
1337 59.12 38.23 119.79 193.10 66.03
1338 59.16 64.99 99.59 183.96 52.92
1339 59.15 56.89 123.00 166.59 63.11
1340 59.24 7.37 97.89 99.33 91.76
1341 59.32 22.75 100.00 77.40 160.20
1342 59.34 35.86 112.39 145.94 108.37
1343 59.38 10.12 91.47 76.12 124.49
1344 59.48 76.45 78.77 161.39 48.38
1345 59.61 33.35 93.50 101.03 190.81
1346 59.50 40.61 114.89 138.00 150.24
1347 59.55 82.22 71.09 130.50 56.84
1348 59.49 48.28 127.27 136.66 114.02
1349 59.58 12.63 90.49 60.18 140.07
1350 59.74 19.79 93.41 59.67 169.09
1351 59.89 87.07 62.87 147.43 57.84
1352 59.92 27.27 89.24 44.11 188.16
1353 59.89 45.80 101.21 99.51 196.17
1354 59.86 63.12 93.78 168.33 61.43
1355 59.92 30.43 90.54 55.63 193.99
1356 59.83 71.34 85.91 114.83 89.15
1357 60.09 17.25 76.34 46.43 177.51
1358 59.91 60.75 108.26 139.00 65.80
1359 59.90 94.63 32.40 59.29 32.58
1360 60.10 52.96 98.44 89.67 177.37
1361 60.08 58.52 97.11 122.62 127.10
1362 60.13 68.72 93.00 115.09 122.08
1363 60.06 92.25 45.38 94.45 36.61
1364 60.04 5.27 54.07 41.42 125.46
1365 60.14 42.85 96.68 72.44 211.69
1366 60.22 55.65 92.57 93.07 171.47
1367 60.39 24.49 73.67 28.43 187.87
1368 60.22 74.17 77.82 100.88 133.80
1369 60.12 79.00 71.21 105.89 82.31
1370 60.22 38.00 96.92 70.96 203.31
1371 60.37 8.53 74.76 31.20 148.47
1372 60.39 65.90 84.67 110.74 158.04
1373 60.48 21.89 86.46 36.80 193.68
1374 60.50 49.45 89.61 53.32 213.17
1375 60.35 89.93 53.66 107.09 38.96
1376 60.62 14.95 71.52 27.02 172.89
1377 60.70 35.63 74.91 35.87 207.88
1378 60.66 84.44 58.20 90.71 144.18
1379 60.67 11.55 83.34 25.69 166.22
1380 60.65 40.38 83.49 40.42 215.82
1381 60.64 81.75 55.38 58.34 141.89
1382 60.85 47.17 87.36 43.85 221.61
1383 60.87 28.94 75.99 23.33 213.91
1384 60.80 32.86 73.89 34.17 216.25
1385 61.01 72.33 66.47 58.84 175.89
1386 60.94 76.56 64.36 68.34 151.50
1387 61.03 19.34 71.27 24.70 174.54
1388 61.19 60.49 78.24 43.79 197.41
1389 61.07 63.23 71.37 69.78 199.87
1390 61.17 44.83 77.18 33.48 224.46
1391 61.28 51.66 83.23 39.44 219.61
1392 61.24 69.78 73.98 52.39 184.95
1393 61.18 26.47 64.00 19.92 201.32
1394 61.18 57.38 76.62 41.42 205.37
1395 61.13 93.55 25.58 42.96 90.84
1396 61.27 54.40 75.42 41.68 213.24
1397 61.47 30.88 64.79 21.44 201.74
1398 61.54 79.64 59.28 48.34 164.81
1399 61.77 86.59 59.97 62.12 167.31
1400 61.48 66.85 65.51 49.07 194.59
1401 61.37 38.17 70.51 25.87 212.18
1402 61.46 42.55 72.97 30.33 210.49
1403 61.46 90.48 43.46 68.01 130.31
1404 61.72 16.84 45.94 20.32 146.65
1405 61.65 10.37 53.66 17.74 142.55
1406 61.78 13.66 52.19 19.94 146.18
1407 61.71 22.28 58.27 21.52 163.40
1408 61.71 88.63 47.39 60.74 144.26
1409 61.65 49.40 75.43 27.95 219.09
1410 61.73 82.48 63.81 35.82 170.58
1411 62.03 24.84 44.36 21.40 153.26
1412 61.99 33.94 51.04 23.73 186.48
1413 61.98 73.91 55.63 27.27 184.31
1414 61.84 40.57 66.98 24.61 221.72
1415 62.23 36.34 47.20 25.26 171.05
1416 61.93 8.94 45.47 14.93 149.47
1417 62.04 46.80 70.90 24.46 222.66
1418 62.00 76.96 51.02 25.88 176.84
1419 62.24 28.33 44.07 24.83 169.96
1420 62.14 59.17 68.62 25.59 214.22
1421 62.12 64.19 64.78 38.97 210.92
1422 62.31 20.06 45.94 24.87 145.48
1423 62.24 53.36 64.12 24.51 223.34
1424 62.39 56.09 56.35 22.43 220.27
1425 62.52 7.70 33.58 17.50 108.98
1426 62.72 92.97 29.24 16.41 154.60
1427 62.15 91.66 36.17 24.50 161.67
1428 62.61 71.26 53.65 23.86 194.80
1429 62.45 44.35 64.58 26.25 227.97
1430 62.46 68.59 55.89 28.56 208.18
1431 62.58 38.88 48.47 28.18 188.90
1432 62.67 61.65 60.75 25.63 208.46
1433 62.52 31.53 46.34 36.05 138.58
1434 62.54 75.92 47.52 24.64 176.20
1435 62.66 11.47 33.45 24.57 74.91
1436 62.71 42.52 50.24 22.82 213.59
1437 62.86 51.52 47.71 29.29 180.00
1438 62.76 49.09 51.56 26.84 208.69
1439 62.88 78.74 47.15 24.57 175.84
1440 62.87 88.11 39.61 19.93 150.64
1441 62.72 17.66 40.58 57.25 92.42
1442 63.07 84.03 42.28 20.21 174.66
1443 62.96 90.45 47.18 20.87 164.25
1444 62.74 15.21 41.89 46.17 76.42
1445 62.97 41.23 37.82 32.18 186.74
1446 63.15 57.86 54.20 27.86 190.05
1447 62.99 26.10 40.79 56.23 83.81
1448 63.16 46.49 50.50 30.12 185.35
1449 63.28 12.89 39.68 132.29 57.67
1450 63.13 29.36 41.39 90.92 65.71
1451 63.38 63.97 45.58 44.99 209.42
1452 63.46 73.66 43.54 19.20 171.00
1453 63.27 21.13 35.15 100.22 50.17
1454 63.27 36.79 40.98 137.91 64.98
1455 63.42 54.52 45.34 31.55 187.01
1456 63.39 32.13 37.64 142.57 54.33
1457 63.70 59.68 42.31 28.03 159.62
1458 63.95 8.04 23.68 70.62 32.63
1459 63.81 76.10 40.32 20.45 161.73
1460 63.60 44.03 46.15 35.82 159.53
1461 63.64 17.77 31.77 158.24 41.29
1462 63.83 68.70 40.56 22.90 182.24
1463 63.85 24.42 28.03 113.90 38.28
1464 63.86 34.84 31.17 218.92 47.86
1465 63.96 14.97 26.97 156.31 38.20
1466 63.86 27.18 30.83 178.79 47.04
1467 63.67 50.00 42.68 111.10 69.61
1468 64.17 71.52 33.48 24.02 154.64
1469 63.97 79.70 38.10 18.98 174.82
1470 64.07 89.18 28.16 13.26 143.65
1471 64.17 61.88 39.04 48.64 171.09
1472 64.09 29.85 28.77 185.56 42.14
1473 64.25 40.88 34.28 166.99 68.05
1474 64.05 47.68 38.21 169.86 63.76
1475 64.50 51.78 32.00 182.38 53.64
1476 64.28 66.35 38.60 39.22 186.42
1477 64.12 92.20 27.84 10.51 160.15
1478 64.20 21.69 27.05 190.09 35.88
1479 64.24 37.62 30.72 224.20 51.69
1480 64.41 12.13 24.20 145.73 36.06
1481 64.27 57.35 42.09 56.84 89.81
1482 64.57 83.13 27.88 30.39 122.97
1483 64.61 86.29 30.51 29.10 134.84
1484 64.38 81.27 29.86 22.14 133.10
1485 64.38 32.54 27.88 213.12 43.58
1486 64.38 45.46 34.75 160.43 57.00
1487 64.45 54.54 35.73 188.08 58.36
1488 64.60 18.88 22.85 193.22 38.84
1489 64.55 64.13 37.49 149.96 91.47
1490 64.80 49.39 30.13 212.29 51.69
1491 65.16 78.09 27.41 37.15 126.61
1492 64.96 43.89 31.43 215.04 51.48
1493 64.77 59.89 33.42 116.27 71.83
1494 65.06 10.21 18.34 122.26 29.79
1495 65.09 16.05 20.68 160.61 37.55
1496 65.10 23.79 22.25 186.94 38.01
1497 65.00 27.61 24.02 208.45 43.54
1498 65.25 91.23 24.14 16.81 139.86
1499 65.10 35.79 24.60 223.62 45.93
1500 65.08 56.41 35.40 126.10 57.08
1501 65.04 70.26 30.36 56.48 94.86
1502 65.24 30.39 23.13 200.87 45.90
1503 65.28 41.47 26.04 225.32 47.93
1504 65.23 7.12 14.52 80.64 28.38
1505 65.32 21.26 19.95 212.48 42.39
1506 65.31 46.85 29.25 232.60 50.39
1507 65.37 67.68 30.10 145.83 57.96
1508 65.37 62.57 28.76 199.10 57.41
1509 65.40 33.17 24.07 203.04 45.57
1510 65.35 38.66 26.31 218.72 46.51
1511 65.54 58.34 28.00 172.90 51.10
1512 65.63 13.45 17.67 124.85 42.00
1513 65.67 65.23 26.79 197.19 53.46
1514 65.69 25.76 20.73 184.56 45.53
1515 65.61 54.13 27.40 200.70 50.26
1516 65.69 84.32 23.53 84.95 62.67
1517 65.86 51.45 26.22 217.16 48.21
1518 65.88 18.72 18.64 170.49 50.36
1519 65.95 48.88 25.59 219.89 49.73
1520 66.11 60.99 24.29 211.27 48.11
1521 66.06 72.58 25.43 122.72 52.64
1522 65.94 8.97 14.81 96.79 40.22
1523 66.13 69.85 26.19 172.80 53.28
1524 66.18 45.34 23.85 225.73 57.94
1525 66.18 28.78 20.06 135.91 51.97
1526 66.24 34.60 21.88 181.62 56.87
1527 66.18 37.41 23.32 163.52 62.49
1528 66.21 42.78 23.72 178.81 52.51
1529 66.28 16.37 16.89 124.59 120.10
1530 66.29 75.56 22.96 94.51 55.98
1531 66.22 92.56 14.67 20.86 62.44
1532 66.34 86.61 18.23 94.35 44.45
1533 66.33 31.39 21.08 183.91 105.52
1534 66.47 56.12 23.95 193.81 50.48
1535 66.33 40.27 22.33 180.29 64.14
1536 66.58 81.84 20.86 124.42 44.28
1537 66.61 23.90 15.58 80.16 175.76
1538 66.49 21.28 17.27 130.03 166.35
1539 66.67 63.93 24.40 212.10 48.71
1540 66.85 26.78 16.64 80.03 152.68
1541 66.69 58.80 24.12 225.83 49.62
1542 66.85 67.24 22.72 203.64 48.59
1543 66.72 53.29 23.29 199.36 50.11
1544 66.90 78.71 20.46 108.36 49.73
1545 67.04 14.38 14.32 50.15 149.24
1546 66.93 47.93 22.03 179.43 61.82
1547 66.87 50.41 23.82 181.75 54.91
1548 66.95 9.37 12.82 97.55 130.89
1549 67.22 84.41 17.46 126.70 37.58
1550 67.07 18.84 16.62 79.47 174.11
1551 67.18 35.99 19.21 110.34 193.78
1552 67.16 89.46 15.59 95.36 38.24
1553 67.12 92.04 12.02 56.98 34.24
1554 67.20 32.89 19.05 141.05 181.43
1555 67.33 38.46 20.59 100.99 203.24
1556 67.33 73.62 20.48 160.83 49.89
1557 67.25 45.71 24.25 168.90 154.96
1558 67.30 70.80 22.03 175.02 48.20
1559 67.39 43.22 20.44 126.01 207.21
1560 67.37 29.83 17.09 83.23 189.63
1561 67.42 61.07 20.41 202.98 47.93
1562 67.53 40.80 19.23 82.95 211.59
1563 67.45 76.15 18.87 155.31 48.76
1564 67.47 12.06 14.03 50.75 139.47
1565 67.49 86.75 15.98 120.24 34.86
1566 67.59 54.94 20.46 155.32 55.18
1567 67.55 21.80 14.22 39.31 187.81
1568 67.59 57.77 20.65 193.68 53.57
1569 67.78 17.00 14.78 29.53 179.59
1570 67.68 52.30 20.81 151.40 86.30
1571 67.82 24.78 14.94 35.26 185.20
1572 67.79 63.83 19.48 189.94 54.58
1573 68.04 66.33 18.89 193.60 52.51
1574 67.88 77.34 18.41 156.18 49.75
1575 68.07 80.94 16.26 153.54 42.50
1576 67.95 49.76 18.75 114.84 191.33
1577 68.11 27.39 15.76 40.40 187.85
1578 68.11 34.77 19.08 74.56 223.08
1579 68.10 47.27 19.67 90.91 217.15
1580 68.29 68.87 18.57 173.21 48.02
1581 68.33 32.37 16.61 52.62 217.56
1582 68.44 19.61 13.80 25.03 178.60
1583 68.42 44.79 19.69 73.62 218.64
1584 68.40 89.20 13.94 127.64 31.95
1585 68.53 37.34 17.97 50.53 217.95
1586 68.53 83.85 14.94 131.04 42.36
1587 68.45 13.85 13.34 26.49 156.58
1588 68.47 59.84 17.72 144.40 104.90
1589 68.52 30.09 17.03 39.62 211.82
1590 68.46 56.72 19.72 156.90 88.22
1591 68.60 71.35 17.54 161.93 54.60
1592 68.60 62.46 17.68 154.54 103.23
1593 68.72 75.26 16.98 160.01 48.71
1594 68.62 39.82 18.68 46.83 219.78
1595 68.61 42.39 19.00 40.42 217.03
1596 68.50 72.91 17.09 158.32 54.21
1597 68.72 22.32 15.09 23.96 180.38
1598 68.64 53.86 19.43 108.40 187.96
1599 68.76 78.15 16.38 136.68 57.95
1600 69.04 86.50 12.87 125.29 34.41
1601 69.14 11.05 11.20 24.76 126.22
1602 68.88 51.27 18.65 82.80 218.25
1603 69.14 16.03 13.07 33.09 135.65
1604 69.22 24.48 14.76 36.29 128.69
1605 69.06 25.97 14.78 26.95 159.60
1606 69.12 48.82 17.46 49.39 225.42
1607 69.16 65.22 15.70 128.60 112.38
1608 69.23 46.50 17.40 66.40 223.97
1609 69.39 28.68 15.08 25.91 168.73
1610 69.20 34.14 16.60 24.03 199.40
1611 69.37 35.62 15.38 27.26 184.36
1612 69.40 58.48 16.96 57.26 194.80
1613 69.49 81.51 14.88 139.85 54.76
1614 69.48 68.23 15.97 101.47 120.60
1615 69.59 55.69 17.90 68.75 201.22
1616 69.70 31.76 16.04 34.23 170.11
1617 69.64 38.51 16.69 26.88 169.45
1618 69.65 41.24 17.72 25.59 211.94
1619 69.68 62.03 16.57 71.94 180.51
1620 69.63 19.71 12.54 36.09 83.22
1621 69.78 44.19 17.67 27.30 207.38
1622 69.62 74.38 14.85 105.84 89.26
1623 69.71 89.70 11.57 107.25 33.73
1624 69.79 8.45 9.12 25.33 97.59
1625 69.79 71.39 15.88 76.88 151.03
1626 69.82 53.09 18.31 59.11 223.83
1627 70.04 84.69 13.28 104.16 66.03
1628 69.75 78.58 14.21 102.71 77.46
1629 70.07 27.12 14.85 39.31 107.98
1630 69.97 50.21 18.26 32.80 222.04
1631 70.30 65.18 14.97 63.00 188.88
1632 70.28 47.20 17.60 30.63 206.67
1633 70.30 34.15 15.05 32.95 85.55
1634 70.37 60.04 16.10 40.10 224.59
1635 70.60 23.54 14.42 151.00 50.38
1636 70.64 76.72 13.27 65.97 164.78
1637 70.51 14.89 11.99 143.32 43.31
1638 70.55 57.27 16.92 31.98 208.72
1639 70.69 67.76 14.60 49.93 192.50
1640 70.58 87.47 11.15 102.84 55.09
1641 70.50 39.94 17.03 29.66 124.63
1642 70.76 20.72 13.37 156.74 46.52
1643 70.57 42.53 15.68 28.34 141.24
1644 70.79 18.05 12.07 173.18 39.15
1645 70.81 54.76 16.33 30.27 212.55
1646 70.89 70.28 14.23 46.62 183.07
1647 70.94 73.20 13.89 48.38 178.68
1648 70.76 9.22 9.62 87.43 39.08
1649 70.68 31.94 15.48 89.80 65.38
1650 70.91 82.65 12.00 61.17 153.18
1651 70.83 90.11 10.02 74.44 39.98
1652 70.94 52.28 15.86 31.58 208.39
1653 71.01 26.03 13.82 172.16 47.76
1654 70.84 45.22 15.86 36.11 122.92
1655 71.11 61.72 15.04 31.23 211.76
1656 71.02 35.85 14.98 121.83 70.96
1657 71.29 49.46 15.77 37.08 175.45
1658 71.13 79.32 12.78 48.12 169.24
1659 71.14 12.39 9.99 143.05 37.69
1660 71.12 38.29 15.00 153.80 53.95
1661 71.39 28.74 13.94 188.91 46.42
1662 71.34 64.08 14.75 31.51 211.16
1663 71.46 84.54 12.02 53.13 153.37
1664 71.43 58.77 15.24 26.58 205.01
1665 71.44 33.71 14.42 165.79 52.03
1666 71.40 40.94 15.64 159.85 52.77
1667 71.60 86.44 10.44 59.67 139.77
1668 71.42 43.39 16.77 135.38 61.51
1669 71.71 31.08 14.12 208.36 43.28
1670 71.64 74.98 13.97 50.51 176.90
1671 71.72 15.56 11.95 198.18 33.84
1672 71.78 56.12 15.69 25.77 167.68
1673 71.80 67.12 13.31 27.67 185.47
1674 71.80 45.74 16.46 165.43 67.25
1675 71.78 10.25 9.56 125.95 34.33
1676 71.98 18.38 12.86 186.91 36.49
1677 71.87 23.60 12.82 202.61 40.39
1678 71.94 51.72 16.14 48.34 137.69
1679 72.06 20.88 12.88 177.42 37.24
1680 72.06 54.04 15.54 43.73 113.43
1681 72.18 69.57 14.11 29.96 180.99
1682 72.16 35.96 14.73 201.30 44.23
1683 72.14 77.71 13.06 34.23 180.12
1684 72.10 26.95 12.96 215.28 38.51
1685 72.15 38.96 14.92 227.03 48.45
1686 72.27 72.32 12.68 22.53 179.42
1687 72.39 60.31 14.32 33.72 184.82
1688 72.30 83.15 12.08 28.90 170.92
1689 72.54 62.69 14.23 31.02 186.42
1690 72.73 65.52 13.18 28.04 155.84
1691 72.49 13.05 10.59 184.64 32.32
1692 72.46 47.69 15.82 199.92 61.15
1693 72.48 43.76 15.48 218.92 49.02
1694 72.60 41.60 14.98 221.84 49.19
1695 72.56 33.10 14.08 231.01 43.28
1696 72.47 81.26 10.62 28.29 173.92
1697 72.83 24.71 13.27 209.73 37.93
1698 72.98 29.90 13.22 183.87 40.89
1699 73.22 74.66 11.99 21.83 158.69
1700 72.94 16.07 11.99 155.21 40.56
1701 72.80 56.03 14.19 112.03 62.94
1702 72.97 79.92 11.94 22.47 169.53
1703 72.89 51.94 14.30 163.74 52.77
1704 73.05 37.37 14.38 241.14 41.94
1705 73.04 85.95 10.00 23.07 154.02
1706 73.14 10.61 9.74 130.07 34.69
1707 73.12 22.28 12.93 148.08 40.51
1708 73.16 45.64 16.85 240.18 48.41
1709 73.15 19.16 12.64 127.04 39.29
1710 73.25 49.75 16.12 214.85 53.72
1711 73.30 54.10 14.49 190.12 49.72
1712 73.18 27.38 14.09 174.43 39.03
1713 73.50 71.03 12.31 23.50 135.68
1714 73.26 39.93 14.64 236.24 44.24
1715 73.34 58.36 15.60 190.68 57.62
1716 73.47 35.14 14.87 217.67 43.59
1717 73.49 77.49 11.24 22.97 175.02
1718 73.40 82.31 11.10 23.56 176.94
1719 73.45 88.35 8.16 22.16 154.47
1720 73.54 32.33 13.81 170.41 38.29
1721 73.66 43.13 14.16 226.31 45.56
1722 73.59 60.83 13.57 138.67 81.40
1723 73.73 13.44 10.28 107.60 45.09
1724 73.89 47.69 15.17 242.99 47.96
1725 73.95 56.28 14.40 215.02 46.01
1726 73.88 68.93 12.44 27.42 110.20
1727 73.91 63.20 13.48 155.30 56.68
1728 73.87 25.33 13.24 119.07 97.98
1729 74.03 51.99 14.63 216.43 49.10
1730 74.07 38.53 15.47 213.26 51.26
1731 73.95 17.03 12.43 68.74 120.56
1732 74.08 21.53 13.62 95.92 141.16
1733 74.29 85.51 9.33 14.26 141.73
1734 73.83 86.74 9.50 12.33 151.83
1735 74.69 15.04 10.66 41.80 139.65
1736 74.37 19.06 12.38 62.76 148.43
1737 74.25 30.26 13.18 134.69 82.05
1738 74.29 79.59 10.96 21.14 148.82
1739 74.29 27.98 14.58 117.96 131.34
1740 74.23 41.09 14.66 200.53 47.77
1741 74.40 45.13 14.33 229.34 47.53
1742 74.58 23.33 12.74 80.67 173.43
1743 74.46 34.59 13.67 168.03 44.22
1744 74.44 59.15 13.70 203.62 45.36
1745 74.59 74.66 12.01 29.22 98.31
1746 74.58 49.71 14.25 231.90 44.90
1747 74.52 71.72 11.79 35.48 72.85
1748 74.67 32.37 12.07 118.49 118.31
1749 74.72 54.31 13.57 226.24 45.25
1750 74.82 62.03 13.30 214.15 50.18
1751 74.71 36.98 13.58 124.82 131.16
1752 74.92 81.21 10.86 28.66 121.76
1753 74.82 65.31 12.54 160.47 53.59
1754 74.75 76.81 12.63 21.80 115.92
1755 74.96 42.78 14.31 174.23 60.54
1756 75.03 12.06 10.02 32.11 131.12
1757 75.40 87.29 7.47 15.65 106.61
1758 75.11 25.98 13.29 52.06 188.69
1759 75.15 47.34 14.04 214.43 52.72
1760 75.35 69.72 12.14 152.22 49.81
1761 75.11 39.70 13.81 112.70 162.37
1762 75.23 51.59 14.64 203.48 47.81
1763 75.20 57.31 13.57 225.17 45.39
1764 75.28 20.72 12.12 33.99 178.14
1765 75.41 73.53 10.96 80.07 54.56
1766 75.37 78.03 11.57 35.10 80.96
1767 75.49 28.59 12.53 44.26 188.74
1768 75.64 84.44 9.10 19.11 90.97
1769 75.45 60.11 13.81 223.68 46.21
1770 75.59 17.40 11.72 29.29 157.84
1771 75.58 30.92 12.59 57.00 168.54
1772 75.54 35.92 12.94 78.26 201.02
1773 75.59 44.80 15.10 135.84 140.90
1774 75.78 33.51 12.59 56.42 169.92
1775 75.56 79.42 12.60 47.00 70.47
1776 75.71 23.42 12.49 26.16 183.79
1777 75.86 67.03 12.80 187.42 45.90
1778 75.97 38.24 13.79 72.12 198.86
1779 75.85 53.34 14.52 164.13 49.26
1780 75.90 55.74 12.85 199.81 47.72
1781 75.95 64.35 12.66 227.11 45.73
1782 75.96 49.68 14.00 98.84 146.39
1783 76.21 14.69 10.24 20.92 137.22
1784 76.04 40.77 13.38 67.43 196.38
1785 76.14 71.76 11.88 124.67 48.04
1786 76.35 43.09 13.54 69.01 198.57
1787 76.31 61.80 13.22 228.18 56.08
1788 76.37 12.30 9.89 20.04 133.20
1789 76.63 74.99 11.14 143.70 44.57
1790 76.33 47.37 14.30 102.98 188.25
1791 76.46 59.07 13.38 223.25 53.80
1792 76.47 20.52 12.22 24.27 163.36
1793 76.36 26.04 13.00 23.18 196.46
1794 76.66 78.07 10.85 113.15 45.80
1795 76.58 80.16 10.86 96.50 42.88
1796 76.77 28.27 12.72 23.57 189.13
1797 76.61 35.99 13.60 30.34 197.76
1798 77.03 16.88 11.13 25.63 105.41
1799 76.71 31.25 12.67 25.57 193.99
1800 76.85 51.81 14.01 108.56 173.73
1801 76.92 69.37 11.56 191.04 43.06
1802 77.03 83.57 8.96 69.10 36.48
1803 76.86 23.51 12.39 32.79 163.56
1804 76.86 45.30 13.69 52.31 199.06
1805 76.91 54.59 12.84 169.12 142.97
1806 76.95 57.09 13.26 161.53 108.66
1807 76.98 81.31 9.50 96.52 37.76
1808 77.06 33.85 13.47 23.64 190.32
1809 77.02 66.59 12.83 191.00 42.85
1810 77.11 38.30 13.10 28.78 204.61
1811 77.11 41.01 13.03 30.37 209.30
1812 77.25 49.57 14.61 72.89 204.91
1813 77.10 63.69 12.74 191.10 53.85
1814 77.23 85.88 8.13 61.07 31.57
1815 77.46 72.20 10.84 186.56 42.03
1816 77.51 19.68 12.06 38.03 102.24
1817 77.47 61.16 13.34 188.80 91.29
1818 77.56 43.55 12.78 26.97 212.03
1819 77.57 47.45 14.46 34.39 220.23
1820 77.46 13.52 9.03 30.75 57.56
1821 77.52 26.09 12.89 42.75 113.58
1822 77.68 29.49 13.32 41.46 133.61
1823 77.71 36.13 13.78 27.80 189.40
1824 77.91 58.75 12.80 138.58 179.67
1825 77.82 32.06 12.05 36.86 143.30
1826 78.03 53.35 13.57 75.17 196.74
1827 77.99 79.30 9.77 153.75 36.06
1828 78.08 40.26 13.34 25.95 192.32
1829 77.96 65.37 11.81 181.66 56.36
1830 78.11 55.97 13.26 70.58 192.02
1831 78.29 82.02 8.84 114.87 33.12
1832 78.21 45.60 14.03 21.94 210.96
1833 78.24 51.21 13.34 47.98 206.20
1834 78.17 74.76 10.86 173.31 39.58
1835 78.26 38.27 13.09 41.42 195.09
1836 78.28 70.42 10.80 173.55 46.00
1837 78.57 15.86 10.32 115.76 39.62
1838 78.42 68.01 11.45 141.78 49.40
1839 78.28 34.48 12.51 40.41 133.42
1840 78.40 42.34 14.12 27.86 189.56
1841 78.45 62.76 11.91 135.99 170.64
1842 78.60 84.48 7.70 102.48 30.24
1843 78.40 12.97 9.16 79.40 39.31
1844 78.33 23.21 13.15 128.85 49.26
1845 78.49 26.13 14.04 166.78 54.98
1846 78.48 20.38 12.18 124.67 46.08
1847 78.58 48.77 13.59 27.71 204.68
1848 78.70 30.07 13.48 171.51 50.27
1849 78.79 60.30 12.09 98.39 179.92
1850 78.85 77.40 10.21 169.72 39.88
1851 78.83 32.56 12.11 155.46 52.66
1852 79.02 72.27 11.53 154.17 43.57
1853 78.84 36.92 14.08 145.02 70.95
1854 79.00 17.86 11.32 138.59 34.76
1855 79.10 57.45 11.83 55.39 194.24
1856 79.13 43.91 13.16 28.57 169.52
1857 79.10 54.39 12.59 36.73 197.52
1858 79.21 65.19 10.71 129.87 159.85
1859 79.22 46.55 13.94 27.42 190.66
1860 79.14 75.29 11.25 180.77 42.31
1861 79.24 79.83 9.82 127.70 37.81
1862 79.35 35.16 13.93 208.78 48.75
1863 79.24 39.30 13.51 126.93 66.68
1864 79.42 27.94 13.05 218.96 41.59
1865 79.34 22.65 13.06 198.20 45.79
1866 79.32 51.13 12.87 22.78 199.06
1867 79.53 69.44 11.06 82.31 107.92
1868 79.77 19.96 12.33 200.16 37.41
1869 79.76 48.69 13.51 30.21 184.51
1870 79.65 62.46 11.71 67.73 186.13
1871 79.79 67.62 11.88 108.80 143.61
1872 79.98 82.24 7.63 122.74 30.86
1873 79.79 25.15 13.01 220.01 41.05
1874 79.87 74.50 10.62 150.70 60.00
1875 79.87 30.54 13.29 218.86 42.51
1876 79.93 37.78 12.55 197.97 46.67
1877 79.92 59.85 11.58 43.52 180.40
1878 79.97 14.68 9.72 154.65 31.44
1879 80.24 17.22 10.81 176.10 33.88
1880 80.05 33.51 13.52 217.87 39.77
1881 80.09 53.09 13.37 22.12 194.15
1882 80.13 40.53 13.03 208.81 44.76
1883 80.04 43.11 13.11 155.65 57.91
1884 80.26 55.54 12.85 23.21 203.08
1885 80.01 66.52 11.40 102.80 161.05
1886 80.14 78.36 8.67 105.52 43.15
1887 80.20 57.60 12.63 36.60 194.94
1888 80.39 76.31 11.35 118.81 60.64
1889 80.37 72.33 10.84 102.45 117.71
1890 80.54 22.55 12.60 230.47 37.09
1891 80.52 64.64 11.42 61.33 181.09
1892 80.52 27.37 12.61 225.32 36.83
1893 80.50 69.10 11.23 81.92 152.60
1894 80.60 36.19 12.41 224.82 37.97
1895 80.60 47.63 12.65 123.60 88.19
1896 80.73 62.06 11.50 27.57 192.36
1897 80.75 31.88 14.52 222.84 36.96
1898 80.91 45.39 12.80 173.81 53.01
1899 81.00 19.93 12.35 205.80 35.41
1900 81.09 25.09 13.39 221.89 40.08
1901 81.08 29.49 13.47 220.29 33.89
1902 81.14 38.78 12.64 238.31 38.23
1903 81.04 42.91 13.28 234.18 42.00
1904 81.08 59.16 12.49 24.87 187.20
1905 81.06 83.43 7.72 56.22 33.72
1906 81.33 15.23 10.01 144.14 32.15
1907 81.17 53.85 12.35 44.52 150.78
1908 81.47 74.62 10.42 83.26 138.82
1909 81.31 40.86 11.80 236.89 40.76
1910 81.22 49.64 13.87 160.45 63.30
1911 81.41 70.38 11.61 36.03 166.04
1912 81.38 81.14 7.79 74.85 53.32
1913 81.29 34.35 12.63 221.08 38.09
1914 81.08 68.93 10.67 42.75 169.92
1915 81.36 78.42 8.99 86.85 89.25
1916 81.43 56.51 11.97 30.84 171.45
1917 81.78 17.84 11.11 145.04 39.93
1918 81.61 51.96 12.59 158.43 65.57
1919 81.68 47.72 12.03 205.94 48.67
1920 81.54 68.17 11.88 38.54 169.58
1921 81.78 72.09 11.07 58.42 153.03
1922 81.72 36.93 12.38 233.19 35.24
1923 81.75 63.99 11.64 25.51 173.49
1924 81.79 26.96 12.52 177.46 35.08
1925 81.83 23.14 13.19 155.34 37.43
1926 81.83 61.27 11.34 18.37 172.16
1927 81.79 31.94 13.56 211.10 40.51
1928 81.95 43.92 12.65 232.72 40.60
1929 82.06 20.67 11.33 154.75 63.80
1930 82.05 83.34 6.50 31.16 66.87
1931 82.17 29.50 13.24 194.44 42.06
1932 82.29 46.06 12.88 230.83 41.02
1933 82.11 54.37 12.25 152.44 74.11
1934 82.26 58.76 11.26 32.66 135.14
1935 82.36 50.05 12.74 180.75 41.66
1936 82.46 39.64 12.44 215.85 37.39
1937 82.46 41.77 12.63 210.62 39.48
1938 82.44 76.42 9.66 67.97 145.66
1939 82.42 34.98 12.44 219.64 39.70
1940 82.48 68.55 10.49 27.60 166.51
1941 82.23 78.85 7.92 58.08 127.16
1942 82.83 79.25 8.32 51.50 139.51
1943 82.60 56.68 11.88 133.25 74.29
1944 82.71 66.16 11.42 21.37 175.07
1945 82.66 32.76 13.52 179.37 91.52
1946 82.72 37.48 13.31 212.52 45.34
1947 82.84 25.04 11.64 147.59 105.97
1948 82.81 52.34 12.48 197.06 45.33
1949 82.91 71.04 10.91 26.43 166.69
1950 83.04 74.11 10.10 51.14 156.46
1951 82.92 27.76 14.68 175.03 86.20
1952 82.99 47.91 12.78 207.75 40.25
1953 83.06 63.44 11.29 17.14 154.25
1954 83.11 20.05 12.23 73.95 151.53
1955 82.91 44.28 12.61 196.30 42.65
1956 82.95 60.81 11.57 18.38 133.33
1957 82.93 80.70 8.20 37.48 135.52
1958 83.20 22.90 12.52 89.24 140.98
1959 83.22 54.81 11.21 190.00 50.62
1960 83.20 31.03 12.75 148.67 125.23
1961 83.38 58.49 11.97 128.77 86.26
1962 83.62 18.03 9.91 73.85 151.74
1963 83.60 36.34 12.97 147.07 158.59
1964 83.59 40.96 13.72 157.17 91.92
1965 83.59 50.12 12.71 210.15 39.91
1966 83.61 43.10 12.59 168.37 52.55
1967 83.78 80.80 7.25 16.90 132.00
1968 83.70 68.31 11.98 19.06 170.80
1969 83.66 33.80 12.90 116.78 165.24
1970 83.70 38.70 12.92 129.82 142.70
1971 83.72 45.68 12.30 175.50 53.85
1972 83.95 29.47 13.26 114.82 173.52
1973 83.89 16.16 9.42 45.16 144.22
1974 84.11 76.26 8.15 19.38 152.25
1975 84.28 65.89 11.00 21.99 128.73
1976 83.96 26.97 11.30 94.25 173.61
1977 84.00 52.35 12.30 216.92 43.49
1978 83.96 61.11 11.79 53.71 122.86
1979 84.23 70.13 10.85 18.19 155.43
1980 84.03 72.50 10.09 15.33 159.36
1981 84.26 56.96 12.28 213.65 46.02
1982 84.19 25.47 12.89 67.64 173.58
1983 84.16 47.91 12.72 164.02 41.08
1984 84.19 23.80 11.83 53.22 167.91
1985 84.25 20.99 11.36 45.55 177.90
1986 84.32 63.66 11.49 33.92 123.72
1987 84.35 32.08 12.78 108.25 178.20
1988 84.38 54.53 11.50 218.04 42.20
1989 84.53 73.67 9.69 13.87 141.59
1990 84.57 34.93 12.72 71.58 196.80
1991 84.73 59.56 12.01 163.49 62.31
1992 84.68 37.39 12.84 94.56 191.76
1993 84.69 40.44 12.68 82.96 182.68
1994 84.60 43.12 11.70 108.66 162.77
1995 84.78 50.45 12.15 184.15 45.05
1996 84.83 45.70 12.07 102.52 138.25
1997 84.83 17.70 9.66 22.35 150.28
1998 84.86 28.50 13.37 66.12 200.14
1999 85.34 67.96 10.40 32.95 63.16
2000 85.05 62.29 11.73 116.17 74.73
2001 85.20 22.34 11.84 41.57 187.50
2002 85.27 52.80 11.36 193.24 41.11
2003 85.34 26.70 12.53 40.36 190.19
2004 85.27 48.42 13.16 132.84 123.03
2005 85.55 71.45 9.47 20.09 105.03
2006 85.42 19.70 10.28 24.33 174.13
2007 85.42 55.41 12.29 223.38 44.25
2008 85.61 24.69 10.99 28.90 189.74
2009 85.47 33.70 12.42 52.40 196.74
2010 85.37 65.67 10.25 72.46 63.98
2011 85.51 75.03 8.75 11.93 122.78
2012 85.45 38.88 12.20 56.70 198.80
2013 85.62 57.92 11.79 210.29 41.55
2014 85.56 44.20 13.04 68.07 188.40
2015 85.36 73.70 10.00 12.42 125.33
2016 85.64 35.93 12.71 44.02 196.96
2017 85.74 41.85 12.53 53.03 195.44
2018 85.93 63.44 11.91 168.97 49.25
2019 86.07 17.86 9.46 11.76 143.46
2020 85.90 29.30 12.56 39.53 197.74
2021 85.91 60.79 11.03 182.21 42.46
2022 85.98 50.99 12.41 142.48 144.41
2023 86.03 46.66 12.00 59.07 181.23
2024 86.27 32.30 12.18 28.00 191.94
2025 86.36 37.71 13.02 35.31 198.02
2026 86.37 39.94 12.31 34.15 197.58
2027 86.51 49.04 11.50 71.31 172.78
2028 86.53 65.33 10.60 139.73 45.90
2029 86.50 20.89 10.57 16.90 159.89
2030 86.46 53.22 11.39 176.34 78.84
2031 86.55 27.70 12.34 25.20 192.04
2032 86.54 55.76 11.26 173.49 76.99
2033 86.67 23.30 11.38 16.79 159.62
2034 86.65 35.06 12.47 25.19 183.31
2035 86.54 44.57 11.72 37.36 171.53
2036 86.79 25.58 11.88 19.85 169.20
2037 86.85 69.28 10.30 88.26 48.72
2038 87.01 75.71 7.72 25.71 86.00
2039 86.60 73.72 9.00 19.45 81.18
2040 86.81 59.10 12.19 202.68 56.55
2041 86.84 42.20 12.14 28.07 188.05
2042 86.88 30.15 12.16 22.07 185.38
2043 87.12 67.12 10.14 125.15 44.73
2044 87.18 62.21 10.75 194.48 40.12
2045 87.19 33.06 12.75 19.62 182.68
2046 87.19 47.23 11.35 37.56 170.60
2047 87.27 51.04 12.61 65.16 181.22
2048 87.45 72.54 8.65 82.66 49.60
2049 87.27 37.13 12.21 25.05 189.67
2050 87.41 40.00 13.23 24.11 196.21
2051 87.56 56.81 12.46 92.10 128.20
2052 87.62 44.58 12.32 30.97 185.68
2053 87.67 53.91 11.64 73.14 144.74
2054 87.70 27.97 11.64 15.97 143.56
2055 87.79 24.61 11.60 11.48 134.76
2056 88.00 64.66 10.28 201.31 43.38
2057 88.02 30.13 12.53 13.89 148.39
2058 88.01 34.90 13.28 16.22 177.00
2059 87.94 42.05 12.56 22.65 181.71
2060 87.99 59.99 11.67 157.83 114.61
2061 88.29 70.65 9.52 153.51 42.13
2062 88.13 32.79 12.68 14.30 168.91
2063 88.22 49.26 11.97 27.46 172.70
2064 88.24 38.73 13.14 21.28 189.33
2065 88.22 46.81 11.35 24.65 189.74
2066 88.38 67.78 9.44 185.25 42.03
2067 88.43 36.65 12.31 15.63 172.14
2068 88.33 51.81 12.76 51.59 175.73
2069 88.54 62.40 10.73 116.78 99.43
2070 88.53 56.62 11.78 57.75 164.19
2071 88.82 26.38 11.19 11.36 103.94
2072 88.73 23.34 11.14 9.20 77.84
2073 89.15 72.67 7.62 90.59 35.88
2074 88.86 31.23 12.65 15.06 141.94
2075 89.08 40.29 11.16 13.73 148.95
2076 88.88 54.48 11.89 48.62 160.38
2077 89.03 58.90 11.04 92.11 150.21
2078 89.23 42.29 12.55 14.55 113.26
2079 89.47 33.46 12.11 10.14 100.88
2080 89.26 45.84 12.33 15.30 145.79
2081 89.18 65.91 10.58 159.08 76.30
2082 89.41 28.42 11.15 9.54 73.82
2083 89.42 47.72 11.56 15.24 114.91
2084 89.35 49.94 11.88 27.72 160.21
2085 89.53 37.98 11.83 12.67 103.33
2086 89.58 61.08 11.30 73.91 161.62
2087 89.49 52.63 11.41 29.00 178.22
2088 89.42 69.54 9.21 125.36 38.03
2089 89.61 35.59 11.40 10.52 97.05
2090 89.88 63.90 10.35 111.44 141.03
2091 89.66 57.08 11.08 39.28 165.41
2092 89.91 24.95 11.00 7.56 56.81
2093 89.89 30.68 11.70 9.71 63.67
2094 89.96 43.93 11.78 13.39 95.15
2095 90.23 55.03 11.28 24.45 167.18
2096 90.19 39.34 11.67 11.07 71.59
2097 90.54 50.55 11.23 12.83 134.41
2098 90.54 59.28 11.77 22.56 146.30
2099 90.47 65.91 10.89 60.22 137.07
2100 90.44 41.60 10.70 9.18 67.16
2101 90.60 45.96 10.74 11.15 65.54
2102 90.62 48.29 11.08 11.12 73.79
2103 90.50 37.49 11.96 9.21 60.71
2104 90.74 27.13 10.19 7.01 36.34
2105 90.77 53.15 11.78 17.90 142.44
2106 90.79 34.50 11.19 8.40 50.42
2107 90.88 32.33 11.80 8.42 44.71
2108 90.91 61.65 10.42 45.31 158.44
2109 90.77 36.32 13.11 8.52 46.63
2110 90.86 57.22 10.45 19.42 154.70
2111 91.02 29.07 10.96 6.62 37.31
2112 91.13 39.33 11.60 8.74 47.23
2113 91.03 43.59 11.87 9.53 50.75
2114 91.18 64.09 9.52 33.29 145.29
2115 91.41 25.91 9.47 5.87 31.60
2116 91.57 55.33 10.81 15.31 122.98
2117 91.67 66.04 9.05 43.40 147.80
2118 91.87 49.20 11.21 9.18 51.38
2119 91.65 36.78 12.41 8.61 37.59
2120 91.61 42.64 12.94 7.18 41.29
2121 91.63 32.52 11.04 6.54 34.18
2122 91.86 34.28 12.83 7.35 35.61
2123 92.04 41.02 12.05 7.99 39.16
2124 91.95 30.11 12.81 6.81 31.40
2125 92.16 26.92 10.62 5.48 28.08
2126 91.97 44.84 11.52 7.96 32.28
2127 92.21 53.39 11.79 10.20 82.10
2128 92.23 57.99 11.13 12.83 116.42
2129 92.14 62.57 9.07 23.64 130.20
2130 92.38 28.57 11.00 5.67 33.11
2131 92.12 31.77 11.09 5.91 35.27
2132 92.37 43.10 11.00 7.11 32.37
2133 92.41 36.89 12.43 7.93 37.04
2134 92.44 33.74 11.00 6.75 35.75
2135 92.97 51.59 10.69 7.10 34.54
2136 92.95 30.79 13.01 6.15 31.90
2137 92.89 55.24 11.53 8.49 63.73
2138 92.95 35.70 13.35 7.59 39.51
2139 92.66 49.78 9.83 5.67 34.83
2140 93.11 45.73 11.09 7.47 32.38
2141 93.10 33.60 12.65 6.46 33.42
2142 93.09 61.14 9.77 12.52 106.45
2143 93.09 41.19 12.69 7.06 35.31
2144 93.29 58.98 9.22 9.90 66.00
2145 93.36 49.40 10.32 7.12 33.32
2146 93.46 38.51 13.60 7.48 33.31
2147 93.86 62.44 8.40 8.09 73.96
2148 93.39 47.62 11.41 7.36 34.00
2149 93.30 57.34 9.20 8.30 61.00
2150 93.45 31.37 14.25 4.75 31.38
2151 94.09 54.00 10.01 6.35 32.37
2152 93.75 56.40 9.34 7.06 33.70
2153 93.83 36.20 14.17 6.37 33.96
2154 93.69 52.80 11.00 6.29 34.57
2155 94.01 40.52 13.67 7.00 32.22
2156 93.91 51.23 10.77 6.39 33.55
2157 94.03 30.13 14.06 5.02 31.32
2158 93.85 33.60 12.78 7.07 30.41
2159 94.02 44.82 11.37 6.83 32.09
2160 93.92 48.02 10.87 7.40 37.00
2161 94.36 59.44 8.97 7.37 46.73
2162 94.23 42.34 12.10 6.84 34.69
2163 94.09 46.52 10.04 6.25 33.79
2164 94.54 32.02 14.34 5.38 31.04
2165 94.57 35.23 12.84 5.53 31.50
2166 94.63 38.03 14.19 6.18 33.26
2167 94.37 48.58 10.40 7.80 30.60
2168 94.60 56.80 9.26 6.55 32.15
2169 94.86 47.19 11.45 6.77 32.77
2170 94.69 49.39 11.57 6.00 30.29
2171 95.22 33.55 12.32 5.80 29.36
2172 95.17 39.91 14.24 6.51 31.89
2173 94.98 60.39 8.81 5.15 36.46
2174 95.23 54.60 9.29 5.03 30.45
2175 95.37 42.24 12.30 6.35 30.80
2176 95.13 58.53 8.09 4.91 33.82
2177 95.20 36.29 12.00 6.62 32.88
2178 95.36 49.64 11.45 6.48 32.71
2179 95.54 57.56 9.20 5.28 31.59
2180 95.75 36.91 12.88 6.06 33.14
2181 95.66 45.51 11.07 5.56 32.88
2182 95.78 51.10 10.70 6.40 31.79
2183 95.92 53.22 9.00 6.21 28.23
2184 96.00 48.53 10.48 4.61 29.18
2185 95.94 38.27 13.14 5.61 29.89
2186 96.06 46.75 9.97 5.79 28.79
2187 96.27 38.71 12.50 7.50 29.00
2188 96.76 45.75 10.32 6.34 29.55
2189 96.87 50.81 10.75 5.42 30.07
2190 96.79 40.88 11.67 5.42 29.19
2191 96.81 38.84 12.21 4.94 30.41
2192 97.01 48.52 8.97 4.68 28.83
2193 97.44 37.67 12.89 3.91 29.57
2194 97.61 46.32 10.46 4.86 31.66
2195 97.80 43.58 10.06 4.66 31.55
2196 98.93 43.22 7.73 2.70 28.11

