#<Embryo name> <Cleavage cycle> <Temporal class> <Genes>
lesl16 14A 8 Kruppel even-skipped fushi-tarazu

#Quantitative data
#<Nucleus number> <A-P coordinate> <D-V coordinate> <Fluorescence intensity: channel 1 - Kr, channel 2 - eve, channel 3 - ftz>
0 2.24 40.97 7.38 2.00 25.34
1 2.34 37.88 7.15 2.01 26.16
2 2.17 44.82 7.36 2.32 23.64
3 2.19 39.36 8.06 1.68 23.97
4 2.66 36.21 10.22 2.14 26.03
5 2.72 34.99 7.13 1.66 26.26
6 3.23 39.30 8.77 2.50 28.44
7 3.25 43.67 10.13 2.22 30.16
8 3.31 41.55 9.85 2.61 26.11
9 3.58 47.05 10.81 2.25 29.30
10 3.40 48.66 8.45 2.21 25.00
11 3.48 35.35 9.57 2.17 27.20
12 3.87 50.18 6.95 2.26 21.61
13 3.82 36.82 10.73 2.53 27.04
14 3.94 34.36 11.97 2.26 27.85
15 4.05 40.72 10.56 2.86 29.61
16 4.15 32.70 10.41 2.02 24.63
17 4.09 51.55 7.96 1.89 23.53
18 4.15 39.12 14.14 3.09 27.74
19 4.09 46.58 13.59 2.35 29.06
20 4.34 44.92 14.62 2.88 30.75
21 4.56 36.80 13.30 2.36 26.38
22 4.69 45.87 13.39 2.80 31.02
23 4.55 41.60 14.60 3.30 35.20
24 4.60 52.09 7.75 2.31 23.88
25 4.85 33.67 10.40 2.27 27.98
26 4.82 38.37 13.24 2.48 28.55
27 4.88 39.92 22.05 2.62 23.10
28 4.75 50.89 9.54 1.92 28.31
29 4.83 44.17 17.22 2.94 30.17
30 5.13 42.34 14.93 3.72 29.75
31 5.34 51.57 9.21 2.62 27.86
32 5.33 44.69 19.68 3.04 24.60
33 5.35 46.57 12.73 3.77 30.50
34 5.56 54.73 7.65 2.27 25.77
35 5.71 50.42 10.31 3.21 29.82
36 5.79 29.75 11.45 2.41 27.36
37 5.88 35.88 15.75 2.81 30.39
38 5.67 39.95 18.59 3.86 31.41
39 5.70 47.52 18.74 2.91 28.60
40 5.69 49.10 12.57 2.86 28.35
41 5.66 53.21 12.23 2.49 26.98
42 5.84 38.54 17.35 2.92 30.68
43 6.10 45.84 17.64 3.33 28.09
44 6.17 54.36 9.76 2.61 28.55
45 6.33 42.17 28.61 3.24 23.29
46 6.26 52.90 13.86 2.91 28.91
47 6.44 44.22 17.63 3.55 30.34
48 6.36 39.82 24.75 3.78 27.53
49 6.37 50.98 15.63 3.48 28.33
50 6.42 30.23 12.95 2.48 26.69
51 6.41 49.14 16.43 2.83 30.45
52 6.50 37.99 13.23 3.38 31.72
53 6.45 36.56 18.62 2.31 31.85
54 6.83 52.29 12.03 3.09 29.68
55 7.26 49.86 17.81 3.47 29.86
56 6.86 53.91 12.56 2.59 29.24
57 6.91 36.30 33.40 2.80 22.73
58 7.00 45.89 28.71 3.74 27.53
59 7.26 58.51 7.42 1.96 24.11
60 7.35 36.99 32.23 2.89 25.08
61 7.61 43.22 35.04 3.57 27.33
62 7.35 41.81 24.34 3.06 32.69
63 7.53 27.38 11.18 2.18 30.13
64 7.55 33.69 29.73 2.54 23.38
65 7.88 40.28 34.78 3.68 24.67
66 7.79 29.75 13.14 2.42 29.51
67 7.79 46.86 23.24 3.78 30.69
68 7.66 38.42 22.68 3.00 31.56
69 7.66 28.57 12.33 2.56 29.78
70 8.01 34.64 33.10 3.58 23.18
71 8.04 57.23 10.20 3.35 29.33
72 8.48 27.58 12.93 2.45 27.88
73 8.40 45.45 33.98 3.76 26.07
74 8.78 37.02 34.44 3.35 26.59
75 8.76 59.70 8.90 3.02 28.66
76 8.85 50.52 18.38 3.49 32.13
77 8.62 44.13 33.00 4.95 29.16
78 8.80 48.44 33.90 3.92 22.26
79 9.10 42.36 41.31 4.14 26.35
80 8.85 54.75 11.83 3.66 31.14
81 9.15 52.04 17.43 3.63 26.96
82 9.04 57.87 12.00 3.26 29.49
83 9.06 32.28 31.45 3.89 25.11
84 9.14 26.44 13.52 2.33 28.36
85 9.09 30.33 17.15 3.07 28.25
86 9.14 39.70 37.90 3.82 26.85
87 9.02 25.17 11.68 2.11 29.32
88 9.02 44.87 33.14 4.31 29.38
89 9.18 61.71 6.85 2.59 24.31
90 9.25 53.21 11.72 3.56 31.22
91 9.63 34.81 37.28 3.77 25.18
92 9.42 53.95 16.50 4.33 25.67
93 9.59 25.66 11.73 2.31 29.00
94 9.70 60.29 8.11 3.11 29.89
95 9.82 43.30 36.70 3.36 27.89
96 9.75 57.77 11.32 3.30 29.46
97 10.17 54.65 15.08 4.09 32.30
98 10.02 63.44 7.30 3.02 24.56
99 9.94 24.78 13.64 2.39 27.89
100 10.11 45.80 35.89 4.39 25.27
101 10.55 37.56 39.88 3.71 26.53
102 10.28 59.08 8.78 3.37 30.96
103 10.59 60.74 8.79 3.35 29.36
104 10.69 40.91 40.32 4.11 30.19
105 10.35 52.46 18.52 4.03 28.70
106 10.66 32.20 38.46 3.86 26.61
107 10.24 29.95 30.27 2.93 23.53
108 10.40 57.48 10.26 3.36 29.69
109 10.48 62.36 8.53 3.06 26.06
110 10.68 24.19 13.27 2.02 27.03
111 10.64 29.11 24.58 3.56 28.36
112 11.18 44.01 33.00 4.37 30.01
113 10.81 25.89 15.67 2.48 27.83
114 10.82 63.94 6.56 2.91 22.94
115 11.05 53.84 17.55 3.87 30.39
116 11.27 34.72 35.15 3.42 24.50
117 11.34 30.16 18.36 2.64 30.73
118 11.38 23.23 12.96 2.30 27.45
119 11.52 58.77 9.97 4.30 32.45
120 11.62 56.09 10.18 3.68 29.71
121 11.39 25.87 24.35 3.22 28.52
122 11.89 28.47 36.01 3.52 24.44
123 11.54 39.11 32.41 4.26 26.67
124 11.64 47.25 33.70 4.28 27.36
125 11.55 63.23 7.08 3.47 28.58
126 11.81 52.71 14.38 3.68 30.75
127 11.98 60.96 8.87 3.40 31.04
128 11.71 57.47 10.45 3.27 28.45
129 11.93 64.46 8.04 3.11 26.98
130 11.96 41.95 34.32 5.07 25.13
131 11.82 26.43 25.16 3.84 33.10
132 12.12 21.60 13.94 2.29 26.38
133 11.90 62.31 9.50 3.50 30.75
134 12.00 36.13 36.58 3.52 23.33
135 12.07 45.63 25.90 3.58 29.42
136 12.13 39.68 30.75 4.25 28.16
137 12.31 48.85 18.98 3.91 33.11
138 12.40 32.06 26.84 4.04 28.20
139 12.33 34.50 21.02 4.00 33.64
140 12.51 55.79 10.92 4.19 31.44
141 12.36 40.69 18.70 3.70 32.50
142 12.63 58.37 9.90 4.11 28.27
143 12.48 62.64 8.60 4.04 27.75
144 12.74 36.73 30.71 4.20 27.04
145 12.54 42.25 35.28 5.00 26.17
146 12.64 65.60 7.28 2.93 26.44
147 12.78 52.96 14.16 3.50 30.29
148 12.71 54.11 13.65 4.28 29.58
149 12.85 44.54 26.90 4.88 32.05
150 13.07 23.72 28.32 2.82 25.54
151 12.81 40.04 13.62 3.94 31.56
152 13.01 60.36 9.26 4.26 29.74
153 13.16 30.40 22.19 3.67 28.97
154 13.05 47.83 19.81 3.64 30.72
155 13.23 55.20 11.59 3.91 29.39
156 13.05 61.49 7.46 4.15 31.23
157 13.23 34.33 28.51 4.62 27.11
158 13.29 42.32 15.48 4.09 33.86
159 13.09 43.51 13.50 4.10 36.00
160 13.31 57.62 10.48 4.17 27.26
161 13.28 28.71 27.17 3.83 25.17
162 13.27 63.28 8.46 3.80 29.31
163 13.33 65.97 8.17 3.25 28.52
164 13.40 32.58 16.25 3.74 31.61
165 13.57 39.49 18.85 4.10 30.19
166 13.44 45.40 21.39 5.31 34.28
167 13.57 25.21 20.67 2.55 31.48
168 13.41 36.50 17.38 3.88 32.00
169 13.49 22.05 16.71 2.74 32.47
170 13.47 52.99 16.19 4.48 31.58
171 13.61 35.64 15.53 3.47 31.67
172 13.91 48.20 16.88 4.48 32.15
173 13.48 56.80 10.75 4.25 30.38
174 13.59 59.42 9.61 4.09 29.55
175 13.78 67.81 7.27 3.15 25.85
176 13.68 20.04 15.94 2.33 25.61
177 14.02 28.71 16.73 3.51 29.85
178 13.76 62.73 9.68 4.19 32.65
179 13.72 54.03 18.75 5.75 28.08
180 13.97 30.30 17.42 4.00 29.44
181 14.06 69.54 5.33 2.68 21.98
182 14.15 61.44 9.60 5.26 30.79
183 14.20 21.50 16.45 2.74 29.90
184 14.02 27.16 19.88 3.34 29.66
185 14.07 44.78 16.25 3.91 31.44
186 14.02 56.64 8.93 4.22 29.68
187 14.07 66.33 7.69 3.49 31.75
188 14.04 31.54 22.43 4.00 24.33
189 14.19 54.82 13.21 4.67 28.93
190 14.19 34.77 13.07 3.62 33.21
191 14.24 46.57 21.16 4.79 32.60
192 14.39 26.22 16.59 2.96 29.06
193 14.38 59.19 9.35 3.69 29.84
194 14.33 36.38 19.71 4.49 29.86
195 14.29 42.54 12.35 4.45 32.68
196 14.74 62.78 8.23 4.20 29.08
197 14.69 60.85 9.29 4.93 31.82
198 14.54 65.57 9.39 3.21 29.12
199 14.86 64.22 8.35 4.03 33.07
200 14.76 32.32 14.62 3.60 31.10
201 14.50 41.50 12.44 5.33 33.22
202 14.71 52.05 13.80 4.75 31.48
203 14.81 68.60 7.31 3.44 24.73
204 14.74 23.91 16.22 2.90 30.06
205 14.85 43.75 15.14 4.24 31.69
206 14.79 49.83 15.97 4.59 31.31
207 14.69 53.74 12.64 4.88 27.32
208 14.84 57.56 10.43 5.29 32.25
209 14.84 37.21 12.85 3.81 28.96
210 14.70 30.62 12.62 3.31 28.08
211 15.01 28.00 21.65 3.84 26.51
212 14.99 56.13 9.64 5.15 30.92
213 15.14 22.70 13.15 2.89 29.19
214 15.06 33.76 18.11 5.83 29.57
215 14.94 35.44 11.82 4.39 31.71
216 15.17 40.14 13.25 4.13 32.05
217 15.37 20.89 12.05 2.37 29.19
218 15.32 25.98 13.60 3.47 29.27
219 15.51 30.69 12.09 3.81 30.75
220 15.54 60.49 9.35 4.32 29.18
221 15.40 38.17 11.81 3.79 33.03
222 15.31 65.52 8.47 4.05 28.79
223 15.29 67.05 8.67 3.28 33.39
224 15.61 47.58 13.97 4.83 36.33
225 15.45 18.77 9.49 2.41 29.28
226 15.67 41.87 13.44 4.86 32.44
227 15.65 55.59 10.05 5.10 29.08
228 15.80 35.75 11.64 4.46 30.06
229 15.63 43.29 14.97 4.90 32.23
230 15.70 63.70 8.00 4.25 28.82
231 15.72 34.21 11.14 4.26 31.51
232 15.71 50.37 13.08 5.87 30.05
233 15.81 66.75 8.47 3.59 31.29
234 15.96 27.71 11.15 3.44 27.62
235 15.85 69.02 7.50 4.06 29.97
236 16.01 44.77 18.63 4.88 31.56
237 16.00 62.32 9.39 4.58 30.95
238 15.93 22.76 10.69 2.81 29.66
239 16.08 18.03 7.50 2.53 26.97
240 16.09 26.30 10.90 4.15 28.25
241 16.37 40.03 13.87 5.06 31.00
242 15.93 72.25 4.25 2.50 23.75
243 16.37 56.63 9.40 4.80 31.45
244 16.16 71.29 6.79 2.98 24.07
245 16.26 38.09 13.04 3.94 29.19
246 16.22 46.20 20.76 4.76 30.24
247 16.24 49.36 12.85 4.37 30.63
248 16.38 64.07 8.70 4.47 31.44
249 16.24 31.55 11.08 3.27 32.00
250 16.32 51.09 11.62 4.71 31.71
251 16.57 54.87 10.78 5.06 31.21
252 16.35 67.68 6.79 4.29 30.29
253 16.59 42.25 13.85 4.26 33.09
254 16.47 70.01 8.58 3.64 29.21
255 16.64 30.65 10.86 4.05 29.74
256 16.53 52.76 11.09 5.06 30.45
257 16.37 61.15 9.90 5.40 31.80
258 16.59 23.19 9.80 3.53 32.67
259 16.77 65.47 7.91 4.53 29.65
260 16.49 27.01 10.62 4.25 28.00
261 16.68 32.02 11.18 3.00 30.55
262 16.90 68.79 8.36 3.80 26.34
263 16.59 71.99 7.43 3.29 26.00
264 16.90 44.21 16.20 4.55 32.70
265 16.73 19.43 13.00 2.75 24.33
266 16.84 67.12 7.49 4.76 27.41
267 17.26 34.61 10.38 3.91 31.59
268 16.81 26.07 11.59 2.71 31.29
269 16.79 32.84 8.45 4.18 29.91
270 17.19 25.00 9.64 3.44 29.22
271 16.86 40.99 11.85 5.23 33.15
272 17.06 48.26 12.22 4.89 30.67
273 16.98 72.53 8.39 3.50 24.82
274 17.22 26.96 11.28 3.77 29.51
275 17.23 19.93 9.47 2.58 31.44
276 17.25 28.73 11.56 4.41 30.00
277 17.04 45.52 17.64 3.82 35.09
278 17.23 40.02 12.42 4.90 33.28
279 17.27 22.76 11.64 3.61 27.47
280 17.53 57.20 10.05 6.03 31.33
281 17.46 32.66 10.21 4.66 30.18
282 17.56 55.16 10.53 4.89 33.54
283 17.40 61.87 8.59 4.51 32.59
284 17.69 51.91 11.32 5.36 33.97
285 17.57 63.18 9.21 5.00 29.26
286 17.57 71.33 7.77 4.16 30.84
287 17.55 38.30 10.59 5.00 32.11
288 17.61 42.78 12.82 4.82 32.09
289 17.45 20.88 8.19 2.88 30.62
290 17.60 45.76 12.84 4.88 33.47
291 17.54 41.66 11.29 5.86 30.71
292 17.82 30.49 11.72 3.77 29.93
293 17.66 66.36 8.79 4.79 32.95
294 17.63 68.45 9.38 4.89 30.79
295 17.67 64.79 7.94 5.26 29.39
296 17.56 19.28 9.50 2.00 27.50
297 17.81 40.91 10.55 4.75 29.65
298 18.10 73.32 6.69 3.52 25.56
299 17.93 35.71 11.00 4.07 32.43
300 18.10 47.80 11.53 5.62 29.64
301 18.14 21.88 9.03 3.45 28.40
302 18.03 19.98 9.55 3.88 24.82
303 18.21 49.98 10.55 5.39 30.94
304 18.26 58.96 9.40 5.93 30.51
305 17.93 67.87 11.00 4.00 34.00
306 18.49 56.65 10.47 5.46 31.31
307 18.14 65.71 8.80 6.65 29.45
308 18.25 67.25 7.61 6.17 29.67
309 18.28 43.50 11.33 4.62 32.82
310 18.37 60.68 9.12 5.78 29.69
311 18.63 27.00 11.30 4.16 29.89
312 18.57 36.26 10.12 3.47 34.56
313 18.48 69.14 8.61 5.72 31.01
314 18.50 29.00 13.89 3.97 28.32
315 18.70 23.88 8.45 3.11 29.40
316 18.65 37.56 10.18 4.15 31.35
317 18.73 64.10 9.38 6.15 28.97
318 18.68 71.07 7.76 4.71 29.10
319 18.78 43.01 11.64 4.48 32.00
320 18.89 25.30 9.53 3.02 32.90
321 18.94 58.33 11.05 5.57 30.98
322 18.74 65.59 9.72 5.55 30.32
323 18.98 38.82 8.72 4.39 32.90
324 18.96 47.69 11.16 5.00 30.79
325 19.31 49.67 9.54 5.43 30.95
326 19.14 67.11 8.24 6.39 31.65
327 18.79 40.03 11.14 3.57 34.29
328 18.88 30.07 12.44 4.94 31.69
329 18.98 72.62 7.16 4.06 25.06
330 18.83 60.95 7.00 5.50 37.25
331 19.32 74.08 6.72 3.92 24.72
332 19.22 40.65 11.92 6.45 32.70
333 19.26 42.14 11.62 5.59 35.18
334 19.23 45.02 9.82 5.20 31.45
335 19.17 21.50 9.22 3.67 27.00
336 19.47 56.55 10.66 7.05 28.97
337 19.20 17.27 7.25 2.50 26.62
338 19.41 19.80 8.30 3.41 29.03
339 19.23 30.77 9.54 4.62 32.54
340 19.40 51.56 11.15 6.55 30.76
341 19.53 29.41 11.61 4.76 32.76
342 19.26 34.60 9.22 5.11 36.11
343 19.52 33.82 10.80 4.20 31.90
344 19.72 18.25 7.21 2.91 26.52
345 19.65 54.69 9.78 7.47 32.73
346 19.68 59.79 9.78 6.13 31.91
347 19.74 32.49 10.64 4.23 28.72
348 19.57 63.86 10.32 8.13 29.68
349 19.83 25.59 9.35 3.88 30.51
350 19.86 69.85 8.76 7.53 28.60
351 19.64 21.37 7.90 3.50 29.57
352 19.68 36.21 11.72 4.89 33.84
353 20.01 65.60 8.33 8.99 29.89
354 19.74 31.06 8.55 4.55 29.73
355 19.70 43.11 10.28 5.33 33.50
356 19.76 72.50 6.82 4.24 27.76
357 20.07 16.69 6.83 2.48 26.29
358 19.82 38.85 9.98 4.77 30.73
359 19.92 68.35 8.15 7.56 29.09
360 19.83 46.43 10.78 4.56 31.81
361 19.87 61.20 10.24 7.37 31.50
362 19.95 40.72 10.62 4.97 32.92
363 19.99 44.53 10.05 5.83 30.31
364 20.00 52.92 11.15 7.94 31.94
365 20.05 22.71 9.17 3.57 29.58
366 20.18 27.39 10.54 4.46 30.42
367 20.30 34.99 10.18 5.44 33.76
368 20.17 28.93 8.40 3.75 34.20
369 20.27 58.71 9.74 8.38 30.76
370 20.17 37.26 9.83 5.42 34.04
371 20.31 63.71 8.38 9.78 29.92
372 20.29 71.51 9.15 7.62 27.52
373 20.44 19.78 8.14 3.42 29.71
374 20.44 57.41 10.45 8.29 29.49
375 20.57 49.08 10.33 5.62 32.01
376 20.20 30.70 9.83 4.67 30.17
377 20.26 32.73 10.38 5.19 32.56
378 20.36 38.41 10.31 6.12 31.75
379 20.62 46.12 9.21 5.82 32.77
380 20.45 50.83 10.24 6.10 32.22
381 20.49 61.91 9.74 11.89 28.03
382 20.63 43.56 9.87 5.49 33.36
383 20.44 39.92 12.57 4.93 32.14
384 20.54 74.95 7.15 4.91 27.42
385 20.60 31.22 9.89 4.18 32.92
386 20.64 54.33 9.98 6.70 33.48
387 20.55 73.44 8.24 7.76 26.38
388 20.89 15.11 6.87 2.41 26.90
389 20.72 52.46 10.51 7.83 30.89
390 20.77 23.25 8.70 4.48 29.73
391 20.91 29.28 9.92 5.39 32.18
392 20.63 32.28 8.57 3.86 33.14
393 20.63 37.80 9.33 6.00 32.00
394 21.27 66.64 9.46 50.06 28.34
395 20.90 18.14 7.62 2.88 30.29
396 21.07 42.33 9.86 5.97 33.92
397 21.07 77.72 4.51 5.80 15.47
398 21.02 47.46 10.09 5.34 32.74
399 21.36 70.83 9.15 64.67 28.41
400 21.01 39.11 9.83 5.92 34.21
401 21.07 61.05 9.63 18.05 28.32
402 21.00 16.51 5.20 2.90 28.00
403 21.18 75.88 7.00 9.88 24.81
404 21.22 25.74 8.93 4.02 28.56
405 21.15 33.69 9.22 5.06 32.78
406 21.23 35.48 9.89 4.87 37.34
407 21.34 51.29 9.82 6.55 32.39
408 21.08 53.51 8.43 8.14 35.43
409 21.30 74.07 8.10 13.42 27.30
410 21.32 27.04 8.72 4.95 29.28
411 21.26 55.93 8.93 9.00 31.30
412 21.35 58.61 11.15 12.62 29.91
413 21.33 17.34 7.80 3.80 28.68
414 21.34 32.27 10.60 6.77 36.09
415 21.21 23.67 8.70 5.10 30.50
416 21.42 38.42 9.82 6.13 35.37
417 21.83 48.98 10.34 7.69 31.16
418 21.39 15.89 7.87 3.13 28.30
419 21.61 40.17 10.12 5.09 34.89
420 21.74 19.08 7.00 3.48 28.62
421 21.82 64.36 9.00 112.61 28.27
422 21.63 37.05 9.80 5.95 32.36
423 21.74 53.98 10.38 9.84 33.19
424 21.67 28.29 9.02 4.39 29.18
425 21.72 47.07 12.10 7.84 32.82
426 21.69 57.31 10.22 13.19 31.08
427 21.94 22.57 8.11 3.49 29.44
428 21.82 24.32 8.70 4.46 32.48
429 21.78 42.12 9.72 6.13 32.08
430 22.09 77.05 5.99 17.10 17.46
431 22.16 62.74 9.20 133.32 29.39
432 21.80 50.75 8.86 8.14 41.86
433 22.21 32.46 10.46 5.19 34.70
434 22.31 43.50 10.40 6.75 35.35
435 22.04 73.75 8.56 39.52 25.74
436 22.20 45.23 10.76 6.13 30.39
437 22.12 55.13 10.64 11.21 32.73
438 22.23 29.15 9.51 5.45 29.24
439 22.53 68.62 9.56 149.59 30.01
440 22.57 60.44 10.60 145.88 30.08
441 22.28 74.97 6.74 31.93 25.37
442 22.08 50.19 12.64 7.27 34.09
443 22.46 52.68 11.26 13.14 32.72
444 22.33 37.62 9.84 6.20 34.31
445 22.24 51.15 9.68 11.58 30.26
446 22.64 72.30 8.18 88.63 28.68
447 22.78 56.71 10.83 77.82 31.96
448 22.79 15.15 5.68 2.64 27.81
449 22.67 26.98 9.38 4.79 31.40
450 22.75 40.38 9.95 6.88 32.61
451 22.53 25.79 8.24 4.48 29.80
452 22.91 65.84 10.15 204.65 30.08
453 22.68 35.95 9.38 5.62 31.64
454 22.77 30.25 9.15 6.58 30.29
455 22.69 20.03 7.72 3.89 28.30
456 23.03 79.77 4.68 6.62 24.57
457 22.93 22.95 8.51 4.78 27.89
458 22.81 34.09 9.61 6.17 31.06
459 22.86 50.78 10.20 11.23 32.54
460 22.87 39.10 9.81 6.08 30.94
461 23.12 24.39 8.89 5.63 31.51
462 23.22 74.18 7.88 51.80 24.22
463 22.88 43.75 9.27 8.18 32.09
464 23.13 77.47 6.72 18.37 47.28
465 23.30 21.40 7.79 4.33 28.63
466 23.04 18.38 7.62 3.88 28.12
467 23.40 62.92 10.65 208.37 29.07
468 23.59 32.85 10.23 6.69 32.80
469 23.48 47.53 10.19 11.38 33.31
470 23.54 58.93 11.01 212.10 31.10
471 23.46 36.64 9.99 7.50 31.82
472 23.53 15.02 6.70 3.05 28.91
473 23.28 25.96 9.31 5.38 32.54
474 23.71 70.74 9.72 118.00 30.30
475 23.75 28.44 9.38 5.91 31.31
476 23.73 54.36 11.25 168.72 30.93
477 23.64 19.55 7.51 4.14 31.36
478 23.47 30.00 9.44 5.68 31.26
479 23.45 78.45 6.23 12.15 61.23
480 23.67 34.37 9.93 6.50 32.09
481 23.42 35.05 8.33 5.67 28.00
482 23.65 31.56 9.70 6.64 30.67
483 23.96 67.54 9.79 124.03 27.31
484 23.91 16.29 6.72 3.61 28.36
485 23.86 75.55 8.50 25.52 74.84
486 23.72 40.66 9.80 7.20 33.15
487 23.69 17.18 6.59 4.00 33.82
488 23.78 25.51 9.00 5.43 31.51
489 24.30 41.62 9.96 9.83 32.35
490 24.00 18.03 6.90 4.62 25.41
491 24.23 64.67 9.92 133.31 30.38
492 24.08 77.75 7.55 10.49 97.62
493 24.08 30.88 10.25 8.25 27.86
494 24.42 61.21 11.83 182.53 33.48
495 24.40 72.78 10.37 58.85 33.17
496 24.54 52.72 11.63 213.04 32.15
497 24.48 56.74 10.99 225.33 33.14
498 24.13 26.55 9.33 5.62 30.38
499 24.29 81.71 4.06 3.39 47.24
500 24.51 13.42 5.74 2.91 27.23
501 24.50 23.59 8.43 5.91 28.09
502 24.71 34.16 9.70 7.88 33.60
503 24.72 50.31 11.76 175.04 33.19
504 24.41 17.20 8.29 4.07 29.43
505 24.39 44.63 8.90 13.00 29.60
506 24.45 25.38 9.70 6.90 29.30
507 24.84 78.38 8.26 8.86 133.45
508 24.77 69.38 10.15 66.32 31.84
509 24.85 28.46 8.44 5.92 30.91
510 24.95 58.94 10.77 206.49 30.55
511 24.92 83.03 3.41 2.02 34.06
512 24.99 75.63 10.12 20.48 165.06
513 24.75 31.67 9.27 6.77 31.47
514 24.73 36.15 9.60 9.50 35.31
515 24.99 18.91 7.51 5.54 25.39
516 24.98 15.68 7.38 3.82 27.32
517 25.14 45.08 9.91 33.99 29.94
518 25.17 81.39 5.07 3.84 63.96
519 25.35 47.75 11.55 209.76 34.41
520 25.14 38.32 9.70 11.00 33.33
521 25.27 25.49 8.46 7.51 31.51
522 25.15 66.10 11.54 81.20 31.81
523 25.16 62.65 10.92 100.42 34.21
524 25.47 54.89 11.11 210.29 32.57
525 25.19 63.98 10.56 90.53 34.35
526 25.33 39.99 10.70 24.13 30.47
527 25.41 71.29 9.75 21.81 131.57
528 25.26 27.19 9.58 8.97 32.61
529 25.39 31.20 8.83 9.72 33.00
530 25.37 73.26 9.60 17.15 165.25
531 25.36 24.39 8.80 7.75 29.30
532 25.42 35.82 9.50 11.62 31.71
533 25.61 80.14 7.44 5.40 105.40
534 25.62 13.80 6.60 4.27 25.17
535 25.33 33.96 9.57 9.86 33.00
536 25.78 42.00 10.86 88.96 31.94
537 25.74 68.22 11.57 24.62 168.11
538 25.50 17.08 7.00 4.86 27.86
539 25.79 52.34 11.63 222.81 33.24
540 25.81 60.27 12.16 112.29 37.01
541 25.72 29.05 9.09 8.47 32.94
542 25.49 34.64 9.43 10.86 32.00
543 25.70 84.00 3.32 1.71 23.35
544 25.96 57.01 11.08 117.01 34.52
545 25.84 16.22 7.18 6.14 24.07
546 25.92 19.99 7.67 6.09 27.88
547 25.72 27.88 10.08 10.00 33.42
548 25.88 37.26 9.92 34.14 26.55
549 26.04 49.89 11.44 246.01 34.29
550 25.87 17.68 6.24 7.06 27.88
551 26.03 18.75 7.33 7.67 25.31
552 26.04 33.39 9.66 13.14 30.63
553 25.95 70.55 9.75 21.57 185.54
554 25.77 76.42 9.78 16.56 196.00
555 25.76 34.19 12.00 10.00 32.50
556 26.19 62.73 11.68 57.17 158.02
557 26.34 43.99 11.71 225.01 31.63
558 26.34 65.28 12.36 32.90 176.50
559 26.21 73.33 9.22 16.67 185.04
560 26.24 35.20 10.56 29.56 31.19
561 26.44 39.37 10.66 169.15 31.20
562 26.48 81.66 6.53 4.38 75.35
563 26.51 32.23 10.83 24.49 30.29
564 26.25 77.33 9.55 10.64 159.36
565 26.61 46.26 12.10 229.15 30.54
566 26.19 13.41 6.70 5.00 31.50
567 26.28 30.45 10.70 15.55 29.89
568 26.57 83.32 4.65 4.29 26.58
569 26.52 25.27 8.36 15.43 31.59
570 26.37 28.28 8.53 15.02 30.19
571 26.33 17.05 7.81 7.12 26.96
572 26.43 15.16 9.47 5.11 25.00
573 26.73 54.10 12.22 97.39 34.39
574 26.87 48.27 11.19 237.59 34.42
575 27.00 58.40 12.35 51.41 162.81
576 26.97 36.77 10.98 195.11 31.08
577 26.74 20.72 7.33 11.64 27.03
578 26.92 14.29 6.87 6.55 28.21
579 26.66 16.11 7.72 7.28 26.78
580 27.19 74.53 11.01 12.96 173.48
581 26.91 51.50 11.47 175.84 33.12
582 27.17 60.91 11.63 38.08 201.76
583 27.23 79.38 8.47 9.44 122.98
584 27.07 17.10 7.97 13.26 26.38
585 26.98 86.67 3.40 4.22 10.69
586 27.09 30.10 9.75 54.41 30.19
587 27.28 41.57 10.15 226.37 30.69
588 27.36 34.35 9.99 176.03 31.61
589 27.08 56.16 13.20 76.22 44.42
590 27.10 71.27 10.93 13.66 187.32
591 26.98 12.38 5.90 4.38 25.71
592 27.40 68.74 11.74 13.88 186.91
593 27.29 63.67 11.21 25.13 194.50
594 27.53 72.34 11.02 12.80 175.70
595 27.54 22.92 8.54 86.27 28.00
596 27.57 27.36 9.59 97.75 30.73
597 27.50 44.36 12.13 231.29 31.28
598 27.51 85.32 3.58 9.22 11.09
599 27.65 12.02 6.23 7.78 28.64
600 27.72 32.18 10.35 175.72 30.07
601 27.74 18.95 7.79 42.79 25.71
602 27.71 38.88 11.08 223.54 31.67
603 27.62 66.31 12.05 16.25 186.83
604 27.80 49.73 12.12 144.50 41.50
605 27.91 54.32 12.45 60.67 186.00
606 27.58 13.84 5.42 13.74 26.63
607 27.92 47.20 12.35 167.96 38.06
608 27.90 52.11 13.59 111.26 50.79
609 28.08 87.17 3.04 9.23 6.34
610 28.28 15.87 7.43 88.27 24.91
611 28.01 25.13 8.93 128.17 30.90
612 27.90 77.48 10.05 10.79 117.29
613 27.94 63.49 12.75 24.29 199.50
614 28.33 56.48 12.92 35.16 191.35
615 28.07 81.50 8.50 32.12 31.92
616 28.17 65.55 11.41 19.02 192.84
617 28.30 29.74 10.29 206.90 30.12
618 28.39 61.45 13.35 21.14 212.88
619 28.48 36.47 10.95 206.36 33.18
620 28.58 58.88 13.29 24.96 198.63
621 28.42 85.34 4.16 20.15 9.85
622 28.64 21.04 8.38 165.43 28.89
623 28.51 42.80 11.70 169.98 33.37
624 28.47 45.11 13.74 154.78 39.65
625 28.35 69.88 12.92 13.47 175.15
626 28.60 71.26 10.84 12.16 154.55
627 29.12 83.58 6.67 38.43 16.38
628 28.69 40.88 11.06 159.80 31.56
629 28.54 78.31 11.85 23.59 67.03
630 28.71 34.07 11.67 220.06 34.72
631 28.52 12.17 6.69 44.56 26.98
632 29.03 73.30 13.43 18.82 118.86
633 28.70 76.00 12.70 17.38 96.87
634 29.03 67.30 13.04 12.39 179.75
635 28.85 48.74 13.64 78.98 201.53
636 28.89 26.84 10.08 201.91 30.16
637 28.94 38.82 11.74 199.02 31.28
638 28.94 51.49 12.83 40.25 198.14
639 29.09 13.92 7.00 113.68 26.44
640 29.09 18.12 7.89 164.83 26.73
641 29.09 63.63 12.82 14.60 177.63
642 29.11 24.22 9.66 184.04 31.36
643 29.12 31.40 10.80 216.87 33.12
644 29.27 46.16 12.90 74.66 199.22
645 29.03 81.40 9.29 56.95 22.82
646 29.32 54.02 12.73 30.75 212.87
647 29.80 69.71 14.33 16.79 117.51
648 29.36 85.90 4.38 18.55 8.03
649 29.59 28.89 10.93 165.38 34.20
650 29.54 60.68 13.11 14.97 201.45
651 29.80 11.65 6.51 78.48 25.57
652 29.78 78.22 12.41 123.04 32.58
653 29.54 43.26 13.19 89.68 67.81
654 29.64 56.55 13.80 20.26 211.50
655 29.79 35.51 11.80 121.43 38.05
656 29.87 22.45 10.41 171.52 28.55
657 29.95 20.20 9.13 150.48 30.66
658 29.91 49.98 13.53 30.11 215.69
659 29.93 33.22 11.19 120.35 37.27
660 29.79 37.71 12.64 104.77 41.13
661 29.77 86.91 3.79 10.28 8.09
662 30.15 15.84 7.69 125.88 26.73
663 29.87 40.71 11.98 81.50 44.34
664 30.15 75.35 14.62 162.30 35.57
665 30.09 9.64 5.40 47.25 19.67
666 29.98 26.86 11.41 131.93 33.53
667 30.26 47.48 13.95 30.99 206.87
668 30.21 65.56 13.90 15.90 87.10
669 30.44 58.75 14.65 14.18 185.65
670 30.49 52.11 13.58 18.63 203.28
671 30.45 13.62 6.78 93.59 26.45
672 30.29 30.85 11.32 123.65 35.82
673 30.46 45.07 14.25 34.65 207.18
674 30.55 24.29 10.16 113.78 29.89
675 30.61 42.62 12.57 36.51 201.46
676 30.59 18.35 8.66 122.33 31.64
677 30.63 63.15 13.71 12.87 129.26
678 30.58 54.39 15.17 16.66 210.05
679 30.74 72.99 16.44 177.86 34.65
680 30.28 87.18 4.44 9.00 9.11
681 30.60 85.29 6.17 16.71 12.80
682 30.47 82.50 9.89 46.63 22.14
683 30.44 26.31 10.24 119.95 32.78
684 30.76 38.86 13.00 63.27 201.48
685 30.68 67.50 15.93 31.26 49.58
686 30.83 36.17 12.46 66.54 167.82
687 31.07 60.81 15.77 13.00 127.44
688 30.62 88.03 3.70 6.25 8.85
689 31.04 21.61 10.47 89.46 38.54
690 30.91 28.47 11.35 86.25 43.90
691 31.21 57.14 14.44 14.04 167.91
692 30.88 33.68 11.97 62.76 103.25
693 31.22 40.71 13.48 30.75 213.18
694 31.33 77.76 22.38 143.45 29.53
695 31.02 9.67 6.03 26.15 25.03
696 31.10 49.33 13.92 16.34 217.75
697 31.17 70.21 17.27 158.29 33.95
698 31.18 80.09 14.83 63.23 27.66
699 31.08 11.91 5.96 42.93 27.31
700 31.15 84.09 8.50 23.31 16.09
701 31.16 26.21 9.77 80.30 43.81
702 31.21 82.23 13.22 41.16 21.49
703 30.97 87.56 5.17 6.33 9.33
704 31.44 30.88 12.22 51.54 191.74
705 31.49 16.93 9.10 74.85 42.19
706 31.76 46.54 13.77 18.99 214.65
707 31.57 65.38 17.07 100.07 39.34
708 31.47 14.23 8.24 70.97 33.62
709 31.69 44.36 14.23 22.85 214.96
710 31.80 74.89 22.58 200.71 31.65
711 31.64 62.21 17.76 41.84 53.39
712 31.59 86.02 7.38 10.30 13.62
713 31.98 53.00 14.26 13.06 170.92
714 31.85 55.12 16.16 14.12 168.13
715 31.83 24.13 10.33 49.74 168.58
716 31.91 37.52 13.66 28.45 205.23
717 31.99 10.39 6.50 20.12 122.62
718 31.73 19.38 9.10 63.69 66.23
719 31.99 33.15 12.64 34.83 202.21
720 32.02 50.95 14.81 13.44 180.81
721 32.04 67.80 19.92 176.33 35.44
722 32.16 12.30 6.89 22.26 161.62
723 32.12 35.37 12.05 30.10 201.62
724 32.04 28.75 11.97 36.98 179.50
725 31.95 84.05 10.70 18.97 17.86
726 31.96 8.39 4.32 13.33 44.71
727 32.18 42.31 14.07 16.87 208.56
728 32.12 59.60 14.99 22.07 58.51
729 32.14 81.82 14.06 28.21 24.14
730 32.50 21.36 9.99 36.35 175.37
731 32.26 48.67 14.67 13.13 211.24
732 32.39 71.55 21.37 161.37 30.02
733 32.41 39.85 13.63 17.89 216.63
734 32.53 26.15 11.29 37.29 206.60
735 32.54 56.90 16.38 22.16 107.67
736 32.64 64.22 19.80 178.20 37.95
737 32.64 16.48 9.12 29.35 177.31
738 32.57 79.84 23.85 50.78 29.37
739 32.98 18.71 10.08 24.70 182.89
740 32.95 61.93 18.05 169.42 35.96
741 32.74 76.93 31.44 105.46 28.84
742 32.68 87.59 7.28 3.73 24.83
743 32.59 10.94 5.71 19.79 158.57
744 33.03 69.22 24.73 146.06 32.51
745 32.65 83.62 11.06 13.64 22.79
746 32.97 30.76 13.21 20.05 191.80
747 33.02 44.70 14.73 13.73 200.74
748 33.08 7.46 4.56 8.31 96.56
749 33.13 33.49 13.36 18.01 215.62
750 32.98 37.30 14.01 17.05 209.04
751 32.88 46.71 16.32 14.04 159.96
752 32.79 81.54 14.36 29.64 30.09
753 33.12 54.50 18.01 23.54 110.96
754 33.20 89.20 6.26 2.51 21.70
755 33.33 9.48 6.34 11.37 156.16
756 33.27 13.77 8.51 21.02 192.21
757 33.19 85.77 11.38 6.83 55.04
758 33.30 74.05 33.81 142.90 29.61
759 33.28 52.15 18.31 23.64 118.71
760 33.32 60.01 21.22 179.12 37.14
761 33.45 66.32 22.99 197.18 34.06
762 33.37 49.80 15.01 15.38 154.74
763 32.98 11.81 8.12 14.00 178.62
764 33.33 24.22 10.74 18.48 196.65
765 33.37 47.55 14.37 13.99 147.88
766 33.51 57.82 19.86 187.51 41.09
767 33.21 84.02 13.08 9.76 35.92
768 33.41 42.10 13.76 13.31 198.11
769 33.35 28.13 12.25 18.07 206.34
770 33.40 81.66 19.94 21.33 75.37
771 33.31 10.75 8.59 11.47 170.94
772 33.42 15.02 8.46 23.20 190.60
773 33.61 78.44 34.07 74.63 29.75
774 33.79 35.22 14.03 12.94 210.03
775 33.71 39.43 15.17 14.93 197.98
776 33.69 26.24 12.06 15.88 191.29
777 33.73 11.74 7.52 16.05 177.81
778 33.87 71.01 30.12 123.06 33.09
779 33.53 82.65 19.90 16.40 88.70
780 33.87 21.32 10.45 16.06 198.18
781 33.78 29.13 11.38 16.20 185.90
782 33.97 87.94 9.36 2.73 32.21
783 34.17 46.04 16.41 25.69 120.22
784 34.14 63.62 26.79 193.70 33.03
785 34.06 86.47 13.59 5.18 52.62
786 34.17 31.86 12.87 12.95 189.02
787 34.27 55.93 22.17 197.11 38.42
788 34.08 15.80 8.84 14.10 189.02
789 34.15 83.34 20.34 11.19 101.68
790 34.14 81.12 35.99 29.99 110.00
791 34.32 75.74 46.57 87.20 30.94
792 34.33 6.28 3.80 2.68 64.00
793 34.38 43.82 15.75 17.93 136.07
794 34.34 53.40 21.48 190.97 50.53
795 34.40 68.13 32.34 125.57 32.95
796 34.27 88.99 7.05 2.20 26.12
797 34.19 20.21 10.74 16.53 192.82
798 34.28 48.37 19.46 40.83 59.73
799 34.59 13.65 8.69 10.18 184.59
800 34.47 18.33 9.93 13.01 189.53
801 34.35 24.06 12.25 12.86 209.89
802 34.30 9.86 5.43 7.61 154.65
803 34.70 36.70 14.51 13.55 141.12
804 34.42 50.97 20.56 135.81 43.98
805 34.56 60.99 27.04 211.32 35.26
806 34.90 22.56 12.13 12.69 184.19
807 34.64 41.47 16.67 16.62 120.95
808 34.37 29.77 14.20 12.30 177.10
809 34.78 58.62 28.73 213.47 35.52
810 34.59 72.54 39.46 69.12 31.60
811 34.73 25.17 11.94 13.18 195.79
812 34.88 27.88 13.15 12.12 175.75
813 34.57 78.99 34.73 37.33 95.29
814 34.67 10.91 6.75 6.96 172.02
815 34.93 65.45 35.15 109.03 33.26
816 34.86 88.07 10.30 2.33 35.95
817 34.73 15.81 9.11 11.78 181.40
818 34.89 39.17 15.74 15.76 97.46
819 35.13 34.04 13.86 14.29 141.30
820 35.13 29.78 13.26 13.88 154.00
821 34.86 80.87 38.23 27.97 128.36
822 35.20 8.54 6.09 4.34 110.93
823 35.29 47.61 22.68 181.89 50.57
824 35.14 69.64 43.91 66.01 41.41
825 35.12 86.08 17.67 4.33 70.29
826 35.34 76.96 53.35 54.22 141.34
827 35.39 50.02 24.27 202.66 39.96
828 35.34 54.87 25.14 196.39 35.02
829 35.30 83.68 27.93 8.63 117.57
830 35.43 45.34 20.59 172.39 57.53
831 35.40 73.84 52.50 50.50 163.00
832 35.13 13.08 8.08 7.00 172.25
833 35.31 12.14 8.00 6.03 152.72
834 35.48 62.63 34.65 146.43 34.01
835 35.59 31.40 14.83 19.04 110.18
836 35.67 52.49 26.84 196.40 34.77
837 35.84 17.01 10.54 11.07 124.33
838 35.82 57.20 31.04 134.92 34.18
839 35.56 20.22 10.35 11.52 125.72
840 35.59 43.03 18.00 102.70 56.66
841 35.71 81.60 43.02 12.99 154.39
842 35.94 14.73 9.84 11.02 112.34
843 35.65 67.08 52.90 68.31 34.99
844 35.62 79.61 45.05 23.18 144.05
845 35.94 25.79 13.87 18.42 107.03
846 35.94 6.08 3.20 1.75 36.41
847 35.86 40.58 18.83 83.98 52.80
848 36.02 59.72 39.52 130.47 34.19
849 35.81 92.29 6.39 0.79 12.29
850 36.22 71.25 65.47 44.53 171.53
851 36.02 75.57 64.41 55.13 172.41
852 36.18 22.51 12.16 15.60 88.80
853 35.98 84.99 21.55 5.65 99.58
854 35.98 86.31 20.06 4.10 75.74
855 36.25 7.64 4.93 3.82 44.79
856 36.20 10.21 7.12 5.42 81.11
857 36.17 27.78 15.41 22.71 66.33
858 36.18 64.43 49.31 85.62 38.41
859 36.55 86.79 17.61 3.48 62.27
860 36.24 12.56 9.03 9.92 107.12
861 36.33 89.27 10.67 1.72 28.16
862 36.54 68.82 55.39 39.48 160.28
863 36.42 78.52 65.29 24.97 174.99
864 36.14 74.17 47.44 40.28 178.47
865 36.37 30.05 16.43 36.51 91.50
866 36.52 48.80 26.74 208.17 39.34
867 36.46 82.81 32.96 8.33 136.96
868 36.40 32.79 18.11 56.94 62.66
869 36.66 46.77 26.73 203.15 37.38
870 36.52 55.01 38.68 162.56 33.59
871 36.78 42.33 23.74 194.17 37.19
872 36.71 44.61 32.73 200.97 40.71
873 36.73 50.87 33.10 159.97 36.63
874 36.67 61.92 56.22 92.38 40.44
875 36.35 93.52 5.00 0.50 10.12
876 36.78 37.29 20.91 147.02 37.65
877 36.59 91.44 7.21 0.91 12.94
878 36.82 66.71 55.19 36.45 147.97
879 36.91 34.73 20.00 164.38 39.14
880 36.56 24.60 15.00 30.50 68.38
881 36.93 80.37 56.83 11.96 168.50
882 37.13 39.81 21.26 198.51 37.01
883 37.22 92.68 7.27 1.53 8.78
884 36.70 15.89 10.38 19.75 50.38
885 36.99 73.65 77.39 34.02 185.04
886 36.75 84.69 27.11 5.17 101.89
887 36.92 88.21 13.67 2.22 32.33
888 37.14 52.92 36.05 127.31 33.94
889 37.09 57.58 53.91 97.10 38.51
890 37.25 65.60 68.28 42.38 165.25
891 37.30 26.57 16.99 139.44 44.34
892 37.15 12.12 10.55 14.45 41.30
893 37.18 59.86 61.15 83.82 39.19
894 37.38 23.37 15.37 114.67 37.40
895 37.39 28.91 18.24 135.95 38.45
896 37.10 16.66 13.78 29.30 48.85
897 37.09 90.48 10.29 1.46 12.54
898 37.33 7.72 6.80 8.59 27.41
899 37.26 10.21 7.34 13.53 34.83
900 37.49 20.71 15.65 122.32 37.32
901 37.55 31.29 22.55 144.96 39.73
902 37.55 63.74 64.41 39.14 158.44
903 37.42 82.14 42.65 8.23 140.05
904 37.58 18.44 16.73 98.97 35.50
905 37.40 84.95 25.93 5.64 89.25
906 37.57 75.78 94.20 23.26 191.99
907 37.36 14.04 11.45 35.23 43.25
908 37.62 71.07 90.35 26.76 194.42
909 37.67 78.18 83.26 13.85 184.40
910 37.79 48.72 38.70 104.15 34.95
911 37.64 54.95 51.79 112.83 40.84
912 38.00 33.36 28.14 189.65 37.17
913 37.95 46.46 40.17 154.13 36.47
914 37.92 87.63 21.56 4.60 23.83
915 37.89 51.10 50.74 105.62 37.38
916 37.96 44.07 34.15 171.44 35.21
917 38.17 61.57 79.80 32.46 184.02
918 37.99 68.52 104.24 29.12 193.28
919 38.13 16.25 15.68 121.58 31.53
920 38.06 37.93 28.47 193.09 37.35
921 37.93 90.49 12.05 3.95 10.23
922 38.17 35.77 27.83 184.40 35.23
923 38.10 41.63 33.62 176.10 34.07
924 38.17 83.96 33.64 6.45 75.11
925 38.25 9.30 7.74 55.81 27.01
926 38.29 59.15 72.34 56.96 169.79
927 38.15 85.96 25.20 6.52 32.93
928 38.25 11.31 10.52 78.96 27.84
929 38.50 13.72 14.18 121.82 27.90
930 38.43 57.00 78.76 55.04 184.58
931 38.42 73.19 106.70 22.25 180.50
932 38.45 25.03 21.61 184.44 34.57
933 38.51 65.93 101.81 26.28 201.85
934 38.29 79.44 75.13 11.34 150.44
935 38.66 27.60 24.20 160.58 36.31
936 38.55 52.62 77.84 94.97 45.89
937 38.44 91.30 10.56 8.00 7.92
938 38.76 39.62 35.37 164.98 34.75
939 38.82 29.81 27.15 143.41 34.65
940 38.37 77.64 86.50 13.50 154.00
941 38.87 22.32 21.59 149.95 32.72
942 38.83 54.63 78.79 53.23 182.29
943 38.58 88.95 17.41 11.00 15.50
944 38.78 19.33 19.48 126.27 31.38
945 38.61 76.98 66.85 10.04 167.63
946 38.76 49.91 69.45 81.28 42.90
947 38.75 80.84 71.32 11.57 100.14
948 39.08 75.78 102.01 13.61 177.82
949 38.82 70.61 99.05 16.83 184.07
950 39.00 47.54 63.93 93.62 40.12
951 39.09 42.87 46.21 123.34 36.36
952 39.11 63.66 119.59 25.23 195.72
953 39.13 32.05 34.72 141.58 36.27
954 39.06 45.24 53.73 105.82 36.53
955 39.00 83.49 57.15 29.13 42.06
956 39.07 89.50 16.28 15.04 11.70
957 38.95 86.10 35.47 15.93 19.87
958 39.26 68.15 128.52 16.28 201.98
959 39.16 87.70 24.21 20.48 16.38
960 39.33 34.61 34.89 134.51 34.46
961 39.26 37.22 39.23 135.04 35.18
962 39.26 91.14 11.42 12.69 7.89
963 39.48 78.44 108.92 15.02 66.58
964 39.45 16.17 21.84 113.77 31.36
965 39.41 11.76 12.56 85.82 27.92
966 39.54 61.06 117.80 21.65 203.73
967 39.55 41.00 55.42 87.47 41.14
968 39.61 51.65 94.35 55.24 190.15
969 39.43 82.28 92.93 54.35 52.67
970 39.56 58.56 116.46 31.07 204.08
971 39.51 73.94 110.22 13.98 174.61
972 39.65 9.88 9.65 67.49 27.79
973 39.75 25.00 29.48 113.26 31.37
974 39.77 49.24 96.51 52.23 205.01
975 39.99 85.36 43.99 75.22 25.62
976 39.98 18.05 26.88 99.36 31.18
977 39.87 56.23 124.61 33.70 200.18
978 39.88 72.99 115.20 16.57 160.86
979 39.78 20.61 25.35 133.75 31.64
980 39.80 28.13 34.80 113.15 32.11
981 39.93 81.04 114.77 62.65 41.22
982 40.01 13.63 18.66 91.71 30.53
983 40.01 66.19 125.29 14.63 186.48
984 39.99 53.84 130.38 44.35 196.16
985 40.07 45.55 72.74 74.95 124.22
986 39.97 38.76 62.29 83.46 51.63
987 40.02 30.54 39.75 97.32 37.01
988 40.16 88.37 21.47 35.56 12.78
989 40.06 43.20 69.39 67.76 90.60
990 40.18 90.71 13.77 21.92 8.28
991 40.37 47.34 90.62 60.96 191.63
992 40.30 63.71 132.34 16.64 203.04
993 40.37 76.17 132.25 30.24 59.01
994 40.30 22.59 34.51 90.37 34.28
995 40.21 33.29 44.99 87.50 45.15
996 40.22 35.95 74.65 105.86 56.92
997 40.37 68.77 148.96 16.84 148.74
998 40.50 40.83 63.71 47.28 168.91
999 40.59 71.39 135.78 21.21 69.90
1000 40.71 59.40 131.68 20.83 202.69
1001 40.59 11.32 13.14 44.84 24.95
1002 40.63 26.76 40.37 105.76 39.37
1003 40.78 61.70 144.41 17.25 193.90
1004 40.75 78.89 119.24 104.02 40.90
1005 40.52 92.91 9.20 12.41 5.47
1006 40.66 7.19 7.03 26.03 17.35
1007 40.63 9.25 9.79 33.03 23.79
1008 40.72 50.64 132.62 33.16 215.36
1009 40.72 15.59 31.84 83.55 42.92
1010 40.79 19.99 39.77 98.26 43.36
1011 40.78 5.29 4.04 13.13 8.73
1012 41.06 57.24 145.28 18.52 208.34
1013 40.98 37.56 76.98 50.67 193.29
1014 41.06 52.67 131.03 22.69 222.73
1015 41.02 31.48 59.55 55.09 155.93
1016 40.93 28.96 53.49 77.55 56.68
1017 41.10 54.92 143.90 23.68 208.54
1018 41.16 73.94 137.61 88.96 48.95
1019 41.08 23.83 45.83 74.96 102.85
1020 40.95 39.91 89.58 49.19 196.91
1021 41.15 81.67 86.37 126.55 33.74
1022 41.03 88.60 20.31 36.56 13.78
1023 41.23 34.50 75.84 49.42 191.71
1024 41.27 42.78 97.80 40.11 198.17
1025 41.28 65.05 166.59 23.02 140.85
1026 41.23 48.62 121.14 28.10 212.90
1027 41.13 86.72 28.95 55.89 17.98
1028 41.21 13.18 26.05 67.26 65.20
1029 41.34 17.24 44.35 79.38 108.93
1030 41.39 45.90 98.54 34.29 198.26
1031 41.66 67.12 159.57 48.44 60.97
1032 41.26 6.07 6.19 15.00 16.76
1033 41.43 69.62 158.69 38.62 61.09
1034 41.66 84.49 50.44 96.64 28.94
1035 41.63 10.64 20.04 37.01 58.23
1036 41.67 76.71 137.28 180.86 40.29
1037 41.82 14.68 42.70 54.84 151.99
1038 41.61 21.70 50.45 62.10 142.62
1039 41.82 26.81 61.51 54.79 174.44
1040 42.04 90.53 15.16 19.61 9.56
1041 41.94 62.73 173.24 35.34 83.52
1042 41.85 60.35 177.98 23.97 144.04
1043 42.24 7.41 16.33 13.45 88.32
1044 41.94 19.59 55.54 48.84 176.60
1045 41.96 29.86 86.55 47.69 200.93
1046 41.87 39.64 101.71 34.04 208.21
1047 42.02 72.05 187.09 167.64 46.86
1048 42.20 79.55 134.09 213.39 36.92
1049 41.89 50.60 136.45 18.95 218.96
1050 42.06 36.91 100.81 30.46 210.62
1051 41.93 86.57 33.91 52.41 18.55
1052 42.24 32.22 89.77 32.05 199.51
1053 42.22 44.30 127.79 25.90 211.99
1054 42.20 55.74 150.09 18.43 187.09
1055 42.25 88.10 27.65 35.56 15.06
1056 42.30 24.16 69.58 45.78 179.38
1057 42.33 58.34 169.04 27.89 145.73
1058 42.08 92.60 10.47 11.21 8.62
1059 42.31 48.10 129.26 22.97 209.79
1060 42.30 53.03 148.26 16.05 198.56
1061 42.59 74.48 161.95 216.78 39.21
1062 42.63 82.22 81.15 149.66 32.04
1063 42.55 34.55 120.55 24.70 204.65
1064 42.44 41.92 119.14 31.54 210.46
1065 42.37 93.68 9.42 5.76 6.50
1066 42.66 17.29 68.88 34.42 188.63
1067 42.53 64.89 178.27 153.74 55.88
1068 42.54 69.48 166.34 187.20 41.06
1069 42.68 12.23 45.32 29.03 181.50
1070 42.75 21.76 78.57 35.76 197.84
1071 42.82 5.39 11.88 5.87 62.31
1072 42.84 46.18 138.57 18.16 205.63
1073 42.88 28.54 99.06 29.71 196.94
1074 42.74 94.68 8.40 4.10 5.90
1075 42.82 10.50 32.05 17.95 176.76
1076 43.06 84.74 60.33 73.49 26.23
1077 42.91 14.89 57.76 28.71 178.67
1078 43.14 66.83 170.95 211.39 43.84
1079 42.94 60.69 176.05 106.99 54.69
1080 43.08 39.46 117.59 19.96 202.91
1081 42.96 50.32 145.79 19.92 179.48
1082 43.20 77.16 146.61 194.07 35.89
1083 43.28 25.91 95.70 22.81 189.57
1084 43.03 92.73 11.82 7.05 6.80
1085 43.27 36.96 127.57 20.39 186.60
1086 43.27 63.08 176.96 205.69 43.34
1087 43.05 19.34 73.96 24.11 191.70
1088 43.07 30.72 103.44 18.31 196.50
1089 43.30 54.50 176.76 24.35 129.89
1090 43.28 57.05 183.57 61.08 69.87
1091 43.35 88.88 24.44 16.51 12.71
1092 43.49 71.95 165.76 214.15 37.01
1093 43.45 32.47 128.15 22.16 205.93
1094 43.58 44.10 155.50 19.66 189.03
1095 43.59 23.71 90.56 18.76 195.73
1096 43.56 52.20 171.02 26.83 115.29
1097 43.39 90.88 15.25 10.26 9.51
1098 43.28 13.14 47.55 14.73 171.00
1099 43.52 41.92 146.38 18.71 186.92
1100 43.58 48.05 174.76 23.34 144.16
1101 43.31 95.23 8.00 2.79 7.21
1102 43.65 30.33 116.18 17.45 196.80
1103 43.76 80.01 110.28 145.48 33.62
1104 43.52 86.58 40.17 28.28 19.66
1105 43.80 59.47 175.73 212.17 44.55
1106 43.69 69.29 174.15 215.90 39.20
1107 43.96 6.77 21.64 5.36 112.35
1108 43.82 34.54 145.19 19.23 196.54
1109 43.67 94.25 9.22 3.80 8.33
1110 44.10 4.52 11.46 2.51 47.00
1111 43.95 74.75 139.44 209.72 33.91
1112 44.05 16.44 88.27 16.63 184.48
1113 43.81 21.07 92.00 15.60 196.63
1114 44.22 64.57 173.33 220.80 40.54
1115 44.33 12.35 62.55 12.83 166.68
1116 44.11 27.99 122.94 18.22 193.28
1117 44.06 46.02 182.60 29.88 121.42
1118 44.02 82.34 55.32 51.08 33.04
1119 44.12 49.78 193.45 85.72 72.43
1120 44.25 40.13 162.39 24.59 159.84
1121 44.33 61.77 170.44 229.07 41.16
1122 44.31 55.93 188.33 204.08 49.07
1123 44.66 14.56 81.70 12.73 165.48
1124 44.08 93.07 11.27 4.36 14.09
1125 44.43 37.84 169.29 29.79 117.69
1126 44.34 84.48 47.14 20.32 47.91
1127 44.32 89.19 23.63 9.30 48.62
1128 44.51 67.17 187.25 225.56 41.99
1129 44.31 8.27 31.20 5.75 150.39
1130 44.44 53.78 192.51 178.92 54.16
1131 44.48 57.94 196.50 221.76 43.72
1132 44.49 86.91 32.10 11.34 47.34
1133 44.64 18.94 97.49 15.73 164.24
1134 44.91 90.54 20.68 5.93 41.62
1135 44.41 21.22 105.06 14.73 181.49
1136 44.71 77.77 127.17 114.48 35.82
1137 44.57 25.56 141.13 20.58 162.68
1138 44.69 42.28 167.05 47.87 97.48
1139 44.61 92.31 13.78 4.10 21.22
1140 44.79 35.50 157.06 37.16 102.82
1141 44.67 51.79 185.57 226.86 48.91
1142 44.81 30.21 152.88 24.27 96.70
1143 44.76 32.63 155.46 27.34 113.89
1144 44.83 69.97 161.68 194.18 37.28
1145 44.87 72.49 149.34 181.21 38.93
1146 44.89 23.53 129.37 18.76 174.87
1147 44.97 10.25 46.45 9.22 145.60
1148 44.83 47.58 189.46 115.78 57.47
1149 44.93 44.91 170.47 142.70 58.13
1150 44.92 81.01 84.68 59.52 33.61
1151 44.86 88.03 36.43 10.48 66.67
1152 45.04 75.87 154.44 145.87 38.07
1153 45.22 59.93 194.98 233.98 44.04
1154 45.20 93.52 11.63 2.85 21.34
1155 45.27 8.81 41.33 10.24 103.76
1156 45.20 49.98 191.47 242.15 48.77
1157 45.22 74.59 159.68 130.70 54.79
1158 45.44 6.98 26.60 9.83 60.88
1159 45.42 16.33 112.04 21.55 105.11
1160 45.45 4.80 14.14 3.84 34.56
1161 45.36 27.41 155.81 60.62 74.08
1162 45.29 39.55 173.41 160.84 60.85
1163 45.39 62.92 180.02 186.10 40.80
1164 45.47 20.83 138.64 22.11 98.09
1165 45.52 55.32 178.39 237.24 43.46
1166 45.53 65.33 184.67 160.46 39.37
1167 45.61 85.82 44.81 10.44 120.70
1168 45.58 57.45 199.25 240.51 45.40
1169 45.56 53.08 191.12 243.28 42.92
1170 45.72 83.31 94.23 23.78 154.97
1171 45.44 95.09 8.59 1.27 14.45
1172 45.62 92.25 13.83 2.64 24.74
1173 45.68 37.19 176.75 202.64 50.85
1174 45.63 43.04 189.56 224.11 52.00
1175 45.32 88.87 33.75 6.50 67.25
1176 45.94 79.13 109.97 47.50 169.07
1177 45.76 67.99 187.86 111.44 44.13
1178 45.68 88.27 33.68 6.22 82.95
1179 45.76 18.51 124.65 25.31 57.63
1180 45.80 31.96 174.68 181.03 48.25
1181 45.84 46.70 184.45 236.47 44.96
1182 45.83 34.54 175.22 199.02 48.53
1183 45.97 70.74 164.20 85.98 49.10
1184 46.01 13.65 104.23 43.12 61.22
1185 45.97 24.92 159.44 102.34 54.46
1186 45.97 29.46 180.71 137.04 52.90
1187 45.85 11.50 55.45 20.21 99.07
1188 46.08 40.80 184.72 227.53 45.92
1189 46.09 49.00 185.13 247.24 44.93
1190 46.18 76.46 163.88 84.08 176.20
1191 46.07 22.68 160.76 81.70 60.86
1192 46.20 73.36 175.39 82.85 170.13
1193 45.92 96.57 5.93 0.74 11.35
1194 46.28 44.61 186.17 240.90 44.48
1195 45.99 89.62 28.37 4.80 66.02
1196 46.26 61.21 192.40 186.75 43.29
1197 46.26 9.88 65.63 41.01 46.31
1198 46.27 51.50 186.15 243.47 43.89
1199 46.34 81.53 69.95 15.85 164.02
1200 46.32 3.53 12.04 7.94 13.48
1201 46.27 91.20 18.44 3.16 41.96
1202 46.47 58.74 192.77 207.26 45.28
1203 46.37 87.57 38.20 7.15 109.76
1204 46.58 16.07 122.70 78.87 41.87
1205 46.55 27.24 165.18 183.91 47.82
1206 46.59 38.54 190.80 237.96 46.09
1207 46.60 63.76 194.82 85.93 48.93
1208 46.57 53.96 182.13 220.77 41.26
1209 46.48 5.79 24.77 22.00 18.48
1210 46.72 20.44 157.88 130.34 43.56
1211 46.68 66.21 189.00 98.01 126.19
1212 46.72 18.05 152.18 100.24 46.22
1213 46.66 85.67 42.57 6.90 141.98
1214 46.81 56.52 189.84 179.04 45.28
1215 46.86 11.76 93.74 92.80 37.87
1216 46.90 36.02 181.19 230.85 43.07
1217 46.89 31.22 175.91 229.19 42.08
1218 46.92 42.41 184.72 238.78 44.43
1219 46.94 69.19 178.86 54.46 183.08
1220 46.98 84.09 66.00 9.44 165.84
1221 46.92 33.63 178.36 234.46 42.77
1222 47.23 89.11 24.69 3.98 76.73
1223 47.12 48.03 184.17 229.95 42.94
1224 46.84 90.81 19.37 3.00 43.00
1225 46.98 94.08 10.56 1.30 19.72
1226 47.19 46.01 171.30 229.38 44.48
1227 47.19 23.04 161.75 180.61 37.10
1228 47.19 50.32 197.83 225.01 42.78
1229 47.07 79.42 101.44 18.90 199.70
1230 47.30 13.86 124.69 141.07 38.05
1231 47.19 25.29 175.62 220.26 46.38
1232 47.26 29.04 176.06 223.85 44.53
1233 47.38 71.70 169.23 29.10 193.17
1234 47.21 81.83 80.39 15.43 180.81
1235 47.51 7.94 44.29 68.58 27.45
1236 47.34 60.14 206.99 134.86 62.07
1237 47.55 76.84 161.94 29.23 190.76
1238 47.37 4.01 14.05 15.51 8.96
1239 47.33 9.74 62.29 87.62 28.65
1240 47.45 40.35 191.19 236.91 42.28
1241 47.49 74.30 178.10 42.54 194.66
1242 47.51 6.18 27.65 44.77 18.34
1243 47.44 62.29 197.91 83.40 51.03
1244 47.62 52.56 200.11 142.71 54.73
1245 47.56 54.83 203.05 155.46 43.16
1246 47.38 91.03 15.58 2.39 38.77
1247 47.67 43.97 185.45 199.99 42.49
1248 47.81 58.33 193.37 82.84 189.46
1249 47.71 67.31 189.00 50.52 199.59
1250 47.74 37.78 183.91 216.82 41.58
1251 47.88 64.84 182.76 44.56 197.13
1252 47.69 94.39 9.52 0.98 18.88
1253 47.76 18.40 140.62 185.10 34.41
1254 47.67 85.16 43.10 6.24 146.05
1255 48.20 15.86 134.00 167.99 33.39
1256 47.90 21.43 142.98 185.63 35.78
1257 47.96 32.52 190.63 203.36 41.70
1258 47.80 78.53 120.12 20.24 190.10
1259 48.14 27.24 153.88 215.09 38.64
1260 48.32 82.99 88.46 11.29 169.02
1261 48.15 34.74 181.26 183.44 45.50
1262 48.11 87.97 30.77 5.82 92.56
1263 48.25 56.45 197.18 78.43 147.10
1264 48.07 80.37 102.46 12.25 193.89
1265 48.25 30.18 177.08 198.19 41.32
1266 48.28 48.82 201.67 128.54 53.02
1267 48.31 69.69 157.80 22.40 195.94
1268 48.20 91.52 15.47 1.94 31.79
1269 48.35 10.84 91.13 102.08 32.35
1270 48.37 41.92 185.17 154.31 49.71
1271 48.29 50.97 208.37 100.47 97.84
1272 48.37 46.58 194.65 133.56 50.95
1273 48.35 24.33 165.32 200.74 39.49
1274 48.41 85.60 55.39 7.18 131.29
1275 48.22 93.70 11.46 1.08 21.69
1276 48.59 4.69 16.93 19.49 11.46
1277 48.63 60.47 187.65 38.47 203.94
1278 48.50 62.78 191.08 40.70 207.79
1279 48.46 7.63 51.18 50.12 24.03
1280 48.44 92.73 11.85 1.96 21.96
1281 48.63 39.60 185.99 119.73 52.63
1282 48.70 54.35 178.74 80.24 211.02
1283 48.78 13.66 104.63 112.68 38.07
1284 48.86 74.93 157.72 17.70 195.17
1285 48.78 90.39 17.49 2.90 45.24
1286 48.78 36.89 190.88 137.40 57.29
1287 48.81 44.10 205.82 99.41 66.46
1288 48.77 19.22 166.33 140.00 39.39
1289 48.92 67.14 187.65 26.40 204.76
1290 49.02 77.57 129.31 15.19 176.17
1291 48.86 94.14 9.68 1.41 19.78
1292 48.97 71.77 158.77 15.35 186.83
1293 48.82 79.99 113.50 12.05 181.30
1294 49.06 52.35 196.44 60.99 218.47
1295 49.10 58.30 182.56 39.27 209.52
1296 49.03 88.23 30.86 4.92 85.49
1297 49.00 21.92 173.66 136.00 44.56
1298 49.22 64.78 184.40 21.82 202.56
1299 49.16 28.97 176.14 132.45 54.24
1300 49.09 31.98 187.60 115.25 55.86
1301 49.29 26.60 178.41 101.51 82.64
1302 49.43 92.16 12.58 3.82 18.89
1303 49.16 8.52 49.24 36.52 98.98
1304 49.14 16.38 147.14 109.00 61.12
1305 49.37 50.00 198.54 73.27 221.68
1306 49.36 34.51 186.93 99.01 107.74
1307 49.46 47.83 193.75 58.81 202.79
1308 49.37 86.54 38.57 7.39 86.76
1309 49.43 96.13 7.00 1.98 11.60
1310 49.44 11.09 108.35 77.12 52.22
1311 49.48 45.88 203.23 64.03 207.15
1312 49.50 55.92 194.91 37.66 210.86
1313 49.57 3.40 12.49 5.47 18.29
1314 49.62 69.09 165.13 17.72 200.54
1315 49.63 5.50 22.76 10.15 45.91
1316 49.66 41.95 193.15 49.78 196.42
1317 49.62 23.99 168.47 71.75 75.32
1318 49.64 81.28 99.89 13.81 144.76
1319 49.60 83.41 64.12 10.31 122.12
1320 49.61 7.43 39.80 21.96 109.71
1321 49.68 62.04 188.16 22.28 214.80
1322 49.33 93.28 11.11 2.56 21.33
1323 49.82 15.48 131.21 53.08 154.57
1324 49.71 39.55 193.30 55.35 210.39
1325 49.69 89.54 19.42 6.35 38.64
1326 49.80 19.77 184.77 87.20 139.42
1327 49.82 37.14 180.74 73.68 210.85
1328 49.90 17.44 155.74 72.62 131.98
1329 50.08 73.62 136.30 18.57 155.45
1330 50.03 53.77 190.18 27.35 218.43
1331 50.01 84.68 63.77 12.69 104.13
1332 50.07 44.09 201.26 32.70 217.25
1333 50.17 59.87 180.01 19.82 187.15
1334 50.15 71.16 148.25 18.72 177.19
1335 50.16 76.23 151.63 26.06 161.22
1336 50.12 30.75 193.57 54.83 185.71
1337 50.17 28.17 183.31 65.46 194.78
1338 50.28 33.01 195.89 42.71 197.93
1339 50.29 79.07 120.96 38.60 114.77
1340 50.02 95.47 6.96 3.89 8.75
1341 50.43 66.70 144.42 18.88 179.91
1342 50.26 51.35 202.30 28.88 222.67
1343 50.25 57.52 185.58 22.28 221.36
1344 50.25 86.09 40.04 21.21 66.21
1345 50.33 21.67 169.18 59.28 175.64
1346 50.43 64.27 179.29 20.63 197.51
1347 50.43 9.25 64.56 15.16 155.13
1348 50.42 25.49 170.98 41.21 190.11
1349 50.47 48.90 194.34 31.86 214.20
1350 50.48 12.95 120.27 30.60 173.09
1351 50.37 11.26 96.88 22.12 167.53
1352 50.59 35.47 181.40 31.62 207.04
1353 50.42 6.65 35.67 8.56 102.71
1354 50.50 90.67 14.38 24.33 14.44
1355 50.69 92.44 10.43 17.18 10.18
1356 50.67 46.35 182.08 27.68 205.66
1357 50.53 87.89 33.00 18.47 26.25
1358 50.74 81.98 103.82 55.66 49.02
1359 50.93 4.52 19.43 3.24 43.47
1360 50.89 40.76 185.80 26.71 209.27
1361 50.81 94.32 7.53 9.25 8.65
1362 50.94 55.57 179.36 18.78 203.52
1363 50.94 23.38 162.80 30.87 194.56
1364 50.89 18.81 163.42 29.28 184.01
1365 50.92 38.20 185.48 27.51 207.24
1366 50.83 68.96 151.25 24.22 111.64
1367 51.04 16.56 141.41 21.76 171.14
1368 51.04 62.00 171.64 19.76 184.07
1369 50.82 89.44 21.75 28.58 16.29
1370 51.09 43.37 167.08 23.64 207.51
1371 51.18 29.56 174.29 24.86 209.64
1372 51.20 52.78 167.70 19.66 212.79
1373 51.16 84.40 40.67 83.47 32.17
1374 51.26 26.74 166.88 28.80 199.35
1375 51.35 58.11 155.66 20.71 197.28
1376 51.44 31.86 173.72 22.85 205.66
1377 51.33 71.68 135.56 97.35 49.63
1378 51.41 77.12 112.74 189.77 44.25
1379 51.38 74.47 126.64 123.34 50.05
1380 51.46 50.41 180.75 22.17 208.91
1381 51.42 14.59 125.16 17.60 178.35
1382 51.44 79.50 87.82 201.35 36.68
1383 51.62 33.98 167.41 20.78 200.56
1384 51.63 48.00 172.58 20.69 209.43
1385 51.31 90.13 15.05 30.79 11.68
1386 51.38 12.25 115.81 15.12 174.35
1387 51.60 21.07 162.08 22.90 194.83
1388 51.39 68.90 143.04 27.25 93.43
1389 51.51 88.83 16.42 41.73 15.96
1390 51.62 64.54 157.61 68.02 77.13
1391 51.94 86.81 23.24 63.69 22.45
1392 51.75 60.10 151.05 36.53 103.90
1393 51.84 36.50 173.24 25.58 200.78
1394 51.91 45.82 162.98 23.07 201.32
1395 51.83 66.96 142.01 85.36 57.46
1396 51.74 82.25 63.18 156.04 31.36
1397 52.40 93.64 6.50 15.14 7.31
1398 52.15 6.09 24.92 5.55 69.96
1399 51.96 24.67 163.07 17.58 198.76
1400 51.95 54.15 174.48 37.64 159.24
1401 52.09 18.05 138.14 16.59 169.49
1402 52.07 39.04 168.20 24.18 204.79
1403 52.01 10.90 76.33 10.20 153.22
1404 51.97 80.40 73.44 190.60 38.98
1405 52.23 41.37 165.12 24.42 189.73
1406 52.00 7.73 42.93 6.57 138.60
1407 52.13 28.22 180.96 23.66 205.67
1408 51.97 12.83 90.09 13.20 163.80
1409 52.30 43.60 159.04 35.16 202.31
1410 52.25 56.25 163.67 37.80 99.27
1411 52.30 69.71 115.54 183.43 42.55
1412 52.36 91.56 10.31 31.91 9.67
1413 52.32 62.35 155.45 100.34 61.78
1414 52.43 72.86 123.39 195.10 39.11
1415 52.23 82.95 58.51 156.22 34.09
1416 52.49 30.48 167.63 23.29 191.18
1417 52.66 75.46 87.99 224.66 36.61
1418 52.53 15.74 130.25 17.84 136.45
1419 52.59 22.12 150.88 23.66 165.08
1420 53.17 89.60 15.28 42.55 14.13
1421 52.32 23.61 186.31 20.62 197.62
1422 52.55 51.82 166.88 87.85 86.26
1423 52.58 95.03 5.28 9.80 5.28
1424 52.67 26.27 162.38 22.62 189.46
1425 52.59 49.47 163.34 53.28 73.54
1426 52.68 58.28 148.27 139.44 58.95
1427 52.81 78.23 76.16 205.34 34.73
1428 52.81 84.53 32.63 102.95 27.12
1429 52.68 13.90 118.08 18.29 150.88
1430 52.82 64.65 119.36 208.67 44.69
1431 52.77 34.90 157.88 49.45 142.11
1432 52.91 32.67 166.76 42.02 124.30
1433 52.97 60.39 130.70 188.92 47.11
1434 53.06 67.19 111.71 202.37 39.66
1435 53.03 47.51 140.12 131.50 70.05
1436 53.06 80.57 74.51 187.04 31.95
1437 52.91 11.25 73.94 18.97 102.77
1438 53.05 37.23 150.99 75.37 129.71
1439 52.99 54.28 139.56 200.93 54.03
1440 53.08 9.59 48.16 18.24 78.40
1441 53.17 4.75 17.13 8.72 16.18
1442 53.14 19.70 143.20 40.68 84.65
1443 53.23 82.13 62.07 173.93 30.27
1444 52.96 12.71 79.80 17.60 121.93
1445 53.14 45.05 148.19 89.47 75.64
1446 53.33 17.41 128.78 75.07 48.62
1447 53.47 71.74 80.46 197.59 35.48
1448 53.19 7.73 36.45 19.89 57.36
1449 53.30 39.69 159.26 124.76 79.46
1450 53.43 28.03 155.36 54.26 138.57
1451 53.42 23.85 145.90 49.74 95.01
1452 53.16 25.19 168.00 39.00 147.86
1453 53.45 56.52 117.74 210.55 44.11
1454 53.65 86.25 16.90 55.76 22.44
1455 53.47 42.06 149.37 83.36 62.57
1456 53.50 70.12 98.13 217.12 38.52
1457 53.70 50.34 127.34 216.92 47.46
1458 53.63 52.51 143.11 222.92 46.29
1459 53.70 62.35 108.11 201.65 39.04
1460 53.76 69.02 106.20 208.02 35.41
1461 53.75 14.95 124.33 110.96 45.67
1462 53.69 30.43 156.74 142.95 70.36
1463 53.96 74.03 72.26 198.18 34.94
1464 53.76 21.74 139.30 79.86 47.60
1465 53.67 92.22 8.02 14.49 8.41
1466 53.50 93.92 6.90 12.40 5.80
1467 53.75 12.67 108.72 95.53 41.91
1468 54.06 76.73 73.98 181.01 36.14
1469 54.07 7.00 30.35 41.85 22.68
1470 53.94 58.84 104.24 220.32 38.95
1471 53.92 35.00 119.92 182.72 50.78
1472 54.14 46.36 124.66 218.98 44.30
1473 54.04 25.82 138.63 111.80 56.91
1474 54.04 32.59 139.43 204.14 46.45
1475 54.07 64.87 110.71 222.14 41.73
1476 54.18 79.72 52.77 110.75 31.18
1477 54.10 37.68 131.66 196.25 49.39
1478 54.14 43.89 125.64 227.28 42.69
1479 54.28 48.50 104.75 235.50 41.64
1480 54.01 93.58 6.91 13.44 6.42
1481 54.23 10.37 57.69 72.46 30.27
1482 54.22 54.49 132.63 213.19 43.94
1483 54.43 5.28 16.54 25.23 11.92
1484 54.18 19.94 119.00 143.35 37.25
1485 54.42 83.23 38.08 94.32 28.66
1486 54.40 40.28 122.32 222.11 45.36
1487 54.46 67.23 86.32 192.21 37.28
1488 54.47 88.54 13.15 25.64 14.46
1489 54.50 17.27 108.24 163.97 34.14
1490 54.36 18.88 120.11 157.78 34.17
1491 54.53 23.90 110.03 165.43 41.31
1492 54.47 28.36 135.00 171.07 48.86
1493 54.72 90.65 10.99 13.70 13.28
1494 54.44 92.01 7.46 13.81 9.23
1495 54.80 60.60 88.60 200.75 40.56
1496 54.74 52.14 107.98 206.66 41.29
1497 54.71 56.57 115.15 193.26 39.42
1498 54.79 12.26 83.09 128.89 32.44
1499 54.91 72.13 75.19 147.57 35.05
1500 54.74 94.45 6.53 9.50 7.49
1501 54.87 69.60 87.17 154.91 33.10
1502 54.92 14.38 91.52 145.07 32.55
1503 54.90 21.54 101.82 174.84 36.06
1504 54.87 30.85 109.52 220.10 41.03
1505 54.97 63.01 88.13 166.63 33.27
1506 54.91 92.84 7.42 11.29 7.71
1507 55.06 42.17 97.34 204.72 38.98
1508 55.18 35.90 99.50 211.71 40.26
1509 55.13 50.17 99.24 212.87 39.72
1510 55.12 33.49 110.62 222.37 41.97
1511 55.05 85.09 18.71 37.29 25.77
1512 55.20 26.45 99.31 185.38 37.43
1513 55.18 44.96 101.90 212.42 40.58
1514 55.22 78.03 65.52 107.03 36.40
1515 55.39 8.77 32.68 65.67 26.49
1516 55.26 38.22 110.16 211.50 41.02
1517 55.31 58.43 91.69 156.71 37.09
1518 55.37 74.79 65.04 152.97 39.73
1519 55.32 65.29 82.16 132.70 34.34
1520 55.33 80.86 44.37 66.21 32.36
1521 55.69 4.70 11.05 17.07 8.81
1522 55.42 10.79 51.24 83.04 27.12
1523 55.49 19.13 89.18 152.73 34.17
1524 55.36 54.16 103.92 194.71 41.08
1525 55.44 47.61 96.63 174.95 39.04
1526 55.63 6.77 19.87 46.34 18.61
1527 55.76 23.51 98.21 186.04 35.63
1528 55.63 29.05 102.81 195.69 36.86
1529 55.73 67.83 74.05 133.55 40.15
1530 55.49 89.66 9.88 11.00 23.24
1531 55.84 40.10 95.37 162.34 39.50
1532 55.89 86.40 17.06 16.15 74.48
1533 55.95 94.91 4.30 3.81 8.79
1534 55.80 16.35 88.68 123.92 32.34
1535 55.71 88.84 10.39 8.48 35.83
1536 55.92 56.16 80.98 171.54 42.29
1537 55.91 61.68 82.27 138.78 40.67
1538 55.76 83.04 29.47 38.70 26.86
1539 55.94 51.86 95.04 151.49 41.19
1540 56.00 21.33 92.05 140.93 37.47
1541 55.96 70.46 73.07 120.59 41.27
1542 55.88 87.73 12.89 12.59 79.32
1543 56.08 43.32 87.98 182.65 40.46
1544 55.78 90.60 8.52 8.61 21.48
1545 56.12 12.26 56.55 93.28 29.67
1546 56.03 31.64 96.66 178.44 41.28
1547 55.75 92.70 6.57 7.43 11.14
1548 56.22 34.27 88.85 167.14 41.81
1549 56.22 49.76 83.90 157.96 42.58
1550 56.08 72.86 54.88 54.73 160.29
1551 56.25 76.61 61.00 103.93 168.10
1552 56.20 14.22 74.56 116.39 37.49
1553 56.28 45.69 84.16 165.78 44.24
1554 56.29 59.58 74.41 108.00 45.76
1555 56.33 63.69 78.33 100.25 47.96
1556 56.31 92.44 7.04 4.81 18.77
1557 56.38 36.86 84.57 105.37 45.43
1558 56.60 79.43 36.95 47.57 165.65
1559 56.43 27.40 90.98 171.97 41.57
1560 56.41 53.71 92.32 144.90 49.11
1561 56.43 65.74 70.83 76.44 101.48
1562 56.27 93.88 5.38 3.50 12.33
1563 56.40 9.58 31.85 56.00 27.14
1564 56.41 17.85 75.67 115.54 52.48
1565 56.53 25.21 90.03 138.96 45.25
1566 56.67 82.32 24.90 19.30 125.90
1567 56.56 47.72 76.55 115.64 45.29
1568 56.52 89.56 10.05 5.82 45.99
1569 56.64 57.64 73.31 120.10 58.53
1570 56.73 41.39 86.32 108.76 46.86
1571 56.70 74.72 53.00 41.63 186.22
1572 56.83 29.81 86.22 140.01 44.21
1573 56.97 67.96 51.84 37.17 181.85
1574 56.65 85.26 24.10 17.97 97.77
1575 56.84 20.12 70.82 86.01 99.68
1576 56.80 38.88 86.15 86.09 77.45
1577 56.77 72.54 70.39 65.68 182.68
1578 57.11 6.81 15.96 15.96 79.69
1579 57.08 15.94 62.98 52.38 149.09
1580 57.05 22.72 77.09 79.58 136.66
1581 57.11 61.35 60.86 55.69 177.47
1582 56.77 94.18 5.38 2.88 12.75
1583 57.14 32.25 78.70 60.27 145.81
1584 57.29 51.05 67.64 49.68 201.96
1585 57.19 55.34 76.98 87.42 174.19
1586 57.21 70.31 49.80 37.29 199.16
1587 57.16 43.76 81.08 104.04 108.43
1588 57.20 83.87 27.63 17.63 133.26
1589 57.19 11.86 44.18 40.21 102.33
1590 57.34 34.73 71.63 58.61 175.52
1591 57.23 14.68 56.29 37.24 157.54
1592 57.31 90.23 8.56 5.05 48.25
1593 57.14 94.82 5.04 2.61 15.61
1594 57.51 46.13 64.41 60.60 192.89
1595 57.57 48.73 61.12 50.83 203.47
1596 57.47 53.07 70.68 68.08 210.08
1597 57.43 63.63 53.30 39.10 189.93
1598 57.50 27.66 75.31 62.31 175.17
1599 57.64 37.10 60.66 37.09 172.42
1600 57.39 74.12 55.81 36.44 195.59
1601 57.59 77.68 49.62 24.99 178.76
1602 57.54 95.72 4.04 1.41 13.09
1603 57.60 17.90 62.40 36.20 170.64
1604 57.75 59.57 54.88 28.04 199.95
1605 57.39 86.70 14.62 7.09 103.03
1606 57.42 93.64 5.89 2.86 20.64
1607 57.78 4.64 7.29 4.62 29.29
1608 57.81 65.53 58.91 32.35 194.98
1609 57.56 88.28 12.65 4.93 95.93
1610 57.53 91.81 7.08 3.65 29.89
1611 57.64 25.13 71.81 38.75 181.99
1612 57.79 39.67 61.37 32.68 191.94
1613 57.74 57.36 61.25 55.98 210.53
1614 57.90 20.47 59.80 29.75 179.72
1615 57.73 80.21 34.34 16.53 168.68
1616 57.70 82.89 27.08 16.79 156.77
1617 57.98 42.25 52.38 35.33 200.34
1618 57.83 73.09 43.43 17.90 193.57
1619 57.66 9.21 23.43 14.97 114.83
1620 57.83 29.97 56.20 32.12 189.06
1621 57.95 84.93 22.98 9.72 120.94
1622 57.90 62.76 62.28 37.69 203.59
1623 58.44 9.93 26.23 12.14 156.22
1624 58.53 12.19 34.37 15.37 181.43
1625 58.18 86.60 20.63 8.94 120.47
1626 57.85 93.26 6.33 2.00 24.07
1627 58.25 31.74 62.48 33.11 202.09
1628 58.28 67.83 42.78 18.34 198.77
1629 58.18 90.17 8.61 3.46 58.07
1630 58.21 8.05 19.77 8.45 127.38
1631 58.30 22.36 69.65 29.53 189.93
1632 58.40 44.63 53.59 30.77 210.38
1633 58.34 15.24 42.08 19.28 176.83
1634 58.33 72.37 54.05 17.74 198.38
1635 58.36 75.49 55.33 20.05 192.11
1636 58.46 33.68 59.46 27.08 203.01
1637 58.49 70.18 42.65 19.93 208.11
1638 58.50 6.10 8.92 4.10 71.14
1639 58.48 53.77 53.31 36.14 214.69
1640 58.57 56.02 52.22 29.68 221.68
1641 58.25 81.55 27.85 14.33 166.42
1642 58.56 61.47 51.97 23.85 217.18
1643 58.46 29.44 60.79 30.92 207.06
1644 58.41 88.21 12.09 4.64 98.07
1645 58.59 92.25 5.75 2.07 32.12
1646 58.68 51.59 50.36 25.67 198.97
1647 58.41 95.99 3.31 1.35 14.38
1648 58.75 35.82 50.46 20.40 207.61
1649 58.76 49.67 49.75 25.19 218.99
1650 58.39 82.63 23.73 8.13 149.53
1651 58.54 27.43 60.15 21.85 196.62
1652 58.69 47.21 45.56 22.13 212.32
1653 58.59 24.12 55.67 22.12 197.23
1654 58.86 63.89 42.54 23.06 210.94
1655 58.97 77.84 35.50 12.17 179.15
1656 59.04 38.38 46.18 21.93 180.67
1657 58.89 58.35 49.75 20.60 214.22
1658 58.91 25.79 57.66 20.65 199.03
1659 58.97 40.67 51.25 24.02 187.56
1660 59.05 85.85 15.64 5.67 120.29
1661 59.28 66.27 37.10 18.66 203.29
1662 59.47 20.43 41.87 15.46 164.73
1663 59.10 82.79 20.96 8.05 146.59
1664 59.41 43.05 38.32 20.42 199.09
1665 59.44 73.18 36.34 17.14 199.62
1666 59.14 80.68 28.35 11.76 170.96
1667 59.17 84.36 14.85 7.32 135.93
1668 59.22 87.51 11.80 5.61 86.76
1669 59.39 31.14 44.06 20.16 195.61
1670 59.53 10.46 21.48 10.17 151.28
1671 59.40 14.57 27.90 12.39 171.57
1672 59.64 28.38 41.50 20.18 161.62
1673 59.24 68.72 27.10 12.65 193.20
1674 59.90 16.02 29.40 20.61 127.25
1675 59.57 54.98 42.69 20.81 200.01
1676 59.61 60.00 41.25 16.25 193.06
1677 59.37 7.04 9.30 3.37 94.53
1678 59.66 45.44 37.84 23.48 176.44
1679 59.75 8.82 12.89 5.61 114.30
1680 59.68 70.86 34.37 14.11 190.85
1681 59.78 76.20 27.48 11.07 175.41
1682 59.69 22.87 41.88 17.42 165.60
1683 59.54 88.98 7.88 3.39 59.76
1684 59.68 34.02 35.47 19.08 174.53
1685 59.74 52.68 38.43 22.25 181.88
1686 59.86 62.42 34.64 16.10 177.69
1687 59.70 13.26 20.58 12.13 158.63
1688 59.77 48.21 35.12 18.64 153.52
1689 59.90 68.62 23.48 12.55 172.88
1690 59.98 6.71 8.07 3.86 59.60
1691 60.09 25.49 38.18 23.32 126.91
1692 59.98 36.52 37.92 22.70 128.04
1693 59.97 57.26 34.52 18.28 167.84
1694 59.84 50.52 36.38 24.50 80.25
1695 59.84 80.58 20.75 9.53 154.85
1696 60.03 41.17 32.47 27.48 128.82
1697 60.27 64.75 32.21 27.61 163.37
1698 59.92 78.40 22.20 11.18 170.50
1699 59.98 84.96 11.77 4.59 115.54
1700 60.44 87.74 9.38 3.86 67.05
1701 60.42 90.63 5.54 2.04 33.91
1702 60.23 38.68 36.02 25.40 95.25
1703 60.19 74.81 26.56 20.71 152.68
1704 60.31 18.28 27.49 21.57 81.64
1705 60.35 32.12 34.86 37.43 107.00
1706 60.45 12.94 16.15 16.29 90.58
1707 60.57 21.44 27.47 28.96 79.70
1708 60.73 67.38 26.06 19.09 109.92
1709 60.57 71.67 30.84 29.09 169.68
1710 60.92 83.95 11.12 10.83 90.34
1711 60.70 29.89 28.33 90.01 48.78
1712 60.61 43.62 29.51 103.94 50.58
1713 60.74 61.09 30.27 24.26 96.01
1714 60.79 78.67 19.06 14.52 153.54
1715 60.53 81.63 21.61 18.89 131.14
1716 60.71 11.35 14.70 18.11 57.73
1717 60.60 46.21 31.09 102.09 59.09
1718 60.92 72.56 26.10 30.13 156.96
1719 60.76 48.76 29.18 130.90 44.83
1720 60.61 54.90 33.33 82.96 87.72
1721 60.75 59.12 29.92 41.54 108.09
1722 60.80 52.67 27.85 141.68 44.34
1723 60.78 34.94 28.00 109.20 54.19
1724 60.79 6.73 5.74 8.41 30.59
1725 60.76 74.26 26.54 20.38 137.50
1726 60.95 40.82 25.83 170.25 46.16
1727 61.11 63.16 26.96 59.85 76.28
1728 61.06 69.86 29.94 34.45 71.77
1729 61.18 76.47 20.48 19.35 138.78
1730 61.08 25.69 25.43 96.01 37.08
1731 61.08 37.68 24.77 144.26 40.97
1732 61.23 50.68 23.67 187.75 37.79
1733 61.14 56.87 24.93 182.09 41.35
1734 61.29 81.31 19.35 24.00 110.20
1735 61.22 16.63 18.76 101.50 31.17
1736 61.17 19.23 21.15 90.02 35.08
1737 61.20 94.28 2.98 2.09 11.59
1738 61.31 32.70 23.24 141.64 39.93
1739 61.33 14.04 15.01 78.43 29.02
1740 61.50 23.12 19.05 129.12 34.15
1741 61.58 44.72 20.59 190.65 37.61
1742 61.49 46.92 22.37 204.11 38.67
1743 61.41 65.46 30.21 81.86 57.50
1744 61.52 27.87 21.48 152.84 32.29
1745 61.37 91.92 3.53 3.53 12.30
1746 61.26 93.04 2.80 1.80 13.80
1747 61.60 54.64 24.61 204.81 39.42
1748 61.56 7.73 6.47 29.76 18.71
1749 61.74 5.74 3.21 13.02 9.60
1750 61.79 42.51 21.66 204.81 36.45
1751 62.03 9.52 7.19 47.81 22.48
1752 61.94 11.12 9.47 59.63 23.37
1753 61.86 30.17 20.34 186.77 31.68
1754 61.79 73.90 20.43 151.50 49.65
1755 62.03 20.91 17.03 122.34 29.36
1756 61.87 58.97 20.98 202.18 38.04
1757 61.95 61.45 21.83 187.66 40.14
1758 61.98 68.45 20.93 170.30 37.13
1759 61.88 35.32 20.50 162.01 32.82
1760 61.98 40.00 20.63 210.33 36.41
1761 62.08 48.66 20.74 213.71 34.30
1762 62.03 52.59 18.72 196.01 34.03
1763 62.07 90.33 5.07 22.32 11.56
1764 61.91 79.42 15.25 91.32 41.62
1765 62.18 71.30 20.10 158.23 36.66
1766 62.16 18.02 14.98 129.54 27.91
1767 62.26 63.76 21.03 188.66 34.44
1768 62.17 25.62 17.18 147.74 29.91
1769 62.25 37.89 18.74 193.01 34.82
1770 62.30 13.16 10.40 80.22 26.07
1771 62.33 56.47 18.84 217.85 34.74
1772 62.31 76.74 18.73 130.63 36.94
1773 62.24 91.89 4.09 12.84 9.68
1774 62.39 86.58 7.81 49.31 19.23
1775 62.49 15.48 12.45 101.91 27.28
1776 62.87 83.31 9.28 72.63 27.38
1777 62.40 32.49 19.95 166.82 31.50
1778 62.46 66.18 20.12 176.02 32.26
1779 62.56 50.52 20.39 197.92 35.07
1780 62.92 7.94 4.68 30.99 15.22
1781 62.70 46.21 17.95 215.34 34.39
1782 62.66 88.88 5.63 34.24 14.90
1783 62.75 23.60 14.83 137.46 30.69
1784 62.70 28.07 15.98 168.48 29.48
1785 62.90 43.82 16.67 181.56 35.29
1786 62.88 54.38 17.39 139.42 35.70
1787 62.89 41.42 18.24 170.77 34.30
1788 63.06 60.15 18.45 208.79 32.75
1789 62.99 19.44 13.97 138.00 30.77
1790 62.97 34.31 18.02 143.83 32.96
1791 63.04 74.45 15.94 150.72 34.95
1792 63.12 80.67 11.59 109.79 29.61
1793 62.93 5.52 2.36 12.03 8.61
1794 63.07 58.09 18.07 195.43 32.65
1795 63.13 36.68 15.17 170.70 33.28
1796 63.25 69.59 17.39 165.35 30.25
1797 63.13 91.09 3.60 17.13 7.60
1798 63.18 30.49 15.48 152.22 32.28
1799 63.27 87.09 6.77 45.97 15.09
1800 63.14 11.31 7.08 48.20 28.51
1801 63.36 52.53 15.36 170.50 35.41
1802 63.37 62.28 17.55 210.53 32.75
1803 63.22 78.12 13.80 138.29 29.29
1804 63.44 17.07 11.26 107.56 37.50
1805 63.36 21.58 12.92 129.81 37.60
1806 63.39 48.23 15.26 167.94 39.69
1807 63.38 26.21 14.04 136.63 34.50
1808 63.36 39.35 15.69 147.68 39.01
1809 63.46 67.16 16.01 185.56 32.39
1810 63.53 72.22 15.88 191.71 31.04
1811 63.41 13.48 9.64 74.12 39.14
1812 63.56 64.45 15.80 188.58 32.24
1813 63.65 56.07 15.11 150.54 42.72
1814 63.38 88.60 4.96 29.56 13.16
1815 63.72 32.62 13.41 120.40 44.00
1816 63.69 50.52 15.14 135.42 41.41
1817 63.73 76.90 13.53 143.48 28.13
1818 63.87 6.29 2.89 10.08 14.36
1819 63.83 45.18 14.47 121.74 52.99
1820 63.94 24.19 11.82 122.71 47.63
1821 63.92 28.51 14.27 135.95 44.19
1822 63.91 42.09 14.49 132.74 61.54
1823 64.22 85.90 6.60 45.92 16.59
1824 63.81 89.54 4.30 21.73 10.49
1825 64.02 34.92 14.02 131.38 48.82
1826 64.02 9.64 4.92 19.41 56.41
1827 64.07 19.25 10.66 118.67 89.35
1828 64.27 11.30 6.31 33.96 88.67
1829 64.25 79.59 10.57 114.56 28.62
1830 64.44 82.19 8.39 80.30 24.68
1831 64.14 37.54 14.37 113.36 91.47
1832 64.24 54.14 13.68 123.65 59.83
1833 64.18 58.21 13.75 151.74 43.38
1834 64.32 60.44 13.52 147.62 35.54
1835 64.39 30.64 12.52 98.21 135.51
1836 64.77 16.66 9.01 48.64 149.84
1837 64.44 47.35 13.51 104.50 201.45
1838 64.50 74.33 12.84 141.83 28.51
1839 64.42 84.03 7.28 65.53 22.35
1840 64.52 68.56 15.49 142.20 31.54
1841 64.80 7.66 3.68 8.49 54.95
1842 64.57 40.00 12.57 88.14 191.64
1843 64.58 71.11 13.54 158.50 29.60
1844 64.32 13.49 7.53 38.91 99.79
1845 64.46 21.98 10.81 96.74 134.06
1846 64.54 26.48 10.84 93.19 160.41
1847 64.63 62.94 14.40 135.81 38.83
1848 64.57 65.93 13.90 135.87 29.95
1849 64.47 88.73 4.27 24.58 10.70
1850 64.74 43.79 13.36 73.75 203.52
1851 64.75 49.70 12.49 69.60 212.39
1852 64.65 51.99 12.84 72.34 192.60
1853 64.88 32.88 11.45 64.82 197.46
1854 64.88 56.21 12.79 109.11 159.42
1855 65.03 77.24 11.32 146.48 28.55
1856 64.89 89.96 3.44 14.90 9.29
1857 65.08 35.50 11.47 60.72 200.81
1858 65.18 20.14 8.74 48.42 184.20
1859 65.21 28.89 10.68 44.69 181.38
1860 65.21 24.61 9.95 62.60 188.80
1861 65.25 45.90 12.82 49.35 218.56
1862 65.26 37.97 11.91 59.55 203.92
1863 65.28 87.41 4.90 27.94 13.95
1864 65.40 42.06 11.75 54.57 204.41
1865 65.25 14.84 8.03 23.80 193.18
1866 65.47 80.50 8.70 66.60 26.29
1867 65.43 58.55 11.24 93.11 190.76
1868 65.34 60.80 12.51 115.02 120.92
1869 65.67 91.39 2.84 8.65 7.24
1870 65.49 53.52 11.40 54.67 207.23
1871 65.69 10.61 5.49 8.87 142.75
1872 65.48 22.50 9.13 43.03 195.80
1873 65.49 64.82 12.77 84.77 42.80
1874 65.56 69.63 11.76 102.62 35.43
1875 65.65 83.85 6.89 41.08 20.06
1876 65.75 13.28 6.92 15.05 186.27
1877 65.67 72.27 11.54 110.13 32.00
1878 65.70 30.94 9.75 35.62 189.47
1879 65.63 48.34 12.25 36.11 220.38
1880 65.67 67.18 11.15 78.95 43.30
1881 65.87 75.28 11.33 104.60 33.50
1882 65.90 8.86 3.63 6.62 80.59
1883 65.90 26.82 9.62 30.81 199.61
1884 65.91 62.61 11.06 67.20 164.35
1885 65.99 88.84 3.34 15.79 10.49
1886 65.94 40.16 11.96 38.06 210.03
1887 65.91 51.10 10.82 32.69 197.59
1888 65.95 6.36 2.25 3.21 40.73
1889 65.98 55.70 11.28 43.60 214.99
1890 65.96 85.98 6.05 25.07 17.60
1891 66.22 33.44 10.39 22.14 197.46
1892 66.07 44.10 11.81 34.32 210.36
1893 66.38 18.29 7.97 22.73 179.07
1894 66.28 35.72 11.11 29.73 207.47
1895 66.37 21.12 8.26 26.16 178.88
1896 66.10 23.33 8.26 26.11 180.00
1897 66.37 78.58 8.95 73.74 29.08
1898 66.36 19.68 7.76 21.89 184.54
1899 66.47 37.98 10.37 23.11 209.88
1900 66.40 46.63 10.56 24.31 213.02
1901 66.45 60.06 10.49 47.19 213.33
1902 66.53 25.19 8.75 20.27 180.14
1903 66.35 87.35 3.97 17.85 9.73
1904 66.80 29.31 8.99 23.48 172.78
1905 66.89 12.20 5.41 12.58 145.77
1906 66.74 57.64 10.43 46.85 216.21
1907 66.66 64.60 10.13 33.91 173.37
1908 66.34 69.27 10.06 30.82 145.53
1909 66.65 70.38 8.85 36.54 154.78
1910 66.50 81.85 8.48 34.28 29.07
1911 66.74 15.96 6.42 19.83 158.61
1912 66.72 49.29 10.93 18.13 202.08
1913 66.61 53.30 9.64 27.28 205.16
1914 66.77 10.10 4.73 6.15 121.83
1915 66.75 73.17 8.96 61.37 166.85
1916 67.02 42.28 10.06 28.23 176.73
1917 67.11 66.44 10.11 23.90 188.42
1918 66.79 67.93 10.30 28.10 180.01
1919 67.12 14.66 6.04 27.59 115.79
1920 66.79 85.26 6.30 22.25 19.77
1921 67.01 22.76 7.94 28.38 118.46
1922 66.97 31.82 9.45 27.79 143.41
1923 66.82 86.96 4.72 13.28 15.72
1924 66.89 8.51 3.40 4.26 61.86
1925 67.14 76.13 8.95 63.57 148.14
1926 66.93 27.29 9.14 20.79 142.59
1927 67.19 44.74 10.90 23.14 186.60
1928 67.27 51.38 10.31 18.99 202.39
1929 67.28 39.47 9.97 23.91 174.21
1930 67.21 55.38 10.08 19.63 203.50
1931 67.25 62.25 10.29 26.31 204.32
1932 67.08 89.42 2.59 9.52 10.86
1933 67.39 36.51 9.77 28.27 151.07
1934 67.48 47.31 10.74 22.13 172.48
1935 67.71 84.41 6.10 14.99 81.63
1936 67.33 86.32 5.05 14.62 16.76
1937 67.46 33.93 9.63 41.98 104.68
1938 67.67 81.22 6.93 23.81 112.46
1939 67.49 19.36 7.38 38.94 107.02
1940 67.51 77.14 8.60 45.54 160.00
1941 67.51 79.41 7.19 25.29 119.07
1942 67.47 26.48 8.31 32.66 110.96
1943 67.74 59.85 9.69 23.17 217.42
1944 67.77 6.82 2.36 5.09 28.22
1945 67.60 10.31 4.63 20.88 60.53
1946 67.89 53.32 9.91 17.77 173.08
1947 67.90 70.79 8.95 32.86 195.01
1948 67.86 89.56 2.37 5.22 13.06
1949 68.03 57.41 10.15 22.01 194.02
1950 68.01 64.70 9.11 17.09 194.93
1951 68.00 49.64 9.63 22.80 134.77
1952 67.97 31.23 9.04 95.71 48.21
1953 67.98 41.22 10.17 121.34 68.09
1954 68.07 91.21 2.11 3.19 12.76
1955 68.12 22.79 7.65 132.08 41.25
1956 68.13 73.89 10.18 36.52 185.57
1957 68.11 29.28 8.69 89.62 42.96
1958 68.24 16.49 7.33 127.88 34.68
1959 68.14 67.05 9.42 16.00 191.30
1960 68.26 45.51 9.99 100.35 56.46
1961 68.37 86.65 3.60 4.70 36.82
1962 68.38 26.70 7.53 143.83 37.74
1963 68.30 36.03 8.75 169.70 53.42
1964 68.22 43.24 11.02 41.44 99.56
1965 68.36 55.30 9.26 21.58 136.13
1966 68.44 78.53 8.10 14.35 172.17
1967 68.43 76.26 8.77 32.17 185.38
1968 68.28 10.60 5.18 39.03 40.36
1969 68.42 39.01 8.93 183.26 46.52
1970 68.26 68.30 8.15 15.03 185.64
1971 68.51 20.53 6.80 122.44 47.33
1972 68.52 33.08 9.17 187.61 37.84
1973 68.55 61.95 9.82 14.49 190.98
1974 68.68 18.66 7.23 148.96 33.63
1975 68.51 47.76 9.55 130.20 70.10
1976 68.89 14.84 5.85 108.26 31.00
1977 68.52 51.55 10.04 60.37 91.94
1978 68.73 88.52 2.72 3.90 23.52
1979 68.80 84.10 5.40 8.98 98.08
1980 68.73 8.99 3.67 31.44 19.16
1981 68.94 24.40 8.29 160.48 32.69
1982 69.00 72.00 8.58 17.64 194.08
1983 69.05 66.09 9.27 13.23 196.65
1984 69.03 41.81 9.76 170.80 43.03
1985 68.99 59.37 9.28 21.49 171.03
1986 68.93 80.57 7.67 12.82 152.37
1987 69.11 69.33 8.09 14.22 192.34
1988 69.25 11.60 5.31 72.13 28.66
1989 69.24 30.63 8.59 180.52 35.09
1990 69.14 44.15 9.26 200.45 39.38
1991 69.23 28.24 8.25 200.40 30.26
1992 69.17 54.08 9.52 99.23 54.85
1993 69.25 35.01 9.49 210.70 33.95
1994 69.22 49.46 9.49 181.28 35.88
1995 69.08 63.91 9.66 13.85 183.07
1996 69.08 76.73 8.50 24.48 182.48
1997 69.21 82.39 5.86 12.62 126.76
1998 69.46 37.32 8.39 221.59 35.62
1999 69.15 56.77 10.02 68.79 87.62
2000 69.46 7.72 2.40 23.18 11.82
2001 69.36 46.71 9.21 209.90 35.43
2002 69.23 90.00 2.09 2.62 17.72
2003 69.59 74.38 9.01 16.43 182.38
2004 69.63 9.91 3.86 47.16 17.97
2005 69.58 22.48 6.94 154.16 30.19
2006 69.54 39.71 9.23 215.58 33.86
2007 69.57 51.86 9.40 203.01 35.01
2008 69.79 17.23 6.42 130.52 28.80
2009 69.81 19.66 6.93 150.39 31.34
2010 69.68 63.41 8.79 18.25 158.21
2011 69.73 78.16 7.29 10.75 157.66
2012 69.88 25.64 7.36 174.74 29.30
2013 69.81 32.97 8.29 186.12 32.07
2014 69.69 84.81 4.53 3.99 72.86
2015 70.02 67.94 8.91 15.57 184.46
2016 69.96 87.71 2.87 1.97 26.54
2017 69.99 58.53 10.32 153.64 51.29
2018 69.85 79.90 6.96 10.20 139.96
2019 70.12 56.11 8.66 192.43 41.18
2020 70.34 76.48 8.43 12.66 173.48
2021 70.18 43.00 9.15 183.84 30.92
2022 70.13 83.30 6.39 5.98 107.30
2023 70.03 71.33 7.81 16.38 180.95
2024 70.02 81.62 6.43 7.47 120.27
2025 70.22 15.33 6.17 106.30 30.18
2026 70.35 53.82 9.11 221.75 35.69
2027 70.39 11.29 4.44 51.73 29.77
2028 70.38 13.35 5.60 76.01 27.47
2029 70.32 45.47 8.52 218.27 33.45
2030 70.40 47.78 9.12 203.61 32.71
2031 70.41 49.98 10.02 221.18 33.57
2032 70.34 65.55 8.31 19.92 133.04
2033 70.26 6.33 1.77 10.70 7.60
2034 70.49 40.82 9.61 193.35 32.03
2035 70.33 86.10 3.54 2.74 45.92
2036 70.49 28.23 8.28 174.16 33.46
2037 70.63 8.21 2.53 22.83 12.83
2038 70.60 30.60 8.59 178.34 38.80
2039 70.53 35.53 8.81 154.83 35.83
2040 70.57 21.29 6.74 139.04 34.53
2041 70.64 38.11 8.44 178.72 33.64
2042 70.61 63.59 8.20 63.24 77.36
2043 70.73 23.46 6.61 119.58 40.14
2044 70.88 52.04 9.52 221.08 35.27
2045 70.73 84.83 4.69 3.42 63.67
2046 70.75 71.96 8.62 14.40 158.05
2047 71.15 59.39 8.94 216.23 34.11
2048 70.82 82.70 6.93 4.90 87.43
2049 70.89 18.30 6.56 80.36 59.32
2050 70.91 33.28 8.49 170.68 33.98
2051 71.07 61.55 8.14 177.68 39.82
2052 71.04 70.04 8.23 34.77 136.27
2053 71.40 75.03 7.67 13.48 144.93
2054 70.96 25.98 7.41 129.26 46.53
2055 70.90 88.48 2.64 1.20 23.52
2056 71.17 9.63 4.08 28.63 48.27
2057 71.31 57.41 8.17 214.52 30.96
2058 71.24 44.27 8.79 155.69 34.82
2059 71.21 67.68 7.62 124.21 55.46
2060 71.12 15.93 6.41 62.52 62.96
2061 71.34 55.20 9.04 218.60 30.00
2062 71.47 42.22 8.43 138.94 38.10
2063 71.24 11.27 4.89 31.42 98.25
2064 71.47 48.92 8.20 149.70 35.11
2065 71.52 65.53 8.40 165.56 56.92
2066 71.71 83.92 4.24 3.39 62.99
2067 71.47 12.70 5.08 36.12 127.71
2068 71.62 46.24 8.45 187.80 35.93
2069 71.58 39.69 9.45 113.84 54.38
2070 71.53 21.26 6.93 74.35 130.19
2071 71.66 36.77 8.52 130.94 161.99
2072 71.76 29.41 7.92 74.38 150.70
2073 71.87 51.15 8.32 179.55 35.32
2074 71.92 63.17 8.44 198.01 36.05
2075 71.77 85.75 3.48 2.11 42.60
2076 71.83 81.08 6.88 6.75 90.86
2077 71.98 53.40 9.05 154.15 33.04
2078 72.04 18.14 6.08 55.07 146.30
2079 72.05 27.10 7.54 61.82 162.50
2080 71.93 32.20 8.06 99.46 132.44
2081 72.08 34.23 8.21 88.83 158.76
2082 71.79 71.73 6.79 80.68 64.55
2083 72.21 24.86 6.91 67.66 169.13
2084 72.04 11.12 4.32 16.77 114.34
2085 72.23 22.51 6.73 64.16 160.80
2086 72.01 6.56 1.00 4.69 16.94
2087 72.27 15.63 6.57 34.12 164.97
2088 72.25 68.58 7.39 172.55 39.42
2089 72.03 13.30 4.54 32.08 158.08
2090 72.43 60.72 8.18 226.98 32.34
2091 72.64 19.93 6.84 43.22 175.59
2092 72.38 47.70 8.67 133.93 67.79
2093 72.46 56.03 8.86 191.85 33.87
2094 72.54 73.95 6.90 112.80 35.75
2095 72.32 82.63 4.41 3.97 55.77
2096 72.60 58.47 7.72 194.48 32.40
2097 72.42 8.46 2.42 6.68 43.42
2098 72.55 43.93 8.20 104.95 177.13
2099 72.60 41.27 8.57 69.29 190.65
2100 72.71 38.58 8.20 67.01 190.06
2101 72.51 13.55 5.07 15.63 172.12
2102 72.73 49.79 7.91 129.80 116.52
2103 72.67 65.12 7.64 203.34 34.03
2104 72.82 71.41 8.16 168.56 33.83
2105 72.62 10.56 3.92 7.28 91.56
2106 72.85 36.10 8.71 74.23 194.55
2107 73.01 28.61 7.02 41.85 188.86
2108 73.05 77.23 6.76 116.15 31.46
2109 73.05 80.93 5.84 10.62 36.94
2110 73.00 31.57 7.74 40.04 186.79
2111 73.18 46.02 7.72 70.78 180.12
2112 73.07 52.06 8.58 131.05 162.67
2113 72.91 79.91 6.06 11.56 33.11
2114 73.13 54.35 8.88 162.40 39.63
2115 72.98 82.09 5.30 9.40 33.60
2116 73.18 12.57 5.15 7.29 149.76
2117 73.26 21.45 6.82 27.85 183.00
2118 73.32 62.45 8.53 202.91 32.85
2119 73.31 83.49 3.75 8.07 31.28
2120 73.35 17.40 5.64 18.93 179.15
2121 73.29 15.97 5.44 16.22 170.08
2122 73.30 22.49 6.27 28.61 184.32
2123 73.50 24.24 6.81 21.15 181.42
2124 73.44 34.00 6.99 42.28 189.46
2125 73.45 67.07 7.61 226.19 31.23
2126 73.57 8.88 2.00 2.67 39.43
2127 73.37 10.63 3.37 3.72 84.72
2128 73.60 48.11 8.37 83.10 196.46
2129 73.75 69.43 7.64 216.19 31.46
2130 73.67 42.69 8.01 45.89 210.01
2131 73.64 57.37 7.98 128.14 39.74
2132 73.53 14.72 4.54 15.08 170.05
2133 73.77 40.18 7.65 48.71 201.78
2134 73.79 60.12 7.95 141.08 33.92
2135 73.60 86.75 2.17 4.23 11.15
2136 74.04 74.45 6.79 143.06 27.85
2137 73.90 64.71 7.76 194.42 30.97
2138 73.79 26.81 6.84 19.74 167.64
2139 73.82 79.13 5.83 51.47 24.97
2140 74.09 20.09 5.93 16.67 169.02
2141 74.01 37.96 8.54 26.91 203.81
2142 74.15 44.59 7.18 41.19 210.14
2143 74.00 50.23 9.04 87.05 207.18
2144 74.12 29.33 7.56 15.30 183.74
2145 74.07 35.86 8.17 31.50 213.23
2146 74.24 71.89 7.11 206.46 28.83
2147 74.16 55.34 8.35 101.14 173.81
2148 74.28 13.58 5.40 8.25 141.95
2149 74.16 52.98 8.73 133.56 215.85
2150 74.02 16.30 6.00 9.94 172.94
2151 74.43 31.87 7.74 16.05 187.27
2152 74.37 11.43 3.52 6.41 85.54
2153 74.57 81.04 4.86 38.52 17.99
2154 74.72 82.88 3.58 30.37 12.66
2155 74.75 23.19 6.06 17.51 134.08
2156 74.67 46.80 8.29 29.10 211.82
2157 74.47 21.75 5.58 15.78 157.92
2158 74.76 62.94 7.70 116.31 39.10
2159 74.59 15.79 5.23 13.33 158.78
2160 74.82 18.09 5.96 21.49 132.12
2161 74.66 25.27 6.31 15.45 152.30
2162 74.75 41.39 8.15 20.46 200.86
2163 74.70 67.44 7.36 170.85 28.95
2164 74.82 77.17 6.34 85.56 25.74
2165 74.96 34.38 7.62 17.06 181.36
2166 74.95 58.74 8.01 52.35 169.44
2167 74.77 79.44 5.51 54.83 21.28
2168 74.76 84.53 2.24 19.92 8.84
2169 75.08 27.57 7.25 20.68 145.95
2170 75.10 51.47 8.29 53.81 202.62
2171 75.07 56.49 7.70 72.19 179.96
2172 75.09 61.02 7.76 94.28 159.99
2173 75.20 39.28 8.52 20.42 191.69
2174 75.13 49.08 8.45 48.23 200.09
2175 75.09 65.22 7.57 100.68 37.89
2176 75.28 43.31 8.43 18.24 197.58
2177 75.31 37.05 7.37 18.02 186.05
2178 75.21 70.19 7.34 152.61 28.74
2179 75.23 54.00 8.49 62.71 204.39
2180 75.35 73.15 6.94 114.27 26.62
2181 75.59 29.97 6.94 34.68 120.72
2182 75.26 14.27 4.67 26.67 76.10
2183 75.42 11.64 4.41 21.93 44.64
2184 75.55 75.29 6.69 90.48 28.96
2185 75.69 45.28 8.24 16.18 187.53
2186 75.54 16.73 4.90 27.12 81.04
2187 75.92 32.90 7.00 40.07 124.58
2188 75.69 15.29 4.76 30.84 62.59
2189 75.96 47.39 8.16 17.84 196.67
2190 76.15 67.30 7.24 104.03 154.45
2191 76.10 79.49 4.34 56.86 16.58
2192 76.02 19.02 5.39 105.97 34.37
2193 76.03 41.16 7.17 22.93 162.66
2194 75.80 13.62 4.73 25.27 55.18
2195 76.26 21.54 6.31 114.78 33.56
2196 76.14 35.53 7.35 33.02 128.59
2197 76.37 62.31 8.11 54.55 184.24
2198 76.11 64.43 7.44 66.63 163.26
2199 76.07 26.12 5.98 86.00 41.78
2200 76.34 50.09 7.48 18.72 194.43
2201 76.30 52.73 7.05 23.32 194.28
2202 76.24 57.53 8.37 46.43 191.83
2203 76.36 55.06 8.27 23.31 198.04
2204 76.35 60.09 7.72 46.48 170.43
2205 76.18 76.98 6.03 71.89 22.22
2206 76.28 10.67 3.30 29.01 23.61
2207 76.39 72.01 7.03 110.07 34.64
2208 76.43 38.92 6.89 91.91 81.72
2209 76.45 13.91 4.88 63.80 30.65
2210 76.82 23.86 6.22 158.22 29.66
2211 76.46 43.45 8.31 38.81 105.12
2212 76.77 16.50 5.32 100.29 29.04
2213 77.01 30.60 7.50 142.78 45.62
2214 76.72 74.49 6.23 61.97 26.96
2215 76.58 83.25 2.43 23.40 8.32
2216 76.78 69.84 6.58 95.55 119.75
2217 77.01 14.69 5.09 80.36 27.09
2218 77.04 27.53 7.25 173.24 31.48
2219 76.97 36.97 7.69 186.10 43.76
2220 76.98 45.59 7.39 42.35 123.75
2221 77.02 47.93 7.93 20.49 162.13
2222 76.98 77.28 5.41 59.61 23.61
2223 77.12 34.67 6.72 113.17 44.12
2224 77.06 41.32 8.39 160.47 52.61
2225 77.31 51.68 8.76 19.37 178.40
2226 77.24 58.84 7.08 21.39 196.87
2227 77.30 19.15 5.87 152.01 26.04
2228 77.37 66.22 6.98 47.24 191.39
2229 77.51 56.19 7.99 15.36 189.26
2230 77.56 79.25 4.59 32.82 16.78
2231 77.57 81.45 3.10 22.47 10.57
2232 77.67 32.65 7.68 185.86 31.76
2233 77.60 39.09 7.92 202.21 32.75
2234 77.62 43.55 8.16 191.49 37.45
2235 77.63 11.02 2.58 32.91 11.85
2236 77.71 61.03 7.83 16.47 182.97
2237 77.52 83.31 2.55 16.31 7.74
2238 77.60 21.40 6.54 178.01 29.53
2239 77.77 53.86 8.10 18.46 176.41
2240 77.83 63.63 7.24 29.40 170.69
2241 77.57 70.82 6.50 64.35 139.85
2242 77.73 49.54 8.00 32.29 133.84
2243 77.99 68.55 6.70 49.87 169.72
2244 77.69 72.43 6.26 63.42 119.49
2245 77.80 25.64 6.83 191.45 28.75
2246 77.62 57.99 7.56 14.17 191.78
2247 77.91 76.60 5.21 33.36 65.69
2248 78.09 12.71 4.07 62.29 23.45
2249 77.88 69.87 6.94 52.52 163.13
2250 78.06 17.09 5.60 125.02 26.57
2251 78.00 74.15 5.93 52.11 122.86
2252 78.05 14.55 4.20 81.08 22.94
2253 78.01 47.44 7.20 93.50 70.15
2254 78.19 45.57 8.09 182.98 36.72
2255 78.35 23.67 6.32 197.61 27.68
2256 78.20 36.77 7.61 220.42 32.30
2257 78.26 41.47 7.26 214.90 31.36
2258 78.39 28.33 8.03 178.27 29.37
2259 78.50 34.37 7.96 207.44 30.31
2260 78.43 51.53 8.43 159.41 74.00
2261 78.54 19.39 5.66 157.82 27.94
2262 78.55 58.54 7.52 15.26 167.34
2263 78.61 30.63 7.13 182.98 29.63
2264 78.58 66.37 7.41 61.50 193.09
2265 78.81 11.34 2.07 27.22 12.27
2266 78.50 77.19 5.50 35.83 50.37
2267 78.79 49.04 7.21 182.77 37.76
2268 78.72 55.70 7.60 22.64 124.67
2269 78.93 21.36 6.23 184.73 28.07
2270 78.89 39.15 7.31 218.34 28.90
2271 78.90 61.75 7.22 14.06 167.93
2272 78.83 75.33 5.44 26.30 124.31
2273 79.09 15.63 5.04 81.42 24.84
2274 79.08 25.98 7.42 186.08 30.17
2275 79.06 43.84 7.61 208.39 29.58
2276 79.18 64.36 6.67 19.69 178.60
2277 79.15 53.41 7.27 164.13 54.95
2278 79.20 46.74 7.48 225.14 36.64
2279 79.16 70.20 6.28 59.48 168.61
2280 79.09 13.47 4.90 55.63 23.83
2281 78.94 68.98 6.22 65.78 182.67
2282 79.16 67.87 7.02 31.55 180.84
2283 79.56 72.33 5.92 18.46 142.60
2284 79.48 31.94 6.98 158.04 26.39
2285 79.42 36.87 8.63 202.59 30.49
2286 79.46 77.78 4.53 17.93 65.70
2287 79.43 79.70 2.49 11.58 26.08
2288 79.52 18.12 6.01 98.58 27.55
2289 79.48 41.34 8.34 212.18 29.05
2290 79.60 51.07 7.93 221.02 33.92
2291 79.50 57.39 7.94 74.63 85.47
2292 79.66 28.73 7.08 128.30 29.08
2293 79.64 23.44 6.64 151.24 31.21
2294 79.86 75.83 5.08 17.24 106.43
2295 79.79 59.74 7.36 39.69 112.50
2296 79.77 34.65 7.55 184.85 28.87
2297 79.88 14.45 4.46 51.06 23.84
2298 80.01 55.28 7.06 170.12 36.55
2299 80.06 66.80 6.37 19.01 172.72
2300 80.01 48.97 7.29 216.26 30.65
2301 79.74 74.00 5.36 13.93 115.43
2302 80.01 20.45 5.96 97.13 34.13
2303 79.91 12.06 2.89 23.16 17.40
2304 80.09 39.28 7.77 172.46 28.93
2305 80.19 62.53 6.63 19.00 156.40
2306 80.32 44.98 7.84 222.08 30.54
2307 80.13 68.29 6.47 17.51 176.06
2308 80.26 43.02 8.12 192.47 28.37
2309 80.14 26.47 6.67 99.04 71.98
2310 80.46 47.05 7.74 224.68 30.13
2311 80.51 52.95 7.38 214.61 31.72
2312 80.33 16.80 5.07 60.18 29.62
2313 80.56 74.27 4.88 11.24 103.50
2314 80.38 25.32 6.50 100.41 83.34
2315 80.68 37.46 7.61 153.80 34.07
2316 80.63 57.58 7.62 169.22 35.68
2317 80.56 30.59 7.21 122.56 37.97
2318 80.60 79.13 2.70 8.23 42.28
2319 80.57 70.88 5.66 19.44 161.20
2320 80.54 72.18 6.10 12.90 136.05
2321 80.71 33.04 7.72 126.99 33.91
2322 80.79 41.24 7.60 188.80 29.82
2323 80.83 64.99 6.62 18.37 168.37
2324 80.47 69.32 6.50 16.50 172.72
2325 80.71 23.50 6.28 101.34 125.43
2326 80.79 28.12 6.66 88.38 124.23
2327 80.92 35.43 7.38 147.96 40.97
2328 81.02 50.79 7.78 225.86 30.79
2329 80.80 77.57 4.05 7.00 64.28
2330 80.87 18.69 5.32 40.46 123.01
2331 80.96 60.59 6.58 132.38 39.29
2332 80.94 21.60 5.72 69.16 142.73
2333 81.10 14.99 4.38 24.74 68.48
2334 81.04 70.14 6.06 14.35 166.10
2335 81.49 13.22 3.19 10.36 69.67
2336 81.38 48.65 7.22 199.76 29.07
2337 81.34 54.71 7.11 205.12 29.33
2338 81.24 67.82 5.97 12.88 169.10
2339 81.23 72.91 5.76 8.06 116.54
2340 81.33 16.70 5.80 29.25 118.47
2341 81.23 20.07 5.00 62.93 167.93
2342 81.27 27.04 7.56 64.56 151.97
2343 81.46 39.13 7.96 154.34 40.60
2344 81.08 66.61 6.75 11.12 170.12
2345 81.46 25.55 7.22 66.46 173.06
2346 81.55 43.57 7.58 149.46 35.04
2347 81.44 62.94 6.02 92.22 65.64
2348 81.33 76.59 4.83 6.58 82.92
2349 81.54 45.99 7.80 187.30 30.05
2350 81.47 78.76 2.66 4.13 41.16
2351 81.43 29.39 7.09 82.67 163.23
2352 81.73 58.43 6.57 193.28 28.32
2353 81.89 75.34 4.25 4.33 79.42
2354 81.87 32.15 7.86 95.54 149.36
2355 81.63 20.92 5.00 55.09 167.85
2356 81.96 52.61 7.62 207.60 27.46
2357 81.80 71.01 5.46 8.82 139.91
2358 81.93 41.30 7.00 129.46 55.48
2359 81.94 69.58 6.11 9.16 139.29
2360 81.96 23.22 6.29 57.23 178.60
2361 82.08 34.39 7.29 94.84 173.89
2362 82.18 56.22 7.17 189.57 28.04
2363 81.96 65.56 6.63 66.78 59.49
2364 81.86 73.74 4.80 7.06 93.60
2365 82.14 36.96 7.35 75.34 185.17
2366 81.83 24.39 5.60 45.40 184.93
2367 82.23 60.55 7.64 218.39 33.95
2368 82.04 67.88 6.32 19.18 125.71
2369 82.18 16.80 4.80 16.65 145.74
2370 82.52 27.47 6.58 47.76 186.68
2371 82.38 15.19 3.60 9.20 112.18
2372 82.32 20.59 6.10 30.17 180.91
2373 82.46 50.17 7.16 175.46 31.94
2374 82.53 47.82 8.30 189.08 34.30
2375 82.30 72.54 5.25 5.64 109.28
2376 82.62 63.28 6.11 180.39 37.79
2377 82.54 45.13 7.20 134.02 95.39
2378 82.43 12.94 2.79 6.37 59.63
2379 82.77 17.98 5.22 14.12 164.05
2380 82.71 39.51 7.23 71.95 177.80
2381 82.66 25.02 6.00 37.09 189.37
2382 82.70 42.82 7.54 99.62 128.46
2383 82.58 70.27 5.00 6.81 122.54
2384 83.03 54.54 7.28 134.51 27.34
2385 83.04 76.94 2.35 2.07 48.69
2386 83.05 30.21 6.89 45.42 193.14
2387 82.87 19.88 6.33 19.31 180.11
2388 82.90 67.91 6.24 22.93 73.95
2389 83.02 32.71 7.07 62.81 186.39
2390 82.92 71.54 5.57 6.70 115.91
2391 82.91 74.05 4.26 4.41 101.85
2392 83.06 57.72 7.13 174.48 26.74
2393 83.01 12.71 2.31 2.76 47.29
2394 83.35 65.70 6.01 148.61 31.25
2395 83.16 52.18 7.07 146.14 34.12
2396 83.27 35.93 7.14 44.12 186.32
2397 83.07 41.82 7.22 96.78 145.00
2398 83.21 34.74 7.15 42.64 194.69
2399 83.06 69.68 6.32 13.37 74.74
2400 83.59 23.49 6.26 25.44 201.84
2401 83.36 60.35 6.38 216.56 27.18
2402 83.56 44.28 6.90 80.25 195.01
2403 83.62 37.78 6.77 44.08 201.82
2404 83.69 46.67 7.27 97.19 182.05
2405 83.82 18.76 5.34 11.14 163.87
2406 83.69 49.06 7.46 140.55 96.69
2407 83.65 27.54 6.35 24.98 190.17
2408 83.80 40.30 7.28 71.58 194.25
2409 83.79 14.64 2.97 2.77 70.83
2410 83.76 25.85 6.74 26.60 203.40
2411 83.73 61.76 6.38 217.54 28.96
2412 83.84 70.11 5.33 17.71 80.73
2413 83.84 72.34 4.94 5.85 77.99
2414 83.73 73.85 4.21 4.14 84.23
2415 83.93 75.71 2.75 2.21 52.14
2416 84.15 67.87 5.60 104.70 31.64
2417 84.06 33.90 7.03 37.77 199.71
2418 84.16 42.54 7.11 57.38 196.92
2419 84.15 51.35 7.43 116.93 94.41
2420 84.25 55.82 7.31 129.99 39.55
2421 84.08 58.42 6.29 170.13 28.71
2422 84.05 28.55 6.98 22.73 183.36
2423 84.22 63.29 6.81 192.74 28.04
2424 84.22 16.78 4.54 5.43 129.24
2425 84.18 30.92 6.52 19.74 182.42
2426 84.38 53.55 8.01 120.66 124.43
2427 84.40 20.49 5.65 11.11 175.33
2428 84.55 35.90 6.53 30.29 194.57
2429 84.48 23.09 5.90 15.93 191.03
2430 84.93 65.54 6.66 163.63 25.82
2431 84.62 71.44 4.70 16.39 66.81
2432 84.77 26.60 6.82 15.04 188.24
2433 84.69 44.98 7.19 51.52 194.80
2434 84.97 49.95 7.12 66.07 176.24
2435 84.89 60.65 6.68 189.36 27.21
2436 84.84 38.40 7.80 28.30 199.10
2437 85.02 47.55 7.73 56.90 190.58
2438 84.94 40.98 7.60 26.60 195.40
2439 85.07 73.36 3.19 5.66 29.77
2440 84.94 24.19 6.57 12.69 183.30
2441 84.84 69.58 5.84 63.75 30.50
2442 85.03 29.06 6.80 14.43 190.66
2443 85.28 21.45 5.58 9.91 169.88
2444 85.21 57.66 6.82 130.42 70.35
2445 85.38 17.14 3.94 3.19 88.20
2446 85.17 75.15 2.14 3.25 23.34
2447 85.30 33.77 6.65 19.99 189.63
2448 85.42 31.28 7.12 15.50 197.64
2449 85.76 19.48 5.46 5.08 153.35
2450 85.51 43.17 6.93 37.81 197.64
2451 85.62 52.12 7.20 57.04 173.28
2452 85.66 63.08 6.36 166.66 26.07
2453 85.58 54.81 6.85 86.27 156.30
2454 85.67 67.74 5.63 108.93 22.99
2455 85.69 72.08 3.46 30.61 15.78
2456 85.66 70.26 4.41 54.67 18.09
2457 85.63 36.40 8.85 23.93 221.48
2458 85.75 45.49 7.49 33.49 203.14
2459 85.95 26.63 5.88 10.16 171.66
2460 85.94 40.28 7.02 19.80 206.11
2461 86.21 23.35 6.11 7.95 157.79
2462 86.07 60.24 6.19 130.00 36.97
2463 85.95 24.85 6.00 8.32 166.59
2464 86.17 38.40 7.32 14.75 197.79
2465 86.18 49.46 7.31 38.94 196.97
2466 86.39 29.53 6.27 10.77 173.23
2467 86.41 57.25 6.19 57.92 174.30
2468 86.49 65.30 5.96 116.98 25.71
2469 86.41 34.88 6.61 14.75 197.06
2470 86.50 47.01 7.39 21.67 208.67
2471 86.51 32.04 7.07 10.73 178.87
2472 86.56 42.06 7.24 19.83 204.32
2473 86.80 69.94 3.75 60.72 16.39
2474 86.68 21.90 4.98 5.95 135.53
2475 86.89 53.25 7.04 33.63 191.32
2476 86.83 44.38 6.74 18.97 191.47
2477 86.86 55.35 6.68 43.79 191.51
2478 87.10 19.63 5.44 3.20 83.80
2479 86.99 62.65 6.11 143.83 33.77
2480 86.92 71.99 2.47 29.40 9.73
2481 87.05 51.19 6.89 25.88 188.23
2482 87.05 37.26 7.50 11.56 190.09
2483 86.91 26.94 6.15 7.30 155.00
2484 87.35 67.05 4.62 91.69 21.13
2485 87.26 39.95 6.83 13.86 191.27
2486 87.18 59.70 6.21 111.14 146.59
2487 87.39 48.92 6.92 21.85 203.78
2488 87.51 33.53 6.67 9.84 175.80
2489 87.73 24.57 5.95 4.63 103.96
2490 87.60 28.89 6.40 6.84 131.36
2491 87.67 57.15 6.99 46.71 179.87
2492 87.66 42.44 6.93 14.82 196.73
2493 87.68 46.50 6.94 16.09 199.60
2494 87.82 64.48 5.95 75.26 27.75
2495 87.59 22.89 5.38 4.81 88.62
2496 87.96 68.79 4.25 47.39 16.36
2497 88.03 35.79 6.37 10.22 151.66
2498 88.20 31.17 6.74 7.20 100.49
2499 88.13 54.52 6.43 23.56 188.48
2500 88.18 44.48 7.07 11.77 194.69
2501 87.85 55.46 6.00 24.79 180.68
2502 87.97 59.80 7.08 82.80 158.55
2503 88.33 61.62 5.85 78.20 154.85
2504 88.41 52.56 6.89 15.72 187.88
2505 88.31 38.16 6.07 8.64 157.33
2506 88.18 19.49 4.56 2.19 53.40
2507 88.33 50.61 7.55 14.90 196.43
2508 88.25 22.63 5.23 3.74 60.26
2509 88.59 40.57 7.02 9.72 170.72
2510 88.38 21.16 4.19 2.38 53.38
2511 88.69 48.42 7.05 12.16 199.31
2512 88.53 66.06 5.06 54.64 41.57
2513 88.88 26.72 5.57 4.57 52.99
2514 88.83 56.94 6.35 37.93 186.50
2515 88.90 25.12 5.55 4.12 54.65
2516 88.98 42.75 7.29 10.16 151.38
2517 88.94 46.04 6.28 15.77 189.49
2518 88.80 58.65 6.16 27.51 160.60
2519 88.87 63.45 5.40 38.40 135.67
2520 88.91 20.47 4.12 2.33 34.94
2521 89.42 22.30 4.69 3.03 36.16
2522 88.91 33.87 6.64 6.25 77.61
2523 89.23 36.68 7.02 6.22 103.58
2524 89.46 23.87 5.49 3.04 47.11
2525 89.22 68.20 2.80 30.73 26.30
2526 89.34 32.10 5.78 6.28 63.44
2527 89.30 54.89 6.87 21.00 184.62
2528 89.42 65.03 5.28 24.16 97.02
2529 89.47 39.29 6.26 8.24 100.64
2530 89.50 35.37 6.41 4.47 74.25
2531 89.76 49.97 6.75 10.64 170.03
2532 89.46 62.23 5.90 21.84 147.68
2533 89.49 29.59 6.52 4.57 45.91
2534 89.74 59.86 5.83 14.29 147.77
2535 89.93 52.92 6.44 13.19 187.58
2536 89.87 38.02 6.02 5.17 68.52
2537 89.81 44.44 6.38 7.86 128.06
2538 89.84 47.10 6.91 9.03 156.41
2539 89.75 48.33 7.17 9.72 150.66
2540 90.02 57.99 6.15 18.62 173.14
2541 89.94 33.97 6.52 5.54 52.08
2542 89.95 26.22 6.02 4.63 28.16
2543 90.04 29.56 5.76 4.30 40.28
2544 90.04 41.35 6.15 6.14 89.91
2545 90.19 67.16 3.04 12.19 36.92
2546 90.54 55.74 6.33 14.66 192.91
2547 90.21 64.99 3.61 16.39 92.55
2548 90.31 24.87 6.72 3.72 26.82
2549 90.51 35.84 6.87 4.91 41.31
2550 90.62 22.94 7.06 2.72 23.16
2551 90.44 39.55 7.20 5.50 56.27
2552 90.99 51.51 6.35 7.08 144.17
2553 90.90 43.54 6.12 5.40 64.25
2554 90.77 59.50 5.67 11.80 158.10
2555 90.78 38.26 7.13 4.62 46.94
2556 90.85 26.33 8.50 3.64 26.14
2557 90.96 61.28 5.33 9.16 119.38
2558 91.07 46.06 6.38 5.73 87.41
2559 90.99 64.67 4.22 8.48 77.15
2560 91.08 66.30 2.13 8.69 46.22
2561 90.82 67.34 2.44 9.06 33.75
2562 91.14 57.41 5.65 12.67 176.49
2563 91.39 40.47 5.81 4.25 43.92
2564 91.21 53.66 5.93 10.23 161.27
2565 91.35 49.14 5.66 6.24 91.32
2566 91.16 41.65 5.79 5.95 50.37
2567 91.55 35.06 7.40 4.23 24.60
2568 91.46 63.20 4.07 6.86 77.16
2569 91.80 24.53 12.44 2.97 26.11
2570 91.61 27.57 9.43 3.00 25.84
2571 91.60 33.86 7.44 4.29 26.47
2572 91.42 60.34 5.00 9.08 135.25
2573 91.59 29.22 7.56 3.35 27.06
2574 91.97 47.41 6.00 5.57 45.48
2575 91.82 42.59 5.94 4.62 32.98
2576 91.96 61.33 4.66 5.88 110.98
2577 91.91 65.53 1.93 4.19 39.38
2578 92.05 38.91 6.62 4.92 30.35
2579 92.16 50.85 5.73 6.12 51.73
2580 92.14 37.30 9.16 4.35 28.76
2581 92.12 54.12 4.98 6.45 108.02
2582 92.45 63.36 2.48 3.34 57.12
2583 92.38 32.33 9.50 4.57 23.93
2584 92.42 58.62 5.04 6.53 139.16
2585 92.32 46.15 5.62 5.05 33.48
2586 92.45 26.36 15.31 2.86 23.06
2587 92.68 35.41 10.94 3.26 24.58
2588 92.57 29.64 10.48 3.48 26.39
2589 92.55 42.06 6.00 4.12 26.74
2590 92.64 44.78 6.02 4.37 28.33
2591 92.40 64.85 2.75 2.88 37.12
2592 92.75 53.27 5.99 4.93 66.25
2593 92.69 55.97 5.29 5.25 103.52
2594 92.84 24.48 12.97 2.28 23.53
2595 93.07 40.24 7.18 4.35 25.12
2596 93.05 38.33 8.69 3.64 26.18
2597 93.26 60.18 3.63 2.27 94.09
2598 93.09 47.62 4.72 4.40 26.60
2599 93.01 62.46 2.60 2.21 58.92
2600 93.34 33.27 10.81 3.83 23.57
2601 93.02 46.34 5.70 4.38 26.40
2602 93.24 27.07 12.46 2.89 22.84
2603 93.43 42.81 6.57 4.03 21.86
2604 93.30 25.55 13.59 2.41 20.21
2605 93.39 29.96 10.21 3.15 25.67
2606 93.31 34.80 10.00 3.50 24.57
2607 93.33 44.25 6.06 4.81 22.88
2608 93.33 58.10 4.31 3.91 93.88
2609 93.58 56.66 4.51 3.03 65.91
2610 93.70 49.15 5.12 4.32 26.48
2611 93.70 36.14 14.14 3.43 25.76
2612 93.72 37.55 12.17 3.17 27.38
2613 93.53 45.21 6.40 3.90 23.40
2614 93.94 46.85 6.43 3.92 25.57
2615 93.99 39.26 11.60 4.05 22.36
2616 94.12 54.07 5.33 4.04 32.07
2617 94.09 51.99 4.95 3.93 23.46
2618 94.22 33.60 12.55 3.42 25.16
2619 94.38 41.16 10.15 3.47 24.38
2620 94.12 43.93 6.36 3.64 26.82
2621 94.48 44.85 5.56 3.67 24.58
2622 94.41 55.89 4.96 2.49 30.33
2623 94.37 57.59 3.09 1.59 20.85
2624 94.50 30.36 9.86 2.79 22.71
2625 94.66 38.34 13.31 3.68 24.25
2626 94.55 49.77 5.17 3.62 25.57
2627 94.66 48.30 5.84 4.32 23.68
2628 94.74 39.90 17.20 3.73 22.33
2629 95.01 46.81 6.28 3.34 23.64
2630 95.00 51.85 4.87 3.00 22.66
2631 94.88 53.41 4.53 2.47 22.23
2632 95.10 33.85 13.71 3.07 27.14
2633 95.31 37.52 12.14 3.47 25.09
2634 95.18 50.38 4.64 2.47 25.42
2635 95.50 34.62 12.74 3.00 26.07
2636 95.24 39.97 15.03 3.69 23.00
2637 95.53 49.08 5.23 2.93 22.09
2638 95.51 52.68 4.14 2.92 20.49
2639 95.84 40.08 12.00 3.28 22.96
2640 96.07 37.19 12.77 3.70 24.64
2641 96.34 45.07 7.98 3.19 23.33
2642 96.48 41.00 12.33 3.92 24.20
2643 96.27 48.87 4.56 2.46 19.69
2644 96.46 39.65 10.90 2.40 26.40
2645 96.51 37.76 9.71 3.00 25.71
2646 96.84 38.47 11.59 2.85 25.27
2647 96.84 47.38 4.71 2.61 21.33
2648 96.82 36.50 10.45 2.90 23.77
2649 97.01 43.18 9.18 2.55 22.83
2650 97.03 35.13 12.48 2.40 22.88
2651 96.98 46.26 5.33 2.67 19.67
2652 97.25 45.03 7.55 2.38 19.13
2653 97.72 39.48 8.92 2.32 20.14
2654 97.93 42.53 8.95 1.76 19.18
2655 97.68 43.25 7.00 2.00 22.75

