#<Embryo name> <Cleavage cycle> <Temporal class> <Genes>
lesl26 14A 8 Kruppel even-skipped fushi-tarazu

#Quantitative data
#<Nucleus number> <A-P coordinate> <D-V coordinate> <Fluorescence intensity: channel 1 - Kr, channel 2 - eve, channel 3 - ftz>
0 2.30 43.08 11.81 1.60 26.66
1 2.84 41.08 12.10 1.62 25.45
2 3.08 43.94 13.11 1.26 30.16
3 3.29 47.57 15.03 1.63 28.31
4 3.46 42.87 15.08 1.40 27.16
5 3.69 41.52 12.79 1.90 25.38
6 3.82 45.30 15.42 1.56 28.64
7 3.85 54.65 17.31 1.69 26.60
8 4.10 38.10 15.31 1.88 24.57
9 4.09 47.83 17.12 2.00 28.26
10 4.18 56.06 15.33 1.89 27.50
11 4.44 41.22 13.97 1.59 25.11
12 4.54 39.51 12.54 1.69 27.12
13 4.55 53.62 14.80 1.80 29.47
14 4.69 49.57 14.10 1.56 29.68
15 4.59 52.18 19.12 1.50 26.94
16 4.53 47.85 12.11 2.44 27.11
17 4.93 46.38 15.31 1.57 31.10
18 4.98 56.24 15.10 1.41 27.47
19 5.15 38.85 13.24 1.56 29.68
20 5.33 51.65 14.33 1.87 29.06
21 5.37 40.63 15.82 1.69 27.83
22 5.36 43.65 15.34 1.82 29.32
23 5.33 49.84 16.32 1.68 30.64
24 5.55 37.91 14.35 1.70 29.68
25 5.44 54.49 15.58 1.98 30.22
26 5.58 58.48 20.23 1.78 27.47
27 5.61 34.97 16.26 2.03 24.32
28 6.06 56.08 20.74 1.97 27.98
29 6.30 36.76 13.78 1.85 29.60
30 6.16 43.37 22.00 1.90 26.82
31 6.10 50.62 31.00 2.03 26.23
32 6.45 39.68 15.47 1.89 30.04
33 6.19 41.82 14.40 1.60 32.27
34 6.65 53.39 32.30 2.08 25.12
35 6.40 57.54 18.35 1.65 31.39
36 6.47 59.55 21.95 1.82 29.14
37 6.56 46.51 30.80 2.09 24.51
38 6.53 49.66 22.00 1.50 31.83
39 6.71 51.06 19.38 2.25 31.54
40 7.13 45.27 19.93 1.85 30.13
41 7.22 37.75 18.41 1.83 26.50
42 7.27 56.75 31.42 2.24 28.05
43 7.26 62.05 18.08 2.34 28.24
44 7.18 43.51 13.97 2.34 31.62
45 7.41 48.60 34.73 2.49 26.01
46 7.26 39.87 18.18 1.65 31.24
47 7.66 51.20 39.34 2.37 25.94
48 7.93 59.47 33.24 2.49 28.09
49 7.86 40.40 17.74 1.97 33.71
50 7.79 43.18 26.68 2.37 22.79
51 8.24 46.16 32.85 2.57 26.54
52 8.07 61.98 15.71 1.87 30.95
53 8.12 42.20 21.62 1.92 28.73
54 8.27 43.96 23.16 2.53 33.32
55 8.59 38.87 30.51 2.38 27.16
56 8.92 49.05 41.11 2.35 28.94
57 8.67 57.39 36.66 2.89 26.88
58 8.63 32.52 16.81 1.80 32.16
59 8.43 31.00 19.78 1.67 31.78
60 8.51 41.50 39.04 2.65 29.08
61 8.95 52.84 51.76 2.77 27.26
62 8.79 62.67 17.58 2.00 29.98
63 9.16 51.41 50.07 2.64 30.54
64 9.23 41.24 35.99 2.35 24.84
65 9.11 43.98 34.36 2.18 30.13
66 9.05 35.65 28.98 2.52 29.64
67 9.69 55.59 50.21 2.93 29.60
68 9.42 59.88 28.17 2.57 29.00
69 9.51 31.89 27.87 2.04 22.49
70 9.66 64.45 19.48 2.15 30.00
71 9.87 46.52 42.11 2.77 28.71
72 9.56 54.35 51.96 2.63 29.96
73 9.93 39.16 40.06 2.12 29.26
74 10.35 57.61 46.87 3.08 29.26
75 10.00 33.57 25.89 2.64 32.40
76 10.53 50.57 67.90 2.84 29.72
77 10.37 66.72 14.12 2.10 27.24
78 10.60 44.13 38.23 2.66 29.22
79 10.86 53.10 66.40 3.20 31.98
80 10.58 36.67 41.19 2.34 27.86
81 10.90 41.48 46.53 2.83 30.85
82 10.86 60.13 42.42 2.77 28.07
83 10.36 63.34 19.38 2.00 29.19
84 10.50 65.01 16.55 2.42 27.29
85 11.07 48.61 59.03 3.23 30.65
86 10.74 33.90 33.51 2.91 27.70
87 10.68 31.28 28.13 2.08 27.55
88 11.31 62.69 32.44 3.10 28.15
89 10.81 27.95 19.64 2.45 30.73
90 11.02 65.53 17.84 2.36 26.08
91 11.69 55.31 62.97 3.08 28.04
92 11.21 30.05 24.27 2.20 27.63
93 11.66 46.46 49.34 2.88 28.61
94 11.71 38.95 43.51 2.81 29.96
95 11.39 28.41 22.29 2.41 29.29
96 11.50 27.15 20.80 1.83 30.14
97 11.52 31.85 26.67 2.44 31.26
98 11.80 35.41 41.29 2.72 28.21
99 11.97 43.88 50.21 2.75 29.12
100 12.06 57.74 47.66 3.60 27.81
101 12.34 51.95 69.37 2.71 30.35
102 12.38 29.40 39.20 3.03 29.22
103 12.48 32.97 41.15 2.73 30.71
104 12.80 41.47 50.24 2.77 30.17
105 12.48 60.29 36.33 3.69 29.11
106 12.48 48.65 62.54 2.93 32.17
107 12.89 27.07 29.87 2.40 26.15
108 12.84 63.04 34.14 2.85 29.40
109 12.60 31.48 43.44 2.67 27.92
110 12.64 67.34 15.66 2.39 29.55
111 13.06 36.78 54.17 2.96 29.56
112 13.77 24.71 27.24 2.45 28.55
113 13.08 65.27 31.37 3.40 25.87
114 13.27 54.81 35.61 3.28 30.26
115 13.51 46.41 73.17 3.10 31.31
116 13.13 49.70 65.29 3.21 30.04
117 13.31 61.63 27.63 2.84 30.26
118 13.51 39.19 58.30 3.15 31.51
119 13.27 70.00 10.76 2.22 30.00
120 13.41 58.67 35.80 3.61 30.02
121 13.13 56.47 26.12 2.00 38.00
122 13.81 34.18 52.71 3.16 32.03
123 13.66 57.30 39.26 3.64 30.98
124 13.29 60.06 31.10 2.70 32.80
125 14.02 31.38 41.69 2.93 29.16
126 13.88 51.89 51.47 3.46 29.52
127 13.75 26.33 21.73 2.48 32.79
128 14.12 28.93 41.74 2.74 28.36
129 14.13 43.72 51.29 3.58 29.90
130 14.36 49.16 49.72 3.26 28.60
131 14.15 69.08 13.04 3.48 27.74
132 14.67 40.66 50.61 3.14 30.64
133 14.73 54.04 42.28 3.58 32.34
134 14.61 60.42 39.41 3.87 28.37
135 14.75 37.21 48.73 3.16 30.31
136 14.71 56.74 34.40 3.15 31.40
137 14.56 57.85 38.56 3.89 34.11
138 14.72 26.98 31.98 3.26 31.26
139 14.95 68.53 12.88 2.41 29.51
140 15.16 46.03 47.88 3.78 29.77
141 14.94 22.85 20.61 2.14 31.82
142 15.22 33.82 50.13 3.51 32.07
143 15.03 71.21 11.06 2.73 28.36
144 15.27 30.82 45.68 2.92 30.36
145 15.54 66.68 15.57 3.21 30.71
146 15.17 23.87 20.30 2.40 34.40
147 15.75 28.28 38.68 2.27 29.68
148 15.47 63.82 21.41 3.37 33.44
149 15.72 42.93 51.49 3.32 31.39
150 15.32 73.08 11.25 3.11 28.46
151 15.41 49.19 36.40 3.16 26.77
152 15.66 55.48 35.45 4.22 30.52
153 15.49 57.22 19.95 4.24 34.76
154 15.50 69.98 15.32 4.04 28.24
155 15.48 62.60 19.80 2.40 36.60
156 15.83 23.20 23.51 2.38 30.33
157 15.77 39.52 45.61 3.54 31.38
158 15.70 58.67 30.41 4.57 29.24
159 16.01 71.97 12.18 2.53 30.65
160 16.16 36.41 50.66 3.40 32.02
161 15.99 54.12 28.96 3.65 36.61
162 16.10 68.64 13.91 3.28 29.74
163 16.01 31.03 44.88 3.05 28.81
164 16.84 62.42 24.17 3.97 31.27
165 16.15 48.51 25.24 3.06 37.26
166 16.19 52.39 24.72 3.40 30.95
167 16.63 59.74 23.95 3.12 33.39
168 16.40 65.15 18.26 3.59 30.49
169 16.46 45.42 20.86 3.52 34.14
170 16.37 24.73 30.00 2.97 31.27
171 16.50 33.79 46.55 3.79 30.30
172 16.79 32.51 45.87 3.33 30.04
173 16.58 21.69 20.15 2.10 29.56
174 16.59 39.33 36.00 3.67 33.31
175 16.77 26.14 34.87 2.53 30.00
176 16.90 41.74 37.31 3.37 31.91
177 16.64 51.47 20.42 2.90 33.97
178 16.59 69.76 11.88 2.76 26.29
179 16.97 46.99 25.80 3.46 31.26
180 16.89 23.69 29.54 2.00 29.54
181 17.20 28.32 44.22 3.01 30.42
182 17.03 44.45 30.88 3.90 30.69
183 16.95 67.74 13.43 2.79 30.23
184 16.86 53.17 26.00 3.08 37.85
185 17.06 54.44 32.22 3.76 28.67
186 17.16 72.96 12.77 2.21 29.44
187 17.29 30.87 39.25 2.67 28.57
188 17.02 74.89 10.38 2.57 26.86
189 16.99 58.11 15.00 2.50 38.50
190 17.35 64.43 27.36 4.53 31.02
191 17.33 48.89 21.37 3.03 35.76
192 17.69 35.52 36.44 3.32 33.57
193 17.12 65.93 20.00 3.00 30.00
194 17.39 55.85 26.28 3.53 32.66
195 17.87 70.20 12.90 3.79 30.68
196 17.89 22.11 26.36 2.45 28.57
197 17.52 38.30 36.83 3.76 30.66
198 17.17 56.68 24.33 4.33 35.00
199 17.61 66.50 15.27 3.51 32.02
200 17.32 58.45 21.09 2.91 35.36
201 17.52 40.59 23.54 2.37 36.89
202 17.65 50.66 19.53 3.20 33.49
203 17.52 25.98 37.53 2.87 29.63
204 17.84 74.19 11.75 2.45 29.03
205 17.85 53.62 20.70 4.03 34.42
206 18.11 76.06 11.71 3.14 28.36
207 17.79 32.21 28.94 3.32 33.15
208 18.25 46.63 19.88 3.24 35.93
209 18.03 57.56 20.17 4.02 32.13
210 17.87 59.28 18.36 3.50 34.24
211 17.80 60.54 18.40 3.40 34.70
212 18.20 44.79 23.35 3.91 31.58
213 18.22 61.61 22.23 3.67 30.12
214 18.19 26.49 33.92 2.85 31.96
215 18.69 29.26 35.18 2.97 30.79
216 18.25 65.00 15.91 3.20 31.68
217 18.70 39.55 37.44 3.29 33.78
218 18.35 66.82 14.52 3.96 29.67
219 18.57 72.39 12.36 3.67 28.00
220 18.42 51.20 16.75 3.45 33.95
221 18.55 56.21 20.56 3.36 34.18
222 18.66 23.62 25.73 2.76 30.67
223 18.49 73.60 11.55 2.73 30.45
224 18.86 31.59 33.03 3.36 27.16
225 18.64 68.33 13.08 3.23 29.75
226 19.10 25.13 21.92 2.59 28.96
227 18.79 43.39 22.89 3.59 34.15
228 18.81 53.86 20.31 4.06 37.47
229 18.73 34.21 29.55 3.82 40.09
230 19.04 64.65 14.24 3.94 30.34
231 19.02 49.32 17.57 3.74 36.08
232 19.05 70.21 12.99 3.24 29.56
233 18.94 74.66 12.38 3.85 27.55
234 19.06 44.60 19.79 4.53 35.91
235 19.14 63.12 15.25 3.50 32.39
236 19.30 59.62 18.62 4.22 32.71
237 19.21 55.31 18.32 3.90 37.03
238 19.27 57.41 18.00 3.75 35.68
239 19.43 47.25 20.09 3.43 33.66
240 19.57 22.98 18.31 2.50 31.00
241 19.55 51.95 16.20 3.76 33.26
242 19.65 61.18 15.39 3.47 33.95
243 19.49 65.47 12.19 3.71 29.95
244 19.59 74.23 13.54 3.98 28.94
245 19.52 32.08 20.18 2.47 33.65
246 19.76 71.46 13.82 4.12 28.80
247 19.64 77.72 10.98 2.62 28.11
248 19.76 41.02 22.47 3.98 38.53
249 19.83 35.28 26.23 3.32 35.36
250 20.03 43.14 22.45 4.04 32.14
251 19.77 45.24 19.50 4.00 34.29
252 19.74 75.82 13.13 3.65 29.43
253 19.78 29.90 27.48 4.61 34.48
254 20.04 72.83 13.49 3.57 30.98
255 19.83 62.53 17.78 5.11 37.44
256 20.17 68.16 13.41 4.46 32.48
257 20.14 33.48 23.14 3.51 36.05
258 19.93 31.28 21.42 3.25 37.50
259 20.15 65.11 14.00 3.35 33.61
260 20.06 69.23 14.10 4.90 32.70
261 20.05 47.46 20.83 3.33 38.67
262 20.36 63.88 15.21 4.84 33.29
263 20.60 20.53 14.25 2.55 30.43
264 20.51 37.99 19.19 4.18 36.07
265 20.42 49.60 16.18 3.55 32.52
266 20.11 51.51 21.67 3.67 33.67
267 20.45 53.72 19.88 4.12 37.26
268 20.33 27.31 21.59 3.38 32.28
269 20.20 62.85 18.57 4.29 32.57
270 20.28 76.54 13.05 3.18 27.09
271 20.31 30.04 24.25 4.21 30.83
272 20.30 41.10 22.50 5.10 39.20
273 20.88 58.86 16.58 4.23 34.59
274 20.39 60.87 18.82 3.18 33.27
275 20.59 28.76 24.03 3.20 32.26
276 20.47 31.76 25.62 4.10 33.86
277 20.83 62.30 14.20 4.07 32.33
278 20.52 47.77 18.48 4.37 33.11
279 20.73 75.14 11.50 3.42 30.60
280 21.36 45.25 23.01 4.12 35.37
281 21.02 22.65 15.65 3.44 30.44
282 20.94 41.83 18.69 3.15 37.13
283 20.53 67.32 15.50 4.00 35.50
284 20.82 69.67 14.36 5.61 30.79
285 21.12 71.96 13.66 4.20 28.41
286 20.83 26.09 15.13 2.91 35.30
287 20.62 43.82 29.00 4.00 34.50
288 20.77 24.99 19.71 3.06 31.59
289 20.86 36.06 18.32 3.14 33.86
290 20.84 34.49 22.23 3.17 34.60
291 21.04 65.22 14.80 4.37 33.34
292 21.00 46.90 18.64 3.57 36.18
293 21.16 32.38 19.33 3.74 35.71
294 20.93 51.38 17.33 5.00 34.67
295 21.10 60.56 14.88 3.68 30.91
296 21.17 76.63 13.00 4.63 28.50
297 21.29 24.06 16.23 3.71 31.16
298 21.30 27.70 19.20 3.54 33.96
299 21.36 52.08 16.21 3.67 37.54
300 21.54 68.32 13.56 4.42 30.50
301 21.69 19.68 12.48 2.28 30.38
302 21.50 39.25 19.32 4.58 34.84
303 21.46 70.46 12.11 4.50 31.42
304 21.30 37.56 22.12 4.25 34.12
305 21.55 53.82 20.50 4.69 32.83
306 21.57 79.55 11.02 8.69 28.18
307 21.62 36.52 21.69 4.81 37.14
308 21.82 33.97 19.66 3.82 35.17
309 21.56 26.04 18.52 2.70 32.00
310 21.58 61.82 14.23 3.62 33.65
311 21.95 67.19 13.52 4.77 31.98
312 21.86 75.82 11.83 5.17 29.98
313 22.26 38.40 18.95 4.10 36.38
314 22.20 24.72 17.12 3.53 30.39
315 22.12 42.69 18.40 4.81 34.89
316 21.83 60.81 18.20 3.90 31.10
317 22.08 63.53 12.87 4.35 33.86
318 21.97 58.49 14.72 5.06 33.45
319 22.40 31.37 19.49 3.87 34.52
320 22.20 54.49 15.44 4.37 34.04
321 22.01 71.70 13.07 5.60 29.13
322 22.25 27.42 20.47 4.05 32.55
323 21.98 35.75 14.00 5.00 35.00
324 22.25 57.01 15.18 3.96 32.04
325 22.15 52.56 19.15 5.10 34.90
326 22.42 18.24 11.00 2.26 29.94
327 22.38 74.08 11.98 5.10 29.61
328 22.82 77.74 12.72 97.03 31.03
329 22.43 35.64 20.33 3.44 34.93
330 22.55 72.52 12.22 5.53 29.47
331 22.57 50.21 17.05 4.44 36.61
332 22.55 70.48 12.88 4.21 31.62
333 22.70 40.62 16.15 3.89 35.54
334 22.44 51.71 16.42 3.33 36.00
335 22.77 28.30 17.52 3.65 31.96
336 22.75 45.01 17.00 4.00 36.13
337 22.49 19.42 12.25 1.75 29.25
338 22.73 29.87 19.04 3.26 33.57
339 22.69 55.22 18.14 5.68 32.86
340 22.92 58.98 15.36 4.85 33.85
341 23.08 61.39 14.62 4.21 32.29
342 22.77 19.99 11.14 2.00 32.86
343 23.20 22.42 18.56 3.81 30.27
344 23.02 53.89 15.31 3.86 37.22
345 23.02 32.85 18.85 4.09 35.37
346 23.05 52.08 16.11 3.52 35.84
347 23.28 17.60 11.62 2.35 29.01
348 23.38 34.46 17.76 3.87 35.91
349 23.04 41.96 20.55 4.45 38.90
350 23.04 56.25 16.20 5.20 34.33
351 23.26 71.82 13.37 7.68 28.37
352 23.34 79.88 12.17 93.29 30.32
353 23.36 66.79 13.33 5.60 30.62
354 23.02 67.71 13.00 6.33 35.33
355 23.29 68.93 13.04 6.66 32.19
356 23.17 65.35 15.00 4.37 30.21
357 23.36 19.23 13.03 2.44 30.00
358 23.93 63.73 14.97 5.78 31.83
359 24.05 74.36 13.67 115.32 29.01
360 23.59 28.81 17.74 4.14 34.02
361 23.82 26.49 17.07 3.15 31.65
362 23.66 48.64 17.79 5.10 33.79
363 23.78 55.86 15.00 4.47 33.00
364 23.55 59.54 14.50 5.06 33.44
365 23.64 37.46 18.00 4.29 35.00
366 23.74 54.19 17.13 4.22 38.35
367 23.82 40.30 16.57 3.26 38.78
368 23.97 51.72 15.90 4.58 35.17
369 23.73 62.61 16.25 5.67 35.42
370 24.05 38.93 18.34 4.23 36.33
371 24.36 69.30 14.23 80.30 31.34
372 24.03 30.45 17.42 3.54 36.02
373 24.01 35.41 22.64 4.18 35.14
374 24.15 32.56 18.51 3.52 38.20
375 23.91 60.06 19.14 7.29 33.29
376 23.90 65.89 15.33 5.00 32.58
377 24.14 47.38 17.30 5.67 36.82
378 24.50 77.51 13.58 150.21 30.46
379 24.26 19.55 14.76 2.68 31.32
380 24.26 58.13 15.33 5.47 34.28
381 24.40 17.18 10.98 2.24 28.38
382 24.45 65.57 14.94 6.45 32.81
383 24.88 41.75 16.44 5.18 35.47
384 24.31 49.89 13.22 4.44 35.89
385 24.88 80.25 12.08 97.28 27.82
386 24.64 27.53 15.80 4.21 33.26
387 24.74 59.98 15.35 5.85 35.66
388 24.50 49.25 16.17 3.83 40.83
389 24.74 56.72 16.07 5.63 32.60
390 25.08 38.33 16.72 4.72 36.80
391 24.81 25.20 15.37 3.16 29.63
392 24.73 39.42 13.22 4.22 36.67
393 24.97 48.34 15.04 5.13 34.78
394 25.11 35.86 17.46 4.50 36.87
395 25.23 52.20 15.47 5.35 35.81
396 25.05 50.03 14.60 4.69 33.43
397 25.26 54.73 15.64 4.59 35.70
398 25.36 32.58 16.65 3.29 36.21
399 25.14 27.89 15.90 4.00 34.20
400 25.32 47.18 16.81 5.04 35.67
401 25.64 73.06 15.82 149.85 31.60
402 25.36 82.71 12.73 40.52 27.16
403 25.57 70.34 15.57 176.46 32.63
404 25.56 17.25 10.98 2.28 25.26
405 25.46 21.91 13.68 3.32 29.14
406 25.63 67.33 14.86 145.21 34.53
407 25.41 43.71 15.55 4.59 38.68
408 26.02 76.06 14.47 89.32 30.01
409 25.42 56.46 15.69 4.54 34.85
410 25.69 19.41 11.26 2.65 29.30
411 25.51 36.77 15.44 5.56 38.78
412 25.93 59.24 15.31 8.62 36.50
413 25.82 84.86 12.24 15.90 84.22
414 25.82 40.18 17.57 4.86 37.39
415 25.99 49.22 15.64 5.33 35.67
416 25.85 57.56 15.41 7.85 36.11
417 25.89 37.67 13.68 4.45 35.86
418 26.17 44.09 15.97 5.21 36.69
419 25.97 46.05 17.74 5.36 37.43
420 25.91 42.71 14.44 4.83 34.78
421 26.33 38.84 16.22 4.68 34.63
422 26.07 53.62 14.10 5.65 34.00
423 26.44 65.23 15.85 156.02 33.01
424 26.17 36.05 17.90 4.02 35.81
425 26.81 80.11 13.96 19.66 124.54
426 26.62 20.68 12.28 3.14 29.40
427 26.32 56.77 16.45 6.00 37.23
428 26.87 83.82 12.95 16.49 161.32
429 26.43 25.60 12.89 3.81 30.84
430 26.40 54.94 14.96 6.07 39.11
431 26.65 62.54 15.75 115.57 34.64
432 26.48 30.76 14.58 4.26 36.17
433 26.45 47.30 16.12 5.88 37.46
434 26.47 41.49 16.07 4.90 35.12
435 26.89 28.58 15.07 4.16 33.17
436 26.75 51.70 16.21 5.45 34.53
437 26.99 69.50 14.94 129.35 33.95
438 26.82 23.75 14.88 3.68 29.96
439 27.03 72.13 15.32 91.15 33.51
440 26.72 49.51 14.41 5.62 34.17
441 26.79 40.35 16.92 6.17 34.67
442 26.93 86.49 11.56 8.87 139.80
443 27.19 54.37 16.33 9.59 35.58
444 27.36 59.91 15.90 128.70 35.49
445 26.85 43.66 14.67 5.33 34.00
446 27.06 74.52 16.87 52.51 33.28
447 27.34 15.25 9.96 2.23 29.36
448 27.40 44.89 16.74 6.49 35.88
449 27.40 37.91 15.79 5.17 34.87
450 27.07 42.77 16.35 5.25 32.80
451 27.19 47.25 17.02 6.43 37.92
452 27.29 56.82 14.80 13.68 33.45
453 27.54 67.29 15.76 111.91 32.77
454 27.97 76.13 17.72 23.10 137.68
455 27.40 26.22 12.53 3.70 30.19
456 27.89 50.10 16.61 8.81 38.18
457 27.50 22.54 11.87 3.65 30.57
458 27.61 31.46 14.83 4.34 34.19
459 27.37 20.93 12.67 3.44 31.11
460 27.61 52.32 17.96 9.62 36.04
461 28.09 42.65 15.69 6.45 35.55
462 27.93 24.47 11.77 4.04 30.59
463 28.10 64.91 15.82 126.84 34.42
464 27.69 19.73 11.45 3.73 31.36
465 27.71 48.70 16.53 9.33 37.13
466 28.23 72.62 18.04 26.77 164.74
467 27.79 29.14 14.77 5.77 32.41
468 27.85 81.46 16.38 10.35 173.46
469 28.30 46.55 16.18 9.03 35.66
470 28.03 62.45 16.38 79.11 37.81
471 28.25 78.90 16.29 21.89 187.94
472 27.99 27.69 12.47 4.87 29.53
473 28.30 32.87 14.38 6.71 33.33
474 28.09 18.96 10.94 4.50 28.25
475 28.27 21.92 11.17 3.78 28.24
476 28.24 34.30 14.15 6.74 33.00
477 28.62 53.92 14.98 85.35 37.17
478 28.26 56.85 16.67 88.93 38.14
479 28.24 20.22 12.31 3.94 27.69
480 28.35 29.99 14.04 4.92 33.37
481 28.54 85.64 14.40 5.86 157.48
482 28.85 69.50 17.26 34.14 153.82
483 28.49 82.50 15.50 7.56 172.60
484 28.39 35.94 14.71 5.62 35.41
485 28.48 37.46 16.33 6.90 34.33
486 28.52 87.74 13.65 4.65 128.42
487 28.41 45.01 16.19 7.81 31.10
488 28.62 59.50 16.68 79.71 38.51
489 28.67 27.56 13.39 5.31 31.56
490 28.83 66.65 15.98 75.45 36.67
491 29.00 39.83 16.58 8.93 34.30
492 28.65 18.71 14.00 7.17 28.67
493 28.91 31.57 14.41 6.18 33.00
494 29.36 51.74 16.95 100.53 37.95
495 29.26 62.80 17.84 79.42 33.66
496 29.13 20.47 11.29 5.57 29.02
497 29.22 23.74 12.02 5.75 32.14
498 29.16 48.48 15.86 69.13 33.83
499 29.05 56.54 17.43 104.46 40.31
500 29.04 18.03 9.41 6.00 27.29
501 29.10 74.92 15.33 22.33 192.56
502 28.93 19.22 12.25 6.00 31.00
503 29.34 28.77 14.96 8.02 28.02
504 29.59 43.54 16.49 79.97 36.64
505 29.62 74.17 18.36 16.70 199.21
506 29.71 77.43 17.94 10.82 191.40
507 29.61 79.60 18.06 8.22 190.97
508 29.72 83.59 15.90 5.87 135.92
509 29.60 35.95 14.42 10.96 34.64
510 29.73 71.94 18.94 17.96 213.28
511 29.28 21.66 9.67 5.33 27.33
512 29.30 22.46 13.33 5.67 31.00
513 29.81 86.39 14.52 6.55 75.92
514 29.60 88.53 12.75 6.66 56.68
515 29.75 45.85 17.02 80.45 36.66
516 29.57 58.90 17.99 83.58 36.25
517 29.42 18.77 10.00 7.75 32.88
518 29.66 31.22 14.70 8.61 32.55
519 29.90 67.06 19.46 25.05 196.70
520 29.80 26.43 13.38 9.62 30.52
521 30.12 41.08 15.23 129.61 36.28
522 29.91 22.54 13.19 9.72 31.47
523 29.81 18.38 11.70 21.00 38.30
524 30.02 19.62 11.82 18.04 30.47
525 29.77 27.78 13.00 8.25 33.50
526 30.32 55.61 18.69 100.60 37.99
527 30.40 50.21 16.58 141.21 37.93
528 30.63 60.50 18.25 37.31 149.88
529 30.60 65.04 19.48 30.03 186.09
530 30.52 15.09 10.24 52.30 28.56
531 30.97 17.46 11.13 88.64 28.65
532 30.54 25.05 13.18 94.63 33.40
533 30.52 47.78 17.65 164.60 41.79
534 30.51 52.81 18.37 99.31 36.15
535 30.29 58.01 18.60 82.77 43.13
536 30.63 69.81 19.24 16.32 212.50
537 30.68 30.16 14.31 103.27 33.22
538 30.70 33.11 14.66 104.04 35.10
539 30.80 38.85 16.91 172.42 36.89
540 30.73 62.91 16.22 28.40 181.69
541 30.91 87.80 16.36 55.59 26.78
542 31.01 81.03 18.25 7.89 77.03
543 30.93 22.53 12.95 111.46 31.61
544 30.97 35.13 15.46 147.00 36.49
545 31.27 20.21 12.32 84.34 30.76
546 30.94 75.15 19.36 8.82 189.94
547 31.07 43.16 16.65 158.91 36.05
548 31.00 45.42 18.87 140.75 35.76
549 30.92 84.40 17.36 10.42 40.95
550 31.24 72.46 18.82 8.30 202.20
551 30.77 78.39 19.14 6.71 102.71
552 31.47 58.27 18.38 40.15 192.02
553 31.44 77.54 19.46 8.08 82.02
554 31.42 27.35 14.30 128.09 31.38
555 31.41 67.48 18.99 17.36 218.02
556 31.28 53.65 22.32 82.27 39.05
557 31.46 50.67 19.30 108.73 42.70
558 31.50 62.53 19.48 32.92 208.20
559 31.78 36.83 16.67 166.68 40.63
560 31.71 40.98 18.42 154.97 38.29
561 31.89 31.87 16.22 156.92 34.06
562 31.81 47.95 19.34 107.86 39.76
563 31.99 24.79 13.55 114.28 31.81
564 32.13 56.35 18.28 34.61 192.10
565 31.97 13.53 10.86 36.45 26.00
566 31.98 64.95 20.94 11.66 211.59
567 32.33 70.02 19.88 7.68 178.41
568 32.24 84.73 23.67 117.77 30.85
569 32.23 15.61 11.27 59.85 27.55
570 32.17 29.31 15.89 110.11 34.38
571 32.11 44.99 19.13 76.95 36.86
572 32.37 51.92 20.74 30.08 184.68
573 32.44 54.35 19.71 21.44 213.12
574 32.29 60.80 19.33 21.27 203.62
575 32.20 82.01 23.22 68.17 29.60
576 32.37 22.10 12.83 98.80 32.90
577 32.31 75.12 20.90 10.32 85.54
578 32.48 34.72 16.70 111.28 35.47
579 32.37 38.76 19.51 109.61 38.59
580 32.88 72.54 21.56 7.26 108.25
581 32.80 62.74 19.60 11.86 211.60
582 32.77 19.22 11.88 55.99 30.86
583 32.75 67.63 20.27 8.34 189.56
584 33.09 27.06 14.15 67.91 33.92
585 33.18 44.06 20.12 30.06 186.69
586 33.08 48.26 19.88 28.31 194.05
587 33.04 58.44 23.09 15.11 210.86
588 33.06 76.73 23.67 50.25 34.94
589 33.13 86.49 23.49 96.92 31.18
590 32.99 32.77 17.73 65.85 38.92
591 33.41 79.94 26.68 149.15 35.24
592 33.13 14.48 11.98 13.44 31.60
593 33.12 36.97 18.30 61.86 37.74
594 33.34 64.98 20.56 7.40 196.15
595 33.21 24.15 14.31 55.72 30.61
596 33.15 29.94 17.51 60.29 36.82
597 33.73 41.60 19.04 30.19 191.64
598 33.63 50.68 20.42 18.03 225.23
599 33.63 55.81 21.29 13.44 211.95
600 33.71 60.50 19.67 8.88 202.00
601 33.82 83.24 31.91 138.29 31.18
602 33.53 17.99 13.54 23.24 60.37
603 33.76 53.25 21.52 23.49 213.31
604 34.08 39.02 20.33 22.14 178.59
605 33.86 88.69 35.39 57.82 28.88
606 34.05 46.25 21.74 19.92 207.79
607 33.97 32.54 17.34 32.17 167.53
608 34.11 22.87 14.74 25.79 134.77
609 34.31 36.46 18.61 23.84 180.20
610 34.22 67.16 22.15 9.31 86.90
611 33.78 70.32 23.81 9.17 62.05
612 34.03 14.49 11.79 13.26 100.49
613 34.00 25.44 18.50 37.89 38.47
614 34.30 29.56 17.29 31.29 155.00
615 34.24 62.61 23.45 9.36 141.45
616 34.25 77.08 27.69 159.10 36.82
617 34.71 74.72 26.67 154.86 37.27
618 34.42 57.81 21.07 8.38 203.32
619 34.66 70.76 25.54 80.28 35.52
620 34.48 86.14 32.40 72.15 29.04
621 34.36 17.83 13.95 26.62 83.93
622 34.55 48.81 23.65 12.34 226.82
623 34.42 16.09 13.03 11.31 129.38
624 34.48 91.12 35.04 20.59 26.06
625 34.62 13.10 11.50 9.41 131.91
626 34.78 51.84 21.43 10.23 221.17
627 34.80 64.48 21.47 9.00 81.62
628 34.87 79.92 36.77 133.81 33.77
629 35.21 27.12 16.24 17.16 166.98
630 34.82 43.98 20.67 13.78 199.51
631 34.89 54.90 22.11 8.25 203.31
632 35.07 34.49 19.13 17.49 212.23
633 34.89 84.60 32.67 82.15 28.96
634 34.87 60.20 23.88 7.50 94.38
635 35.09 88.58 51.80 44.49 28.21
636 35.19 19.79 14.61 19.56 180.71
637 35.24 24.77 16.78 17.77 183.68
638 35.35 82.83 43.04 76.12 31.07
639 34.91 22.53 11.71 27.43 185.00
640 35.23 41.48 21.05 10.85 219.42
641 35.27 47.11 21.31 9.22 215.70
642 35.27 61.73 22.44 10.08 65.06
643 35.31 16.00 13.69 9.28 170.67
644 35.39 17.54 13.82 12.20 163.14
645 35.41 32.09 18.48 20.62 214.28
646 35.49 66.13 26.36 72.56 44.76
647 35.54 72.65 35.08 168.61 35.81
648 35.53 38.78 20.53 11.77 215.38
649 35.67 58.42 23.62 8.85 94.91
650 35.71 50.00 22.86 9.45 169.71
651 35.73 91.49 54.85 18.60 75.11
652 35.69 45.85 20.80 9.17 191.41
653 35.82 29.34 17.98 13.86 208.60
654 35.78 76.86 37.12 91.03 33.69
655 35.73 9.87 10.15 3.44 90.15
656 35.88 14.45 12.43 5.94 157.21
657 36.07 36.10 18.81 9.04 183.13
658 36.02 52.58 22.85 9.46 147.43
659 36.00 68.28 35.45 162.86 36.47
660 35.80 22.65 15.64 8.58 182.03
661 36.00 85.95 59.18 35.04 29.95
662 36.02 55.93 22.82 10.38 64.64
663 36.04 12.25 12.11 4.31 137.00
664 35.85 60.98 25.77 15.61 47.82
665 36.15 43.53 22.67 9.52 142.68
666 36.15 80.13 49.40 68.37 31.24
667 36.41 70.71 38.18 143.17 37.71
668 36.33 20.10 12.98 7.32 167.00
669 36.27 17.09 12.51 7.37 160.97
670 36.61 88.74 88.33 21.69 135.39
671 36.63 25.85 17.48 9.34 181.42
672 36.71 41.03 21.85 8.94 123.70
673 36.44 48.29 25.82 11.34 111.41
674 36.42 33.57 21.12 9.23 193.88
675 36.64 73.63 47.33 113.10 35.62
676 36.24 9.37 10.21 2.79 79.29
677 36.68 30.90 19.58 8.29 197.61
678 36.71 65.60 30.34 184.03 40.82
679 36.44 8.01 6.87 2.73 57.13
680 36.75 62.64 33.12 150.50 37.09
681 36.67 83.46 73.50 27.26 34.60
682 36.58 22.40 16.20 7.12 171.93
683 36.81 45.45 25.22 10.58 112.30
684 37.06 38.62 23.15 9.39 99.63
685 36.74 10.69 10.68 2.70 97.93
686 37.15 59.86 32.99 158.22 42.88
687 36.73 77.63 63.27 55.73 32.26
688 37.35 27.95 18.78 7.32 143.57
689 36.71 51.82 22.29 11.64 71.64
690 36.92 53.71 29.43 14.20 58.55
691 36.93 15.48 13.10 5.00 136.66
692 37.61 18.71 14.53 5.13 116.14
693 37.23 56.22 29.11 171.97 44.10
694 37.39 35.12 21.93 9.05 83.76
695 37.09 50.61 26.95 14.32 70.17
696 37.28 75.19 69.22 50.00 32.46
697 37.20 9.00 9.19 1.86 49.43
698 37.39 32.98 19.63 9.41 104.30
699 37.37 68.64 46.04 148.79 35.41
700 37.57 86.22 71.66 10.21 158.32
701 37.78 23.80 16.72 7.84 98.07
702 37.45 7.69 8.45 1.71 33.65
703 37.44 47.79 29.28 123.02 51.48
704 37.63 16.17 14.47 5.16 119.04
705 37.93 21.47 16.70 7.34 83.13
706 37.64 71.25 50.88 93.51 34.70
707 37.50 12.49 13.84 4.23 88.16
708 37.89 11.28 11.81 3.62 59.96
709 37.84 64.15 40.39 149.33 36.27
710 37.97 52.66 32.66 176.83 44.24
711 37.96 14.50 13.55 7.25 88.39
712 37.89 77.55 104.10 24.60 36.47
713 38.12 83.57 89.66 12.68 163.55
714 37.84 89.02 106.23 11.63 158.08
715 37.96 29.99 19.02 8.47 97.22
716 37.88 31.47 22.16 8.38 88.38
717 38.05 66.80 51.87 98.60 35.36
718 38.20 44.82 30.20 169.26 45.43
719 38.13 61.27 44.66 179.43 41.96
720 38.19 50.12 37.90 193.10 44.89
721 38.28 55.34 36.74 184.96 42.05
722 38.22 8.93 10.94 3.28 31.96
723 38.43 58.23 45.19 156.23 41.13
724 38.23 26.09 19.61 8.31 56.63
725 38.64 37.86 27.98 143.04 41.19
726 38.45 41.95 32.94 158.24 45.61
727 38.52 72.36 79.39 34.32 37.48
728 38.46 90.61 92.04 7.62 157.15
729 38.46 74.69 89.38 25.91 35.97
730 38.55 35.30 26.54 102.78 40.47
731 38.57 47.42 35.63 197.44 44.33
732 38.72 80.55 119.42 24.45 182.86
733 38.74 92.77 73.09 5.64 132.41
734 38.52 69.35 63.75 51.10 33.25
735 38.72 13.21 14.69 26.23 35.62
736 38.93 62.60 61.07 94.72 37.32
737 38.90 64.91 66.77 76.85 37.37
738 39.23 7.55 8.55 11.12 18.50
739 39.15 9.77 12.00 25.16 28.75
740 39.15 85.74 126.05 8.25 165.72
741 38.97 87.68 132.38 7.90 165.72
742 39.11 31.03 27.29 106.99 37.78
743 39.23 39.68 30.74 179.38 42.21
744 39.27 26.17 25.46 125.17 34.68
745 39.21 67.16 88.26 40.58 38.81
746 39.26 77.10 128.19 16.63 189.41
747 39.31 54.10 46.43 117.55 41.40
748 39.34 60.11 53.00 92.95 36.67
749 39.27 11.84 13.06 36.40 26.63
750 39.50 33.77 29.94 162.41 43.78
751 39.44 51.59 46.10 128.52 39.42
752 39.36 56.51 44.95 83.21 37.84
753 39.73 23.55 25.52 131.29 33.38
754 39.56 28.57 30.70 150.80 37.83
755 39.74 69.30 118.11 30.28 192.56
756 39.71 71.84 125.96 24.07 194.24
757 39.38 88.72 111.06 7.64 144.19
758 39.72 21.13 22.40 100.64 33.64
759 39.71 43.58 39.32 146.90 42.40
760 39.63 48.98 48.11 124.62 40.48
761 39.57 83.27 120.46 9.35 174.86
762 39.70 46.02 42.88 149.59 41.39
763 39.50 74.16 96.89 15.68 154.46
764 39.78 18.38 18.22 85.03 32.75
765 39.84 90.97 121.58 7.79 93.42
766 39.88 41.42 41.45 139.39 45.16
767 39.96 15.79 16.96 75.92 32.35
768 39.90 36.72 38.52 137.07 39.41
769 39.89 58.29 64.96 53.96 38.86
770 40.31 12.78 15.82 61.82 29.93
771 40.14 10.56 13.16 38.67 26.26
772 39.93 62.62 102.35 48.28 39.62
773 39.97 65.34 116.12 33.09 38.12
774 40.11 79.58 135.99 16.73 190.44
775 40.00 81.97 133.59 12.85 178.48
776 40.55 30.04 35.66 133.26 38.02
777 40.56 32.34 36.93 130.98 37.15
778 40.30 74.20 114.43 21.19 182.54
779 40.46 76.62 163.53 15.51 185.24
780 40.56 87.03 145.58 7.82 82.48
781 40.52 8.45 10.15 25.54 17.22
782 40.58 39.36 49.58 107.07 39.60
783 40.42 53.28 77.42 78.19 41.90
784 40.44 55.87 80.79 32.32 43.14
785 40.56 60.12 108.61 44.66 44.07
786 40.51 50.34 71.14 58.67 40.73
787 40.78 67.44 157.98 18.10 174.28
788 40.78 24.93 33.55 113.40 34.95
789 40.63 47.54 58.40 74.15 43.55
790 40.89 27.77 34.53 101.26 35.89
791 40.70 34.92 40.55 121.79 36.77
792 40.77 84.02 157.28 7.74 128.31
793 40.75 44.71 60.74 89.40 38.65
794 40.98 19.86 22.41 76.51 32.02
795 40.76 72.76 144.67 13.06 204.72
796 40.90 42.01 59.23 96.70 40.59
797 41.16 57.83 125.58 32.43 201.32
798 41.05 64.93 158.02 25.87 207.80
799 41.16 17.40 26.11 58.53 32.83
800 41.04 62.42 146.88 31.25 197.94
801 41.03 70.24 159.17 20.77 198.60
802 40.86 81.75 171.76 7.89 163.76
803 41.06 90.88 162.08 24.28 44.84
804 41.07 22.12 25.77 83.66 31.26
805 41.11 37.51 51.09 73.74 42.69
806 41.18 14.83 24.92 62.60 31.65
807 41.34 51.69 107.40 37.56 107.73
808 41.29 80.42 185.58 8.13 139.06
809 41.59 54.89 130.21 29.99 208.94
810 41.46 75.04 182.36 10.17 166.31
811 41.50 49.04 108.54 45.12 86.09
812 41.48 77.99 180.76 8.49 122.98
813 41.59 46.24 103.14 39.90 179.76
814 41.52 11.79 22.64 42.59 29.43
815 41.45 72.53 163.73 12.67 200.29
816 41.62 33.02 81.62 73.16 39.76
817 41.80 43.01 91.22 43.31 167.83
818 41.71 7.68 11.36 12.06 20.12
819 41.74 26.08 44.84 82.46 37.94
820 41.70 30.65 49.19 77.81 37.38
821 41.65 35.35 90.38 61.07 41.84
822 41.84 85.76 160.84 32.51 48.43
823 42.06 89.13 175.56 131.67 41.78
824 41.72 39.89 94.37 39.70 47.47
825 42.04 61.21 159.83 17.38 210.38
826 42.16 59.38 121.14 15.16 201.22
827 42.01 68.67 190.32 10.32 203.94
828 41.96 23.53 47.55 64.17 36.13
829 41.97 83.90 176.81 12.00 50.17
830 42.11 18.97 36.71 56.46 44.40
831 42.23 66.21 183.20 12.26 203.04
832 42.03 37.98 93.91 24.36 159.91
833 42.26 63.70 146.68 13.65 206.18
834 42.06 21.12 35.40 50.10 31.72
835 42.31 52.89 157.39 23.68 205.70
836 42.21 82.18 195.36 10.95 48.04
837 42.27 14.49 36.98 33.58 110.62
838 42.51 92.64 123.12 133.34 31.40
839 42.37 16.79 38.31 39.20 106.20
840 42.44 71.04 192.84 9.70 159.07
841 42.48 79.50 193.94 11.91 52.81
842 42.51 73.43 198.93 10.11 92.90
843 42.52 10.63 26.71 20.74 105.37
844 42.53 36.98 114.63 28.68 193.58
845 42.58 50.32 146.98 22.13 206.42
846 42.74 41.06 127.33 28.91 210.67
847 42.56 57.10 164.30 23.14 212.99
848 42.63 76.38 196.49 11.45 55.98
849 43.02 8.78 23.82 9.15 96.74
850 42.75 32.27 94.26 37.78 195.91
851 42.76 34.67 121.37 27.77 194.74
852 42.64 44.76 141.07 30.14 212.30
853 42.81 29.84 95.63 31.75 191.48
854 42.76 47.62 157.31 24.39 214.08
855 42.92 6.62 14.82 4.54 42.62
856 42.86 25.68 65.74 31.59 152.90
857 43.04 23.04 73.68 28.50 169.45
858 43.09 54.72 172.88 17.07 212.20
859 43.29 38.87 172.99 20.47 226.74
860 43.60 15.19 65.95 13.77 164.32
861 43.21 18.13 67.39 18.26 167.45
862 43.29 83.95 183.56 113.29 40.56
863 43.27 68.73 209.78 14.71 87.28
864 43.16 27.76 80.15 23.20 185.61
865 43.07 13.48 41.30 20.70 153.60
866 43.49 42.86 133.61 20.00 208.58
867 43.20 61.66 191.49 11.62 198.52
868 43.28 64.35 182.30 11.28 139.84
869 43.40 66.77 174.89 11.78 91.45
870 43.27 87.66 187.58 173.25 37.97
871 43.48 59.31 190.05 12.53 194.33
872 43.35 81.63 197.48 144.94 42.05
873 43.55 52.10 184.42 14.76 218.06
874 43.67 36.54 139.96 13.39 214.05
875 43.72 72.55 210.35 93.15 44.13
876 43.76 75.08 212.18 136.82 41.98
877 43.71 90.14 158.43 171.18 35.32
878 43.81 10.68 34.16 8.29 137.98
879 43.71 13.16 36.65 7.50 158.88
880 43.75 45.34 165.67 17.62 209.84
881 43.82 70.29 193.07 129.02 43.19
882 43.72 48.99 175.06 12.00 210.91
883 43.77 78.07 201.94 152.51 42.22
884 43.77 56.75 185.50 11.14 198.02
885 43.97 93.19 107.99 109.66 28.97
886 43.74 27.07 90.95 22.89 191.92
887 43.81 80.36 192.70 152.61 38.39
888 43.84 6.99 17.88 3.12 51.98
889 44.07 31.68 119.16 13.08 206.41
890 44.10 29.32 126.42 13.12 201.95
891 44.06 33.96 135.65 11.84 203.02
892 44.09 62.99 210.68 14.04 59.82
893 44.18 40.63 174.25 11.87 218.92
894 44.27 19.65 105.57 13.51 190.97
895 44.29 22.79 98.74 11.28 191.74
896 44.39 65.60 213.36 119.69 46.82
897 44.45 25.17 114.42 11.68 205.60
898 44.37 87.09 170.48 163.69 37.15
899 44.43 53.88 211.54 14.13 127.49
900 44.56 60.94 199.36 18.14 56.18
901 44.58 8.74 29.95 2.95 77.90
902 44.48 38.36 179.77 10.62 140.32
903 44.64 46.25 176.87 11.63 204.06
904 44.45 83.26 184.32 155.80 38.09
905 44.66 68.08 206.95 192.22 43.69
906 44.76 6.26 19.23 1.87 39.67
907 44.63 51.15 207.25 13.09 99.27
908 44.69 58.50 208.21 15.07 60.40
909 44.76 35.88 160.30 10.28 177.89
910 44.71 42.86 194.24 13.12 193.45
911 44.86 13.38 69.39 5.49 165.91
912 44.86 27.28 137.57 11.01 194.62
913 44.88 48.56 202.66 14.92 132.63
914 44.79 56.04 190.66 14.23 55.75
915 44.89 70.99 208.22 204.36 44.31
916 44.87 76.27 198.94 191.22 46.67
917 44.90 79.72 194.05 182.13 39.91
918 44.94 73.70 208.83 206.69 42.86
919 45.03 95.04 95.03 40.28 24.32
920 44.95 15.17 104.22 6.46 164.44
921 45.12 90.21 160.36 104.17 29.37
922 45.20 21.03 144.93 8.37 175.84
923 45.13 30.19 170.84 10.11 175.04
924 45.22 63.63 216.05 164.02 47.56
925 45.35 18.04 114.37 7.31 160.81
926 45.20 32.83 165.34 9.65 168.24
927 45.27 10.06 41.37 4.41 77.63
928 45.30 40.02 197.49 14.65 89.58
929 45.49 85.57 185.64 118.89 36.90
930 45.61 44.40 203.70 28.14 59.76
931 45.57 23.30 179.19 8.66 155.22
932 45.61 52.59 219.05 162.47 54.66
933 45.64 37.32 189.31 72.08 55.27
934 45.77 54.87 218.85 189.53 52.43
935 45.78 59.79 207.96 208.83 45.34
936 45.73 65.64 206.25 236.10 46.61
937 45.67 82.51 198.40 135.01 38.01
938 45.58 93.19 117.84 45.55 38.57
939 45.89 46.80 218.20 163.74 56.65
940 45.81 49.84 209.18 142.63 51.15
941 45.84 57.36 221.71 172.16 49.06
942 45.88 61.94 211.59 221.64 48.84
943 45.88 69.74 203.22 227.92 43.36
944 45.82 77.65 194.74 169.34 38.71
945 45.78 25.69 182.68 12.94 77.52
946 45.84 34.83 200.60 15.55 88.37
947 45.89 67.59 203.88 221.58 43.12
948 45.91 42.56 196.75 125.88 45.48
949 46.10 87.81 190.51 87.85 38.75
950 45.95 72.30 208.68 205.94 42.09
951 45.81 9.61 50.33 8.25 59.50
952 45.98 14.89 114.80 8.31 84.64
953 46.06 28.46 180.80 77.57 56.26
954 46.08 30.85 180.94 15.25 55.21
955 46.23 75.24 207.46 178.64 40.30
956 46.29 8.51 44.65 12.19 32.96
957 46.40 40.37 209.86 133.48 47.60
958 46.52 79.41 184.58 94.35 38.64
959 46.33 19.87 155.60 12.76 91.34
960 46.38 17.30 135.86 22.74 47.26
961 46.49 32.80 214.58 52.39 49.94
962 46.62 90.94 165.02 33.73 84.76
963 46.70 38.05 192.83 156.70 50.25
964 46.82 63.60 212.80 162.31 45.24
965 46.78 51.13 222.72 209.47 51.35
966 46.51 84.49 192.00 65.62 34.26
967 46.80 22.21 172.21 89.48 47.92
968 47.06 93.62 161.07 22.60 134.70
969 46.78 23.84 185.56 103.03 46.06
970 46.86 44.99 203.48 205.03 47.09
971 46.93 53.75 210.25 215.09 48.42
972 47.00 13.14 110.13 63.76 39.84
973 47.02 81.71 197.92 48.24 46.72
974 46.95 27.18 190.74 133.58 47.59
975 46.99 35.59 212.54 154.30 49.92
976 46.85 48.10 203.30 195.96 49.59
977 46.98 56.27 229.06 223.10 54.94
978 46.98 65.81 224.35 123.89 41.82
979 46.92 25.03 184.68 122.38 44.78
980 46.98 58.77 220.06 190.14 46.87
981 46.99 61.19 195.21 148.03 41.82
982 47.06 70.56 216.49 123.16 41.19
983 46.97 72.90 213.90 81.88 38.17
984 46.82 83.17 192.12 52.38 37.62
985 47.04 10.74 79.74 53.71 35.49
986 47.04 68.35 214.60 101.73 41.71
987 47.11 8.15 45.84 35.78 26.73
988 47.05 88.01 189.04 37.34 137.96
989 47.14 42.52 211.87 216.81 50.19
990 47.30 15.56 138.72 88.80 37.98
991 47.14 30.32 183.59 147.27 45.11
992 47.31 77.02 203.72 52.08 39.28
993 47.09 85.34 187.98 46.10 79.23
994 47.15 5.28 23.84 10.62 14.03
995 47.62 95.91 57.39 6.90 122.01
996 47.42 18.44 158.58 111.36 41.08
997 47.58 39.72 219.39 198.91 48.45
998 47.73 74.59 213.30 59.96 42.68
999 47.63 32.95 218.06 190.00 48.47
1000 47.76 49.64 230.05 191.34 50.70
1001 47.83 80.29 191.66 31.43 93.50
1002 47.74 7.15 37.80 30.69 21.02
1003 47.85 20.65 178.03 131.70 38.89
1004 47.84 46.51 224.86 186.10 51.55
1005 47.97 28.50 198.85 172.01 44.41
1006 47.97 37.43 219.18 186.14 48.69
1007 47.92 9.48 55.06 51.39 23.71
1008 48.01 25.97 201.22 154.73 42.20
1009 47.99 52.49 226.37 146.99 51.28
1010 47.96 62.29 197.61 77.95 49.72
1011 47.98 66.91 227.92 51.22 44.08
1012 48.12 90.09 190.22 17.58 173.46
1013 48.10 23.54 186.72 128.14 42.82
1014 48.08 59.87 215.85 82.35 54.60
1015 48.15 64.67 210.37 53.36 56.04
1016 48.15 57.35 224.32 77.89 54.77
1017 48.14 83.13 195.85 23.81 158.22
1018 47.85 87.09 192.34 24.92 167.21
1019 48.23 44.10 225.57 130.82 54.35
1020 48.16 54.95 223.68 150.79 53.58
1021 48.12 71.78 216.76 40.12 45.24
1022 48.33 11.77 80.15 68.19 31.91
1023 48.31 35.33 210.57 186.92 47.68
1024 48.20 41.57 229.88 178.68 51.21
1025 48.36 69.22 220.37 40.01 184.19
1026 48.31 30.82 197.78 154.71 49.60
1027 48.52 14.01 104.61 95.79 41.74
1028 48.45 16.72 145.18 130.77 37.78
1029 48.66 78.70 207.25 24.36 205.89
1030 48.65 48.29 230.64 95.35 59.35
1031 48.81 76.31 202.57 24.01 191.22
1032 48.60 96.14 55.02 3.77 123.80
1033 49.14 94.09 120.36 6.08 145.07
1034 48.98 9.24 60.89 36.28 28.19
1035 48.77 33.16 210.79 169.21 47.42
1036 49.10 6.32 36.20 22.35 20.55
1037 48.92 85.85 174.45 11.94 183.52
1038 48.92 39.37 222.40 111.03 51.62
1039 48.95 51.03 230.01 61.10 111.32
1040 49.00 63.06 218.62 29.48 205.21
1041 48.99 73.73 198.29 24.93 206.28
1042 48.87 20.72 172.92 97.76 47.59
1043 49.09 18.54 137.54 87.84 46.35
1044 49.07 26.76 194.27 86.87 41.30
1045 49.06 81.30 204.03 13.76 186.66
1046 49.32 46.49 219.79 64.40 217.80
1047 49.25 60.79 219.72 33.84 192.90
1048 49.24 28.67 198.82 88.25 49.64
1049 49.26 53.46 230.11 46.07 209.90
1050 49.16 66.87 219.48 24.83 204.47
1051 48.92 94.85 136.54 6.23 149.77
1052 49.23 24.95 190.00 65.67 65.60
1053 49.28 37.09 218.94 88.29 55.58
1054 49.19 58.49 206.51 38.16 209.99
1055 49.28 42.35 220.38 73.63 202.38
1056 49.34 56.08 224.81 42.87 213.03
1057 49.38 22.49 191.95 68.48 147.83
1058 49.39 71.26 204.89 17.51 199.30
1059 49.36 90.57 135.83 8.44 166.03
1060 49.49 88.39 164.92 11.00 169.86
1061 49.50 30.84 212.59 67.62 136.37
1062 49.63 44.38 227.27 34.44 217.44
1063 49.51 12.06 73.59 29.39 87.84
1064 49.67 64.97 211.15 18.33 210.92
1065 49.51 15.95 138.15 59.43 97.02
1066 49.76 35.25 219.65 62.42 149.45
1067 49.79 69.00 196.06 15.35 214.12
1068 49.74 49.18 211.54 35.82 217.04
1069 49.79 83.70 178.32 10.39 179.30
1070 50.02 19.89 173.52 56.73 143.31
1071 50.03 40.49 221.42 35.63 206.63
1072 50.07 86.46 166.26 9.13 169.93
1073 49.95 33.08 222.36 50.51 186.41
1074 50.00 78.01 176.66 13.41 194.81
1075 50.34 6.96 36.20 6.91 81.01
1076 50.36 17.54 167.06 34.99 164.02
1077 50.09 74.74 190.83 14.66 197.50
1078 49.91 8.49 40.08 12.75 88.08
1079 49.95 22.74 191.06 46.44 161.06
1080 50.29 51.32 224.22 23.51 216.29
1081 50.28 62.41 200.94 14.09 210.72
1082 50.49 38.45 208.97 31.49 207.32
1083 50.27 59.43 212.90 18.62 219.13
1084 50.25 81.02 159.13 9.63 194.57
1085 50.43 26.68 192.11 22.70 179.71
1086 50.43 11.29 74.58 11.64 143.08
1087 50.39 54.33 210.42 18.75 220.18
1088 50.43 56.95 202.99 15.42 217.58
1089 50.42 24.53 191.90 22.71 189.82
1090 50.55 15.54 103.03 16.31 169.90
1091 50.39 29.33 183.10 30.08 192.03
1092 50.73 67.26 186.64 13.06 212.98
1093 50.65 4.73 21.95 3.28 37.65
1094 50.44 9.04 51.12 8.78 112.54
1095 50.69 94.66 74.82 8.65 116.44
1096 50.73 42.73 214.58 23.28 216.20
1097 50.61 48.00 219.26 18.36 212.88
1098 50.59 72.00 179.19 13.89 185.05
1099 50.74 91.59 151.62 11.89 136.73
1100 50.98 13.57 80.04 10.00 173.68
1101 50.82 89.07 161.35 13.18 129.24
1102 50.74 45.40 219.75 14.39 215.58
1103 50.89 31.56 197.06 21.05 200.34
1104 50.92 36.56 195.15 19.94 202.51
1105 50.80 64.87 197.24 11.84 208.54
1106 50.99 69.76 159.78 11.51 193.71
1107 50.94 21.66 189.68 20.71 181.66
1108 50.96 34.20 214.75 21.09 207.62
1109 50.98 83.04 169.42 10.66 131.33
1110 51.17 76.85 147.46 10.27 191.23
1111 51.38 52.64 203.47 12.96 209.82
1112 51.31 60.80 189.39 12.73 209.51
1113 51.29 28.02 193.72 13.54 192.76
1114 51.21 74.06 195.14 9.77 185.58
1115 51.33 79.57 169.73 14.16 159.39
1116 51.45 20.13 144.28 13.61 175.48
1117 51.20 40.59 172.71 14.83 195.85
1118 51.36 10.58 72.89 6.39 159.18
1119 51.45 58.25 178.66 16.09 203.30
1120 51.75 85.17 148.02 32.93 63.38
1121 51.59 49.94 204.62 14.58 205.19
1122 51.58 55.33 180.44 11.77 191.73
1123 51.63 63.40 182.44 12.18 170.89
1124 51.68 17.27 143.70 10.03 175.94
1125 51.77 30.15 183.10 11.52 200.05
1126 51.47 15.41 97.06 7.81 164.47
1127 51.69 24.35 195.61 11.36 192.20
1128 51.73 47.16 186.50 11.81 207.64
1129 51.94 4.06 18.01 1.53 31.83
1130 51.88 38.79 193.55 13.37 208.74
1131 51.61 94.41 79.16 24.90 34.76
1132 51.91 9.03 54.47 5.62 120.23
1133 51.85 44.14 188.80 13.61 204.63
1134 51.69 92.82 94.83 37.91 43.61
1135 51.87 34.65 203.56 12.44 211.52
1136 51.92 66.04 168.49 17.19 153.92
1137 52.04 41.44 198.33 15.83 201.92
1138 52.00 71.62 161.99 19.71 77.48
1139 52.11 22.13 160.28 10.04 177.61
1140 52.20 26.08 174.03 13.91 174.35
1141 52.27 32.41 182.70 15.17 198.14
1142 52.10 68.65 159.11 13.99 90.11
1143 52.33 36.49 207.67 13.04 176.55
1144 52.19 89.67 136.57 126.86 36.33
1145 52.16 7.03 36.72 4.61 73.53
1146 52.26 80.63 154.73 80.58 47.83
1147 52.17 11.13 98.44 7.24 146.75
1148 52.29 74.34 137.76 19.94 62.28
1149 52.29 87.83 128.18 126.30 42.30
1150 52.56 59.43 157.00 78.95 72.08
1151 52.49 61.69 160.73 57.56 50.41
1152 52.50 77.42 156.99 98.60 51.29
1153 52.49 13.73 105.92 9.31 150.48
1154 52.48 28.08 184.57 14.79 142.31
1155 52.61 56.90 171.78 52.78 66.38
1156 52.56 51.61 186.73 20.58 99.88
1157 52.70 15.98 140.70 11.49 126.29
1158 52.69 93.80 71.63 125.74 29.14
1159 52.69 18.92 171.97 18.89 128.21
1160 52.71 54.25 160.11 70.52 66.11
1161 52.77 85.82 103.83 136.06 35.90
1162 53.17 91.68 108.97 183.81 32.19
1163 52.78 45.82 177.50 44.95 78.58
1164 52.76 48.85 167.71 72.54 56.85
1165 52.89 64.07 168.45 88.77 56.63
1166 52.99 42.96 177.76 43.55 76.62
1167 52.89 4.66 21.21 3.62 29.24
1168 52.99 24.19 153.22 75.77 57.57
1169 53.08 66.36 148.56 126.56 48.14
1170 53.08 71.35 128.41 141.54 44.06
1171 53.14 30.20 175.90 70.53 56.26
1172 53.06 34.13 170.50 29.62 86.32
1173 53.06 8.94 53.88 20.20 68.76
1174 53.23 38.35 171.52 82.99 53.56
1175 53.22 40.67 163.71 96.36 54.92
1176 53.21 79.64 161.37 177.03 44.56
1177 53.25 3.03 14.42 2.60 18.32
1178 53.27 11.62 119.86 37.50 57.41
1179 53.23 68.72 120.37 177.99 41.49
1180 53.40 21.40 162.61 70.55 48.35
1181 53.43 88.17 101.06 192.72 35.74
1182 53.24 90.04 100.06 186.12 36.21
1183 53.28 7.17 41.81 10.51 43.51
1184 53.32 74.56 127.39 168.45 40.55
1185 53.41 82.61 101.31 172.96 38.70
1186 53.47 27.39 142.80 86.44 47.44
1187 53.56 36.01 183.12 113.28 48.35
1188 53.65 52.76 152.88 204.36 51.95
1189 53.65 58.29 127.95 192.06 46.24
1190 53.55 61.56 132.71 185.43 45.19
1191 53.76 14.59 109.82 64.73 41.91
1192 53.73 32.32 135.92 159.03 46.47
1193 53.83 47.32 127.40 204.96 50.11
1194 53.78 50.13 132.46 196.76 46.99
1195 53.79 55.60 139.76 197.44 51.68
1196 53.83 77.38 90.91 153.94 36.50
1197 53.92 18.53 139.83 100.02 40.32
1198 53.79 44.52 146.45 190.49 49.48
1199 54.05 94.04 63.68 128.91 27.67
1200 53.80 86.35 93.08 183.29 37.18
1201 54.10 64.63 119.74 198.06 44.47
1202 54.15 84.62 82.41 167.81 33.21
1203 54.15 24.16 138.57 127.14 42.33
1204 54.23 9.20 54.05 44.35 32.64
1205 54.32 69.89 95.98 210.52 41.60
1206 54.27 72.75 104.20 198.05 40.98
1207 54.36 67.31 110.75 196.18 42.00
1208 54.43 6.08 26.76 21.53 21.68
1209 54.26 30.08 128.24 143.40 43.87
1210 54.46 40.05 124.04 179.95 48.76
1211 54.45 42.46 99.09 169.62 43.73
1212 54.45 80.36 93.78 152.45 36.71
1213 54.53 59.71 108.36 185.21 43.11
1214 54.42 34.46 133.46 155.22 45.63
1215 54.49 37.43 133.96 197.35 46.09
1216 54.57 3.94 16.37 9.12 15.67
1217 54.72 75.44 94.16 163.30 37.06
1218 54.72 62.13 104.62 175.05 41.41
1219 54.79 89.26 79.69 138.77 31.17
1220 54.74 12.84 83.05 91.01 33.55
1221 54.69 27.68 117.98 149.63 41.40
1222 54.74 54.15 122.82 161.01 45.20
1223 54.84 15.86 84.72 99.23 35.00
1224 54.73 45.29 96.48 152.25 42.63
1225 54.77 51.14 109.96 140.27 41.94
1226 54.93 56.94 112.33 167.71 43.94
1227 54.91 20.64 129.63 125.05 36.09
1228 55.06 32.01 109.01 173.74 42.93
1229 54.96 48.48 95.33 134.58 45.13
1230 55.31 77.94 86.02 106.59 36.53
1231 55.22 17.98 94.95 114.84 35.68
1232 55.19 25.31 111.77 120.67 36.90
1233 55.29 71.07 94.28 90.05 37.09
1234 55.32 10.34 47.31 58.27 32.44
1235 55.34 63.97 92.97 128.07 38.93
1236 55.29 83.81 77.34 95.89 33.98
1237 55.45 5.30 20.26 17.93 19.38
1238 55.33 7.56 29.15 30.80 26.67
1239 55.47 66.27 98.94 129.07 41.01
1240 55.44 95.07 35.65 49.35 24.98
1241 55.42 22.88 99.33 124.45 35.33
1242 55.44 35.95 120.91 121.46 49.69
1243 55.54 29.44 111.63 116.86 42.11
1244 55.50 38.77 123.32 131.67 46.00
1245 55.54 34.03 91.03 99.11 41.47
1246 55.62 40.98 105.59 96.23 47.36
1247 55.65 46.10 102.64 120.18 48.49
1248 55.62 52.47 100.21 84.14 39.56
1249 55.68 68.80 84.61 82.86 38.62
1250 55.73 73.37 86.13 102.55 33.80
1251 55.60 43.38 102.42 76.74 41.49
1252 55.65 59.06 90.49 82.35 40.35
1253 55.90 54.91 101.96 100.51 42.00
1254 55.79 80.23 70.84 64.81 32.31
1255 55.85 91.84 68.73 80.09 29.30
1256 55.78 14.13 68.02 82.09 30.30
1257 55.88 50.00 80.29 64.27 46.05
1258 56.01 27.07 96.43 101.33 40.66
1259 56.10 75.76 77.78 63.52 34.58
1260 56.00 61.63 89.31 83.96 40.82
1261 56.05 19.59 96.51 83.75 38.42
1262 56.13 47.99 58.42 49.00 126.52
1263 56.06 87.62 66.14 80.46 30.50
1264 56.27 56.93 89.13 61.16 41.68
1265 56.13 8.51 35.64 30.48 83.87
1266 56.18 16.50 76.24 90.52 37.08
1267 56.23 32.76 102.33 71.38 46.08
1268 56.20 24.57 97.67 77.52 38.31
1269 56.36 37.49 96.35 34.81 176.03
1270 56.19 81.54 67.69 60.00 35.06
1271 56.23 4.41 17.41 8.81 21.59
1272 56.44 30.61 102.46 69.37 75.26
1273 56.60 42.49 80.12 40.15 195.64
1274 56.44 71.41 82.38 63.52 40.33
1275 56.36 83.28 61.02 71.36 33.17
1276 56.47 21.95 99.45 93.77 39.78
1277 56.43 64.34 85.59 55.46 40.80
1278 56.51 67.49 86.81 62.02 38.26
1279 56.62 78.47 73.70 38.99 36.99
1280 56.66 35.04 97.80 42.31 181.76
1281 56.75 39.67 81.90 27.85 198.13
1282 56.64 45.21 73.07 47.77 157.30
1283 56.67 5.45 21.40 13.19 38.52
1284 56.62 6.87 31.29 21.32 90.87
1285 56.81 52.31 73.86 33.33 192.80
1286 56.71 59.23 77.86 50.46 40.21
1287 56.60 13.29 54.36 37.34 101.97
1288 57.07 69.96 63.83 26.82 154.54
1289 56.77 93.66 46.89 21.68 121.70
1290 56.86 28.48 103.89 70.11 73.09
1291 56.89 73.76 77.17 55.85 38.22
1292 56.91 17.83 51.25 31.05 151.92
1293 57.12 49.61 68.27 22.34 198.47
1294 57.06 89.68 66.69 43.75 135.10
1295 57.16 11.03 60.68 17.35 144.96
1296 57.17 54.85 72.70 26.12 195.76
1297 57.43 8.97 36.96 14.81 139.18
1298 57.20 26.39 82.35 30.68 168.49
1299 57.03 61.71 84.89 41.31 130.72
1300 57.05 92.24 69.45 40.71 154.55
1301 57.11 19.99 75.23 40.36 138.30
1302 57.32 66.17 63.68 27.07 190.63
1303 57.38 82.39 54.42 28.51 132.89
1304 57.06 3.81 14.25 6.44 25.06
1305 57.28 85.05 52.15 52.02 133.50
1306 57.14 24.17 71.00 47.55 160.91
1307 57.16 86.78 52.08 46.48 115.94
1308 57.40 32.55 82.79 21.38 189.63
1309 57.25 76.03 82.71 40.83 37.13
1310 57.48 95.04 39.29 15.47 129.91
1311 57.31 15.65 54.65 21.56 153.25
1312 57.57 57.13 60.09 17.50 198.92
1313 57.55 13.27 56.18 19.38 145.74
1314 57.40 7.05 24.92 9.95 100.47
1315 57.52 36.98 85.45 21.80 207.20
1316 57.64 47.09 64.72 18.10 215.48
1317 57.69 63.83 60.85 25.44 199.10
1318 57.66 29.97 77.82 21.79 176.09
1319 57.71 44.04 65.11 19.06 201.99
1320 57.56 90.98 77.77 37.97 170.53
1321 57.73 41.54 64.07 16.67 201.64
1322 57.83 72.69 73.05 21.46 185.70
1323 57.83 22.33 67.05 24.25 177.33
1324 57.81 78.56 65.08 22.17 165.63
1325 57.95 59.32 53.17 14.60 194.33
1326 58.02 68.46 51.65 21.64 206.93
1327 58.04 39.10 76.21 14.23 204.99
1328 58.05 3.58 13.09 3.19 25.82
1329 57.69 19.95 68.88 37.50 165.25
1330 58.11 34.70 79.46 14.53 202.93
1331 58.20 52.19 58.16 17.78 203.75
1332 58.03 5.99 18.18 5.69 64.02
1333 58.10 15.01 53.00 12.06 171.47
1334 58.27 93.33 36.35 9.13 163.67
1335 58.26 25.18 61.68 16.07 192.59
1336 58.31 61.41 60.24 19.87 212.67
1337 58.34 87.43 54.30 19.00 181.94
1338 58.38 88.69 60.03 18.84 183.77
1339 58.58 27.62 56.15 11.48 188.44
1340 58.45 75.38 60.88 23.24 184.38
1341 58.61 80.77 55.72 18.05 186.86
1342 58.42 90.46 55.49 17.01 174.90
1343 58.66 49.88 50.85 14.73 170.54
1344 58.55 54.67 53.12 13.03 194.74
1345 58.68 86.08 51.20 11.33 184.68
1346 58.76 7.80 21.60 4.21 113.73
1347 58.64 20.08 61.44 11.49 172.02
1348 58.69 45.52 53.30 10.50 198.56
1349 58.53 10.62 35.37 6.06 167.74
1350 58.67 17.25 51.07 9.75 175.37
1351 58.70 70.74 54.24 13.17 191.47
1352 58.73 95.43 19.84 4.41 130.31
1353 58.81 32.58 60.01 11.65 190.86
1354 58.85 36.88 51.92 11.25 193.35
1355 58.74 66.33 54.76 12.33 213.86
1356 58.84 5.47 15.71 3.71 53.60
1357 58.88 29.94 59.19 9.78 185.15
1358 59.01 41.16 47.74 13.10 173.73
1359 59.13 56.85 43.30 14.72 169.13
1360 59.04 23.12 51.41 8.74 184.60
1361 59.03 43.43 50.82 12.55 111.76
1362 59.00 63.63 51.75 13.36 201.05
1363 58.94 83.57 46.12 11.32 182.38
1364 58.94 15.25 38.58 6.00 160.30
1365 59.19 47.86 46.18 14.53 174.80
1366 59.43 59.14 41.24 13.64 171.20
1367 59.30 73.35 53.58 8.98 197.64
1368 59.30 77.69 49.31 10.97 190.35
1369 59.67 68.71 36.62 11.03 181.56
1370 59.61 93.68 37.65 7.28 163.93
1371 59.42 13.94 35.40 5.55 130.95
1372 59.49 39.04 50.51 19.08 140.52
1373 59.43 52.71 45.22 15.41 120.88
1374 59.55 12.17 32.78 5.73 132.19
1375 59.37 61.48 39.48 8.17 190.98
1376 59.45 34.58 45.21 14.23 141.17
1377 59.62 3.68 11.52 1.35 29.66
1378 59.98 17.86 40.23 9.37 128.15
1379 59.72 88.59 38.19 8.21 168.04
1380 59.48 90.36 41.81 7.52 165.85
1381 59.88 6.40 15.19 3.85 52.28
1382 60.17 10.38 22.72 11.32 97.44
1383 59.75 25.37 39.20 11.65 153.80
1384 60.02 65.91 38.81 12.29 127.26
1385 59.91 31.39 43.33 16.45 99.55
1386 59.90 60.66 41.55 10.52 157.52
1387 60.15 75.59 37.12 8.24 148.16
1388 60.09 85.61 44.07 11.25 164.28
1389 60.11 21.06 40.10 12.06 122.87
1390 60.00 71.20 40.79 9.59 139.32
1391 60.19 79.99 40.38 8.34 175.01
1392 59.74 91.78 46.06 8.76 164.59
1393 59.98 28.76 42.20 14.11 61.25
1394 60.20 82.47 34.23 12.85 172.75
1395 60.03 87.05 46.56 8.74 173.28
1396 60.23 23.34 42.20 12.84 134.50
1397 60.06 27.23 42.24 14.03 59.65
1398 60.27 43.63 35.95 152.82 49.39
1399 60.13 37.68 38.89 100.82 50.21
1400 60.40 50.99 32.90 187.20 43.54
1401 60.23 57.61 39.75 28.65 74.40
1402 60.23 62.80 37.00 10.62 100.24
1403 60.31 48.46 36.44 169.49 46.75
1404 60.40 7.99 17.02 12.57 46.86
1405 60.36 14.44 31.41 11.54 65.16
1406 60.33 35.50 32.75 127.36 43.32
1407 60.45 53.39 33.65 193.85 46.23
1408 60.30 5.16 12.16 2.44 28.75
1409 60.83 90.75 29.74 10.69 134.87
1410 60.82 73.66 35.73 10.70 83.89
1411 60.75 46.07 34.33 179.18 44.67
1412 60.85 55.58 28.42 179.24 40.49
1413 60.66 12.94 29.83 18.33 64.89
1414 60.82 39.42 29.87 176.26 39.45
1415 60.73 59.81 36.51 70.92 64.41
1416 60.82 25.36 30.62 88.23 38.31
1417 60.89 30.22 30.83 123.69 38.56
1418 61.03 78.30 32.07 11.06 81.91
1419 61.04 42.06 27.69 188.92 40.14
1420 61.25 34.04 25.49 163.20 37.76
1421 61.29 27.55 26.96 123.57 38.25
1422 61.11 71.13 28.56 116.66 36.71
1423 61.06 68.88 35.35 63.77 40.02
1424 61.04 20.27 31.95 52.75 46.42
1425 61.33 36.71 25.88 150.64 38.51
1426 61.21 15.50 21.06 55.26 31.54
1427 61.21 17.79 30.62 60.70 30.84
1428 61.46 57.87 28.17 188.99 41.53
1429 61.34 62.01 31.72 143.26 45.02
1430 61.27 6.21 12.62 12.66 20.16
1431 61.26 76.04 34.38 11.29 62.07
1432 61.28 22.65 27.67 74.48 34.48
1433 61.40 49.76 31.08 183.32 39.77
1434 61.35 81.81 29.18 13.36 77.00
1435 61.30 93.29 23.24 14.82 103.85
1436 61.49 10.27 16.15 37.02 29.37
1437 61.63 31.92 23.44 110.45 36.00
1438 61.37 88.18 26.52 19.18 83.80
1439 61.50 12.76 18.41 53.74 30.17
1440 61.66 44.53 24.99 177.44 39.87
1441 61.59 52.81 27.19 170.90 39.37
1442 61.87 46.96 27.62 200.23 41.38
1443 61.84 64.83 27.26 184.72 35.93
1444 62.01 59.99 24.51 186.75 37.93
1445 61.81 25.09 25.90 120.34 34.17
1446 62.02 40.70 23.66 164.84 38.56
1447 62.11 67.34 24.90 166.31 35.13
1448 61.96 38.45 24.14 142.67 37.38
1449 62.07 55.60 23.75 165.24 38.55
1450 62.21 72.58 23.89 183.35 35.16
1451 61.93 4.14 9.31 5.10 15.55
1452 62.06 19.97 21.62 95.31 30.08
1453 62.04 29.38 21.56 93.52 36.11
1454 62.21 69.89 25.28 199.06 36.18
1455 61.84 5.93 10.55 11.91 21.45
1456 62.33 75.03 25.81 167.90 37.84
1457 62.36 42.74 23.04 146.82 38.30
1458 62.12 89.90 22.96 73.47 31.76
1459 62.17 92.62 20.95 77.83 29.55
1460 62.29 16.87 20.20 97.94 29.75
1461 62.35 77.29 24.95 149.67 34.67
1462 62.29 79.53 24.25 134.45 33.96
1463 62.27 86.39 20.97 119.91 33.15
1464 62.35 83.17 20.96 125.28 32.73
1465 62.53 14.18 17.01 74.28 29.48
1466 62.39 22.73 20.61 102.08 32.29
1467 62.30 35.02 20.46 110.24 37.46
1468 62.50 51.41 22.91 146.49 41.44
1469 62.54 48.96 23.87 138.58 38.85
1470 62.35 81.60 22.00 135.83 34.43
1471 62.36 6.41 11.30 21.17 17.57
1472 62.83 9.69 13.95 42.40 28.37
1473 62.59 62.25 24.81 149.04 34.88
1474 62.73 27.21 19.50 91.41 33.59
1475 62.72 30.97 20.83 103.83 34.04
1476 62.76 11.99 12.57 46.62 30.24
1477 62.92 33.07 21.24 107.08 36.20
1478 62.84 58.17 22.93 143.96 39.20
1479 62.90 37.27 21.47 112.93 37.87
1480 62.80 53.76 24.00 95.28 38.66
1481 62.96 4.25 8.86 6.28 16.52
1482 62.82 25.22 19.88 88.58 29.48
1483 63.03 6.91 11.85 25.99 19.41
1484 62.88 44.80 20.80 88.80 38.07
1485 63.03 39.45 23.56 94.24 36.25
1486 63.09 64.55 25.21 136.99 35.84
1487 63.18 56.10 21.79 95.52 39.00
1488 63.34 88.28 18.87 159.87 28.14
1489 63.41 91.33 15.84 132.16 27.02
1490 63.20 47.18 21.57 85.18 36.87
1491 63.23 18.53 16.92 82.57 30.98
1492 63.29 35.22 19.30 107.62 62.38
1493 63.32 60.27 22.12 106.68 35.34
1494 63.40 69.05 22.02 140.56 31.49
1495 63.52 81.64 18.96 159.43 32.25
1496 63.33 20.88 17.42 90.79 37.18
1497 63.31 29.20 16.74 75.45 34.70
1498 63.33 41.26 20.74 97.13 41.13
1499 63.42 66.65 20.49 105.62 33.53
1500 63.59 85.21 18.09 155.14 32.02
1501 63.52 71.37 22.25 109.73 31.91
1502 63.44 15.77 16.22 66.88 29.35
1503 63.41 23.45 17.51 90.29 44.76
1504 63.72 73.63 20.45 142.04 33.13
1505 63.68 78.87 19.60 149.56 32.08
1506 63.78 76.09 20.16 139.89 32.57
1507 63.70 52.17 20.57 62.82 148.33
1508 63.94 43.15 18.38 45.57 174.38
1509 64.10 8.44 11.23 21.19 41.84
1510 63.79 12.94 14.88 49.61 33.96
1511 63.87 62.48 20.74 114.87 38.35
1512 64.00 25.38 15.55 53.14 117.95
1513 63.87 31.51 18.18 70.17 107.38
1514 64.06 54.98 18.51 41.25 178.70
1515 64.03 45.66 19.48 47.44 159.85
1516 63.97 27.49 16.22 78.95 96.67
1517 64.05 36.96 17.03 69.58 176.10
1518 64.17 58.07 19.32 58.67 176.38
1519 64.10 6.29 9.76 12.47 23.73
1520 63.96 16.67 13.60 42.60 113.28
1521 64.26 33.90 17.27 64.78 164.91
1522 64.06 10.21 12.65 25.51 45.69
1523 64.58 40.57 18.30 58.12 171.49
1524 64.35 48.17 19.36 45.77 199.83
1525 64.39 93.93 12.26 59.86 22.08
1526 64.24 18.02 15.52 53.60 143.12
1527 64.31 64.71 19.10 82.37 36.71
1528 64.27 22.39 15.86 47.33 147.32
1529 64.60 29.76 16.01 41.81 177.45
1530 64.43 67.50 19.74 69.40 37.49
1531 64.44 15.27 12.06 31.45 143.85
1532 64.67 50.47 19.24 26.50 189.29
1533 64.48 70.25 18.42 73.88 36.69
1534 64.62 90.88 14.02 105.41 25.55
1535 64.58 60.68 18.76 64.53 105.77
1536 64.67 80.61 18.27 85.42 29.73
1537 64.88 87.72 16.50 117.75 28.48
1538 64.62 35.92 16.96 63.33 190.44
1539 65.08 83.31 15.79 75.30 30.48
1540 64.75 11.18 11.31 19.26 124.36
1541 64.75 12.62 12.91 23.47 140.68
1542 64.85 53.03 18.43 31.43 214.91
1543 64.82 72.59 18.34 82.44 33.08
1544 65.19 23.83 13.55 28.43 177.15
1545 64.87 85.11 15.43 108.64 30.68
1546 64.91 19.20 13.71 41.27 182.09
1547 64.93 75.14 19.54 57.28 28.20
1548 65.16 26.01 14.88 41.50 184.37
1549 65.07 32.62 17.54 30.79 203.17
1550 65.11 77.43 17.76 82.18 32.26
1551 64.95 79.18 18.88 86.90 31.02
1552 65.24 37.72 16.92 29.57 204.01
1553 65.03 63.05 17.37 77.74 45.37
1554 65.36 6.93 9.22 8.29 46.99
1555 65.21 56.59 18.46 25.72 211.70
1556 65.20 43.85 17.80 30.72 210.16
1557 65.30 69.22 17.30 44.44 119.74
1558 65.20 9.94 11.76 16.14 131.84
1559 65.33 46.45 17.49 28.35 195.11
1560 65.15 8.38 9.97 11.50 58.10
1561 65.45 28.11 15.92 38.22 199.15
1562 65.41 65.69 18.61 37.94 180.10
1563 65.45 16.42 12.57 24.48 185.92
1564 65.56 35.01 17.57 19.54 205.75
1565 65.47 4.60 7.63 2.91 24.16
1566 65.78 58.81 18.42 24.29 213.30
1567 65.61 93.12 11.89 48.44 25.43
1568 65.40 31.50 15.05 21.80 206.30
1569 65.67 61.22 16.68 32.32 201.53
1570 65.75 48.82 18.09 16.02 211.32
1571 65.79 54.46 17.40 19.48 219.86
1572 65.55 12.25 12.02 15.48 157.18
1573 65.72 39.62 17.66 15.57 211.79
1574 65.89 71.20 16.44 33.61 171.94
1575 65.56 81.84 16.38 45.95 30.24
1576 65.95 13.89 12.42 19.79 178.32
1577 65.55 10.80 13.88 15.50 157.38
1578 66.03 74.31 16.40 33.09 138.96
1579 65.89 51.66 16.91 15.69 209.54
1580 66.01 18.92 12.56 17.91 183.51
1581 65.87 89.29 13.52 75.57 30.40
1582 65.87 91.34 12.29 67.38 31.25
1583 66.21 30.08 14.71 17.81 202.06
1584 66.19 42.16 15.66 14.41 198.80
1585 65.90 80.28 16.22 42.25 57.08
1586 66.07 9.16 11.52 6.59 112.63
1587 66.47 63.31 17.24 23.89 209.94
1588 66.28 76.80 17.10 33.52 80.12
1589 66.07 24.45 13.27 19.67 189.67
1590 66.29 32.57 16.42 13.72 205.03
1591 66.26 44.84 17.95 11.71 205.47
1592 66.28 78.75 15.16 37.70 73.50
1593 66.20 25.91 13.44 16.07 190.22
1594 66.46 37.28 16.33 12.20 210.55
1595 66.54 56.42 18.25 13.56 206.01
1596 66.48 68.54 15.60 30.89 196.35
1597 66.60 80.87 14.66 25.75 121.08
1598 66.57 6.98 9.27 3.57 47.20
1599 66.51 21.96 14.13 12.12 189.87
1600 66.59 27.33 14.45 16.94 190.44
1601 66.55 65.71 17.14 21.41 216.98
1602 66.87 47.06 17.64 13.87 180.21
1603 66.93 16.33 12.55 8.23 158.35
1604 66.90 84.19 13.41 42.74 149.07
1605 67.13 34.25 15.92 30.17 163.16
1606 66.89 39.77 15.57 14.23 188.86
1607 66.90 49.99 16.87 11.71 175.94
1608 66.83 86.28 12.57 33.56 120.89
1609 66.94 60.81 17.75 13.37 194.92
1610 67.03 24.57 13.45 11.19 171.78
1611 66.95 53.49 16.30 10.83 154.43
1612 67.04 72.17 16.66 19.17 199.34
1613 66.93 88.40 11.49 35.20 128.87
1614 66.82 91.34 12.69 21.97 105.74
1615 67.03 13.91 11.17 8.87 165.13
1616 67.22 93.19 10.17 14.12 108.75
1617 67.20 19.51 12.55 10.00 159.92
1618 67.31 58.42 15.64 12.05 173.01
1619 67.20 81.58 14.86 29.23 162.65
1620 67.30 44.27 14.80 14.31 146.64
1621 67.23 89.77 12.55 28.82 137.67
1622 67.38 29.37 14.45 14.18 147.34
1623 67.39 31.80 14.94 25.29 141.09
1624 67.48 74.26 15.27 17.54 194.44
1625 67.66 79.22 14.72 17.05 171.74
1626 67.66 69.93 16.37 14.15 203.00
1627 67.53 5.24 7.98 1.92 28.71
1628 67.59 36.52 14.83 15.99 163.20
1629 67.54 41.64 16.29 16.18 125.65
1630 67.53 67.44 15.95 15.91 211.83
1631 67.80 64.92 15.43 12.11 215.10
1632 67.91 7.81 9.70 6.29 53.87
1633 67.80 26.72 13.56 19.82 132.33
1634 67.72 77.29 15.02 12.02 177.84
1635 67.79 22.39 12.53 16.97 117.35
1636 67.66 55.89 17.33 12.72 130.46
1637 67.88 62.70 15.84 10.74 193.49
1638 67.59 91.42 10.73 15.23 135.93
1639 67.85 48.69 17.87 17.65 80.52
1640 67.89 38.89 15.35 26.81 87.94
1641 68.08 17.59 11.14 19.08 103.94
1642 67.98 46.45 16.54 110.91 49.28
1643 68.16 85.27 12.10 17.98 170.92
1644 68.29 53.65 16.01 177.10 44.50
1645 68.26 87.21 13.24 19.66 171.12
1646 68.17 90.09 11.07 11.62 145.05
1647 68.31 10.71 10.56 16.01 47.11
1648 68.23 60.29 15.64 18.93 102.12
1649 68.23 82.54 13.92 14.20 166.00
1650 68.29 14.09 11.64 13.54 90.41
1651 68.32 19.94 12.67 42.13 82.90
1652 68.45 71.99 15.20 11.51 178.51
1653 68.30 43.83 16.86 106.95 49.53
1654 68.44 76.36 13.71 12.92 181.80
1655 68.34 28.91 14.36 91.97 46.39
1656 68.52 41.12 17.45 145.00 45.55
1657 68.41 24.45 12.52 78.12 54.18
1658 68.44 31.21 13.67 120.60 45.49
1659 68.50 58.34 16.49 106.53 46.65
1660 68.65 50.80 16.16 183.71 41.23
1661 68.75 56.11 15.64 190.50 45.55
1662 68.70 67.08 14.27 13.11 158.01
1663 68.55 36.38 15.78 128.00 47.57
1664 68.87 33.75 15.16 154.20 39.82
1665 68.98 48.33 16.13 189.90 40.97
1666 68.82 89.03 11.83 11.81 156.83
1667 69.00 38.77 14.54 181.58 41.42
1668 69.20 73.92 13.62 9.72 145.45
1669 68.91 16.87 10.02 77.09 40.70
1670 68.97 26.56 13.35 120.36 37.80
1671 69.14 78.76 14.32 9.57 157.92
1672 69.01 22.02 12.81 95.29 51.11
1673 68.94 62.04 16.17 108.54 50.19
1674 69.12 64.66 14.73 15.08 116.33
1675 69.21 69.65 14.23 10.36 124.24
1676 69.02 7.55 8.58 12.90 22.90
1677 69.19 45.95 15.39 200.62 40.28
1678 69.32 43.40 15.03 204.67 38.81
1679 69.39 19.03 11.18 92.14 42.14
1680 69.41 29.15 13.58 150.18 34.64
1681 69.42 84.27 11.90 9.77 163.07
1682 69.38 11.98 11.88 56.79 31.97
1683 69.33 14.76 10.55 76.36 31.62
1684 69.54 60.07 15.10 199.57 38.80
1685 69.44 52.69 15.45 204.37 36.33
1686 69.56 24.38 12.44 139.31 35.04
1687 69.67 81.38 12.68 8.86 154.79
1688 69.67 31.64 14.21 154.89 33.74
1689 69.75 57.64 16.11 211.02 36.69
1690 69.61 87.34 11.54 9.83 154.29
1691 69.63 36.32 14.43 172.59 36.51
1692 69.76 41.04 15.02 193.47 40.77
1693 69.70 91.31 10.68 6.76 158.31
1694 69.48 8.23 9.88 23.75 19.12
1695 69.60 85.83 11.69 8.23 157.54
1696 69.85 55.03 16.14 199.30 36.61
1697 69.99 62.90 15.44 197.34 38.00
1698 70.07 50.48 15.55 198.91 36.20
1699 69.91 76.60 13.64 10.87 97.10
1700 70.15 89.46 10.20 7.79 155.99
1701 70.04 9.29 10.29 37.43 24.02
1702 70.22 16.49 11.32 94.47 28.06
1703 70.03 33.77 14.44 157.52 37.13
1704 70.14 21.97 12.48 144.54 33.65
1705 70.21 65.20 15.20 159.72 36.52
1706 70.31 39.12 14.42 167.49 38.96
1707 70.44 48.18 15.36 172.82 36.10
1708 70.38 26.96 13.15 136.15 35.91
1709 70.25 68.89 15.62 134.97 37.80
1710 70.35 45.40 16.00 166.37 34.51
1711 70.79 74.96 13.85 140.79 35.16
1712 70.65 13.09 11.17 76.13 27.72
1713 70.57 19.43 10.61 116.46 32.06
1714 70.77 8.11 10.07 23.72 17.43
1715 70.57 42.99 15.75 170.74 34.98
1716 70.82 10.63 10.83 43.75 25.53
1717 70.56 78.74 12.72 13.30 87.31
1718 70.59 29.94 13.30 113.24 36.32
1719 70.66 53.20 16.09 161.20 38.91
1720 70.93 86.72 10.78 13.18 110.84
1721 70.82 59.04 14.79 194.68 36.32
1722 70.82 24.32 12.29 124.21 33.04
1723 70.91 34.97 14.22 158.02 35.58
1724 70.86 37.38 15.18 135.07 37.26
1725 70.81 61.35 13.97 185.12 38.21
1726 71.00 66.76 15.34 191.49 34.29
1727 70.92 71.40 13.90 173.31 32.91
1728 70.89 83.79 11.44 15.49 126.78
1729 70.98 56.19 15.10 166.48 36.46
1730 71.03 32.12 13.27 97.63 35.23
1731 71.11 81.28 12.12 15.68 73.88
1732 71.29 63.44 15.02 187.03 33.98
1733 71.23 41.17 15.04 101.92 35.76
1734 71.28 15.04 11.73 68.71 28.44
1735 71.32 17.24 11.40 82.79 30.67
1736 71.36 46.78 16.69 106.21 34.18
1737 71.41 21.87 12.58 95.01 33.96
1738 71.48 28.51 13.21 66.35 37.87
1739 71.41 51.38 15.88 90.89 37.29
1740 71.52 69.17 15.49 194.72 34.20
1741 71.53 44.41 14.74 91.46 36.52
1742 71.22 88.47 11.83 12.83 95.17
1743 71.55 39.16 15.25 67.70 72.30
1744 71.57 89.54 10.54 16.47 69.05
1745 71.70 26.15 12.70 84.17 34.71
1746 71.72 48.95 14.27 91.63 36.08
1747 71.84 73.22 13.71 165.87 34.05
1748 71.73 78.23 13.33 114.47 35.21
1749 71.87 7.22 7.81 8.80 17.54
1750 71.83 19.44 11.62 105.90 37.43
1751 71.72 54.20 15.58 82.10 33.63
1752 71.88 58.05 14.08 118.91 33.15
1753 71.93 34.19 13.26 76.42 134.77
1754 72.01 23.77 12.20 75.73 67.22
1755 72.03 60.74 14.45 163.93 38.07
1756 72.03 65.32 14.25 129.45 31.33
1757 72.25 31.76 14.45 58.76 152.84
1758 71.98 37.10 13.17 67.51 133.47
1759 72.37 42.73 15.32 54.73 190.13
1760 72.21 80.72 12.75 116.46 33.20
1761 72.08 85.34 11.61 82.72 35.73
1762 72.21 12.68 11.50 27.11 104.74
1763 72.15 83.07 13.26 108.06 31.94
1764 72.94 35.93 13.27 25.50 180.03
1765 72.41 15.02 10.42 30.85 143.36
1766 72.57 40.38 15.04 32.89 191.52
1767 72.50 70.99 14.11 165.01 32.44
1768 72.42 8.80 9.30 12.02 36.58
1769 72.43 10.47 10.30 15.22 42.24
1770 72.56 51.26 14.89 57.95 178.53
1771 72.39 56.21 14.79 67.20 31.88
1772 72.66 16.97 11.19 32.73 143.11
1773 72.61 46.42 14.75 56.64 156.94
1774 72.49 75.45 13.34 153.21 31.13
1775 72.72 87.09 10.49 116.90 28.93
1776 72.67 68.20 13.82 110.98 30.59
1777 72.75 21.48 11.13 43.61 145.72
1778 72.58 63.09 13.79 92.98 32.62
1779 72.84 26.81 12.40 53.07 160.02
1780 72.72 54.02 14.78 47.10 111.84
1781 72.91 29.77 12.88 41.32 178.62
1782 73.04 38.30 13.75 33.12 200.46
1783 72.83 58.72 17.08 62.77 39.54
1784 72.88 78.14 13.56 164.89 32.12
1785 73.12 24.28 12.58 34.18 162.13
1786 73.19 44.76 13.68 34.14 199.30
1787 73.38 19.37 11.45 30.10 161.48
1788 73.40 48.99 15.19 42.89 210.54
1789 73.06 65.76 13.55 97.42 35.81
1790 73.13 12.29 11.85 14.71 122.68
1791 73.10 18.32 12.00 31.26 160.42
1792 73.31 61.14 13.82 59.54 183.05
1793 73.51 82.32 11.48 158.18 26.64
1794 73.41 33.76 13.73 21.29 189.43
1795 73.40 73.19 13.07 126.94 31.06
1796 73.29 84.91 11.08 158.23 28.93
1797 73.51 56.73 14.52 34.82 185.07
1798 73.33 79.98 11.51 144.88 28.40
1799 73.68 10.54 10.86 7.35 97.89
1800 73.48 87.96 10.31 153.52 24.21
1801 73.38 15.46 10.12 18.12 154.15
1802 73.68 42.43 13.89 22.48 200.52
1803 73.74 63.56 13.23 43.02 148.72
1804 73.75 31.52 13.62 21.05 186.51
1805 73.73 70.46 12.18 86.25 30.00
1806 73.91 54.10 14.78 32.30 198.12
1807 73.94 76.80 12.22 104.68 29.61
1808 73.85 51.40 14.37 25.93 204.18
1809 74.10 59.25 13.95 40.24 198.60
1810 73.84 68.37 14.06 64.81 31.81
1811 74.07 46.91 13.93 22.83 211.74
1812 74.22 21.12 10.95 20.93 168.83
1813 74.07 28.37 12.77 18.93 186.02
1814 74.05 40.08 13.99 14.50 210.43
1815 74.07 16.31 10.39 11.26 167.84
1816 74.25 66.11 14.88 64.61 172.44
1817 74.49 26.17 11.40 9.58 177.96
1818 74.20 17.82 10.82 14.73 171.96
1819 74.20 37.61 13.65 10.25 199.86
1820 74.25 13.76 11.32 7.91 141.87
1821 74.41 35.05 13.27 11.99 181.66
1822 74.62 44.47 14.27 10.46 194.05
1823 74.70 23.99 11.67 11.17 169.22
1824 74.53 74.76 13.16 64.98 33.75
1825 74.58 79.48 11.76 115.90 27.85
1826 74.70 11.73 10.35 6.95 116.25
1827 74.63 86.33 9.61 158.23 25.94
1828 74.73 61.92 13.64 32.07 203.69
1829 74.78 18.53 10.74 14.24 173.00
1830 74.66 30.40 13.56 10.52 184.00
1831 74.93 72.62 12.63 49.01 139.54
1832 74.56 82.58 10.33 130.00 29.33
1833 74.97 49.48 14.73 10.67 193.16
1834 74.82 57.13 14.26 26.14 204.61
1835 75.16 32.52 13.40 13.11 145.60
1836 74.96 42.23 13.64 10.33 199.98
1837 75.04 52.17 14.84 13.94 198.70
1838 75.01 69.83 14.41 35.60 163.54
1839 74.78 14.92 9.00 7.00 157.88
1840 74.92 37.38 13.95 11.16 178.02
1841 75.15 64.16 13.84 22.86 198.55
1842 75.15 16.21 10.63 10.00 161.00
1843 75.16 54.77 15.00 13.12 212.33
1844 75.29 67.33 14.34 39.18 197.75
1845 75.29 87.87 9.87 133.83 23.11
1846 75.32 29.72 12.10 10.71 116.73
1847 75.47 39.74 14.17 19.36 156.24
1848 75.86 20.09 10.87 18.91 142.68
1849 75.41 46.72 15.14 11.08 178.07
1850 75.45 60.12 14.69 17.91 210.10
1851 75.29 82.75 10.66 112.18 28.43
1852 75.61 28.12 12.05 14.18 132.32
1853 75.74 75.46 12.60 36.30 156.02
1854 75.52 35.25 12.86 18.42 101.61
1855 75.65 26.40 11.68 11.58 115.35
1856 75.75 24.69 12.02 15.81 103.38
1857 75.74 79.89 11.80 66.73 48.82
1858 75.77 13.80 10.14 6.96 136.78
1859 75.91 17.94 12.43 11.05 147.27
1860 75.94 22.52 10.46 17.62 124.02
1861 76.07 58.20 14.28 11.08 200.52
1862 75.96 43.84 14.39 20.90 116.14
1863 76.32 11.71 10.04 9.33 79.83
1864 76.20 62.45 13.72 11.30 184.61
1865 75.88 16.16 11.45 11.18 142.73
1866 76.20 85.36 9.77 79.66 28.90
1867 76.32 56.04 12.88 9.46 176.40
1868 76.24 65.18 13.37 10.69 199.03
1869 76.47 70.58 13.34 17.86 196.80
1870 76.17 50.94 15.78 13.36 122.35
1871 76.36 53.32 15.11 15.81 157.33
1872 76.17 33.72 13.64 95.47 44.23
1873 76.19 48.56 13.83 16.15 103.15
1874 76.12 72.57 12.82 23.00 187.36
1875 76.43 77.88 12.14 36.35 156.52
1876 76.43 68.00 13.40 15.35 200.06
1877 76.47 36.04 13.74 122.18 40.92
1878 76.46 29.88 13.46 84.22 49.32
1879 76.49 46.05 14.96 51.40 70.84
1880 76.45 41.72 14.06 23.64 85.25
1881 76.60 26.99 12.42 103.36 37.49
1882 76.70 16.05 11.26 27.65 102.26
1883 76.67 18.41 11.50 31.97 106.97
1884 76.82 32.01 13.16 143.00 37.89
1885 76.95 59.82 14.52 10.11 151.81
1886 76.74 23.92 12.65 77.78 46.40
1887 77.02 39.64 13.60 165.37 37.68
1888 76.81 73.34 13.52 24.71 195.54
1889 77.05 43.72 14.15 152.93 36.80
1890 77.24 75.95 11.63 18.19 178.02
1891 77.23 47.89 14.87 157.13 39.67
1892 77.11 74.78 14.50 27.50 183.39
1893 77.48 37.41 13.89 159.03 38.92
1894 77.24 50.30 14.85 188.16 45.83
1895 77.19 14.20 11.32 33.88 73.51
1896 77.33 63.96 13.48 9.48 149.35
1897 77.28 54.99 13.73 38.99 87.12
1898 77.58 34.59 14.35 169.08 36.71
1899 77.51 86.76 10.24 35.53 96.51
1900 77.70 22.35 11.24 122.20 35.35
1901 77.59 66.32 13.56 8.88 165.21
1902 77.47 57.40 12.24 35.07 82.44
1903 77.66 52.68 13.65 146.55 44.05
1904 77.63 61.72 13.78 12.45 154.00
1905 77.83 41.72 14.80 178.30 35.24
1906 77.46 18.00 12.08 67.31 41.35
1907 77.72 27.49 13.48 161.58 33.06
1908 77.67 29.91 13.02 178.36 34.02
1909 77.69 45.81 15.66 187.79 37.40
1910 77.78 25.26 12.50 156.83 32.08
1911 77.80 68.52 13.84 7.96 175.36
1912 77.81 72.14 12.30 7.96 181.04
1913 78.06 19.87 10.93 96.84 35.56
1914 77.97 77.89 11.62 13.93 178.01
1915 77.91 12.00 10.17 31.43 21.00
1916 78.26 13.08 10.76 43.76 23.50
1917 78.34 32.28 14.54 160.36 32.80
1918 78.48 43.94 14.70 177.15 36.99
1919 78.28 54.96 14.25 169.99 35.08
1920 78.75 86.55 9.71 24.13 133.53
1921 78.46 51.01 14.56 167.80 35.06
1922 78.66 17.11 10.77 100.67 28.10
1923 78.57 39.53 15.58 153.64 35.41
1924 78.53 48.58 15.01 193.76 36.28
1925 78.67 75.40 11.78 9.13 172.89
1926 78.67 57.30 13.73 172.45 36.23
1927 78.52 63.89 13.34 74.91 59.61
1928 78.66 36.51 13.30 142.12 32.50
1929 78.61 60.95 12.72 168.87 38.77
1930 78.64 79.68 11.52 15.58 181.83
1931 78.72 66.57 12.49 23.09 74.05
1932 78.98 81.92 9.72 16.25 160.79
1933 78.90 24.03 12.32 167.52 32.02
1934 78.77 69.15 13.07 9.85 126.22
1935 79.02 70.42 12.87 9.85 121.49
1936 79.13 14.63 10.51 61.93 22.63
1937 78.89 29.24 13.84 147.50 31.57
1938 78.96 46.23 14.20 181.90 35.95
1939 79.38 72.94 12.94 13.72 118.48
1940 79.26 53.04 15.42 196.23 34.14
1941 79.35 26.38 12.81 145.17 31.27
1942 79.14 34.12 15.22 154.79 34.10
1943 79.25 42.00 16.60 150.66 34.85
1944 79.31 21.52 11.46 142.62 29.65
1945 79.53 59.28 14.11 194.84 34.09
1946 79.50 77.49 12.26 8.27 164.69
1947 79.48 55.30 16.22 195.28 35.38
1948 79.32 80.77 9.97 14.55 164.42
1949 79.78 18.95 11.19 95.08 29.50
1950 79.57 38.12 14.28 123.50 32.28
1951 79.41 78.93 12.07 7.63 159.15
1952 79.60 64.66 13.44 135.07 34.59
1953 79.61 31.88 14.17 130.03 33.33
1954 79.63 62.22 12.98 184.59 34.49
1955 79.62 50.50 15.05 126.03 32.52
1956 79.71 68.12 12.50 102.10 44.14
1957 79.83 44.80 16.11 137.01 30.88
1958 79.85 47.85 17.07 127.62 31.02
1959 79.80 83.99 11.20 7.96 139.04
1960 79.82 30.57 12.15 136.38 31.65
1961 79.90 13.01 11.11 34.37 16.13
1962 80.01 36.13 14.35 118.43 35.19
1963 80.18 40.40 15.02 115.74 33.34
1964 80.13 56.97 17.28 169.15 32.78
1965 80.15 16.39 11.06 62.25 27.62
1966 80.08 29.19 12.97 122.23 32.15
1967 80.09 71.07 12.73 44.98 57.36
1968 80.16 75.01 11.47 19.18 100.08
1969 80.20 23.54 12.44 134.36 31.14
1970 80.66 14.32 11.50 33.85 20.65
1971 80.44 33.88 14.48 113.29 35.82
1972 80.61 81.59 10.99 8.04 152.12
1973 80.49 42.60 15.38 118.63 36.03
1974 80.56 52.05 16.02 118.42 31.56
1975 80.57 66.08 13.34 171.28 31.77
1976 80.60 27.20 12.71 104.35 31.10
1977 80.55 54.31 23.18 131.51 32.79
1978 80.77 79.56 10.89 7.17 133.40
1979 80.56 77.72 9.92 7.92 121.55
1980 80.71 60.37 14.80 166.24 31.30
1981 80.71 20.89 11.75 87.96 31.17
1982 80.62 83.42 9.84 7.03 156.60
1983 80.59 85.48 10.74 5.97 131.60
1984 80.77 49.54 13.86 109.41 31.66
1985 80.80 38.47 14.20 117.68 37.09
1986 80.78 62.63 14.35 178.40 32.47
1987 80.94 68.63 12.10 148.34 32.10
1988 80.82 31.66 14.07 99.51 34.85
1989 81.16 24.72 12.03 105.26 31.39
1990 80.93 44.90 15.22 94.22 34.41
1991 81.00 47.23 17.00 85.04 32.41
1992 81.11 58.23 13.87 144.72 34.25
1993 81.15 73.50 11.52 125.64 31.27
1994 80.99 18.57 12.22 57.73 34.02
1995 81.30 36.01 14.83 82.66 165.99
1996 81.11 70.73 12.09 124.88 31.42
1997 81.35 29.03 13.07 104.33 94.51
1998 81.42 16.37 10.91 41.96 26.47
1999 81.40 55.88 17.23 128.13 31.18
2000 81.50 64.36 14.10 182.29 32.44
2001 81.47 76.22 12.18 104.16 43.87
2002 81.35 84.56 8.98 5.55 125.23
2003 81.70 40.85 15.23 93.79 167.20
2004 81.62 22.21 12.53 88.75 47.36
2005 81.67 43.20 16.59 109.34 149.80
2006 81.61 51.28 14.54 124.08 32.43
2007 81.82 33.76 13.60 59.36 186.47
2008 81.82 53.48 15.72 101.81 33.53
2009 81.98 60.09 13.99 123.04 31.12
2010 81.83 26.66 12.54 91.13 95.49
2011 82.02 38.38 13.62 90.83 185.76
2012 82.08 48.90 14.31 61.76 178.18
2013 82.13 66.38 14.25 169.73 31.26
2014 82.06 79.83 10.58 18.83 89.72
2015 81.99 19.49 11.40 39.41 91.04
2016 82.03 62.25 13.45 133.03 31.28
2017 82.10 31.45 14.05 57.51 183.81
2018 82.18 45.72 14.67 82.86 180.84
2019 82.38 71.50 13.37 138.78 31.61
2020 82.34 68.91 13.14 133.83 30.52
2021 82.15 81.85 9.97 8.86 91.59
2022 82.26 57.79 18.87 102.64 33.44
2023 82.46 83.21 10.06 7.98 80.41
2024 82.71 17.40 10.81 21.77 73.90
2025 82.58 24.45 12.22 68.04 163.22
2026 82.68 29.13 13.65 57.64 181.01
2027 82.76 74.51 11.75 153.61 28.69
2028 82.60 55.38 14.97 88.42 158.07
2029 82.61 35.97 14.49 35.74 189.31
2030 83.03 77.62 11.74 123.39 34.50
2031 83.07 26.87 12.35 38.59 179.83
2032 82.81 15.02 8.91 11.70 36.39
2033 82.84 42.95 15.41 54.72 196.94
2034 82.94 64.32 14.01 127.15 34.19
2035 82.96 20.11 12.74 19.74 134.09
2036 83.12 47.30 14.35 44.92 208.88
2037 83.04 61.70 14.40 114.04 108.83
2038 83.36 40.52 15.59 19.31 190.56
2039 83.19 38.29 14.54 23.84 195.35
2040 83.22 59.68 14.32 55.36 159.30
2041 83.36 53.37 14.10 80.22 188.12
2042 83.38 31.20 13.49 29.53 192.76
2043 83.44 33.85 13.88 28.22 188.08
2044 83.39 57.41 14.02 54.02 182.88
2045 83.38 80.76 9.46 57.03 39.06
2046 83.41 67.17 13.10 103.06 29.87
2047 83.41 21.57 12.61 22.07 164.05
2048 83.44 69.53 12.81 95.03 28.81
2049 83.67 49.58 14.12 49.30 203.88
2050 83.35 15.67 10.17 9.75 44.67
2051 83.59 45.04 14.58 40.19 199.48
2052 83.82 72.39 15.34 101.20 30.51
2053 83.92 55.42 14.22 46.58 203.32
2054 84.04 63.12 12.90 51.18 174.29
2055 83.96 36.14 14.43 18.21 196.58
2056 84.06 24.19 12.60 26.97 180.86
2057 84.16 42.87 14.50 15.10 200.47
2058 84.18 17.89 10.59 9.18 96.06
2059 84.28 29.16 13.28 21.10 187.89
2060 84.31 75.44 11.48 72.08 29.81
2061 84.40 51.63 14.70 41.41 203.43
2062 84.34 60.60 12.82 50.61 197.19
2063 84.31 47.45 14.96 27.72 192.78
2064 84.40 79.04 10.54 77.84 26.98
2065 84.44 38.56 13.69 15.12 197.19
2066 84.53 66.37 13.70 54.22 165.60
2067 84.56 21.89 12.54 13.06 160.74
2068 84.70 26.93 13.14 17.85 190.02
2069 84.56 58.08 13.29 42.09 198.29
2070 84.62 31.79 13.42 16.28 192.61
2071 84.62 69.88 12.87 48.10 109.63
2072 84.73 34.07 13.42 10.83 197.55
2073 84.69 53.61 13.73 34.83 204.64
2074 84.80 45.21 14.38 12.93 195.29
2075 84.94 40.62 15.08 10.80 193.15
2076 85.00 49.73 14.26 30.70 201.26
2077 85.04 55.81 13.74 28.59 206.63
2078 84.88 19.08 10.80 8.60 111.33
2079 85.25 20.37 11.59 6.06 120.20
2080 85.32 36.60 13.65 8.63 203.20
2081 85.24 64.14 13.05 18.82 188.88
2082 85.16 72.78 11.55 40.12 34.79
2083 85.32 24.33 11.19 7.25 173.34
2084 85.12 22.86 13.94 7.69 155.44
2085 85.65 77.31 11.38 66.48 26.80
2086 85.43 42.73 13.58 8.06 199.73
2087 85.44 61.77 13.26 14.50 196.04
2088 85.54 29.95 13.34 9.47 183.69
2089 85.44 47.65 14.13 12.83 197.09
2090 85.58 59.53 13.11 14.51 197.08
2091 85.60 68.07 11.97 12.95 165.07
2092 85.72 74.71 10.38 45.28 27.46
2093 85.85 51.86 13.79 9.06 199.26
2094 85.85 27.63 13.66 6.74 177.16
2095 85.83 57.14 14.60 9.32 190.64
2096 86.13 22.73 12.15 4.17 130.09
2097 85.87 54.18 13.95 7.82 201.56
2098 86.01 32.38 14.34 6.61 173.53
2099 86.23 71.42 14.02 26.79 154.15
2100 85.98 38.79 12.80 6.98 200.76
2101 85.96 45.29 13.87 8.15 200.94
2102 86.06 34.84 13.70 7.07 188.12
2103 86.22 18.96 11.53 3.09 67.22
2104 86.11 65.82 12.00 8.45 175.96
2105 86.30 49.65 13.75 5.98 199.15
2106 86.50 25.26 12.02 4.43 133.32
2107 86.23 20.73 11.36 3.12 100.00
2108 86.60 40.74 13.73 5.24 183.84
2109 86.42 63.29 12.11 6.18 189.11
2110 86.54 30.06 13.59 4.71 143.58
2111 86.63 47.31 14.38 5.19 179.04
2112 86.73 42.89 14.12 5.77 194.74
2113 86.66 60.69 12.99 3.50 187.79
2114 86.79 36.69 12.74 4.93 134.91
2115 86.92 58.41 12.45 2.99 186.23
2116 86.96 56.04 12.74 2.22 180.30
2117 87.12 68.27 13.21 12.62 172.43
2118 87.11 53.65 12.99 1.99 177.01
2119 87.02 21.43 10.33 2.45 85.69
2120 87.22 51.45 12.28 2.12 169.12
2121 87.29 75.38 10.14 32.57 108.65
2122 87.00 77.66 11.69 38.60 39.91
2123 87.32 44.71 13.26 2.39 169.90
2124 87.15 30.86 13.24 4.29 108.22
2125 87.20 33.72 12.28 4.49 116.77
2126 87.25 28.04 12.93 4.76 120.88
2127 87.52 39.05 11.81 2.75 105.99
2128 87.60 65.72 11.06 5.00 178.10
2129 87.27 22.69 12.00 2.31 86.88
2130 87.29 24.62 11.24 4.12 103.67
2131 87.64 49.24 12.52 1.87 159.14
2132 87.51 62.46 12.27 4.66 199.56
2133 88.08 46.95 12.86 1.49 138.80
2134 88.19 26.60 12.37 2.54 73.34
2135 87.96 59.74 11.31 3.60 186.19
2136 87.83 23.50 11.92 2.57 61.86
2137 88.12 37.01 12.47 1.15 76.02
2138 88.02 41.69 12.13 1.17 80.75
2139 88.19 57.34 12.87 3.08 180.74
2140 87.80 25.20 10.12 3.19 87.44
2141 88.29 55.33 11.88 2.42 170.32
2142 88.39 31.64 12.66 1.50 56.32
2143 88.41 52.92 12.11 1.96 148.32
2144 88.45 73.47 10.83 27.35 157.96
2145 87.97 67.76 12.38 4.75 170.12
2146 88.42 34.12 13.00 1.28 55.95
2147 88.42 63.72 11.32 4.23 188.70
2148 88.54 45.04 12.85 1.73 100.76
2149 88.47 29.22 12.00 1.36 52.36
2150 88.72 50.73 11.95 2.23 110.39
2151 88.45 68.70 11.08 7.81 174.70
2152 88.72 61.45 12.49 3.54 180.17
2153 88.84 70.75 11.36 12.37 169.24
2154 88.97 24.21 12.33 1.18 40.90
2155 88.92 65.74 11.01 3.74 177.30
2156 88.88 67.82 11.60 6.02 178.67
2157 89.21 43.52 13.32 1.84 60.33
2158 89.80 60.31 12.05 2.63 120.52
2159 89.19 40.92 14.09 1.53 39.04
2160 89.02 76.17 9.00 16.00 119.77
2161 89.19 28.48 13.00 0.88 38.48
2162 89.29 36.49 13.41 1.00 34.27
2163 89.65 54.59 11.91 2.24 88.57
2164 89.75 46.57 13.24 1.76 42.38
2165 89.25 62.63 11.57 2.86 164.57
2166 89.42 26.37 14.08 0.57 34.08
2167 89.66 75.17 9.65 9.69 123.34
2168 89.64 56.88 12.43 2.69 67.38
2169 89.79 64.02 11.90 3.04 150.42
2170 89.58 34.45 13.21 1.16 32.59
2171 89.75 30.66 14.24 0.66 31.36
2172 89.77 52.19 12.27 2.44 41.92
2173 89.84 72.61 11.05 12.91 143.86
2174 89.82 69.35 10.55 4.59 149.64
2175 89.91 48.96 13.02 2.05 52.89
2176 89.88 38.80 17.19 1.50 35.64
2177 90.30 66.75 11.30 3.38 168.34
2178 90.15 27.55 19.20 0.64 28.82
2179 90.16 25.60 13.94 0.58 25.78
2180 90.26 42.52 19.18 1.82 38.18
2181 90.47 58.98 11.42 2.00 69.83
2182 90.83 50.68 15.37 2.10 36.74
2183 90.82 35.11 26.54 1.44 25.70
2184 91.10 41.08 36.56 1.70 26.37
2185 90.94 69.13 11.08 3.87 160.89
2186 91.03 71.54 11.50 8.21 151.21
2187 90.80 29.27 20.39 1.06 30.73
2188 90.83 47.30 13.57 2.02 34.74
2189 91.22 48.79 17.35 1.83 32.18
2190 90.88 53.66 12.10 1.54 31.67
2191 90.86 57.16 11.89 1.97 47.64
2192 90.99 64.03 11.00 2.65 76.77
2193 91.05 26.81 22.98 0.54 20.02
2194 91.23 73.47 10.81 5.23 133.60
2195 91.56 56.09 11.52 1.62 33.10
2196 91.71 59.19 11.35 1.86 43.06
2197 91.55 44.86 33.25 1.75 24.07
2198 91.68 66.78 11.04 3.25 100.89
2199 91.58 61.28 10.58 1.95 38.74
2200 91.70 29.47 30.89 0.87 24.98
2201 91.80 36.94 42.88 1.48 23.78
2202 91.66 39.54 34.70 1.65 25.00
2203 91.99 31.80 36.71 1.47 26.93
2204 91.75 53.66 11.24 0.97 29.85
2205 92.14 69.68 10.25 3.20 124.26
2206 91.93 64.17 12.16 2.67 42.91
2207 91.98 42.54 42.06 1.50 21.12
2208 92.02 40.56 35.11 1.78 26.67
2209 92.02 62.15 10.62 2.06 30.19
2210 92.05 71.19 8.56 3.22 137.33
2211 92.31 45.81 41.07 1.74 23.52
2212 92.51 43.00 42.42 1.97 23.50
2213 92.89 46.64 40.74 2.14 23.77
2214 92.64 52.96 30.77 1.60 23.75
2215 92.75 50.32 30.70 1.72 21.00
2216 92.61 65.32 10.21 2.21 38.08
2217 92.71 62.89 9.98 2.40 28.44
2218 93.34 37.84 49.60 1.68 23.98
2219 93.12 48.54 41.07 1.86 23.58
2220 93.21 31.33 33.77 1.33 20.08
2221 93.63 40.72 53.57 1.75 24.78
2222 93.71 43.41 45.59 1.86 22.34
2223 93.38 65.71 10.12 1.89 27.95
2224 93.30 53.50 36.65 1.53 24.18
2225 93.31 63.34 8.94 2.12 28.06
2226 93.71 35.06 53.69 1.31 26.27
2227 93.63 54.55 35.06 1.56 27.38
2228 94.08 48.14 45.36 1.81 24.33
2229 93.76 50.84 41.83 1.90 23.83
2230 93.95 63.71 11.23 1.45 23.29
2231 94.28 53.84 39.49 1.76 21.48
2232 93.92 32.70 38.75 1.75 23.31
2233 94.26 56.45 33.33 2.24 21.40
2234 94.84 60.54 26.20 1.63 22.31
2235 94.51 33.86 44.16 1.86 23.58
2236 94.55 51.35 45.05 1.89 23.22
2237 94.58 39.79 55.33 1.36 20.93
2238 94.65 42.73 44.97 1.69 21.31
2239 94.64 64.12 11.77 1.64 22.36
2240 94.76 62.44 15.30 2.00 25.00
2241 95.35 40.06 52.12 1.58 23.75
2242 95.15 63.22 13.60 1.51 21.11
2243 95.35 42.13 41.72 1.97 23.53
2244 95.57 52.30 43.76 1.79 21.18
2245 95.11 54.91 38.76 2.24 23.53
2246 95.26 57.43 24.56 1.50 25.06
2247 95.76 53.96 38.80 1.57 22.26
2248 96.13 38.11 51.49 1.62 21.08
2249 95.56 55.69 34.62 1.90 18.95
2250 96.00 47.01 32.45 1.67 20.40
2251 95.83 50.35 36.18 1.62 21.58
2252 96.05 44.16 46.98 1.89 23.47
2253 95.74 48.49 33.82 1.53 22.21
2254 96.22 56.07 32.69 1.33 21.94
2255 96.46 41.10 38.77 1.80 22.33
2256 97.15 45.71 30.69 1.56 22.46
2257 97.44 51.33 35.83 1.79 21.42
2258 97.56 47.99 32.02 1.54 20.95

