#<Embryo name> <Cleavage cycle> <Temporal class> <Genes>
lesl20 14A 8 Kruppel even-skipped fushi-tarazu

#Quantitative data
#<Nucleus number> <A-P coordinate> <D-V coordinate> <Fluorescence intensity: channel 1 - Kr, channel 2 - eve, channel 3 - ftz>
0 1.88 41.14 8.17 2.34 18.98
1 2.23 43.12 9.64 2.63 18.29
2 2.42 39.06 9.76 2.50 17.14
3 2.64 36.62 8.47 2.50 16.84
4 3.12 45.76 10.21 2.34 19.44
5 2.95 48.87 9.11 3.05 19.95
6 3.03 42.56 10.21 2.23 19.08
7 3.45 39.69 10.54 2.62 18.70
8 3.56 36.10 10.49 2.49 18.52
9 3.73 49.07 10.27 2.67 20.28
10 3.81 41.39 11.10 2.63 21.27
11 3.58 43.21 12.71 3.04 17.79
12 4.22 46.69 14.10 2.46 18.58
13 4.20 38.08 12.00 2.77 19.48
14 4.15 45.10 11.28 2.28 21.06
15 4.39 51.61 11.07 2.70 19.90
16 4.23 42.70 13.64 2.45 18.18
17 4.46 48.19 12.42 2.04 20.58
18 4.55 44.04 11.69 3.25 20.41
19 4.66 36.52 16.81 2.76 18.57
20 4.79 33.40 11.94 2.88 19.12
21 5.21 45.25 20.08 2.76 16.34
22 4.90 35.24 13.97 2.25 20.64
23 5.39 48.90 21.41 2.46 17.41
24 5.05 46.80 17.26 2.63 20.58
25 5.19 37.44 13.00 2.43 21.10
26 5.09 30.60 10.60 3.60 16.93
27 5.54 42.77 14.21 2.38 20.60
28 5.22 51.77 12.90 2.86 20.38
29 5.28 53.41 11.78 2.30 19.83
30 5.46 31.28 9.25 2.12 18.50
31 5.66 34.01 13.79 2.59 18.03
32 5.42 36.01 16.65 3.18 19.53
33 5.73 46.96 13.94 2.88 20.78
34 5.68 52.49 14.81 2.67 22.22
35 6.28 31.60 13.59 2.34 18.55
36 5.96 55.76 13.06 2.74 20.23
37 6.21 38.46 14.16 2.48 22.34
38 6.08 40.53 20.94 2.35 16.65
39 6.02 45.33 14.59 3.41 20.86
40 6.26 53.95 17.86 3.01 18.77
41 6.42 43.76 21.89 3.12 16.67
42 6.41 50.82 23.23 2.56 17.23
43 6.35 35.38 15.31 2.56 21.54
44 6.60 36.92 17.65 2.39 20.80
45 6.68 46.82 22.14 2.93 18.95
46 6.66 40.93 15.39 2.52 21.03
47 6.83 42.37 15.47 2.70 23.03
48 6.93 58.75 10.49 2.72 19.37
49 6.94 53.44 22.34 2.43 19.14
50 7.09 39.50 13.23 2.77 20.68
51 7.19 35.95 11.54 2.38 24.17
52 7.18 52.03 16.43 3.36 24.32
53 7.37 54.35 23.41 2.25 18.14
54 7.10 43.46 13.17 3.50 29.17
55 7.45 37.81 18.24 3.60 16.10
56 7.31 29.10 12.26 2.79 17.32
57 7.47 27.80 12.91 2.14 17.81
58 7.51 34.70 14.10 2.48 18.90
59 7.51 42.80 15.08 3.44 22.92
60 7.84 44.64 22.30 2.93 17.06
61 7.64 58.15 10.55 2.70 18.91
62 7.74 30.20 13.77 3.27 18.03
63 7.67 33.27 12.14 3.27 19.36
64 8.07 41.20 20.12 2.57 20.09
65 7.83 39.60 15.47 2.80 22.16
66 7.99 50.94 24.27 3.00 15.83
67 7.81 49.27 19.97 3.06 23.82
68 7.92 54.84 14.40 2.65 23.55
69 7.82 56.82 14.77 3.46 21.38
70 8.24 26.76 13.98 2.26 18.33
71 8.07 25.39 14.38 2.75 16.21
72 8.18 48.06 19.61 3.27 22.90
73 8.46 31.51 13.60 2.76 19.33
74 8.26 56.09 22.82 3.00 16.92
75 8.86 52.81 27.03 2.70 18.42
76 8.32 58.60 14.60 2.63 19.22
77 8.65 46.74 23.07 3.24 16.67
78 8.61 49.75 19.17 3.83 27.17
79 8.74 55.28 19.97 2.59 21.72
80 8.95 45.49 16.49 3.60 23.04
81 8.92 24.76 13.22 2.81 17.53
82 9.19 28.19 17.25 3.09 17.21
83 9.15 58.02 11.61 3.20 21.76
84 8.87 62.64 9.27 2.55 20.73
85 8.88 54.26 26.00 2.86 19.43
86 9.17 26.66 15.26 3.09 16.97
87 9.26 41.51 17.47 3.30 21.53
88 9.55 59.84 17.56 2.85 21.21
89 9.35 50.20 26.70 2.77 19.06
90 9.27 30.41 11.60 3.70 25.40
91 9.55 38.21 17.85 2.61 21.02
92 9.42 63.28 10.38 2.78 20.00
93 9.51 31.64 13.00 2.69 21.97
94 9.74 55.95 14.62 3.57 21.81
95 9.94 49.17 30.58 2.81 19.90
96 9.66 62.27 11.00 1.90 23.70
97 9.98 61.20 15.89 2.26 20.91
98 9.97 29.60 18.02 3.38 18.35
99 9.97 43.35 16.38 2.80 22.95
100 10.19 45.86 23.57 3.00 18.48
101 9.96 57.32 16.11 3.03 21.97
102 10.22 23.62 15.69 3.19 18.76
103 10.18 40.19 21.43 2.77 18.87
104 10.28 27.81 15.82 3.07 19.00
105 10.43 62.85 12.75 2.75 21.00
106 10.36 36.71 21.54 3.19 18.90
107 10.77 35.73 18.25 3.44 22.14
108 10.83 60.12 12.61 3.05 20.71
109 10.89 41.57 16.81 3.60 23.35
110 10.97 43.41 24.20 3.55 17.64
111 10.80 66.43 8.65 2.70 20.63
112 10.81 22.96 11.59 2.71 19.47
113 11.04 29.69 17.44 3.52 21.67
114 10.89 50.21 17.56 3.25 24.56
115 11.24 57.87 13.14 3.19 22.47
116 10.92 24.97 15.48 3.20 18.64
117 11.37 45.39 12.81 3.58 24.97
118 11.25 27.54 14.90 3.21 20.41
119 11.29 61.85 17.31 2.61 22.03
120 11.32 32.14 19.43 2.70 18.64
121 11.42 37.68 16.80 3.29 25.00
122 11.37 21.80 13.42 2.80 19.86
123 11.42 25.76 13.87 2.87 20.70
124 11.61 39.40 29.53 3.38 17.09
125 11.33 59.18 17.60 2.80 19.00
126 11.44 60.75 14.00 2.86 23.50
127 11.61 50.34 14.64 3.65 23.16
128 11.72 24.50 14.93 2.52 19.68
129 11.86 34.43 22.79 3.02 17.14
130 11.70 48.03 22.98 3.15 18.23
131 11.80 36.50 19.81 2.58 23.12
132 11.87 59.89 13.44 2.85 19.07
133 11.93 43.51 16.55 3.16 22.98
134 12.09 54.82 13.75 3.46 22.54
135 11.90 62.49 11.38 2.77 22.92
136 12.06 31.85 14.31 3.69 23.67
137 12.38 41.18 15.80 3.74 24.83
138 12.25 58.03 12.37 2.73 24.40
139 12.48 22.74 15.74 2.79 19.12
140 12.03 49.31 13.50 3.29 25.71
141 12.17 61.47 11.09 3.17 20.26
142 12.14 27.01 17.17 3.00 16.83
143 12.05 56.05 21.25 2.25 22.00
144 12.52 66.71 8.65 2.92 20.57
145 12.58 37.08 26.92 3.33 18.59
146 12.55 47.61 13.58 3.39 23.61
147 12.83 19.74 12.05 2.89 18.70
148 12.44 28.38 17.37 2.58 19.63
149 12.90 55.91 13.22 3.28 24.03
150 12.84 26.46 16.42 3.38 20.15
151 12.64 29.54 14.38 3.48 23.59
152 12.49 32.49 13.86 3.43 22.29
153 13.13 49.57 11.68 3.17 23.23
154 12.66 59.93 12.15 3.24 22.31
155 12.81 34.21 15.00 3.38 24.32
156 13.14 44.46 14.37 3.47 23.08
157 12.91 69.50 7.47 2.52 19.55
158 13.18 51.95 11.83 3.39 23.49
159 13.08 28.47 16.07 2.93 18.00
160 13.10 43.47 13.57 3.93 26.93
161 13.23 38.28 14.71 3.93 25.18
162 13.26 40.26 20.32 3.20 21.88
163 13.55 63.07 9.98 3.39 23.01
164 13.57 61.15 11.16 3.73 21.94
165 13.53 30.16 13.36 3.32 21.05
166 13.44 22.20 14.70 3.52 18.89
167 13.53 42.09 12.12 4.00 24.57
168 13.28 27.79 16.50 3.50 16.00
169 13.60 53.72 10.80 3.61 23.05
170 13.75 66.45 7.35 2.80 21.30
171 13.75 70.92 6.12 2.64 18.18
172 13.78 23.58 15.91 2.74 18.22
173 13.82 46.40 9.77 3.26 23.74
174 13.75 69.24 7.80 2.82 21.11
175 14.08 56.77 11.77 3.39 23.36
176 13.93 26.96 16.21 2.65 19.73
177 13.90 35.31 18.77 2.77 20.68
178 13.86 59.00 11.62 3.19 22.14
179 14.00 33.31 14.77 3.29 21.71
180 13.86 38.83 13.56 3.50 25.69
181 14.29 41.05 12.81 3.56 25.16
182 14.22 48.94 10.73 3.03 24.52
183 14.34 65.42 8.75 3.49 23.04
184 14.41 25.32 17.46 3.36 19.61
185 14.63 22.11 14.95 2.72 19.92
186 14.34 53.55 11.68 3.44 19.91
187 14.48 18.48 11.23 2.98 19.33
188 14.31 47.55 9.85 3.77 26.23
189 14.37 59.96 10.50 4.45 22.90
190 14.42 39.21 12.33 2.83 25.78
191 14.85 51.29 9.06 3.12 22.98
192 14.57 23.87 15.27 2.73 19.77
193 14.78 43.17 11.52 3.88 26.12
194 14.62 71.00 5.84 2.58 16.61
195 14.67 30.76 11.89 3.05 22.89
196 14.74 44.84 11.50 3.86 25.70
197 14.68 63.60 9.36 3.98 23.91
198 14.76 35.17 14.26 3.83 23.32
199 14.77 61.04 11.36 4.48 23.20
200 14.70 59.01 11.15 3.85 22.23
201 15.16 69.32 7.03 3.29 22.42
202 14.83 47.71 11.00 3.18 24.55
203 14.93 38.63 14.05 3.75 27.10
204 14.88 54.79 11.67 3.25 24.50
205 15.32 28.35 13.86 3.14 21.59
206 15.12 59.99 9.72 3.17 22.59
207 15.19 33.57 12.74 2.91 21.14
208 15.24 41.81 12.18 3.45 25.30
209 15.25 62.39 8.73 3.86 24.59
210 15.12 18.75 12.95 3.14 17.76
211 15.27 72.26 6.78 3.28 19.75
212 15.33 53.47 9.38 4.07 21.72
213 15.39 57.70 10.65 3.35 22.69
214 15.59 47.06 9.94 3.69 24.90
215 15.61 66.83 7.24 3.45 22.92
216 15.56 22.32 12.91 2.90 20.09
217 15.64 38.48 10.03 3.47 25.08
218 15.52 54.65 10.06 3.50 24.03
219 15.78 26.42 15.71 3.55 23.03
220 15.61 40.26 10.25 2.81 25.41
221 15.81 59.53 8.56 3.51 21.16
222 15.77 64.38 8.75 4.12 22.39
223 15.83 49.03 9.63 3.68 24.88
224 15.70 33.19 10.54 3.69 24.38
225 15.84 52.29 9.06 3.58 22.94
226 16.20 30.73 10.78 3.36 23.26
227 15.97 70.61 7.48 2.42 22.68
228 16.10 41.18 10.89 3.51 24.68
229 16.24 37.00 10.50 3.28 23.30
230 16.87 19.04 11.05 3.13 19.60
231 16.25 49.77 10.27 3.73 24.09
232 16.36 58.11 9.72 3.70 24.13
233 16.36 53.44 10.47 3.11 24.72
234 16.48 42.70 10.96 3.80 27.17
235 16.28 74.14 6.64 3.36 21.27
236 16.25 47.64 10.00 3.75 24.67
237 16.36 63.19 8.44 3.00 24.56
238 16.45 55.45 9.53 4.05 21.35
239 16.65 17.31 10.72 3.28 19.12
240 16.56 22.18 11.22 3.00 18.68
241 16.73 32.74 10.26 3.57 21.74
242 16.65 73.14 7.00 3.35 21.92
243 16.86 28.67 10.07 3.15 21.87
244 17.03 26.72 9.83 3.59 21.19
245 16.71 69.58 8.18 3.53 23.31
246 16.99 50.58 10.72 3.76 24.96
247 16.74 40.67 10.60 3.42 22.58
248 16.71 47.90 8.59 3.41 23.06
249 16.77 35.91 10.32 3.75 23.10
250 16.97 37.77 9.78 3.73 21.76
251 17.09 53.15 9.06 3.73 25.36
252 17.07 45.19 9.28 3.58 25.68
253 16.99 56.97 9.06 4.06 24.71
254 16.95 64.21 7.37 3.70 21.93
255 17.18 24.06 11.12 3.65 20.92
256 16.98 46.70 9.29 2.71 27.29
257 17.46 48.10 8.77 4.09 23.58
258 17.77 21.97 10.39 3.37 19.55
259 17.18 22.68 11.50 3.83 20.83
260 17.56 35.89 11.15 3.84 23.54
261 17.37 72.69 6.25 3.68 21.27
262 17.60 41.01 8.77 3.92 25.50
263 17.49 43.60 9.10 3.62 26.64
264 17.45 69.77 7.65 3.50 22.62
265 17.78 59.87 8.69 3.95 23.12
266 17.97 54.56 8.62 3.64 24.01
267 17.64 71.42 7.57 2.90 21.67
268 17.99 51.90 9.05 4.06 24.36
269 18.00 33.49 10.19 3.97 23.64
270 17.95 57.74 9.32 3.32 25.32
271 17.69 63.59 8.33 3.93 23.60
272 17.66 17.41 9.10 2.95 17.85
273 17.62 29.24 8.45 3.55 23.27
274 17.90 30.79 9.80 3.73 23.49
275 17.84 45.86 9.48 3.73 25.10
276 18.10 26.89 10.64 3.33 23.58
277 17.95 19.38 10.41 3.46 21.46
278 17.88 32.34 9.40 4.00 26.20
279 17.93 39.39 7.80 3.00 27.80
280 18.09 70.35 7.24 3.49 20.85
281 18.07 18.07 11.29 2.21 21.29
282 18.50 49.42 9.69 4.05 24.59
283 18.36 74.93 6.19 3.95 21.59
284 18.53 29.31 9.50 3.67 22.86
285 18.51 35.93 9.98 4.04 22.43
286 18.50 47.68 9.83 4.63 24.59
287 18.43 24.30 9.04 4.18 20.93
288 18.47 38.30 9.65 4.12 24.32
289 18.77 21.43 10.23 4.12 21.33
290 18.67 45.28 10.21 4.00 25.74
291 18.75 18.50 8.32 3.47 19.85
292 18.75 51.16 9.72 4.31 26.88
293 18.81 23.44 9.28 3.72 22.44
294 19.06 70.75 6.58 4.27 19.62
295 18.71 27.56 8.33 3.73 21.07
296 18.84 58.66 7.64 3.46 24.28
297 18.91 68.86 7.54 3.88 25.48
298 18.84 54.96 11.00 4.47 26.42
299 19.06 73.52 6.19 4.42 19.53
300 19.22 14.95 8.60 3.12 18.83
301 19.29 25.68 10.65 4.30 22.09
302 19.30 75.27 7.02 5.32 20.25
303 19.16 46.92 10.90 4.04 25.20
304 19.21 17.55 7.67 3.21 20.54
305 19.09 30.51 12.14 4.43 27.57
306 19.34 43.89 10.38 4.32 24.29
307 19.13 44.99 9.62 3.88 23.50
308 19.49 35.82 10.25 4.67 25.36
309 19.45 39.15 9.04 4.09 22.79
310 19.32 54.35 9.28 4.17 24.83
311 19.79 59.41 8.33 4.09 25.72
312 19.54 66.26 6.78 4.18 22.92
313 19.19 77.54 5.25 6.17 19.42
314 19.26 31.34 12.73 3.36 23.45
315 19.36 49.85 8.26 4.41 24.82
316 19.59 52.48 9.45 4.18 27.06
317 19.39 55.72 9.83 4.14 26.25
318 19.42 19.04 9.32 3.26 18.79
319 19.62 32.60 10.46 3.82 25.16
320 19.58 15.74 8.81 3.31 19.81
321 19.61 24.45 7.78 4.13 23.74
322 19.69 78.67 6.94 5.80 22.14
323 20.09 62.26 8.87 3.99 23.88
324 19.72 76.85 6.38 6.32 20.32
325 19.62 23.52 8.83 4.67 26.33
326 19.90 30.50 10.21 4.60 21.31
327 19.86 37.29 9.86 4.29 24.64
328 20.03 64.33 8.20 4.79 23.16
329 19.95 67.80 6.84 4.69 23.53
330 19.97 71.99 7.32 5.84 22.27
331 19.88 16.87 9.25 3.42 22.64
332 20.21 27.25 9.43 4.24 21.58
333 20.21 28.93 9.98 4.32 24.00
334 20.19 18.31 8.69 4.03 20.69
335 20.19 46.53 9.97 4.09 27.28
336 20.13 23.59 9.20 4.02 21.51
337 20.05 42.12 9.73 3.89 28.82
338 20.10 50.16 9.95 4.05 27.21
339 20.06 57.08 8.65 4.15 24.74
340 20.37 75.81 6.52 20.52 21.33
341 20.04 44.28 8.95 4.40 27.64
342 20.15 55.07 9.67 4.26 25.59
343 20.54 15.53 8.19 3.42 19.28
344 20.36 74.21 6.62 16.42 22.79
345 20.58 33.40 11.09 5.09 24.47
346 20.31 35.57 9.96 4.17 25.46
347 20.45 38.34 10.83 4.48 28.43
348 20.68 48.58 9.23 4.57 29.25
349 20.30 79.00 5.90 11.05 21.35
350 20.78 25.63 9.95 3.83 21.67
351 20.66 34.61 11.42 4.26 26.58
352 20.62 13.65 8.50 2.92 17.17
353 20.94 21.75 9.52 4.27 20.92
354 21.27 69.18 7.57 7.81 22.44
355 21.05 67.60 8.04 7.25 23.75
356 20.74 44.55 9.64 4.76 26.60
357 21.15 42.97 9.55 5.39 25.37
358 21.34 30.64 9.95 3.39 23.30
359 20.94 64.22 7.76 4.94 21.80
360 21.01 24.03 9.22 4.63 23.15
361 20.84 29.29 9.78 4.67 25.56
362 20.98 19.58 9.45 3.51 19.32
363 21.06 31.72 9.35 4.97 25.26
364 21.72 73.38 6.98 90.27 20.32
365 21.41 27.09 8.86 3.96 24.22
366 21.27 37.66 9.94 4.44 26.91
367 21.49 45.12 9.77 4.04 26.09
368 21.73 55.10 9.51 5.61 24.80
369 21.24 62.49 8.15 4.63 23.74
370 21.32 50.43 8.76 4.60 27.24
371 21.34 13.53 9.24 3.17 20.76
372 21.45 35.93 9.08 5.02 25.38
373 21.96 77.12 6.29 121.55 19.32
374 21.72 47.04 9.72 4.93 26.49
375 21.74 28.98 9.42 4.30 22.26
376 21.73 60.17 8.29 6.83 23.51
377 21.47 56.73 9.71 5.12 24.06
378 21.77 66.16 8.77 8.38 23.24
379 21.54 14.64 9.14 3.57 23.33
380 21.53 48.21 8.84 4.21 28.00
381 21.61 16.28 9.35 3.88 20.80
382 21.94 57.68 8.03 6.33 25.73
383 21.54 22.97 10.00 4.88 22.00
384 22.03 32.76 10.18 4.39 25.68
385 21.70 40.44 9.24 4.33 24.60
386 21.85 63.11 7.89 6.41 24.00
387 21.72 25.48 8.50 4.69 22.31
388 22.04 41.90 9.46 4.77 23.00
389 22.08 52.99 9.39 4.72 25.20
390 21.84 58.85 8.07 5.79 23.43
391 22.05 37.73 9.48 4.94 24.39
392 22.19 13.86 8.32 3.68 20.35
393 22.16 39.50 10.38 3.44 24.06
394 22.86 24.23 9.47 4.52 21.55
395 22.30 15.41 10.18 3.71 20.71
396 22.47 22.03 8.99 4.18 22.21
397 22.80 80.13 6.25 136.35 19.24
398 22.39 49.27 9.23 4.60 24.83
399 22.52 19.25 8.37 4.25 21.91
400 22.47 43.19 8.14 4.32 24.09
401 22.46 62.17 9.91 8.18 25.64
402 22.68 16.73 9.60 3.79 18.11
403 22.91 44.67 9.45 4.81 25.36
404 22.74 60.87 9.52 7.27 23.84
405 22.67 30.28 9.85 4.72 22.10
406 22.69 50.80 9.49 5.31 24.00
407 22.72 12.86 8.66 4.24 19.17
408 22.81 57.26 8.90 6.00 26.68
409 22.74 59.47 8.28 7.94 24.44
410 22.99 65.46 7.74 57.95 22.48
411 22.98 39.05 9.38 4.84 25.33
412 23.04 70.17 7.54 143.59 22.06
413 22.93 31.56 9.38 4.31 25.00
414 22.94 55.32 8.98 7.08 27.11
415 23.54 14.14 8.33 4.39 20.11
416 22.92 52.09 9.22 5.22 25.94
417 23.29 26.73 9.50 4.41 22.34
418 23.10 37.66 9.14 4.43 28.10
419 23.17 62.50 7.94 25.40 22.36
420 23.10 17.97 8.16 4.32 20.00
421 23.38 58.80 9.09 13.03 24.03
422 23.40 73.92 7.16 131.88 19.46
423 23.51 41.68 9.69 4.97 25.21
424 23.19 19.58 8.33 5.58 20.33
425 23.52 82.85 6.44 78.51 18.60
426 23.35 28.69 10.15 4.65 22.85
427 23.82 77.05 6.55 121.80 19.14
428 23.83 48.49 9.82 7.13 25.48
429 23.41 52.65 10.79 6.07 25.79
430 24.02 67.39 7.94 160.78 20.83
431 23.66 16.59 9.50 4.86 17.67
432 23.83 32.46 9.83 5.04 24.84
433 23.64 57.19 8.00 11.62 26.78
434 23.70 18.50 8.36 4.33 20.91
435 23.96 55.28 9.51 8.42 28.30
436 23.64 43.66 9.95 5.24 24.29
437 23.56 38.04 9.60 6.00 23.20
438 23.84 12.18 9.08 4.31 18.00
439 23.89 30.49 8.95 5.71 24.95
440 23.79 37.34 8.79 5.14 23.43
441 23.94 50.01 9.68 6.35 24.43
442 24.25 63.77 8.43 168.24 23.34
443 24.06 20.48 9.80 5.88 20.73
444 23.96 51.84 8.69 7.31 26.88
445 23.78 19.49 9.25 5.25 25.00
446 24.02 23.21 8.57 4.54 20.64
447 23.90 29.15 9.00 5.55 22.09
448 24.31 35.80 9.93 6.11 25.11
449 24.49 80.45 6.65 73.91 19.53
450 24.25 17.49 7.54 6.14 19.43
451 24.25 34.08 8.65 6.00 27.07
452 24.50 60.63 8.62 142.25 23.40
453 24.19 45.97 9.73 5.00 27.27
454 24.51 70.29 8.36 151.76 21.26
455 24.46 45.01 9.30 6.59 23.84
456 24.59 43.51 9.58 6.40 24.87
457 24.30 37.12 10.70 5.60 25.40
458 24.56 38.14 9.25 5.62 23.18
459 24.39 19.29 9.82 5.77 22.23
460 24.40 39.15 9.67 5.08 23.50
461 24.58 57.56 9.27 42.80 23.29
462 24.79 73.15 7.89 119.94 21.31
463 24.78 50.54 9.25 10.02 25.45
464 24.67 40.17 8.64 7.46 24.82
465 24.71 32.01 9.80 6.82 23.68
466 24.81 46.55 9.24 6.70 24.97
467 24.86 26.81 9.93 5.17 24.35
468 24.82 22.90 8.74 5.55 21.97
469 25.05 48.11 9.18 9.91 27.71
470 25.15 20.29 9.40 6.20 20.67
471 24.97 30.52 10.58 6.97 23.26
472 25.16 76.77 7.48 71.45 20.81
473 25.01 17.33 9.80 5.87 20.54
474 25.32 22.23 10.21 6.93 23.85
475 25.36 65.30 8.53 178.34 21.19
476 24.97 28.28 10.88 6.25 22.75
477 25.53 82.10 7.35 24.17 64.80
478 25.19 33.98 10.11 7.20 23.06
479 25.47 37.31 9.55 8.34 22.62
480 25.37 14.92 8.30 5.43 21.15
481 25.67 67.83 8.18 124.36 22.00
482 25.46 35.76 10.34 7.40 24.23
483 25.53 53.47 9.53 53.16 23.44
484 25.22 43.82 9.00 5.33 26.00
485 25.39 18.78 8.92 5.92 22.72
486 25.42 29.05 9.66 8.87 23.13
487 25.38 32.30 9.04 7.54 23.12
488 25.81 55.97 9.25 129.75 26.37
489 25.70 39.57 9.33 7.95 25.68
490 25.36 49.51 9.23 12.62 29.54
491 25.72 62.28 9.04 198.58 22.13
492 25.70 86.08 6.03 12.08 71.20
493 25.37 46.11 8.88 10.00 24.75
494 25.80 59.04 8.98 185.58 23.92
495 25.56 13.65 9.06 6.28 22.17
496 25.75 30.93 9.35 9.15 22.13
497 26.05 70.28 8.02 86.33 24.66
498 25.89 73.69 8.08 78.61 27.17
499 25.90 26.81 9.97 9.56 22.82
500 25.90 79.28 6.27 34.76 20.80
501 25.94 45.66 10.27 13.10 26.56
502 26.41 51.54 9.57 134.88 24.03
503 25.98 84.20 6.72 10.48 95.74
504 26.26 33.01 9.87 11.92 23.87
505 26.60 48.79 9.73 135.65 25.18
506 26.13 18.91 9.06 8.98 21.36
507 26.07 15.53 9.88 7.00 20.08
508 26.34 20.84 10.01 11.31 22.07
509 26.27 16.98 8.48 8.27 20.61
510 26.35 76.82 8.06 17.43 97.63
511 26.50 43.19 10.00 37.34 24.34
512 26.64 22.76 9.69 12.23 25.06
513 26.47 82.79 6.02 14.43 106.72
514 26.68 25.00 9.81 10.88 23.90
515 26.71 64.32 9.03 112.44 25.05
516 26.64 15.21 9.11 7.71 21.00
517 26.70 45.89 9.83 34.31 22.55
518 26.89 60.77 9.93 143.93 28.33
519 26.65 71.88 9.12 32.97 76.85
520 27.10 75.23 7.97 19.94 115.48
521 27.21 78.86 8.05 13.65 115.03
522 26.97 87.55 7.73 6.70 90.61
523 27.22 31.26 9.99 53.93 21.73
524 27.08 13.73 7.87 14.16 18.73
525 26.88 18.21 8.49 16.33 21.26
526 27.19 54.39 9.97 191.66 23.34
527 27.06 57.48 10.26 170.34 25.16
528 26.99 67.16 8.53 59.99 24.10
529 27.12 85.40 6.78 7.52 97.20
530 27.07 36.10 9.86 45.23 22.04
531 27.38 83.26 6.66 8.36 109.28
532 27.32 39.03 11.70 151.27 26.55
533 26.95 16.55 10.07 10.27 19.53
534 27.06 72.88 8.91 36.55 91.82
535 27.35 70.04 8.66 21.34 121.24
536 27.91 22.06 9.77 89.97 21.67
537 27.40 26.78 9.04 33.26 20.51
538 27.52 19.04 8.76 35.31 18.87
539 27.82 41.72 9.81 195.50 24.73
540 27.83 44.20 11.09 179.17 24.60
541 27.70 46.92 9.79 181.80 24.43
542 27.52 24.48 9.90 27.08 24.54
543 27.56 15.93 9.08 22.95 18.43
544 27.67 80.86 8.17 10.37 120.43
545 27.58 12.47 9.00 20.44 19.00
546 27.84 51.64 9.95 188.42 25.75
547 27.74 62.35 10.00 58.25 29.22
548 27.67 64.95 8.36 39.32 28.94
549 28.00 28.99 9.58 92.81 22.98
550 28.05 34.05 10.18 152.65 24.79
551 27.89 59.26 9.12 85.05 30.54
552 28.11 73.06 9.09 14.27 125.54
553 27.67 84.36 7.88 9.25 107.25
554 28.05 86.48 7.80 6.20 85.33
555 28.13 56.32 9.28 115.10 25.18
556 28.58 14.34 9.08 97.67 18.40
557 28.48 36.88 10.86 184.67 26.53
558 28.43 49.10 10.75 165.33 24.93
559 28.31 67.29 9.67 19.62 138.64
560 28.21 75.29 8.85 7.81 116.43
561 28.56 17.47 9.37 117.01 19.65
562 28.83 26.51 10.98 146.61 25.20
563 28.23 82.05 6.79 9.26 116.00
564 28.80 11.64 8.43 110.90 18.35
565 28.36 84.40 6.77 5.39 81.00
566 28.33 76.86 8.94 8.91 114.39
567 28.57 53.66 10.09 105.70 26.42
568 28.53 64.33 10.00 17.98 117.31
569 28.46 71.86 9.14 15.68 119.34
570 28.90 60.92 9.73 28.07 141.04
571 28.46 80.69 7.04 10.19 115.15
572 28.87 31.63 11.08 147.65 21.99
573 28.86 39.85 10.12 182.87 26.60
574 28.88 58.46 9.76 32.83 148.46
575 29.26 79.03 8.29 7.12 119.49
576 29.03 63.32 9.46 22.64 141.09
577 28.97 45.84 10.47 142.90 27.50
578 28.90 66.08 10.31 24.18 142.05
579 28.97 69.92 8.74 9.95 143.21
580 29.26 23.80 10.88 167.04 24.13
581 29.03 75.27 9.48 9.87 118.82
582 28.86 80.11 8.08 5.50 107.08
583 29.23 20.25 10.26 153.86 22.04
584 29.19 51.07 10.31 75.60 27.19
585 29.22 77.47 8.78 8.83 129.63
586 29.29 82.95 8.78 6.57 77.74
587 29.38 87.39 7.13 11.14 52.19
588 29.43 42.82 10.64 121.64 26.75
589 29.24 55.42 11.30 78.58 32.36
590 29.46 29.16 10.75 150.94 24.64
591 29.34 81.81 7.89 7.34 90.20
592 29.19 88.85 6.62 6.92 49.25
593 29.20 67.66 10.92 13.17 157.42
594 29.74 34.59 10.68 167.61 24.56
595 29.57 48.02 11.85 89.97 26.16
596 29.93 72.91 8.85 8.09 109.79
597 29.73 84.30 7.70 9.16 57.70
598 29.68 86.00 7.69 9.47 59.18
599 29.61 89.92 7.48 12.30 30.23
600 29.80 37.52 10.30 120.00 27.05
601 29.85 53.41 10.65 24.85 132.30
602 29.65 70.57 8.60 10.04 123.96
603 29.71 67.12 9.63 9.88 150.98
604 30.14 15.81 9.26 130.12 19.41
605 29.96 81.31 9.26 7.81 64.20
606 30.15 65.09 9.92 12.30 148.92
607 29.97 62.29 10.78 13.84 158.65
608 30.27 76.54 9.06 8.08 105.77
609 30.14 40.31 11.14 80.78 27.99
610 30.10 45.04 11.77 67.66 28.62
611 30.15 49.83 10.93 31.29 105.33
612 30.16 68.61 10.02 9.04 146.84
613 30.30 31.50 10.69 110.24 24.91
614 30.12 59.68 10.26 11.04 159.83
615 30.21 12.31 9.28 112.32 19.57
616 30.35 56.51 10.20 22.97 150.17
617 30.36 18.72 10.22 124.48 21.95
618 30.45 24.99 10.51 115.62 23.77
619 30.64 21.76 9.91 100.18 22.94
620 30.67 28.22 11.59 100.89 26.02
621 30.80 47.20 11.42 33.63 140.42
622 31.08 89.23 8.06 55.72 19.94
623 30.65 87.21 7.31 36.52 21.88
624 30.60 80.21 7.55 10.79 40.62
625 30.77 8.98 8.88 74.93 19.23
626 30.68 59.06 9.35 13.52 162.28
627 30.78 42.39 11.31 56.33 31.30
628 30.63 62.52 11.35 14.02 157.60
629 30.83 70.43 10.45 7.92 108.14
630 30.71 82.80 9.08 30.61 25.83
631 30.77 84.60 8.35 33.02 26.93
632 30.81 36.69 11.38 65.70 30.42
633 30.91 34.01 11.24 76.96 27.38
634 31.38 49.81 11.06 17.33 139.06
635 30.98 75.25 9.58 8.17 69.19
636 31.32 39.54 11.96 41.37 125.33
637 31.09 79.13 8.72 12.62 39.70
638 31.52 67.49 9.93 7.96 125.05
639 31.50 11.28 9.52 94.49 30.31
640 31.70 61.03 11.07 9.55 129.88
641 31.37 73.01 10.96 11.56 49.60
642 31.70 54.92 11.09 12.78 134.21
643 31.47 52.28 11.02 19.50 153.17
644 31.40 17.02 10.62 75.97 25.44
645 31.46 14.14 9.67 90.17 22.25
646 31.74 81.89 9.80 69.60 21.61
647 31.43 30.95 10.77 55.91 29.75
648 31.67 25.79 11.14 64.27 27.72
649 31.77 58.09 11.50 10.29 149.12
650 31.70 69.68 10.73 9.16 72.42
651 31.67 19.73 11.31 64.90 24.44
652 31.48 77.63 9.36 23.00 39.50
653 31.93 35.81 11.85 37.60 138.04
654 32.13 85.27 9.74 100.59 21.90
655 31.79 21.95 11.22 57.53 28.27
656 31.84 28.59 11.84 60.45 35.00
657 32.06 32.95 11.74 37.85 133.47
658 31.89 76.32 10.01 34.24 34.85
659 31.95 37.52 12.43 31.62 140.14
660 31.95 64.67 12.11 7.60 111.45
661 32.01 44.82 11.37 22.41 150.18
662 32.38 41.87 12.51 22.34 151.18
663 32.31 47.36 12.45 14.97 159.78
664 32.30 9.33 9.47 41.36 36.40
665 32.70 23.71 11.20 31.18 113.70
666 32.50 30.26 12.13 23.92 146.80
667 32.48 72.78 11.74 48.40 27.84
668 32.75 89.54 10.04 81.00 18.58
669 32.36 49.88 12.02 12.20 139.70
670 32.43 14.32 10.77 36.94 94.21
671 32.80 62.91 11.68 10.70 67.61
672 32.74 52.71 11.78 10.31 135.95
673 32.67 66.64 11.66 12.27 54.76
674 32.83 17.85 10.90 31.66 99.75
675 33.11 78.83 11.47 123.55 23.23
676 32.86 39.80 12.24 16.64 142.13
677 33.00 20.95 11.90 25.49 114.66
678 32.91 11.72 10.31 37.28 83.45
679 32.87 26.86 12.05 22.00 124.18
680 32.85 69.87 11.98 17.17 30.57
681 32.99 56.49 11.77 9.81 102.46
682 33.12 75.53 12.52 122.39 24.92
683 33.11 59.00 12.13 9.32 87.86
684 33.14 7.46 9.49 21.79 68.63
685 33.23 34.64 12.95 16.66 146.90
686 33.16 45.24 13.08 11.92 141.92
687 33.52 15.35 10.92 24.92 122.82
688 33.16 49.69 13.30 11.22 132.35
689 33.41 81.98 11.65 102.06 20.66
690 33.31 31.71 14.33 15.61 157.10
691 33.77 37.09 12.87 13.97 129.99
692 33.51 83.97 11.25 101.35 19.90
693 33.56 13.56 11.14 18.33 105.72
694 33.62 64.23 12.37 36.57 35.46
695 33.85 72.44 12.23 131.98 24.68
696 33.83 86.37 12.29 76.56 21.63
697 33.71 10.02 9.66 19.03 102.02
698 34.01 42.04 13.41 11.81 135.34
699 33.78 67.47 11.71 111.56 27.83
700 33.74 61.30 12.42 16.37 54.25
701 33.95 55.20 13.18 13.15 78.34
702 33.85 49.24 12.08 9.78 101.66
703 34.08 51.48 13.26 11.57 87.41
704 33.85 12.28 10.17 21.35 95.52
705 34.15 23.81 12.17 14.36 134.67
706 33.93 29.15 13.13 13.04 136.44
707 34.39 69.93 14.50 157.83 24.46
708 34.13 7.06 10.47 14.72 91.36
709 34.47 39.27 13.06 11.79 112.91
710 34.26 89.76 14.47 49.52 21.04
711 34.14 16.49 11.70 18.05 123.41
712 34.01 31.87 12.87 14.13 140.66
713 34.01 18.48 11.45 13.47 130.45
714 34.14 57.89 13.18 22.60 46.74
715 34.40 44.37 14.26 14.40 93.56
716 34.56 47.49 13.88 14.76 71.96
717 34.54 76.09 13.15 142.75 21.19
718 34.61 79.61 14.60 110.62 22.44
719 34.76 65.28 13.56 163.14 26.18
720 34.45 20.42 11.61 12.94 131.57
721 34.76 35.04 12.94 11.39 114.85
722 34.93 62.66 15.66 122.79 28.33
723 34.89 26.26 12.38 12.36 127.30
724 34.86 60.03 14.45 112.75 26.57
725 34.51 29.62 12.64 14.09 141.91
726 34.76 83.18 15.95 71.48 22.73
727 34.84 10.90 11.32 12.97 101.16
728 34.70 18.23 11.42 15.18 130.60
729 34.80 30.71 14.00 11.55 140.82
730 34.81 21.71 11.93 14.28 126.52
731 35.16 8.16 9.95 11.12 89.68
732 35.26 14.10 11.46 11.76 113.18
733 34.97 52.68 14.64 27.30 45.25
734 34.97 55.53 14.39 86.44 29.80
735 35.38 32.04 13.30 11.49 103.45
736 35.44 67.52 15.45 154.59 24.35
737 35.30 73.37 15.84 131.40 21.02
738 35.37 86.31 18.27 39.56 23.90
739 35.65 28.80 13.58 11.94 103.17
740 35.41 36.85 14.22 17.74 63.35
741 35.61 58.36 17.02 153.59 28.95
742 35.30 90.94 18.54 17.64 71.02
743 35.34 23.04 11.73 12.39 109.39
744 35.45 20.86 12.65 11.93 103.84
745 35.78 70.67 17.26 128.86 23.96
746 35.46 11.34 9.90 11.50 103.87
747 35.74 16.97 12.00 13.06 95.93
748 35.56 39.79 14.42 20.45 41.47
749 35.81 45.00 16.16 102.18 31.79
750 35.89 89.74 24.92 21.72 81.18
751 36.03 47.88 17.00 125.76 31.84
752 35.96 76.63 23.47 69.38 22.87
753 35.94 80.10 19.18 76.26 23.18
754 35.89 34.05 15.48 17.55 46.50
755 36.05 53.40 16.89 166.34 28.13
756 36.07 83.97 28.55 53.96 27.98
757 36.30 12.56 11.32 12.34 78.92
758 36.41 50.46 18.08 150.83 33.92
759 36.21 56.23 16.85 189.73 25.68
760 36.11 64.15 17.22 147.91 24.81
761 36.66 8.09 10.38 9.26 61.71
762 36.34 25.83 14.10 18.63 78.33
763 36.28 61.20 19.09 132.24 26.29
764 36.29 10.64 11.86 10.26 86.88
765 36.39 38.17 17.28 103.24 30.19
766 36.15 18.34 10.41 13.21 78.59
767 36.18 23.05 13.35 15.69 79.49
768 36.74 40.52 17.28 129.59 31.15
769 36.54 68.42 21.68 92.60 24.97
770 36.44 73.69 23.48 72.44 24.19
771 36.64 21.01 15.07 20.51 56.12
772 36.84 87.17 41.86 19.07 108.49
773 36.69 15.26 11.94 16.40 49.05
774 36.57 31.03 13.81 20.06 54.69
775 36.91 35.78 18.10 119.71 30.35
776 37.06 42.91 18.48 158.41 29.78
777 36.57 92.79 28.83 15.26 91.87
778 36.99 65.80 22.03 139.12 27.20
779 36.87 28.50 15.49 25.21 50.89
780 37.08 6.64 9.68 10.43 39.51
781 36.69 90.50 27.14 11.90 92.19
782 36.97 78.57 35.04 54.12 27.44
783 37.14 33.38 17.06 107.91 33.58
784 37.11 58.32 21.62 135.98 27.36
785 37.04 70.65 32.21 60.68 27.70
786 37.20 45.52 20.79 150.01 28.32
787 36.99 85.45 42.13 20.13 102.56
788 37.20 81.51 40.31 26.70 99.12
789 37.22 83.38 37.19 23.42 106.66
790 37.35 52.22 21.36 146.14 27.59
791 37.24 23.72 15.13 69.61 28.21
792 37.28 54.94 20.07 141.33 26.44
793 37.44 63.23 23.92 102.36 29.53
794 37.48 75.93 42.14 55.82 42.44
795 37.16 92.59 26.54 7.82 87.82
796 37.65 48.13 19.82 158.54 28.03
797 37.52 60.63 27.25 112.57 26.37
798 37.57 73.21 44.88 44.21 102.87
799 37.46 91.24 42.06 10.91 104.92
800 37.39 26.57 15.27 80.33 31.09
801 37.85 31.46 17.51 116.89 27.52
802 37.50 89.38 38.91 10.51 100.34
803 37.70 15.97 13.84 58.05 25.87
804 37.86 67.55 39.96 46.17 98.48
805 37.83 21.35 15.09 110.92 26.14
806 37.89 37.89 22.12 124.63 28.91
807 38.19 85.51 45.91 11.21 120.78
808 38.13 18.36 14.73 89.15 25.76
809 38.13 78.33 56.77 21.00 118.88
810 37.98 9.40 11.72 37.31 23.33
811 38.30 13.05 13.69 72.57 21.89
812 38.11 28.40 17.30 123.73 28.10
813 38.17 56.45 28.72 113.90 28.59
814 38.26 88.32 50.42 11.38 121.65
815 37.95 92.73 35.03 8.17 91.67
816 38.32 24.72 17.48 133.94 27.82
817 38.30 40.53 21.72 152.68 30.02
818 37.91 84.21 49.41 13.29 127.88
819 38.45 50.52 25.09 119.62 28.49
820 38.02 94.64 28.94 6.33 70.78
821 38.34 65.58 34.92 80.28 29.32
822 38.44 70.33 54.94 33.63 135.44
823 38.40 34.80 20.73 157.30 27.94
824 38.43 53.47 30.28 94.44 29.17
825 38.52 58.55 39.51 87.19 32.33
826 38.55 45.22 26.39 118.68 28.20
827 38.63 81.57 56.37 12.09 135.45
828 38.85 10.47 12.92 84.42 22.54
829 38.82 42.72 25.26 101.84 29.58
830 38.57 61.12 42.08 74.02 29.91
831 38.60 63.42 41.42 73.31 62.89
832 38.47 83.76 60.83 12.69 123.90
833 38.58 74.56 50.57 16.06 133.75
834 38.95 94.22 38.70 5.63 77.76
835 39.06 47.73 32.80 109.93 34.80
836 39.08 30.15 21.53 149.65 26.17
837 39.29 7.93 13.42 77.14 18.12
838 39.00 20.76 19.45 127.59 23.32
839 39.33 27.05 21.58 122.69 26.67
840 39.11 37.57 26.61 102.05 29.26
841 39.39 32.52 27.27 115.05 29.68
842 38.98 67.97 51.00 22.87 147.73
843 39.30 80.47 65.84 16.48 126.83
844 39.35 91.79 52.91 7.57 92.76
845 39.56 22.95 21.92 116.78 24.69
846 39.36 59.49 59.37 40.52 156.91
847 39.51 65.70 41.25 17.22 142.54
848 39.28 73.37 66.82 20.39 155.76
849 39.32 15.51 17.96 107.29 22.40
850 39.46 52.68 44.55 74.91 32.02
851 39.52 54.73 37.00 53.59 117.96
852 39.59 84.24 70.51 9.06 122.50
853 39.56 19.48 20.20 124.27 23.44
854 39.77 88.60 61.90 7.90 100.68
855 39.75 34.70 28.78 109.48 28.33
856 39.73 62.37 57.80 28.66 148.46
857 40.00 57.38 65.69 34.52 166.58
858 39.65 70.47 79.52 18.61 164.92
859 39.80 41.31 36.87 85.08 50.94
860 39.72 49.94 39.05 90.83 36.02
861 39.87 13.05 18.52 114.50 24.39
862 39.64 67.97 67.27 25.79 148.35
863 39.78 71.98 68.76 14.84 157.55
864 39.77 44.39 44.97 76.29 36.41
865 39.82 60.28 66.49 38.14 163.54
866 39.84 18.17 20.48 116.24 20.91
867 40.07 38.99 40.40 104.14 38.45
868 40.17 25.30 25.23 109.76 26.18
869 40.02 64.48 56.17 19.75 153.48
870 39.90 77.24 53.51 9.37 114.21
871 40.31 10.54 16.63 88.59 35.25
872 40.13 46.93 37.72 51.02 114.08
873 40.27 73.72 94.67 12.62 137.08
874 40.26 36.66 45.48 85.42 39.03
875 40.37 15.00 23.87 105.96 25.56
876 40.27 29.79 34.05 108.98 28.36
877 40.57 52.10 72.40 37.16 145.61
878 40.54 54.73 75.08 40.67 149.85
879 40.59 81.28 81.74 9.46 108.59
880 40.54 93.90 49.92 13.56 31.92
881 40.54 68.83 84.59 14.48 152.84
882 40.50 21.23 25.49 100.07 29.38
883 40.47 86.37 66.18 9.76 91.82
884 41.02 42.66 61.64 40.80 150.20
885 40.73 77.79 93.91 9.94 98.77
886 40.71 32.25 48.52 88.14 35.35
887 40.57 60.72 74.53 14.17 156.64
888 40.95 66.21 94.77 12.45 152.28
889 40.84 8.22 17.71 78.48 30.22
890 40.76 19.73 29.78 100.14 29.91
891 40.87 85.29 78.05 10.51 92.14
892 40.80 17.53 31.89 91.93 30.80
893 41.08 45.07 73.10 42.39 153.91
894 40.98 71.48 103.96 10.30 141.54
895 40.79 89.92 67.77 17.77 30.05
896 40.88 27.20 35.03 83.23 34.85
897 41.14 49.43 78.76 34.14 154.51
898 40.89 23.14 33.28 104.14 34.99
899 41.04 33.99 44.84 46.39 138.92
900 41.21 39.93 65.78 40.19 158.30
901 40.89 47.52 45.29 55.84 143.39
902 41.17 62.58 95.42 15.00 159.72
903 40.89 87.35 72.14 14.93 67.29
904 41.26 35.19 57.30 55.02 141.86
905 41.53 37.33 63.38 49.10 161.83
906 41.38 74.46 105.54 12.15 88.26
907 41.45 57.33 99.28 17.95 175.06
908 41.35 29.30 51.89 65.34 122.31
909 41.48 25.34 48.56 56.92 115.03
910 41.55 30.54 54.57 62.80 123.89
911 41.83 15.58 44.51 57.00 110.69
912 41.77 82.05 102.57 17.00 38.91
913 41.79 93.31 64.91 70.58 22.59
914 41.80 79.85 98.74 13.72 40.84
915 41.56 87.98 87.03 31.43 26.38
916 41.82 10.51 27.71 71.56 75.54
917 42.00 21.49 50.15 61.00 129.93
918 42.07 46.84 98.57 21.13 158.21
919 41.76 68.15 97.39 13.23 118.39
920 41.71 52.00 91.68 21.63 156.03
921 41.81 84.01 79.51 17.39 37.14
922 41.76 12.46 33.30 61.59 92.24
923 41.87 24.11 52.47 55.63 126.24
924 41.77 60.30 112.32 12.19 148.43
925 41.91 18.61 48.89 68.29 127.33
926 41.86 32.39 61.38 31.06 148.02
927 42.10 77.27 107.70 23.80 50.83
928 42.12 86.15 91.91 38.50 27.52
929 41.92 7.84 25.48 66.34 59.16
930 42.14 27.24 62.69 46.70 133.96
931 42.17 55.21 103.22 17.14 160.39
932 42.42 90.07 91.68 80.61 24.28
933 42.10 64.23 104.60 13.58 139.05
934 42.34 71.63 120.94 36.64 37.47
935 42.13 52.69 100.48 20.36 154.92
936 42.21 59.47 95.76 12.97 146.24
937 42.41 41.00 89.97 20.03 151.68
938 42.56 44.07 99.52 15.90 157.96
939 42.55 13.50 59.53 45.50 108.63
940 42.64 66.12 124.70 23.91 49.58
941 42.47 50.14 111.50 19.17 162.31
942 42.52 48.67 89.36 17.26 151.60
943 42.59 61.87 122.03 14.26 83.58
944 42.67 74.27 127.20 100.96 34.11
945 42.55 32.27 61.89 30.30 157.17
946 43.03 9.18 42.59 38.97 105.29
947 42.78 34.95 88.24 26.29 154.15
948 42.92 38.11 94.74 17.23 155.17
949 42.81 7.59 34.43 38.22 101.51
950 42.86 58.34 118.41 15.12 118.63
951 42.75 68.59 118.46 47.85 34.00
952 42.67 26.16 67.33 22.42 143.50
953 42.97 53.02 130.56 16.03 144.11
954 42.90 11.19 57.57 33.51 112.76
955 42.98 24.20 71.92 32.20 134.42
956 43.10 82.90 95.48 84.34 26.71
957 43.13 19.66 73.94 27.70 135.62
958 43.18 79.22 108.22 64.44 29.06
959 42.96 29.30 69.42 25.69 152.27
960 43.30 93.90 57.86 97.63 20.40
961 43.27 63.70 134.60 38.01 34.79
962 43.11 22.19 68.06 26.88 131.19
963 43.27 25.59 81.60 21.93 131.77
964 43.40 55.98 134.75 19.09 99.03
965 43.49 86.57 80.83 130.20 25.58
966 43.36 47.04 118.55 14.76 122.44
967 43.63 33.19 101.19 15.58 138.65
968 43.52 70.34 133.19 109.58 32.82
969 43.58 75.97 118.99 135.48 29.61
970 43.54 41.24 124.35 16.84 125.91
971 43.68 27.75 98.41 17.87 141.36
972 43.63 50.50 135.98 17.67 125.54
973 43.69 61.11 138.84 92.02 36.23
974 43.66 13.72 71.17 23.07 125.62
975 43.92 72.62 131.65 165.11 31.39
976 43.85 90.81 83.57 118.70 24.77
977 43.88 36.06 116.70 17.07 128.03
978 43.90 43.78 136.81 20.61 78.09
979 43.90 67.47 124.92 166.45 31.95
980 43.69 11.39 59.21 25.98 112.19
981 43.99 17.79 77.23 15.47 138.14
982 44.07 22.59 87.81 14.76 130.47
983 44.13 58.82 135.79 83.59 37.60
984 44.23 65.11 154.19 168.55 33.71
985 44.13 53.45 152.10 46.49 43.55
986 44.27 81.25 111.50 135.12 29.15
987 44.04 16.02 71.19 14.71 127.86
988 44.25 38.87 148.64 19.37 64.11
989 44.37 7.25 48.56 12.42 106.92
990 44.36 20.07 94.74 14.39 136.15
991 44.49 25.30 97.58 14.43 127.48
992 44.47 45.89 143.57 66.92 40.24
993 44.41 9.46 67.08 13.24 103.01
994 44.58 48.51 147.79 41.65 40.97
995 44.62 77.91 114.05 170.22 29.58
996 44.56 56.23 154.30 117.56 34.72
997 44.72 62.85 157.85 191.37 34.36
998 44.61 11.57 84.26 14.82 109.44
999 44.74 41.39 146.85 53.22 43.10
1000 44.73 69.73 140.10 197.92 30.28
1001 44.86 84.26 104.34 102.09 25.87
1002 44.79 74.85 123.86 131.87 27.99
1003 44.84 14.83 92.58 12.68 109.63
1004 44.78 28.93 130.61 18.67 87.13
1005 44.94 51.26 167.06 107.50 39.82
1006 44.91 87.25 85.13 133.87 25.28
1007 44.96 34.22 141.72 23.28 58.19
1008 45.01 31.66 142.81 19.03 64.66
1009 45.08 36.73 148.18 51.43 46.30
1010 44.98 91.83 69.66 74.69 26.39
1011 45.14 60.66 147.52 194.16 35.33
1012 45.08 17.23 112.68 13.77 87.65
1013 45.24 67.05 133.19 193.75 30.91
1014 45.30 43.72 161.45 149.71 36.61
1015 45.36 71.88 137.38 186.53 29.85
1016 45.20 22.19 113.14 19.05 84.97
1017 45.19 89.18 88.87 108.62 23.91
1018 45.43 54.16 157.99 180.84 35.66
1019 45.69 24.37 135.67 39.61 50.13
1020 45.56 27.18 139.27 26.02 50.87
1021 45.57 39.26 168.83 126.54 35.89
1022 45.49 57.83 155.61 200.26 32.70
1023 45.49 7.86 88.21 15.09 65.64
1024 45.58 19.70 119.37 27.50 57.44
1025 45.71 64.56 138.84 180.47 30.01
1026 45.53 80.48 122.54 112.74 27.28
1027 45.54 4.59 44.45 12.38 79.66
1028 45.69 6.17 70.21 13.92 78.21
1029 45.58 10.78 101.61 20.22 64.74
1030 45.69 46.43 169.47 148.81 37.20
1031 45.88 13.10 119.28 26.36 48.47
1032 45.97 49.16 159.37 201.37 36.83
1033 45.93 74.07 137.97 129.72 29.96
1034 46.01 77.16 121.30 123.16 27.77
1035 46.09 29.65 155.07 66.75 37.06
1036 46.08 69.35 140.79 181.07 31.92
1037 45.81 95.08 67.58 30.42 85.11
1038 46.06 15.62 124.37 34.96 36.24
1039 46.17 90.20 95.20 37.27 41.89
1040 46.19 93.85 81.24 31.29 62.67
1041 46.17 32.40 155.58 81.92 32.40
1042 46.22 41.46 160.90 201.23 37.13
1043 46.25 34.81 162.01 143.16 34.43
1044 46.42 62.51 140.27 126.99 34.13
1045 46.26 83.10 109.80 48.98 29.29
1046 46.13 85.89 117.32 72.20 25.89
1047 46.21 51.88 161.29 200.40 36.68
1048 46.24 22.03 137.14 90.12 39.91
1049 46.30 37.26 174.79 138.18 34.66
1050 46.43 60.37 149.90 170.43 33.12
1051 46.20 17.55 126.07 45.11 38.11
1052 46.30 87.89 106.03 50.52 29.35
1053 46.52 55.55 157.31 215.53 34.83
1054 46.50 66.80 144.30 166.62 39.73
1055 46.45 9.20 107.71 26.47 31.13
1056 46.35 91.92 83.56 30.65 44.06
1057 46.58 44.09 167.32 211.35 34.15
1058 46.37 4.64 55.18 16.68 32.68
1059 46.74 58.01 166.82 183.58 35.12
1060 46.75 71.79 136.94 137.74 35.62
1061 46.84 79.57 127.76 40.37 33.25
1062 46.87 6.77 91.26 35.73 23.45
1063 46.74 26.82 150.26 104.53 33.48
1064 46.86 11.69 127.95 68.19 27.12
1065 46.86 19.21 138.76 137.22 30.66
1066 46.89 47.06 171.68 215.59 36.76
1067 46.97 74.96 148.84 64.73 37.70
1068 47.05 39.19 173.68 194.70 37.87
1069 47.07 64.47 161.23 100.50 43.39
1070 47.06 24.21 140.38 140.96 32.46
1071 47.06 14.27 141.14 108.40 28.67
1072 47.24 53.38 163.96 164.97 39.89
1073 47.23 30.96 155.52 162.97 33.58
1074 47.31 50.15 175.76 146.28 40.90
1075 47.30 4.65 65.05 36.11 21.36
1076 47.30 69.06 163.81 86.11 60.27
1077 47.20 95.45 65.43 11.89 92.06
1078 47.41 17.20 139.23 156.50 30.83
1079 47.43 33.56 171.90 164.66 38.26
1080 47.40 36.16 176.92 168.39 33.65
1081 47.46 77.23 122.00 31.84 137.15
1082 47.57 81.92 112.60 23.58 123.75
1083 47.39 91.48 91.41 13.00 119.03
1084 47.25 93.51 83.33 12.33 100.51
1085 47.56 85.39 118.40 19.16 125.96
1086 47.52 89.32 77.81 13.39 123.73
1087 47.55 28.35 163.40 164.67 32.72
1088 47.55 42.05 164.97 188.64 38.01
1089 47.38 87.86 102.57 20.94 128.26
1090 47.67 9.57 120.21 123.18 25.81
1091 47.67 59.53 166.45 100.14 40.95
1092 47.75 21.50 137.55 159.35 31.89
1093 47.76 45.22 176.76 148.23 38.70
1094 47.68 66.59 153.19 66.80 148.25
1095 47.87 56.60 167.28 126.08 41.51
1096 47.98 61.82 158.57 59.42 97.89
1097 47.96 70.85 154.01 52.58 155.20
1098 48.54 98.18 31.43 3.94 69.15
1099 48.01 73.55 130.91 32.32 153.79
1100 48.11 12.68 134.78 135.03 26.69
1101 48.08 25.70 153.15 171.90 33.77
1102 48.03 48.17 183.42 132.63 48.35
1103 48.39 3.34 65.46 71.80 23.77
1104 48.20 40.08 188.76 123.13 42.22
1105 48.27 64.06 155.24 56.70 171.41
1106 48.12 92.92 89.08 10.38 118.99
1107 47.97 96.85 43.26 6.47 100.24
1108 48.17 6.25 103.72 92.63 22.33
1109 48.27 37.65 180.01 142.88 42.66
1110 48.30 51.60 175.73 86.18 118.61
1111 48.20 14.14 128.12 143.16 29.42
1112 48.37 30.00 174.47 95.53 33.21
1113 48.50 79.34 117.75 13.99 145.44
1114 48.44 18.28 146.69 162.53 44.90
1115 48.35 54.44 173.28 57.18 158.93
1116 48.56 11.29 131.30 120.28 33.72
1117 48.54 15.94 144.28 142.58 35.00
1118 48.59 32.28 176.69 113.18 42.33
1119 48.59 23.41 150.86 117.68 42.96
1120 48.62 34.75 170.49 64.84 84.92
1121 48.78 69.23 123.18 27.49 165.70
1122 48.66 43.66 176.98 76.63 101.15
1123 48.81 82.90 115.10 13.42 153.77
1124 48.70 94.42 95.23 9.45 116.40
1125 48.86 96.10 55.71 6.39 109.39
1126 48.89 27.68 164.31 80.23 46.26
1127 48.89 76.08 119.35 14.03 148.32
1128 48.63 87.00 74.74 7.39 133.42
1129 48.76 58.85 152.91 49.19 169.84
1130 48.85 66.62 148.36 25.29 163.68
1131 48.93 8.35 127.07 87.66 27.57
1132 49.00 46.46 172.46 45.17 153.18
1133 48.85 20.14 155.30 119.20 68.98
1134 49.18 49.34 150.91 42.68 157.63
1135 49.28 85.70 94.59 9.21 136.40
1136 49.11 88.42 76.22 7.35 116.21
1137 49.15 72.11 136.13 17.54 149.41
1138 49.33 56.06 162.93 30.05 169.93
1139 49.32 41.40 175.23 48.76 167.06
1140 49.45 62.58 153.73 20.12 171.26
1141 48.99 73.82 66.50 9.15 152.65
1142 49.47 38.88 186.11 35.44 158.74
1143 49.45 25.13 157.18 66.07 84.91
1144 49.34 5.65 99.03 53.62 50.62
1145 49.48 36.46 178.91 49.72 164.02
1146 49.52 53.07 167.68 25.60 157.79
1147 49.54 60.38 142.07 20.22 164.92
1148 49.39 90.76 69.21 7.41 112.59
1149 49.43 13.92 134.00 57.34 58.96
1150 49.45 78.07 70.74 8.15 140.41
1151 49.80 65.01 148.32 14.98 178.66
1152 49.41 74.70 80.08 11.00 137.87
1153 49.83 92.75 87.51 7.62 86.99
1154 49.88 10.09 143.92 51.52 63.97
1155 49.60 29.66 171.17 45.29 141.29
1156 49.76 80.36 106.68 10.29 146.79
1157 49.64 21.76 150.79 58.47 109.98
1158 49.60 3.42 61.16 29.09 51.72
1159 49.64 11.70 142.35 60.60 57.77
1160 49.71 16.78 136.75 43.99 80.34
1161 49.81 32.26 169.17 38.60 127.52
1162 49.96 44.37 167.40 28.06 169.05
1163 50.03 68.15 131.63 12.35 167.31
1164 50.01 19.29 152.18 33.75 105.30
1165 50.25 34.65 172.91 32.38 162.30
1166 50.01 95.84 66.41 9.78 85.22
1167 50.15 7.76 116.42 32.45 91.94
1168 50.30 47.01 167.80 21.42 159.24
1169 50.32 83.33 103.82 16.90 96.98
1170 50.21 70.83 133.61 14.06 134.70
1171 50.12 77.54 96.51 10.48 147.19
1172 50.29 58.05 151.97 17.08 160.40
1173 50.28 89.00 89.25 9.17 87.77
1174 50.49 51.93 143.72 15.81 159.57
1175 50.16 74.98 107.77 10.74 152.86
1176 50.36 27.32 164.96 32.10 134.76
1177 50.46 73.69 112.43 12.71 154.32
1178 50.52 49.40 164.24 19.33 164.22
1179 50.16 21.36 153.60 40.10 121.10
1180 50.60 42.45 170.82 20.76 161.27
1181 50.55 12.73 151.60 28.69 93.76
1182 50.71 55.21 153.18 17.08 156.23
1183 50.66 86.47 91.08 17.69 74.61
1184 50.61 14.52 149.21 27.74 113.60
1185 50.58 24.36 162.07 29.24 135.29
1186 50.68 39.76 157.27 20.54 164.82
1187 50.52 90.46 57.12 7.88 86.02
1188 50.69 30.16 170.96 19.93 136.25
1189 50.85 37.18 169.95 18.47 159.70
1190 50.60 5.78 91.47 16.86 98.03
1191 50.77 15.91 135.93 21.19 108.65
1192 50.95 60.59 135.49 13.93 161.86
1193 50.85 63.35 144.34 16.61 151.94
1194 50.92 18.26 148.69 21.17 100.94
1195 51.07 77.09 106.92 19.95 139.80
1196 50.86 96.13 45.92 30.97 28.48
1197 51.03 9.27 141.58 17.71 106.02
1198 50.88 20.61 167.97 23.76 105.76
1199 51.11 32.76 155.76 18.43 131.61
1200 51.08 67.07 127.84 16.26 115.38
1201 51.24 93.43 76.30 37.21 29.69
1202 51.22 4.81 55.91 11.17 90.41
1203 51.29 21.77 154.72 16.79 109.60
1204 51.28 69.45 129.63 26.28 63.33
1205 51.17 80.43 100.09 25.46 70.91
1206 51.21 7.22 114.60 16.60 98.40
1207 51.38 44.93 173.19 23.69 142.76
1208 51.48 72.17 116.40 61.00 53.80
1209 51.38 91.20 70.60 31.44 26.44
1210 51.59 26.10 156.93 16.26 110.32
1211 51.61 28.39 158.82 19.93 118.26
1212 51.54 57.72 137.26 21.33 119.35
1213 51.64 35.13 167.32 29.52 75.77
1214 51.60 47.80 151.31 22.28 138.26
1215 51.60 83.81 86.57 61.30 31.72
1216 51.66 53.39 148.58 26.51 80.77
1217 51.68 41.64 169.43 27.82 123.22
1218 51.75 23.70 156.20 14.66 88.01
1219 51.74 50.63 152.84 24.01 77.58
1220 51.84 74.58 111.86 65.54 47.38
1221 51.70 88.41 77.97 61.14 26.32
1222 51.89 19.24 138.97 16.98 62.67
1223 51.95 13.33 133.91 14.59 61.01
1224 51.89 30.72 151.22 21.04 72.63
1225 51.90 64.94 130.17 41.27 50.31
1226 51.93 38.90 168.37 27.82 86.49
1227 51.99 15.76 141.72 14.95 71.46
1228 52.13 8.84 126.02 12.78 67.70
1229 51.92 11.05 134.37 13.88 76.22
1230 52.15 62.53 137.50 42.03 48.97
1231 52.11 3.84 63.70 8.89 45.96
1232 52.19 67.31 113.48 108.46 36.58
1233 52.18 6.44 98.77 10.09 56.72
1234 52.48 55.16 142.10 85.78 45.95
1235 52.37 60.13 118.74 64.21 44.34
1236 52.28 77.46 95.77 117.39 36.88
1237 52.46 80.41 88.70 124.97 31.98
1238 52.48 32.74 152.87 36.54 44.05
1239 52.46 36.67 151.95 89.13 42.79
1240 52.46 70.12 105.72 151.41 35.26
1241 52.50 43.73 147.18 112.50 49.69
1242 52.47 92.66 53.54 93.83 22.96
1243 52.63 46.36 148.31 104.84 45.73
1244 52.74 85.56 75.30 128.18 27.07
1245 52.64 21.97 143.38 41.82 49.70
1246 52.66 90.43 55.71 98.11 24.29
1247 52.76 57.64 124.40 94.29 40.35
1248 52.85 72.75 95.87 171.66 33.88
1249 52.81 49.17 134.43 85.80 41.47
1250 52.80 52.04 126.41 105.86 41.13
1251 52.87 82.72 71.57 94.33 29.41
1252 52.79 27.39 151.88 41.82 39.11
1253 52.82 40.92 134.27 128.92 40.75
1254 52.92 24.68 143.14 37.02 44.29
1255 53.15 16.73 137.77 49.38 36.02
1256 53.03 11.29 117.30 24.66 33.51
1257 53.02 29.83 147.80 68.46 37.13
1258 53.14 5.34 80.80 19.57 26.08
1259 53.10 19.52 140.66 41.22 34.24
1260 53.27 34.18 140.57 129.40 33.67
1261 53.14 64.85 97.64 166.81 36.94
1262 53.26 75.32 90.47 162.48 30.76
1263 53.21 38.62 134.96 130.35 37.44
1264 53.23 8.14 105.80 29.64 28.28
1265 53.36 13.92 115.43 54.52 27.30
1266 53.45 61.82 99.30 173.00 32.55
1267 53.33 67.93 86.44 175.87 30.98
1268 53.56 88.26 59.89 109.63 24.74
1269 53.61 78.29 70.46 150.07 28.81
1270 53.54 3.62 59.82 20.87 20.53
1271 53.85 45.17 117.13 191.59 36.04
1272 53.70 42.69 118.90 153.00 36.59
1273 53.84 53.24 98.77 162.92 33.53
1274 53.82 59.05 89.44 166.15 32.76
1275 53.86 70.84 86.53 164.33 31.44
1276 53.88 94.26 38.02 78.98 20.28
1277 53.81 36.08 122.72 171.08 33.80
1278 53.84 56.08 108.56 158.82 33.52
1279 53.82 31.59 131.86 134.56 32.27
1280 53.97 47.61 103.28 157.86 32.90
1281 53.93 81.34 66.38 129.86 26.37
1282 53.92 26.35 124.57 130.08 30.82
1283 54.05 50.45 107.25 144.96 34.34
1284 53.98 91.62 46.20 81.89 20.89
1285 54.03 21.31 121.25 119.91 30.81
1286 54.14 23.64 116.58 98.40 31.19
1287 54.38 40.60 98.25 175.58 33.59
1288 54.21 28.83 129.14 141.77 32.01
1289 54.27 85.01 53.24 96.22 24.49
1290 54.34 63.73 89.68 150.52 33.14
1291 54.14 11.46 113.95 84.57 26.01
1292 54.39 73.23 79.81 164.78 28.89
1293 54.28 6.31 86.48 59.84 20.92
1294 54.21 18.61 121.74 103.44 30.46
1295 54.44 66.39 81.41 132.36 30.45
1296 54.40 8.83 100.13 80.48 23.03
1297 54.35 90.08 50.36 84.56 23.17
1298 54.57 38.31 111.02 164.14 34.85
1299 54.39 16.04 112.57 112.29 27.97
1300 54.62 69.00 77.28 137.63 29.57
1301 54.66 76.04 66.41 125.47 30.41
1302 54.70 33.58 108.76 115.26 33.74
1303 54.85 60.69 79.21 126.48 31.68
1304 54.94 54.63 82.02 127.61 34.05
1305 55.00 30.98 118.26 167.17 35.76
1306 55.01 79.03 59.60 93.48 28.94
1307 55.06 13.79 90.51 119.22 28.14
1308 54.96 43.44 96.52 139.96 33.96
1309 54.98 57.37 77.35 101.15 33.28
1310 55.04 88.31 45.23 58.51 25.51
1311 55.16 35.87 104.35 132.51 35.89
1312 55.16 20.46 110.88 126.45 31.34
1313 55.21 46.20 96.94 106.88 37.23
1314 55.14 48.82 81.38 105.86 35.45
1315 55.27 51.83 86.04 133.36 35.71
1316 55.19 25.98 98.16 142.08 31.70
1317 55.13 82.23 61.63 77.35 27.16
1318 55.21 92.60 50.47 49.61 21.48
1319 55.33 5.17 64.41 56.24 22.64
1320 55.40 71.00 63.51 80.36 30.74
1321 55.22 96.02 27.15 33.31 21.41
1322 55.46 17.63 93.53 112.20 32.27
1323 55.43 23.07 106.72 101.84 32.68
1324 55.56 11.35 88.82 103.64 37.14
1325 55.42 28.45 103.24 117.58 33.28
1326 55.49 62.81 73.86 78.02 31.73
1327 55.58 7.63 75.62 74.73 27.68
1328 55.59 65.31 74.95 79.29 32.53
1329 55.55 85.76 51.37 56.12 26.92
1330 55.53 9.49 87.30 94.80 29.82
1331 55.66 67.95 76.12 92.83 32.80
1332 55.55 73.65 67.35 82.03 30.59
1333 55.64 41.21 92.23 89.65 68.99
1334 55.86 58.90 73.66 86.59 34.07
1335 55.76 76.85 66.58 49.68 47.72
1336 55.78 38.04 102.18 113.42 59.70
1337 56.02 32.88 84.51 49.88 121.83
1338 56.10 44.25 78.77 53.40 110.95
1339 56.09 49.83 88.23 60.68 75.95
1340 55.97 54.08 77.16 59.04 49.92
1341 56.15 56.14 57.80 55.89 92.35
1342 56.32 89.70 38.44 37.13 92.10
1343 56.17 24.75 97.77 77.26 48.15
1344 56.15 30.46 98.23 90.95 101.76
1345 56.12 79.74 41.09 39.13 108.90
1346 56.28 61.14 72.64 69.52 36.69
1347 56.32 82.97 51.20 48.68 118.98
1348 56.21 94.98 28.55 22.00 106.61
1349 56.40 35.01 104.09 93.71 119.92
1350 56.45 47.18 65.71 34.64 140.71
1351 56.21 20.32 96.70 74.72 73.09
1352 56.41 91.57 34.19 24.59 95.37
1353 56.58 39.69 78.23 57.88 143.14
1354 56.60 74.91 44.11 26.26 134.23
1355 56.70 93.81 33.47 20.48 109.57
1356 56.74 71.89 51.57 31.31 135.88
1357 56.50 16.97 90.48 72.00 88.52
1358 56.56 27.38 87.90 91.57 91.50
1359 56.75 51.92 65.83 34.46 148.92
1360 56.75 69.39 56.65 30.07 155.24
1361 56.52 4.96 43.57 29.87 70.93
1362 56.43 11.60 80.94 65.83 56.11
1363 56.56 22.36 80.87 40.02 96.51
1364 56.51 63.80 39.48 23.32 142.23
1365 56.82 66.53 59.93 34.18 138.82
1366 56.55 87.03 38.19 21.20 99.32
1367 56.70 7.23 59.47 41.09 78.15
1368 56.63 13.99 80.55 51.84 79.29
1369 56.54 42.23 65.97 30.16 139.60
1370 57.02 37.08 74.92 32.80 150.41
1371 57.13 77.67 46.72 20.55 141.63
1372 56.90 9.28 69.23 51.57 69.79
1373 56.81 80.26 51.62 41.43 110.90
1374 57.34 54.37 50.38 17.63 164.44
1375 57.17 59.59 52.92 23.73 154.08
1376 57.29 84.81 28.43 10.71 114.79
1377 57.26 19.46 83.20 24.52 119.83
1378 57.09 25.02 74.73 30.91 108.04
1379 57.06 23.41 72.23 29.86 108.23
1380 57.31 29.97 65.10 21.70 123.06
1381 57.11 62.81 53.91 25.92 160.89
1382 57.16 43.09 65.98 24.45 148.65
1383 57.37 49.56 61.43 19.85 156.70
1384 57.51 4.69 34.03 17.06 74.40
1385 57.48 32.64 66.75 21.93 138.76
1386 57.17 41.52 62.68 28.90 151.84
1387 57.36 11.37 56.70 24.11 93.62
1388 57.57 45.00 64.12 21.18 162.77
1389 57.20 96.21 18.70 14.43 94.32
1390 57.11 91.61 15.14 9.43 109.43
1391 57.36 21.35 69.80 17.20 117.39
1392 57.47 57.49 42.39 17.61 163.56
1393 57.26 87.84 35.22 13.49 119.85
1394 57.36 34.87 63.76 22.79 145.21
1395 57.62 83.32 39.74 14.55 129.99
1396 57.70 81.47 34.03 9.71 136.00
1397 57.87 64.52 49.58 18.99 173.72
1398 57.58 91.62 18.10 6.21 112.05
1399 57.52 89.31 28.04 10.00 114.78
1400 58.01 80.18 40.41 9.29 144.81
1401 57.84 7.61 40.41 13.57 88.55
1402 57.83 9.27 46.40 14.35 99.60
1403 57.96 15.85 61.90 17.85 112.78
1404 57.89 39.87 58.13 18.39 152.00
1405 58.05 75.25 44.41 11.67 156.09
1406 57.76 18.13 57.68 17.32 113.32
1407 58.13 27.93 65.80 21.87 128.28
1408 58.17 67.30 43.99 13.68 154.78
1409 58.00 70.16 49.14 15.39 166.88
1410 58.19 72.47 41.34 11.96 163.68
1411 58.24 23.33 57.99 14.78 113.96
1412 57.94 95.08 24.61 9.51 98.91
1413 58.18 61.81 48.53 14.31 153.10
1414 58.10 34.89 58.14 21.08 134.43
1415 58.10 92.99 32.00 10.06 115.11
1416 57.90 6.32 41.78 13.22 83.56
1417 58.26 52.36 48.86 14.33 154.89
1418 58.08 90.19 30.36 9.97 127.17
1419 57.97 47.88 52.00 17.81 149.56
1420 58.13 56.40 38.95 16.60 165.86
1421 58.04 86.13 32.06 9.71 123.12
1422 58.38 42.45 50.71 14.67 147.16
1423 58.19 87.92 34.83 9.47 125.92
1424 58.26 21.22 55.74 14.71 111.74
1425 58.16 46.67 45.91 17.48 137.54
1426 58.58 58.84 41.70 11.38 156.02
1427 58.72 30.48 46.26 15.49 104.81
1428 58.46 78.19 34.18 10.19 154.19
1429 58.89 49.91 35.14 14.36 130.53
1430 58.68 5.45 31.68 8.97 72.91
1431 58.73 11.27 39.26 13.61 95.30
1432 58.61 85.85 34.43 8.49 125.72
1433 58.91 25.90 43.29 17.37 90.78
1434 59.04 33.44 44.27 14.15 110.98
1435 59.00 55.20 35.29 14.78 136.56
1436 58.91 82.60 30.90 8.00 136.10
1437 59.07 44.69 41.93 17.16 119.56
1438 58.71 90.00 19.27 5.33 122.33
1439 59.19 63.47 34.26 11.20 136.15
1440 58.97 95.92 16.34 4.06 102.20
1441 59.17 17.48 41.57 14.45 82.93
1442 59.08 19.50 37.25 13.19 90.72
1443 59.23 47.20 40.35 18.66 126.18
1444 59.06 69.81 37.90 9.99 154.26
1445 59.04 91.99 15.87 6.24 120.32
1446 59.31 36.75 39.16 21.89 106.93
1447 59.24 39.72 41.60 18.59 105.35
1448 59.08 94.37 21.65 5.62 108.57
1449 59.10 21.44 45.28 14.03 87.83
1450 59.55 80.64 27.34 7.24 128.08
1451 59.13 88.81 31.72 8.70 130.16
1452 59.18 7.63 37.07 9.51 60.91
1453 59.44 75.46 30.88 8.56 133.40
1454 59.60 28.61 32.99 25.47 65.49
1455 59.49 60.56 35.38 13.58 118.90
1456 59.45 66.89 31.67 10.24 111.89
1457 59.42 84.34 25.45 6.09 135.36
1458 59.59 15.57 36.64 18.42 68.55
1459 59.54 35.33 31.88 21.58 105.03
1460 59.63 14.04 36.27 20.22 57.93
1461 59.76 23.37 37.69 25.21 60.78
1462 59.60 52.70 35.22 24.95 52.44
1463 59.91 72.38 27.32 12.76 124.74
1464 59.68 31.69 41.26 27.98 42.59
1465 59.65 89.91 29.82 6.12 132.82
1466 59.82 6.58 25.21 11.81 46.29
1467 59.88 8.93 25.56 12.84 48.98
1468 59.75 11.16 34.88 14.48 60.07
1469 59.76 12.70 31.64 18.55 50.18
1470 59.80 57.42 31.89 24.75 62.41
1471 59.81 69.50 22.65 11.98 107.67
1472 59.81 88.52 25.80 6.85 132.32
1473 59.86 26.57 43.13 45.63 36.13
1474 59.93 78.39 24.61 7.61 115.97
1475 60.53 86.36 18.82 10.80 101.78
1476 60.09 91.68 14.41 6.35 105.49
1477 60.05 49.59 35.98 52.57 44.45
1478 60.12 54.56 29.57 86.94 43.13
1479 60.11 19.98 31.85 22.80 50.27
1480 60.23 44.07 37.61 74.06 39.13
1481 60.19 62.50 34.47 19.24 76.10
1482 60.30 41.37 29.82 85.86 32.03
1483 60.27 46.90 29.60 81.34 32.62
1484 60.26 64.98 29.97 19.59 56.62
1485 60.30 77.42 23.22 10.00 106.40
1486 60.07 82.97 23.41 7.29 118.62
1487 60.26 38.51 35.90 58.41 40.58
1488 60.43 33.55 32.08 55.56 37.80
1489 60.23 17.32 30.38 25.76 39.03
1490 60.63 51.73 25.91 95.81 32.72
1491 60.48 36.02 29.59 60.38 37.28
1492 60.41 13.15 25.88 38.66 29.59
1493 60.49 67.71 29.37 37.19 46.07
1494 60.35 7.60 21.46 21.85 28.31
1495 60.65 28.15 27.59 104.87 29.72
1496 60.66 31.03 26.95 56.84 26.91
1497 60.68 59.77 25.56 94.13 32.64
1498 60.75 25.16 24.67 89.46 27.72
1499 60.48 14.59 28.44 40.31 21.38
1500 60.75 75.16 25.20 10.84 69.44
1501 60.71 10.69 22.93 38.30 24.77
1502 60.68 69.88 26.04 26.32 47.64
1503 60.75 83.43 19.74 9.82 91.61
1504 60.66 15.74 28.27 41.33 26.97
1505 60.85 56.95 24.51 122.14 31.86
1506 60.74 12.00 25.30 40.03 25.52
1507 60.88 22.22 25.87 72.59 28.42
1508 60.68 81.42 23.40 11.80 76.53
1509 60.97 79.41 21.83 17.68 70.05
1510 60.98 93.20 18.59 13.43 69.74
1511 61.14 18.62 23.77 66.60 24.01
1512 61.20 49.17 22.57 131.05 28.80
1513 61.00 90.49 15.13 12.71 60.31
1514 61.23 45.62 23.75 134.12 29.82
1515 61.21 62.81 23.37 130.32 30.10
1516 61.34 39.96 24.04 106.29 29.74
1517 61.34 42.93 23.27 119.43 31.01
1518 61.36 65.92 21.11 106.79 29.70
1519 61.15 94.74 10.83 8.49 49.80
1520 61.32 54.21 23.79 140.60 27.78
1521 61.23 80.78 20.83 15.83 67.14
1522 61.51 37.26 21.78 115.46 29.15
1523 61.56 13.51 19.36 69.99 23.32
1524 61.58 34.77 22.53 111.99 28.38
1525 61.45 77.24 21.41 49.92 47.69
1526 61.60 6.20 14.62 41.96 18.76
1527 61.60 16.19 21.45 88.70 20.84
1528 61.65 68.60 19.94 117.31 29.03
1529 61.72 29.73 19.49 127.33 29.95
1530 61.90 71.43 19.34 136.10 27.37
1531 62.02 74.39 18.15 99.24 27.93
1532 61.92 32.62 20.79 100.80 29.00
1533 61.77 10.89 17.41 62.93 17.85
1534 61.77 82.74 20.19 45.12 32.10
1535 61.90 23.98 20.18 115.52 27.92
1536 61.84 26.72 18.69 123.16 27.82
1537 61.99 59.06 19.78 136.98 31.65
1538 61.87 21.13 19.60 93.35 24.36
1539 62.02 51.85 20.91 145.26 28.45
1540 61.86 91.44 14.01 67.03 30.97
1541 62.11 47.21 18.91 162.55 27.62
1542 62.10 56.48 18.87 153.86 30.73
1543 62.02 84.91 17.61 29.88 30.88
1544 62.05 9.08 14.15 61.09 21.31
1545 62.30 61.48 18.97 132.48 28.38
1546 62.33 79.98 18.09 80.92 25.20
1547 62.43 93.02 12.59 64.10 21.96
1548 62.38 41.49 18.98 151.04 29.83
1549 62.45 64.30 17.53 136.56 29.24
1550 62.53 88.29 12.76 74.72 22.98
1551 62.56 18.23 15.85 104.38 26.74
1552 62.52 44.64 19.23 152.97 32.85
1553 62.54 38.55 18.17 126.51 30.01
1554 62.65 49.55 16.81 155.91 32.61
1555 62.67 77.28 17.12 120.34 25.22
1556 62.71 54.27 18.56 130.76 29.04
1557 62.71 66.96 18.29 142.38 28.92
1558 62.60 7.83 12.26 57.82 25.59
1559 62.79 15.34 14.02 95.53 25.72
1560 62.89 28.11 15.25 124.91 40.56
1561 62.73 30.90 17.38 89.51 37.12
1562 62.90 35.53 16.50 104.27 30.51
1563 62.91 12.45 14.28 79.12 26.35
1564 63.06 82.67 14.27 79.01 22.70
1565 63.00 69.98 14.49 149.18 28.03
1566 63.00 25.44 14.86 103.99 43.61
1567 63.02 23.04 15.47 106.52 40.47
1568 63.09 20.45 14.84 114.65 36.88
1569 63.19 9.65 11.84 65.62 38.27
1570 63.29 73.06 15.50 139.59 27.31
1571 63.29 32.88 14.39 101.24 72.28
1572 63.37 57.25 16.05 119.76 29.22
1573 63.29 85.42 13.27 90.30 22.94
1574 63.32 42.59 16.20 100.62 36.32
1575 63.39 51.83 15.76 115.69 30.19
1576 63.49 59.86 16.15 133.72 31.46
1577 63.32 47.16 15.51 120.31 32.43
1578 63.40 5.60 9.58 49.77 57.14
1579 63.45 62.72 16.55 108.29 27.48
1580 63.68 75.88 14.04 135.56 25.32
1581 63.59 40.33 13.44 88.86 78.85
1582 63.79 91.61 10.72 88.31 21.04
1583 63.60 37.89 14.81 102.70 55.97
1584 63.76 79.46 13.65 118.23 23.94
1585 63.87 65.27 14.37 136.77 30.47
1586 63.80 44.74 15.48 109.88 118.98
1587 63.73 29.91 13.12 68.04 127.64
1588 63.70 18.02 11.78 63.47 97.27
1589 63.82 54.44 14.47 94.60 34.47
1590 63.96 68.27 13.61 112.32 28.05
1591 63.84 14.56 11.54 72.14 74.95
1592 63.97 12.75 10.00 62.96 74.09
1593 64.15 26.81 12.67 55.24 126.14
1594 64.00 84.74 12.88 79.00 23.92
1595 64.11 16.47 13.12 69.67 93.02
1596 64.12 24.48 11.23 44.94 127.23
1597 64.26 33.61 12.37 30.34 132.72
1598 64.02 36.15 12.47 63.21 117.03
1599 64.27 71.49 12.69 104.64 27.17
1600 64.59 6.27 7.96 34.47 83.08
1601 64.27 8.42 9.37 41.46 82.38
1602 64.43 20.58 12.00 59.13 110.14
1603 64.32 22.79 11.15 48.89 115.41
1604 64.61 88.74 10.51 99.40 23.14
1605 64.48 61.76 14.68 105.24 35.11
1606 64.66 81.98 10.66 101.99 22.74
1607 64.63 41.90 13.01 34.04 145.99
1608 64.52 47.04 14.42 49.74 149.40
1609 64.72 31.24 11.54 27.44 149.24
1610 64.70 51.78 12.39 43.57 147.50
1611 64.50 57.56 12.68 56.71 128.36
1612 64.77 74.43 11.63 112.45 25.98
1613 65.08 11.04 9.43 37.88 103.13
1614 64.55 36.89 14.14 61.76 124.24
1615 64.93 59.45 12.08 48.21 147.40
1616 64.86 77.89 11.81 105.61 23.92
1617 64.93 38.87 12.02 29.15 151.35
1618 64.92 18.51 11.29 41.84 119.00
1619 65.08 28.39 10.64 26.57 146.61
1620 64.98 64.12 12.44 74.62 82.82
1621 65.04 44.40 12.73 28.15 168.99
1622 64.81 53.77 12.30 39.34 137.50
1623 64.97 66.94 11.66 91.02 37.58
1624 65.11 13.43 9.61 44.33 101.58
1625 64.87 56.29 13.74 54.11 135.90
1626 65.07 69.83 12.27 89.10 28.61
1627 65.30 85.47 9.94 82.60 22.42
1628 65.30 25.01 10.81 25.53 139.20
1629 65.61 48.52 12.55 19.21 167.12
1630 65.44 54.50 13.05 38.64 158.31
1631 65.58 72.47 10.47 85.66 82.66
1632 65.62 22.28 11.04 23.95 123.53
1633 65.56 35.46 11.00 21.17 152.12
1634 65.65 61.65 11.23 61.31 157.84
1635 65.89 33.15 10.62 19.91 139.50
1636 65.94 36.45 11.69 18.59 137.90
1637 65.61 56.52 11.86 34.80 165.08
1638 65.82 65.52 10.77 48.72 123.58
1639 65.88 79.27 10.12 72.39 25.28
1640 66.11 89.24 8.89 67.98 25.64
1641 65.85 9.57 8.65 17.74 106.54
1642 66.13 40.71 11.43 17.65 146.70
1643 65.70 46.37 13.42 13.42 168.79
1644 65.86 76.01 11.14 76.95 28.85
1645 66.03 52.41 11.81 18.41 161.66
1646 66.00 82.73 9.89 51.31 22.95
1647 65.85 68.78 10.57 32.20 143.12
1648 66.19 5.92 7.88 11.26 85.22
1649 66.10 30.39 11.21 19.41 121.28
1650 66.18 43.37 11.19 16.08 157.48
1651 65.81 62.97 10.52 40.22 133.37
1652 66.25 19.92 9.59 15.95 115.03
1653 66.28 17.07 8.53 16.33 118.85
1654 66.26 58.55 10.58 20.88 169.12
1655 66.32 27.15 10.37 17.57 126.82
1656 66.36 45.85 12.04 11.12 165.92
1657 66.36 66.72 11.03 41.14 144.54
1658 66.61 50.33 11.12 13.31 153.89
1659 66.30 55.94 11.87 26.57 158.57
1660 66.57 69.13 10.87 26.91 146.45
1661 66.82 74.28 10.17 36.50 136.16
1662 66.84 71.18 10.31 43.86 148.53
1663 66.75 23.77 9.44 18.35 97.14
1664 66.54 38.06 10.92 14.41 120.47
1665 66.60 61.11 10.72 20.56 171.85
1666 66.70 53.98 11.98 17.74 165.65
1667 66.87 14.16 7.83 20.02 82.56
1668 66.71 81.02 8.70 28.47 90.14
1669 66.79 7.05 6.92 19.87 77.18
1670 66.62 48.23 11.50 14.00 144.67
1671 67.25 77.36 8.66 22.08 135.32
1672 66.77 35.25 10.67 14.83 74.78
1673 67.23 47.45 11.43 13.32 104.24
1674 66.96 11.67 6.26 22.20 75.03
1675 67.14 33.87 10.05 19.88 80.15
1676 67.21 79.66 9.57 29.27 112.28
1677 67.44 10.58 7.59 27.01 61.10
1678 67.13 31.41 10.64 30.67 61.71
1679 67.27 36.91 11.39 20.23 66.06
1680 67.45 84.41 8.18 25.19 94.73
1681 67.18 60.85 11.59 15.76 174.00
1682 67.41 15.64 8.09 27.67 68.54
1683 67.53 42.64 10.70 17.59 108.29
1684 67.23 54.89 10.55 12.07 149.90
1685 67.60 56.68 11.54 14.33 148.98
1686 67.44 18.66 8.35 22.26 68.66
1687 67.27 21.41 7.88 16.47 68.71
1688 67.38 39.75 11.16 23.57 82.55
1689 67.44 67.69 11.39 26.18 143.65
1690 67.64 52.33 10.20 13.37 120.86
1691 67.51 45.26 10.70 24.44 75.95
1692 67.38 20.12 9.00 19.57 68.43
1693 67.41 26.63 9.29 28.17 57.83
1694 67.58 5.93 6.92 24.36 50.16
1695 67.94 59.15 10.71 12.72 165.72
1696 67.71 65.46 10.20 12.19 155.32
1697 67.96 49.76 10.32 19.68 65.45
1698 67.93 62.09 9.88 20.07 161.69
1699 68.06 88.90 7.95 24.32 97.28
1700 68.03 29.60 9.39 76.69 32.32
1701 67.98 72.90 9.28 15.42 167.40
1702 67.92 24.10 8.53 52.09 35.81
1703 68.10 32.78 9.09 108.84 37.20
1704 68.22 35.50 10.39 94.27 34.70
1705 68.35 69.81 9.02 15.38 160.65
1706 68.32 75.15 8.60 14.09 139.42
1707 68.26 38.31 10.21 73.94 33.21
1708 68.31 54.86 10.12 23.34 78.25
1709 68.39 81.09 8.34 11.94 133.48
1710 68.60 22.46 8.49 78.58 29.86
1711 68.57 86.84 7.34 17.04 125.04
1712 68.08 46.17 11.00 39.33 57.17
1713 68.29 47.35 10.41 44.33 44.63
1714 68.47 8.79 6.46 61.46 30.18
1715 68.46 41.27 9.56 59.09 37.98
1716 68.65 11.82 6.73 68.30 26.87
1717 68.54 26.47 8.40 91.25 26.27
1718 68.66 18.33 7.63 76.28 33.07
1719 68.64 44.38 10.05 85.31 32.15
1720 68.89 78.15 8.00 13.74 136.83
1721 68.67 15.41 7.22 80.01 26.88
1722 68.93 90.88 6.58 18.08 94.19
1723 69.04 67.17 9.59 12.33 132.15
1724 68.74 52.40 8.98 62.36 32.00
1725 68.97 63.41 10.01 15.82 133.64
1726 68.93 57.51 9.79 29.76 76.35
1727 69.00 31.24 9.77 122.17 28.64
1728 69.02 49.65 10.02 104.09 34.17
1729 69.08 60.40 9.30 25.20 117.39
1730 69.11 84.08 7.84 10.40 126.10
1731 69.29 71.83 9.19 12.00 145.11
1732 69.37 39.55 9.93 121.18 28.84
1733 68.96 16.43 6.00 92.67 26.33
1734 69.29 28.53 8.64 123.33 25.17
1735 69.42 33.66 8.98 128.78 28.68
1736 69.40 36.65 8.81 123.84 29.34
1737 69.35 46.96 9.30 130.20 29.03
1738 69.40 54.88 10.24 108.39 33.29
1739 69.60 6.96 6.01 60.13 20.44
1740 69.69 42.10 9.89 120.76 29.47
1741 69.70 19.69 7.61 87.96 24.61
1742 69.78 75.20 7.85 13.90 111.21
1743 69.54 88.68 6.81 10.33 118.66
1744 69.72 10.06 6.18 72.40 19.97
1745 69.77 21.47 8.03 96.97 23.47
1746 69.77 65.26 8.39 49.39 80.23
1747 69.82 69.90 9.31 18.05 111.29
1748 69.59 82.05 7.07 8.11 128.68
1749 69.93 44.83 10.00 152.32 30.17
1750 69.83 52.14 9.20 129.10 28.66
1751 70.00 25.32 7.73 107.15 24.76
1752 70.03 13.04 6.63 75.31 22.23
1753 69.99 15.80 6.44 94.25 21.62
1754 70.19 59.57 9.85 138.75 38.93
1755 70.19 57.14 9.04 148.43 29.75
1756 69.95 18.14 7.00 86.07 24.09
1757 70.06 62.13 8.73 79.70 49.25
1758 70.27 79.01 7.07 9.03 107.30
1759 70.10 80.92 7.70 6.81 112.11
1760 70.21 30.56 8.66 105.75 25.83
1761 70.31 49.03 9.55 140.31 26.31
1762 69.96 64.13 9.56 53.89 92.11
1763 70.26 67.37 8.40 56.15 49.60
1764 70.35 87.58 6.00 6.93 124.59
1765 70.40 77.33 8.22 11.19 100.47
1766 70.45 27.71 8.14 97.29 24.29
1767 70.53 34.83 9.10 129.43 28.31
1768 70.52 38.34 9.54 112.02 28.93
1769 70.55 72.70 7.56 31.49 59.74
1770 70.63 83.93 7.70 9.03 135.99
1771 70.80 54.94 8.94 143.69 29.71
1772 70.86 9.00 5.54 62.08 33.55
1773 70.92 43.38 8.98 146.10 28.84
1774 70.85 64.39 8.83 107.20 31.16
1775 70.98 32.30 7.95 95.59 28.52
1776 71.12 40.87 8.86 133.06 28.42
1777 71.05 46.39 9.24 136.91 26.95
1778 71.04 51.75 9.11 144.70 30.12
1779 71.03 70.07 7.98 103.30 31.07
1780 70.91 11.52 6.25 51.91 44.03
1781 71.07 17.50 6.54 73.19 36.66
1782 71.07 21.18 7.11 72.75 32.77
1783 71.02 75.15 8.01 49.43 39.81
1784 71.04 81.06 7.18 13.09 92.09
1785 71.13 86.17 6.88 9.81 103.19
1786 71.13 14.42 6.62 55.41 39.56
1787 71.14 23.65 7.76 81.40 48.15
1788 71.25 61.51 8.69 148.01 28.62
1789 71.41 36.42 8.32 101.26 29.84
1790 71.40 58.49 8.65 138.91 28.74
1791 71.34 26.33 7.11 66.07 58.49
1792 71.37 29.37 7.01 83.70 34.62
1793 71.38 67.20 8.59 122.44 29.76
1794 71.42 77.78 8.04 26.35 58.66
1795 71.30 89.99 5.49 7.80 99.29
1796 71.61 82.19 7.47 11.98 79.93
1797 71.64 49.30 9.79 150.70 27.86
1798 71.79 87.82 6.16 13.37 86.23
1799 71.68 33.80 8.17 54.43 110.15
1800 71.91 72.93 7.57 98.90 29.62
1801 71.69 84.18 5.87 11.28 85.78
1802 71.94 38.66 8.58 89.88 37.76
1803 71.94 53.67 8.90 128.56 26.76
1804 71.76 10.62 5.88 24.47 68.33
1805 71.87 12.71 6.04 26.17 70.07
1806 72.09 56.54 8.32 148.11 27.06
1807 71.92 19.50 6.68 53.62 67.15
1808 72.13 43.73 8.23 139.12 29.71
1809 72.09 8.91 4.71 19.57 74.54
1810 72.10 64.06 7.86 152.89 25.97
1811 72.18 14.98 6.30 29.51 83.81
1812 72.11 17.70 6.26 43.31 69.74
1813 72.05 75.62 8.12 93.74 29.39
1814 72.33 21.29 6.83 31.59 92.14
1815 72.19 24.44 6.44 41.83 83.03
1816 72.29 31.35 7.79 45.72 108.50
1817 72.32 46.39 8.44 105.06 29.13
1818 72.30 70.12 7.73 128.60 22.71
1819 72.35 28.33 7.88 33.77 109.00
1820 72.42 60.44 8.91 149.64 26.40
1821 72.09 79.91 6.83 68.83 30.13
1822 72.29 85.49 6.18 23.27 69.60
1823 72.31 40.94 8.64 78.76 54.36
1824 72.15 34.72 8.62 41.00 123.00
1825 72.46 67.17 7.71 151.52 25.85
1826 72.39 89.05 5.92 16.44 63.49
1827 72.48 78.77 6.55 70.48 31.38
1828 72.75 51.69 7.92 83.80 26.54
1829 72.60 76.83 7.09 84.51 26.61
1830 72.63 80.77 7.00 68.73 27.49
1831 72.71 35.62 9.65 55.20 122.57
1832 72.78 83.36 7.01 59.38 25.66
1833 72.80 48.97 8.26 101.70 29.24
1834 72.82 27.52 6.56 21.44 117.92
1835 73.15 57.98 8.44 103.46 25.69
1836 73.05 86.88 6.08 44.34 29.76
1837 73.05 54.94 8.48 86.94 26.49
1838 73.25 62.92 8.33 163.50 25.48
1839 73.28 74.85 8.25 142.30 27.17
1840 73.09 16.47 5.52 16.81 92.90
1841 73.08 33.48 8.65 28.28 122.65
1842 73.48 38.78 7.91 36.74 118.18
1843 73.33 65.78 9.29 146.83 23.66
1844 73.43 72.01 7.25 139.74 23.07
1845 73.36 30.68 7.36 19.79 115.72
1846 73.26 14.41 5.38 12.70 91.22
1847 73.61 41.12 8.28 38.90 122.16
1848 73.45 22.52 6.69 16.80 106.05
1849 73.49 69.21 7.19 147.44 23.15
1850 73.45 11.84 5.98 10.29 86.74
1851 73.42 26.28 7.29 12.27 120.29
1852 73.42 18.14 7.08 21.31 95.10
1853 73.49 78.72 6.78 91.75 25.46
1854 73.41 46.00 10.10 33.20 106.35
1855 73.67 20.49 5.86 18.29 104.45
1856 73.56 32.64 8.02 23.00 125.24
1857 73.80 47.51 7.64 49.09 110.29
1858 73.77 60.58 8.39 85.70 26.55
1859 73.89 82.09 6.59 78.80 24.39
1860 73.70 24.09 7.81 14.97 101.24
1861 73.71 35.51 6.95 16.77 144.85
1862 73.75 80.69 6.28 89.13 24.85
1863 73.75 28.04 7.70 12.50 115.45
1864 73.95 53.16 8.52 58.98 110.52
1865 73.86 50.39 7.88 44.56 130.21
1866 74.02 84.17 6.84 88.45 23.35
1867 73.81 14.75 5.42 9.95 88.11
1868 73.75 17.19 5.00 12.40 100.00
1869 74.01 56.04 7.30 68.49 71.00
1870 74.20 9.37 5.56 8.67 67.67
1871 74.06 13.62 5.86 7.39 93.11
1872 74.43 67.67 7.98 128.18 25.34
1873 74.39 77.07 7.43 121.08 22.37
1874 74.68 25.07 7.12 10.08 93.74
1875 74.68 31.71 7.43 11.84 103.98
1876 74.33 64.53 8.00 92.74 26.66
1877 74.36 16.58 5.53 10.47 86.69
1878 74.45 58.37 8.60 60.91 41.80
1879 74.56 73.72 6.73 107.68 21.61
1880 74.66 42.44 9.13 17.90 136.79
1881 74.61 45.72 7.98 26.59 143.72
1882 74.62 49.30 9.16 18.59 146.50
1883 74.81 70.58 7.09 98.81 23.91
1884 74.86 21.76 6.53 12.62 90.22
1885 74.85 35.10 7.39 11.54 101.82
1886 74.85 40.02 7.74 12.93 126.25
1887 75.02 28.56 6.74 10.96 91.88
1888 74.64 14.06 5.33 9.79 78.58
1889 74.91 8.44 5.00 14.55 45.57
1890 74.87 43.67 8.10 18.17 137.54
1891 74.85 60.74 7.71 55.45 40.75
1892 75.01 80.34 6.26 89.82 20.75
1893 74.93 15.50 5.51 11.97 68.51
1894 75.12 63.23 7.75 61.08 27.43
1895 75.38 47.48 8.26 15.18 135.50
1896 75.08 51.27 7.68 22.18 145.95
1897 75.22 54.03 8.09 26.83 145.96
1898 75.23 37.23 8.11 11.14 96.55
1899 75.44 18.55 6.13 15.80 63.67
1900 75.38 10.70 5.24 16.38 43.00
1901 75.50 67.07 7.08 85.54 27.68
1902 75.61 76.93 6.99 107.18 21.81
1903 75.82 56.18 8.82 29.41 129.13
1904 75.78 58.94 7.80 36.61 132.43
1905 75.78 73.11 7.12 86.92 23.41
1906 75.73 44.90 7.67 12.81 132.12
1907 75.77 26.68 6.38 16.50 56.28
1908 75.76 15.17 5.13 23.83 40.65
1909 75.70 33.74 7.03 20.01 51.89
1910 76.03 42.05 7.67 12.98 122.99
1911 75.60 48.48 7.00 11.00 139.15
1912 76.26 61.63 7.82 29.55 136.60
1913 75.77 30.82 5.40 29.35 41.02
1914 76.13 39.10 6.83 14.48 81.50
1915 76.33 65.02 7.41 50.83 122.94
1916 76.09 70.17 7.58 69.42 29.03
1917 76.25 49.78 8.04 9.93 137.02
1918 76.09 62.91 8.45 23.74 131.81
1919 76.27 36.56 7.05 52.35 46.95
1920 76.49 82.76 6.19 76.68 20.89
1921 76.41 10.05 4.19 34.90 20.79
1922 76.54 52.73 7.87 10.71 128.16
1923 76.51 28.83 6.21 66.22 27.89
1924 76.63 18.33 5.24 57.97 22.39
1925 76.60 34.00 6.42 81.53 27.20
1926 76.34 45.57 7.64 12.85 112.54
1927 76.83 31.43 7.37 94.13 24.21
1928 76.63 68.36 7.79 29.64 120.05
1929 76.77 78.98 6.67 75.71 21.96
1930 76.66 24.76 6.36 60.33 24.56
1931 76.83 75.57 6.40 74.41 25.02
1932 76.84 22.41 5.87 70.21 23.19
1933 76.95 57.40 7.77 11.01 159.43
1934 76.85 66.90 7.63 38.67 137.57
1935 76.92 46.92 7.70 16.49 107.87
1936 77.21 12.63 4.29 60.06 17.71
1937 77.08 44.22 7.21 55.29 64.79
1938 77.00 72.25 7.24 49.29 25.00
1939 77.08 41.40 7.07 42.11 53.02
1940 77.25 38.75 7.12 78.78 28.74
1941 77.25 60.46 7.71 11.09 158.58
1942 77.52 55.37 7.62 8.68 135.41
1943 77.67 14.67 4.13 76.57 16.72
1944 77.42 70.34 6.66 27.65 115.16
1945 77.57 36.18 7.07 105.08 25.12
1946 77.28 47.95 6.68 18.86 111.77
1947 77.47 50.24 7.15 12.75 109.62
1948 77.56 27.27 6.00 91.29 21.66
1949 77.64 63.27 7.22 16.31 153.74
1950 77.72 69.02 6.59 34.36 128.10
1951 77.69 16.65 4.45 77.21 17.26
1952 77.94 81.87 5.69 66.62 22.01
1953 77.74 52.82 7.25 11.87 102.36
1954 77.93 24.46 5.95 97.43 21.70
1955 77.94 29.84 6.28 109.38 22.31
1956 77.93 33.14 6.79 108.52 23.29
1957 77.97 78.10 6.57 60.69 25.06
1958 77.85 20.87 6.42 83.29 20.47
1959 78.05 66.41 6.98 19.72 141.46
1960 78.28 18.11 4.99 93.99 19.11
1961 78.23 43.03 7.09 115.21 28.18
1962 78.30 75.55 6.36 42.74 75.92
1963 78.20 45.80 7.05 88.04 33.59
1964 77.98 79.66 6.74 63.49 23.79
1965 78.24 40.47 7.76 121.43 24.58
1966 78.22 71.56 6.75 31.64 118.87
1967 78.37 48.25 6.94 52.70 40.57
1968 78.25 57.29 6.96 9.87 126.43
1969 78.63 60.61 7.40 9.33 135.02
1970 78.50 73.52 7.38 27.54 108.32
1971 78.43 53.19 7.87 10.74 77.95
1972 78.82 11.99 4.56 73.37 15.96
1973 78.76 38.18 6.67 95.34 22.61
1974 78.63 50.79 7.53 29.97 46.91
1975 78.96 63.73 7.59 8.35 147.89
1976 78.61 21.86 4.92 91.57 20.35
1977 78.97 68.89 6.68 16.58 138.15
1978 79.04 55.32 7.75 26.80 66.47
1979 78.96 27.41 5.96 103.68 20.67
1980 78.77 58.13 7.18 10.70 106.30
1981 78.97 35.64 5.95 124.77 24.01
1982 79.04 14.91 4.72 86.58 15.39
1983 79.12 30.43 6.49 104.44 21.01
1984 78.71 54.36 9.80 25.20 81.60
1985 79.18 19.53 5.18 93.64 16.97
1986 78.88 71.66 8.18 24.00 138.68
1987 79.27 24.26 5.33 102.18 19.18
1988 79.24 33.09 6.11 108.92 21.39
1989 79.33 83.63 5.55 25.76 37.74
1990 79.25 78.53 5.65 28.07 106.78
1991 79.43 80.92 5.76 35.53 44.24
1992 79.52 44.16 7.32 124.12 21.43
1993 79.11 65.69 7.38 9.56 150.00
1994 79.49 46.90 7.02 119.69 25.19
1995 79.49 52.89 7.27 77.63 33.93
1996 79.57 41.11 7.29 100.83 22.43
1997 79.58 50.01 7.38 115.99 25.33
1998 79.48 73.81 6.52 21.04 136.79
1999 79.63 66.22 7.10 8.42 141.35
2000 79.86 75.58 6.83 17.54 132.65
2001 79.72 70.83 6.67 10.73 152.17
2002 79.70 56.89 6.55 47.45 49.19
2003 79.71 59.16 6.60 29.95 75.93
2004 79.84 61.60 6.72 11.78 80.65
2005 80.05 16.60 4.64 86.63 16.77
2006 80.05 22.38 5.39 91.16 19.65
2007 80.14 38.03 6.61 99.40 22.59
2008 80.21 26.22 5.69 88.59 18.23
2009 80.32 13.15 4.30 66.99 15.65
2010 80.28 28.98 5.67 83.55 19.57
2011 80.29 11.04 3.54 54.03 14.46
2012 80.31 34.91 7.05 115.54 20.41
2013 80.42 31.99 6.57 82.47 21.21
2014 80.32 19.89 4.99 89.27 17.84
2015 80.50 54.93 6.67 107.30 26.44
2016 80.59 63.77 6.79 10.15 100.08
2017 80.71 67.27 6.51 8.82 117.69
2018 80.64 48.76 6.84 138.69 23.79
2019 80.75 43.08 6.85 102.12 21.35
2020 80.78 51.79 7.26 118.98 23.57
2021 80.36 71.84 7.38 6.81 135.81
2022 80.87 46.03 6.62 117.13 23.34
2023 80.67 79.47 6.47 13.60 120.07
2024 80.59 82.82 6.48 19.12 66.52
2025 80.85 58.02 6.98 119.13 27.63
2026 80.86 40.49 5.98 95.34 20.67
2027 80.62 69.83 7.09 6.18 122.91
2028 80.91 60.63 6.45 105.67 28.87
2029 81.08 72.01 6.40 7.11 133.65
2030 80.88 76.67 5.98 11.19 141.46
2031 81.13 15.46 4.61 56.30 33.56
2032 81.24 24.46 5.37 69.57 27.84
2033 81.38 77.79 7.46 6.38 120.56
2034 81.15 18.36 4.99 63.25 38.15
2035 81.45 36.36 6.38 103.12 20.75
2036 81.35 21.34 4.97 63.69 31.40
2037 81.58 74.87 6.88 6.89 138.55
2038 81.44 69.84 6.48 7.05 104.47
2039 81.49 30.38 5.85 67.33 26.59
2040 81.47 27.43 5.41 65.98 32.33
2041 81.60 33.57 6.19 88.63 22.05
2042 81.62 53.84 6.72 138.93 22.08
2043 81.47 13.07 3.92 45.36 38.84
2044 81.82 38.99 6.26 85.51 19.84
2045 81.89 80.07 6.21 7.41 103.10
2046 81.91 56.62 6.45 132.00 23.09
2047 82.01 44.33 6.78 103.84 19.46
2048 81.89 62.39 6.87 100.28 30.25
2049 81.84 48.96 6.82 103.86 22.83
2050 81.70 16.41 3.36 22.55 59.64
2051 82.14 41.72 6.56 92.68 21.51
2052 82.24 51.47 6.52 122.17 23.12
2053 82.23 59.66 7.06 126.30 23.66
2054 82.09 17.29 4.71 35.43 64.27
2055 82.52 46.98 7.27 88.36 22.40
2056 82.13 68.08 7.25 30.89 39.06
2057 82.26 12.56 3.50 42.79 48.94
2058 82.54 23.89 6.15 42.67 81.00
2059 82.38 31.33 6.45 57.83 85.42
2060 82.59 65.38 7.16 98.00 26.28
2061 82.48 77.47 6.57 4.10 122.98
2062 82.57 21.49 4.77 36.12 77.70
2063 82.64 26.03 4.98 49.32 71.18
2064 82.95 72.69 5.71 11.33 71.27
2065 82.63 28.85 4.90 51.99 86.47
2066 82.76 37.02 6.53 74.41 45.90
2067 83.00 18.02 4.55 30.42 86.21
2068 82.79 54.45 6.23 111.44 23.54
2069 82.68 68.83 6.23 34.14 37.18
2070 82.80 34.31 6.16 53.19 93.00
2071 82.78 32.40 5.71 49.38 85.56
2072 83.22 74.78 6.66 6.02 101.01
2073 83.02 39.75 7.58 68.42 70.10
2074 82.80 79.54 5.09 4.09 86.27
2075 83.20 57.44 7.19 116.70 23.57
2076 83.22 49.34 6.51 84.84 21.85
2077 83.41 63.09 6.09 124.68 24.08
2078 83.12 12.89 3.25 21.61 60.55
2079 83.28 45.08 7.06 85.39 24.31
2080 83.50 69.71 6.99 45.45 30.44
2081 83.24 78.27 5.97 3.51 83.94
2082 83.40 42.10 6.18 55.61 66.76
2083 83.81 28.04 5.07 30.84 103.89
2084 83.58 52.12 6.47 97.68 22.68
2085 83.67 60.31 6.63 123.78 22.11
2086 83.75 67.03 6.33 94.21 23.31
2087 83.59 31.25 5.26 34.96 108.58
2088 83.44 22.35 5.33 24.50 94.94
2089 83.78 25.27 4.58 28.77 91.06
2090 83.84 16.19 3.64 19.57 69.38
2091 83.99 21.68 4.40 20.21 96.64
2092 83.83 23.25 4.69 24.69 96.27
2093 84.02 54.98 6.74 97.06 21.17
2094 84.02 77.85 5.46 4.84 72.29
2095 84.09 47.54 7.70 70.55 71.79
2096 83.92 75.74 6.43 7.97 78.80
2097 84.05 18.27 4.21 15.52 77.97
2098 84.48 35.73 5.36 26.20 117.18
2099 84.28 33.14 4.97 28.45 118.53
2100 84.22 24.47 4.00 18.13 98.00
2101 84.48 44.62 6.22 55.41 108.21
2102 85.00 74.19 6.03 51.38 27.48
2103 84.45 20.21 4.56 13.50 88.56
2104 84.52 50.47 6.36 78.50 82.03
2105 84.56 57.90 6.99 95.80 23.38
2106 84.59 40.81 5.63 41.62 110.20
2107 84.47 76.41 5.48 11.23 57.06
2108 84.79 70.61 6.35 71.59 23.74
2109 84.70 63.90 6.95 105.21 21.77
2110 84.62 18.57 4.40 10.80 74.80
2111 84.95 52.99 6.33 75.02 57.02
2112 84.91 60.90 6.66 106.14 23.63
2113 85.11 26.14 4.66 11.09 81.83
2114 84.95 67.08 6.34 97.96 21.64
2115 85.03 23.89 4.78 14.37 88.15
2116 85.11 17.97 3.66 7.85 77.96
2117 85.08 30.57 5.36 14.17 107.31
2118 85.40 48.71 6.04 42.44 125.22
2119 85.10 15.12 4.02 8.37 64.32
2120 85.13 39.56 6.47 32.40 105.87
2121 85.32 46.43 6.25 33.75 129.78
2122 85.15 37.44 5.42 23.88 108.78
2123 85.25 55.72 6.64 75.04 28.39
2124 85.52 42.72 5.27 27.38 116.97
2125 85.29 20.52 3.78 9.31 72.87
2126 85.45 22.65 3.67 9.86 81.26
2127 85.76 34.39 5.15 10.59 110.26
2128 85.57 19.02 3.87 5.52 69.30
2129 85.97 51.16 5.63 40.41 118.61
2130 85.97 59.29 5.71 79.29 24.91
2131 85.97 62.70 5.75 90.93 21.98
2132 85.94 29.09 4.68 7.23 94.89
2133 85.82 45.05 4.69 27.16 125.62
2134 86.07 66.00 5.86 106.91 21.73
2135 85.73 37.53 5.92 16.17 118.33
2136 86.06 15.92 3.52 4.55 69.47
2137 85.90 38.84 5.68 12.29 118.12
2138 86.38 68.93 6.38 85.11 21.25
2139 86.24 72.66 5.69 85.29 20.70
2140 85.96 25.17 5.13 7.58 75.24
2141 86.14 31.96 5.44 6.78 109.72
2142 86.20 53.96 6.07 51.60 124.91
2143 86.36 40.53 5.17 11.54 123.84
2144 86.48 56.69 5.49 43.02 104.60
2145 86.43 18.88 2.92 4.34 61.19
2146 86.58 22.06 3.67 5.77 75.92
2147 86.58 47.56 5.82 25.47 122.20
2148 86.34 37.08 6.00 8.30 123.54
2149 86.70 44.16 5.47 14.32 112.63
2150 86.57 24.16 5.32 3.84 74.00
2151 87.08 30.79 4.32 5.00 101.72
2152 86.94 27.37 4.79 4.86 84.19
2153 87.08 35.15 4.83 6.53 99.20
2154 87.08 64.77 6.12 65.33 23.18
2155 86.91 37.46 5.00 5.64 115.05
2156 87.22 61.54 6.22 58.32 72.91
2157 87.07 33.62 5.24 7.67 105.56
2158 86.96 51.28 6.85 23.44 129.47
2159 87.15 49.48 6.00 28.64 132.10
2160 87.45 41.77 5.21 10.20 121.85
2161 87.64 67.77 5.92 68.96 20.76
2162 87.39 71.94 5.59 85.72 19.01
2163 87.70 25.25 4.02 3.20 69.76
2164 87.48 39.54 4.92 7.87 113.87
2165 87.52 52.65 5.86 27.65 125.22
2166 87.65 54.87 6.16 35.70 130.09
2167 87.56 28.16 5.18 3.05 80.13
2168 87.66 58.44 6.17 55.98 118.29
2169 87.57 18.90 3.24 2.29 48.84
2170 87.67 23.03 3.49 3.00 65.50
2171 87.80 46.99 5.83 13.12 123.59
2172 88.00 44.30 5.06 7.44 116.99
2173 87.72 50.06 5.97 18.56 140.67
2174 87.89 70.65 6.23 80.23 19.94
2175 88.01 37.02 4.59 4.81 94.90
2176 88.27 33.11 4.44 3.52 78.52
2177 87.81 34.89 6.12 3.00 87.62
2178 88.09 64.00 5.39 43.14 82.45
2179 88.54 29.65 4.26 2.48 63.37
2180 88.05 42.40 5.20 4.00 109.60
2181 88.36 51.20 4.95 16.44 122.42
2182 88.18 60.77 5.38 18.73 100.00
2183 88.24 39.26 5.32 4.79 108.15
2184 88.43 48.94 6.19 8.26 130.09
2185 88.90 65.14 6.30 25.54 103.70
2186 89.01 35.20 4.70 3.05 80.80
2187 88.36 40.78 4.42 6.58 108.58
2188 88.58 62.74 6.16 18.95 107.68
2189 88.87 53.29 6.78 10.72 123.13
2190 88.53 57.57 6.00 15.16 131.86
2191 88.86 59.92 6.22 17.77 123.54
2192 88.78 66.90 6.62 47.80 90.65
2193 89.05 69.21 5.93 35.13 57.15
2194 88.78 24.64 4.29 2.02 47.68
2195 89.06 26.98 3.53 1.96 49.08
2196 89.07 45.90 5.46 5.50 121.85
2197 89.10 40.99 5.12 3.56 95.03
2198 89.33 43.32 4.36 4.48 91.36
2199 89.21 38.10 4.85 3.78 83.39
2200 89.22 57.15 5.88 11.25 122.77
2201 89.55 31.27 4.33 2.28 57.91
2202 89.44 22.75 3.70 1.56 30.70
2203 89.28 23.81 3.69 2.00 40.12
2204 89.59 49.56 5.27 6.25 127.67
2205 89.70 70.76 5.35 21.19 55.67
2206 89.73 24.92 3.36 1.45 32.53
2207 89.83 67.60 6.50 21.17 98.50
2208 89.88 39.01 4.93 2.66 68.79
2209 90.10 47.31 5.04 4.29 103.88
2210 90.04 60.07 6.09 9.89 124.87
2211 89.87 29.31 4.41 1.65 39.54
2212 90.37 36.15 4.42 2.28 41.36
2213 90.36 33.33 3.99 1.80 39.54
2214 90.38 41.40 4.54 2.88 72.25
2215 90.24 57.72 5.66 7.52 122.46
2216 90.13 27.47 3.67 1.62 32.60
2217 90.59 52.41 5.75 4.93 97.56
2218 90.69 62.93 5.33 11.60 92.21
2219 90.79 44.19 4.75 2.93 73.58
2220 90.45 55.86 5.79 5.79 113.21
2221 90.32 68.61 7.00 21.22 80.89
2222 90.61 24.26 3.06 1.16 20.61
2223 90.89 29.74 4.10 1.39 29.48
2224 90.94 25.50 3.43 1.08 20.63
2225 90.93 31.50 4.08 1.30 29.92
2226 90.85 38.58 4.19 2.08 37.54
2227 90.84 66.36 6.20 14.64 91.31
2228 91.22 49.64 5.32 3.35 56.74
2229 91.09 27.13 4.17 1.00 18.66
2230 91.22 59.72 6.08 6.59 109.88
2231 91.13 23.76 3.17 1.13 18.13
2232 91.41 54.74 4.48 4.38 102.60
2233 91.31 57.22 5.46 6.46 110.69
2234 91.03 64.10 5.05 11.30 85.50
2235 91.35 47.82 4.61 2.63 65.37
2236 91.36 34.34 3.44 1.65 29.26
2237 91.55 53.52 5.11 3.63 97.74
2238 91.73 35.92 3.37 1.37 22.77
2239 91.57 51.25 5.24 3.33 65.42
2240 91.55 61.23 5.35 5.62 91.95
2241 91.46 64.11 4.86 8.86 92.43
2242 91.80 66.59 5.26 10.55 94.05
2243 92.11 27.18 3.21 0.76 14.71
2244 91.79 29.97 3.83 0.83 18.78
2245 91.95 42.04 3.94 2.11 27.19
2246 91.81 64.90 5.56 9.30 100.07
2247 92.05 37.32 4.13 1.61 23.44
2248 92.04 44.18 4.27 1.85 32.58
2249 91.94 52.62 5.12 3.68 79.12
2250 92.21 33.82 3.92 1.23 24.09
2251 91.99 62.86 5.12 5.69 88.81
2252 92.00 57.72 6.47 3.47 105.59
2253 92.16 61.68 6.26 4.37 96.26
2254 92.28 51.40 5.36 2.45 61.86
2255 92.37 47.73 5.91 1.84 40.58
2256 92.40 64.00 5.83 4.69 104.63
2257 92.27 58.63 5.24 5.71 113.48
2258 92.59 55.47 5.43 3.32 83.05
2259 92.53 60.37 4.89 4.04 104.11
2260 92.55 38.56 5.00 1.43 21.96
2261 92.68 49.78 5.25 2.04 38.12
2262 92.48 57.03 5.81 3.75 98.31
2263 92.60 65.56 5.25 5.02 88.20
2264 92.78 42.80 4.31 1.96 22.98
2265 92.86 29.01 4.42 1.08 15.28
2266 92.84 53.29 4.93 3.05 68.74
2267 93.04 40.98 4.68 1.33 19.77
2268 92.77 44.26 3.95 1.74 25.32
2269 93.12 59.18 5.46 3.55 99.16
2270 92.89 62.58 5.41 2.92 89.30
2271 93.49 36.34 3.92 1.10 16.97
2272 93.04 39.23 3.73 1.57 15.87
2273 92.89 27.86 3.86 0.29 13.57
2274 93.04 57.39 5.31 2.90 79.34
2275 92.94 37.70 3.80 1.20 20.30
2276 93.28 35.02 3.95 1.22 18.75
2277 93.42 44.88 4.09 1.36 22.64
2278 93.39 56.08 4.04 2.61 64.11
2279 93.70 49.30 5.40 1.84 28.55
2280 93.55 53.98 4.90 2.20 58.22
2281 93.39 63.20 5.26 3.05 80.89
2282 93.59 29.04 3.91 0.74 14.11
2283 93.98 51.51 5.12 1.75 31.22
2284 93.89 43.40 3.86 1.30 20.78
2285 93.94 42.00 3.97 1.16 17.95
2286 93.96 58.14 5.15 2.54 64.69
2287 94.03 54.86 4.18 2.68 43.95
2288 94.09 44.61 4.00 1.09 20.77
2289 94.60 59.88 4.99 2.02 57.97
2290 94.04 56.52 4.75 2.25 56.00
2291 94.38 29.48 5.20 0.55 12.02
2292 94.24 37.09 4.04 0.68 15.18
2293 94.68 39.64 4.89 1.21 15.86
2294 94.36 46.92 3.60 1.20 19.10
2295 94.51 55.34 4.47 1.93 36.04
2296 94.83 53.29 4.65 1.45 23.50
2297 94.76 45.00 5.10 1.30 15.88
2298 94.75 35.95 5.63 1.12 15.22
2299 94.62 48.02 4.63 1.63 19.11
2300 95.03 56.26 4.69 1.59 29.47
2301 95.09 51.59 4.45 1.22 24.42
2302 94.89 46.05 5.00 1.00 13.82
2303 95.25 31.91 6.15 0.69 13.17
2304 95.11 47.70 3.61 1.24 18.76
2305 95.41 33.65 6.64 0.61 13.71
2306 95.44 42.43 5.30 1.09 16.33
2307 95.56 50.57 3.74 1.62 20.36
2308 95.91 36.53 5.52 1.00 14.55
2309 95.68 48.82 4.41 1.12 15.63
2310 95.40 45.10 5.75 1.25 23.50
2311 95.49 46.86 4.45 1.27 17.09
2312 95.71 38.93 5.81 1.10 15.27
2313 95.63 52.99 4.95 0.95 22.77
2314 95.73 44.16 5.03 0.92 16.51
2315 95.81 54.30 3.77 1.13 24.72
2316 96.01 45.77 3.89 0.68 16.24
2317 96.04 42.07 4.96 1.11 15.64
2318 96.18 47.11 4.64 1.04 16.62
2319 96.37 49.90 4.51 1.40 18.57
2320 96.49 39.49 6.23 0.72 15.86
2321 96.59 40.96 6.45 0.87 13.81
2322 96.89 44.05 5.70 0.74 14.36
2323 96.40 53.83 4.20 1.40 20.65
2324 96.52 51.79 4.61 1.07 17.74
2325 97.12 48.75 4.80 1.10 16.59
2326 97.08 46.09 4.24 1.02 16.07
2327 97.43 40.30 7.80 0.30 14.85
2328 97.58 44.38 4.00 1.00 17.75
2329 97.97 41.78 4.57 0.65 13.75
2330 97.98 45.20 5.08 0.55 16.09

