#<Embryo name> <Cleavage cycle> <Temporal class> <Genes>
mu15 14A 8 Kruppel even-skipped fushi-tarazu

#Quantitative data
#<Nucleus number> <A-P coordinate> <D-V coordinate> <Fluorescence intensity: channel 1 - Kr, channel 2 - eve, channel 3 - ftz>
0 1.87 44.12 4.24 1.42 26.94
1 2.69 41.83 4.03 1.64 29.01
2 2.81 47.86 3.69 1.74 32.68
3 3.17 38.79 5.00 1.71 29.71
4 3.35 49.53 3.83 1.85 32.43
5 3.66 42.86 5.21 1.94 33.38
6 3.96 50.52 4.44 2.71 32.06
7 4.19 47.50 5.04 1.58 29.28
8 4.40 35.42 4.85 1.46 31.61
9 4.51 39.37 5.91 1.87 34.89
10 4.29 49.28 4.43 2.57 36.71
11 4.61 37.64 5.04 2.22 30.87
12 4.90 45.14 5.97 2.32 33.14
13 5.11 42.63 5.81 2.02 36.46
14 4.61 48.57 4.67 1.78 33.56
15 4.98 36.51 6.00 1.95 35.00
16 5.20 52.22 5.05 2.04 30.19
17 5.31 54.24 4.84 1.68 30.55
18 5.11 48.10 5.17 2.17 29.13
19 5.38 49.95 4.98 2.46 33.38
20 5.45 39.32 5.77 1.85 35.09
21 5.69 35.81 6.38 1.88 33.60
22 5.65 56.61 5.28 2.21 33.34
23 6.06 47.20 4.98 2.07 35.64
24 6.05 45.42 4.91 2.52 36.11
25 5.85 41.25 5.53 2.12 37.06
26 6.00 50.79 5.71 1.79 30.88
27 6.37 38.36 6.54 2.19 35.37
28 6.06 53.67 5.12 1.31 30.19
29 6.43 56.83 5.03 1.69 30.86
30 6.49 41.69 6.52 2.11 35.29
31 6.50 52.40 5.50 1.85 30.60
32 6.44 54.83 4.36 2.18 32.59
33 6.76 35.59 8.62 2.03 34.05
34 7.02 48.07 5.52 2.42 35.48
35 6.85 50.06 5.97 2.33 33.06
36 6.97 44.75 5.86 2.07 33.02
37 7.19 32.85 9.30 2.26 33.02
38 7.14 53.82 6.60 2.07 31.20
39 7.41 39.71 8.52 2.51 32.69
40 7.34 41.97 9.28 2.34 38.83
41 7.17 58.64 4.05 1.81 33.29
42 7.51 43.65 6.58 2.71 37.06
43 7.84 38.15 8.31 2.29 34.90
44 7.86 45.99 6.73 2.34 36.76
45 7.61 57.73 6.19 2.06 30.90
46 7.92 50.23 5.56 2.20 32.10
47 7.90 52.62 6.72 2.28 39.39
48 7.76 54.98 7.87 1.74 31.74
49 8.03 61.77 4.15 1.77 26.64
50 7.98 31.57 8.30 1.83 33.66
51 8.06 34.49 12.68 2.07 32.88
52 7.96 42.69 5.73 2.23 36.68
53 8.26 36.65 8.88 2.43 39.95
54 8.26 55.93 5.19 2.14 33.81
55 8.49 33.12 9.73 2.20 36.63
56 8.41 47.51 6.71 2.81 38.71
57 8.50 29.50 7.49 1.80 34.83
58 8.31 39.70 9.17 1.33 43.67
59 8.58 41.02 9.53 2.47 35.95
60 8.74 43.54 8.03 2.66 36.60
61 8.79 58.36 5.56 2.38 34.04
62 8.72 60.22 4.63 1.98 32.44
63 9.15 53.10 6.68 2.90 38.56
64 8.74 56.77 8.11 2.22 34.67
65 8.99 38.88 13.51 2.37 35.09
66 8.95 45.68 7.39 2.44 33.89
67 8.93 50.11 6.27 2.43 36.93
68 9.13 55.26 6.79 2.35 37.35
69 9.22 63.07 4.63 1.76 30.76
70 9.14 28.51 9.65 2.24 33.92
71 9.02 36.37 12.09 2.86 37.86
72 9.24 30.80 7.50 2.43 37.48
73 9.33 34.14 10.59 2.30 38.48
74 9.37 48.57 7.11 2.67 34.26
75 9.34 40.20 14.17 2.33 33.92
76 9.60 59.83 5.42 2.36 33.36
77 9.54 61.54 4.32 2.54 29.32
78 9.50 32.70 10.92 2.17 37.00
79 9.78 37.53 11.66 2.89 36.13
80 9.54 51.01 6.46 2.58 39.46
81 9.50 45.59 9.50 2.12 34.94
82 9.80 57.86 5.91 2.38 34.62
83 9.88 28.05 9.24 2.41 32.71
84 9.92 46.87 7.00 3.33 40.00
85 9.97 39.88 10.61 2.89 38.28
86 10.11 55.98 6.15 2.68 39.76
87 10.35 31.34 13.07 2.63 36.31
88 10.28 48.34 7.06 2.47 33.79
89 10.29 42.74 11.25 2.67 37.61
90 10.38 45.58 10.57 2.75 39.10
91 10.29 29.23 11.73 2.05 35.46
92 10.34 52.21 7.67 2.78 34.51
93 10.73 64.10 4.47 2.01 33.49
94 10.34 61.90 4.96 2.35 37.48
95 10.43 40.86 10.60 2.35 36.80
96 10.56 49.90 7.68 2.62 40.71
97 10.89 36.77 11.31 2.71 39.67
98 10.78 34.12 13.54 2.85 39.15
99 10.90 66.47 3.49 2.13 28.57
100 11.29 39.16 14.69 2.46 38.44
101 11.14 46.99 8.75 2.54 38.18
102 11.14 53.60 6.79 2.18 41.36
103 11.47 62.12 5.16 2.25 30.73
104 11.39 43.86 12.02 2.49 36.32
105 11.27 60.27 4.98 2.13 37.82
106 11.34 29.09 13.94 2.52 37.58
107 11.36 42.11 12.71 3.07 40.52
108 11.28 24.56 6.38 2.12 34.46
109 11.48 48.77 8.38 2.74 41.58
110 11.42 50.83 7.34 2.14 40.31
111 11.86 58.71 6.32 2.89 35.75
112 11.40 32.09 11.03 2.45 40.21
113 11.56 67.85 3.84 2.47 31.66
114 11.69 26.00 10.93 2.05 35.50
115 11.53 63.74 4.56 1.67 35.11
116 12.49 35.93 15.77 3.04 37.28
117 12.04 46.27 11.92 2.93 38.14
118 11.86 52.73 6.56 3.10 42.31
119 11.87 33.46 16.57 2.29 41.57
120 12.01 29.63 14.21 1.93 35.48
121 12.08 40.56 8.85 2.34 40.77
122 12.05 31.16 13.85 2.78 38.89
123 12.19 64.47 5.26 2.15 37.37
124 11.99 63.20 3.33 3.00 36.33
125 12.48 66.67 4.71 1.99 33.64
126 12.13 44.23 10.80 2.20 46.10
127 12.40 26.47 12.15 2.21 37.87
128 12.48 33.86 16.07 2.80 41.77
129 12.46 27.86 17.50 2.83 36.83
130 12.99 43.87 13.11 2.77 36.12
131 12.71 52.80 6.74 2.53 40.26
132 12.55 62.97 5.57 2.43 40.14
133 12.83 70.00 3.79 2.12 30.26
134 12.93 41.85 10.06 2.33 37.49
135 12.96 64.20 5.04 2.54 35.29
136 13.00 23.43 7.89 2.14 37.27
137 12.98 28.97 13.96 2.62 36.82
138 13.23 30.96 15.01 3.04 38.25
139 13.10 32.78 15.25 3.02 40.29
140 13.16 38.74 17.45 3.24 38.00
141 13.18 49.88 8.94 2.64 39.31
142 13.09 58.58 5.42 2.80 37.85
143 13.22 47.23 10.53 3.03 38.82
144 13.28 56.17 7.36 3.34 38.87
145 13.58 54.47 7.07 3.40 38.70
146 13.26 27.89 14.17 2.50 45.00
147 13.49 68.45 3.85 2.12 35.52
148 13.72 22.08 8.61 1.52 36.09
149 13.85 41.11 13.06 2.85 39.96
150 13.74 45.56 12.67 2.52 39.19
151 14.11 27.34 11.67 2.60 35.54
152 13.98 25.32 11.58 2.58 34.47
153 14.18 36.04 15.47 2.79 38.05
154 14.01 64.63 4.91 2.78 37.27
155 13.99 34.06 15.03 3.28 41.26
156 14.30 48.56 9.73 2.69 40.90
157 14.64 62.42 5.28 2.82 35.73
158 14.07 56.93 8.03 3.48 33.82
159 14.28 30.61 14.19 2.67 42.09
160 14.43 44.45 11.77 2.90 39.31
161 14.47 38.01 12.88 3.04 42.88
162 14.43 51.54 8.94 2.91 40.18
163 14.30 53.57 6.04 2.71 38.38
164 14.38 55.54 6.71 3.21 36.71
165 14.41 63.52 6.33 2.00 42.17
166 14.73 42.01 12.03 3.00 40.23
167 14.59 57.70 5.88 3.65 40.18
168 14.69 23.17 10.32 1.89 33.25
169 14.90 28.71 15.26 2.81 37.10
170 14.94 34.15 18.06 2.47 37.31
171 14.94 59.20 5.35 3.45 34.12
172 15.02 39.40 14.31 3.08 37.31
173 15.00 46.54 10.58 2.71 39.58
174 15.02 50.05 11.26 3.05 42.56
175 15.04 56.71 6.33 2.77 40.79
176 14.90 60.90 6.00 3.25 39.70
177 15.26 54.08 7.29 3.74 37.45
178 15.10 67.28 5.32 2.60 33.32
179 15.18 31.17 11.72 2.28 41.78
180 15.43 26.23 13.76 2.83 35.56
181 15.50 21.96 14.05 2.22 33.43
182 15.37 68.98 4.45 3.00 33.88
183 15.43 36.59 17.19 3.27 37.90
184 15.57 65.46 6.12 2.80 38.92
185 15.40 20.14 8.94 2.00 35.53
186 15.70 29.01 12.53 3.00 36.55
187 15.79 44.83 12.26 2.86 37.36
188 15.42 60.79 5.72 3.24 36.12
189 15.64 50.36 10.00 3.50 41.64
190 15.95 48.64 11.88 3.23 39.88
191 15.95 63.42 4.94 3.26 38.92
192 16.27 31.79 12.84 2.73 39.88
193 16.46 60.09 6.04 3.28 40.64
194 16.21 34.46 13.71 2.91 42.07
195 16.10 53.33 8.88 3.25 39.12
196 16.18 66.74 4.89 3.13 35.34
197 16.30 47.16 10.38 3.70 42.00
198 16.31 51.31 8.89 2.92 40.45
199 16.31 62.12 5.22 2.96 38.87
200 16.37 22.52 11.13 2.21 34.47
201 16.45 26.36 12.00 2.42 36.91
202 16.66 24.12 13.65 2.47 36.74
203 16.46 30.41 10.58 3.04 41.75
204 16.54 43.06 11.53 2.59 38.78
205 16.95 20.02 7.53 2.35 33.47
206 16.88 53.95 7.00 3.60 41.89
207 17.12 63.95 5.14 3.30 39.86
208 17.20 29.63 11.92 2.12 41.42
209 16.95 33.51 11.51 3.14 39.26
210 16.89 41.13 11.88 3.67 39.49
211 17.09 36.84 13.33 2.96 43.98
212 17.11 66.73 5.47 3.02 37.50
213 16.89 46.76 9.38 2.88 49.25
214 17.17 45.73 9.95 2.58 37.65
215 17.18 50.31 9.87 3.35 38.43
216 17.21 74.68 4.68 2.37 34.23
217 17.79 27.34 10.98 3.02 38.65
218 17.51 57.17 5.48 3.20 38.48
219 17.36 43.31 10.09 3.17 40.98
220 17.33 39.56 12.05 2.74 39.95
221 17.38 48.00 9.21 3.41 40.68
222 17.50 59.38 5.88 4.05 36.51
223 17.53 72.60 5.07 3.34 37.81
224 17.61 24.13 11.12 2.77 40.81
225 17.87 61.77 5.77 3.38 41.85
226 17.85 35.16 11.09 2.95 42.62
227 17.70 54.08 6.59 3.63 36.84
228 17.85 70.29 4.33 2.91 41.27
229 17.73 37.72 10.58 2.68 35.05
230 17.99 44.71 7.96 3.88 41.06
231 17.98 21.06 7.38 2.39 35.84
232 17.69 46.97 11.20 3.80 40.40
233 18.04 48.86 7.10 3.21 36.90
234 18.03 25.87 10.25 2.69 42.19
235 18.82 42.39 7.21 2.90 43.43
236 18.31 51.32 7.21 3.35 39.86
237 18.10 66.42 5.75 3.06 36.15
238 18.15 59.81 5.19 3.00 36.81
239 18.10 30.01 9.17 2.83 42.67
240 18.29 23.42 7.90 2.67 36.62
241 18.55 29.40 9.75 2.98 36.71
242 18.70 45.55 6.93 3.36 40.06
243 18.35 53.67 6.64 3.91 40.55
244 18.74 74.83 4.68 2.55 35.29
245 18.35 37.01 8.07 4.36 35.36
246 18.71 56.49 5.69 3.44 40.98
247 18.66 72.07 4.65 2.98 35.21
248 19.03 58.62 5.61 3.67 40.38
249 18.80 54.47 6.89 3.21 37.63
250 18.88 47.81 7.58 2.83 42.20
251 18.81 35.63 6.54 2.88 40.45
252 18.79 19.13 5.12 2.06 35.73
253 18.72 65.82 5.68 3.04 37.46
254 19.08 77.21 3.73 1.98 33.09
255 19.11 63.68 5.65 3.41 38.02
256 19.35 49.93 6.70 3.79 37.09
257 19.30 67.97 5.16 3.64 36.96
258 19.03 60.67 3.00 3.33 41.00
259 19.29 23.39 7.62 2.15 38.58
260 19.41 28.66 6.68 3.14 39.23
261 19.55 20.85 5.47 2.41 34.39
262 19.42 32.19 7.24 3.05 37.86
263 19.41 61.29 5.40 3.00 39.53
264 19.43 70.62 5.64 2.90 37.24
265 19.31 37.00 8.00 3.80 43.60
266 19.61 38.51 5.63 3.13 39.76
267 19.93 30.68 6.43 2.75 42.23
268 19.52 36.31 8.50 3.00 38.00
269 20.14 40.58 6.38 3.37 38.25
270 19.79 44.75 6.76 3.05 41.33
271 19.80 25.44 6.05 2.55 38.36
272 20.14 48.34 7.33 3.06 41.08
273 19.95 74.38 4.40 2.80 35.38
274 19.99 76.99 4.29 2.73 34.13
275 20.43 55.22 5.61 3.37 38.74
276 20.14 57.95 5.93 3.48 39.48
277 20.64 60.63 5.44 3.65 39.92
278 20.29 66.68 5.12 3.84 39.47
279 20.59 70.99 5.48 3.45 37.11
280 20.53 78.80 4.39 1.91 28.41
281 20.62 19.61 4.93 2.11 32.36
282 20.50 22.40 5.95 2.90 40.00
283 20.74 27.54 6.96 3.08 38.32
284 20.83 42.86 6.60 3.26 35.65
285 20.78 45.85 5.61 3.78 37.00
286 20.76 62.66 5.22 3.44 39.53
287 20.88 24.32 6.61 3.36 37.31
288 20.60 73.41 4.10 3.19 37.97
289 20.92 31.52 6.91 3.22 39.53
290 20.68 76.44 4.32 3.38 36.45
291 20.78 50.91 6.02 3.21 36.52
292 20.82 68.48 5.75 3.67 37.76
293 20.64 47.99 7.00 8.00 34.00
294 21.07 58.03 6.24 3.79 39.76
295 20.94 33.41 5.68 3.51 41.23
296 21.16 37.34 5.38 3.40 38.08
297 21.59 72.46 5.05 3.84 35.02
298 21.39 75.21 4.66 3.32 32.64
299 21.57 28.87 5.34 3.45 36.25
300 21.48 47.36 6.32 3.49 41.78
301 21.40 49.51 7.04 2.88 47.68
302 21.41 78.42 4.58 2.89 32.74
303 21.87 17.44 4.05 2.26 32.71
304 21.58 34.86 5.50 3.31 40.26
305 21.67 40.56 6.88 3.18 38.43
306 21.56 70.10 4.79 3.48 38.14
307 21.40 22.65 4.11 3.00 39.00
308 21.52 68.19 5.16 3.37 35.74
309 21.67 55.79 6.02 3.77 40.09
310 21.79 66.73 5.02 3.68 39.16
311 21.71 26.36 6.52 3.38 37.83
312 21.83 20.24 5.65 2.24 35.44
313 21.72 42.98 6.17 3.48 38.02
314 21.98 31.78 6.73 3.53 37.91
315 21.92 50.72 5.89 4.11 43.49
316 22.14 63.26 5.93 4.02 40.36
317 21.94 37.38 5.34 3.32 36.66
318 22.09 22.35 5.21 2.71 34.35
319 22.11 77.28 4.48 3.10 33.56
320 22.55 69.13 5.86 3.73 39.93
321 22.67 49.27 6.21 3.84 41.05
322 22.20 52.16 5.44 4.00 39.19
323 22.54 27.07 5.39 3.76 39.08
324 22.47 47.06 5.65 3.42 39.65
325 22.36 65.83 5.55 4.00 39.60
326 22.46 73.94 4.79 3.83 36.31
327 22.51 54.60 4.72 3.67 40.46
328 22.83 38.48 6.05 3.48 42.03
329 22.65 15.36 5.00 2.69 33.71
330 22.74 40.88 6.12 3.63 39.25
331 23.11 60.98 5.24 4.06 38.96
332 22.64 79.80 4.00 2.37 29.81
333 22.83 32.80 5.52 3.88 40.40
334 22.81 71.72 5.91 4.33 39.02
335 22.77 75.47 4.58 3.91 33.85
336 22.99 52.58 5.62 4.56 40.44
337 23.13 23.75 5.03 2.58 39.69
338 23.40 44.29 5.44 3.62 37.90
339 23.33 18.75 5.30 2.76 35.06
340 23.24 30.60 5.60 3.19 36.90
341 23.19 36.19 5.97 3.46 35.82
342 23.25 78.20 5.24 3.35 33.32
343 23.35 55.85 5.19 4.86 37.02
344 23.37 66.81 5.60 3.84 38.18
345 23.53 63.55 4.60 4.49 36.71
346 23.25 47.48 5.21 3.84 42.05
347 23.58 20.60 4.83 3.29 40.24
348 23.39 70.31 6.53 4.00 38.40
349 23.45 15.76 4.09 2.27 32.23
350 23.78 50.15 5.60 3.96 37.26
351 23.65 73.46 5.30 4.42 37.57
352 23.81 26.29 5.02 3.12 39.97
353 23.75 32.52 5.41 2.90 43.08
354 23.85 41.00 6.07 3.80 39.44
355 23.62 72.07 5.75 4.00 38.62
356 23.80 80.52 4.35 3.96 32.09
357 23.98 28.49 5.68 3.21 37.51
358 23.89 47.10 5.71 3.63 39.63
359 23.70 69.30 8.00 4.00 51.00
360 24.05 24.19 4.98 3.37 40.43
361 23.95 35.01 4.93 4.36 37.86
362 24.09 59.77 6.61 4.59 39.64
363 24.20 30.44 5.07 3.26 37.70
364 24.62 52.32 5.59 4.21 38.32
365 23.96 67.11 8.00 4.33 39.67
366 24.28 21.60 5.12 3.62 38.84
367 24.56 36.43 5.71 4.11 39.74
368 24.41 38.86 5.08 3.64 40.90
369 24.54 66.58 5.30 5.62 39.82
370 24.49 33.76 5.77 3.80 38.59
371 24.57 62.58 5.24 4.39 39.25
372 24.57 18.52 4.63 2.94 38.39
373 24.70 42.31 5.51 3.90 38.44
374 24.81 56.13 5.33 4.72 39.96
375 24.53 68.21 5.15 4.81 37.19
376 24.62 23.03 6.03 4.50 41.28
377 24.69 44.35 5.65 4.11 44.46
378 25.59 27.02 5.27 3.50 38.04
379 24.74 48.41 4.88 3.95 38.04
380 24.94 75.14 5.60 6.00 37.19
381 24.84 78.25 4.62 5.31 32.64
382 24.88 60.27 5.55 4.81 39.79
383 25.28 24.45 4.94 3.68 36.94
384 25.12 80.77 4.43 4.37 34.13
385 25.19 30.65 5.79 3.56 42.74
386 25.16 15.50 3.91 2.65 32.08
387 25.25 33.85 5.57 3.78 43.18
388 25.35 57.75 5.65 5.69 39.02
389 25.69 47.41 5.12 4.04 41.65
390 25.67 65.85 5.26 7.14 41.72
391 25.79 50.33 5.50 4.57 40.73
392 26.11 35.14 5.41 4.31 41.19
393 25.84 37.41 5.56 3.89 40.26
394 25.58 60.77 5.95 5.30 39.60
395 25.69 78.45 5.50 6.17 33.27
396 26.16 18.27 4.23 2.91 37.06
397 26.15 55.25 5.54 4.89 41.84
398 25.89 76.74 4.86 6.00 35.44
399 26.17 71.52 5.58 8.55 38.37
400 25.83 74.52 4.80 6.76 38.33
401 26.16 60.08 5.81 6.31 41.42
402 26.27 43.13 5.84 4.52 36.22
403 25.93 32.20 5.61 4.89 36.67
404 26.16 82.10 4.36 6.17 31.19
405 26.16 21.50 4.81 3.11 37.56
406 26.22 30.30 4.77 3.86 42.99
407 25.87 49.16 3.67 3.83 42.17
408 25.93 63.99 5.91 6.27 45.64
409 26.10 57.10 6.04 5.17 40.22
410 26.19 62.52 5.54 7.05 38.95
411 26.37 24.06 5.05 3.23 39.15
412 26.26 52.66 5.77 4.82 42.05
413 26.39 14.48 4.15 2.62 31.04
414 26.29 33.00 5.67 3.29 37.88
415 26.40 45.03 4.84 5.22 35.56
416 26.23 73.63 6.33 7.92 39.58
417 26.64 47.76 5.40 5.12 41.33
418 26.76 68.96 5.28 13.16 39.98
419 26.43 79.22 5.43 6.14 34.86
420 26.70 50.69 5.97 5.29 39.85
421 26.76 40.66 5.08 4.53 42.76
422 26.73 76.51 5.54 8.10 35.46
423 26.89 28.36 4.72 4.56 46.36
424 27.03 66.93 5.78 12.71 42.73
425 26.79 73.45 5.62 8.28 36.94
426 26.85 80.25 4.53 10.63 30.72
427 26.92 19.24 5.51 3.27 35.16
428 27.07 38.70 5.86 4.32 43.48
429 27.06 33.67 5.58 4.96 41.60
430 26.90 65.06 4.98 13.10 38.90
431 26.99 15.94 4.38 2.58 36.60
432 27.07 36.49 5.23 4.63 43.37
433 27.13 46.12 5.49 5.14 42.43
434 26.91 20.54 5.33 3.56 36.67
435 27.08 82.68 3.48 8.67 30.88
436 27.37 22.77 4.62 3.56 37.82
437 27.30 53.56 5.91 6.60 41.24
438 27.25 59.18 5.64 10.19 41.19
439 27.01 30.24 6.78 4.00 44.89
440 27.16 61.62 5.76 10.23 40.37
441 27.17 77.90 4.59 13.21 31.03
442 27.70 70.97 5.85 42.27 36.24
443 27.38 75.23 5.31 10.88 34.40
444 27.61 41.98 5.55 5.10 41.48
445 27.69 48.84 5.91 6.45 37.88
446 27.69 31.05 5.40 4.50 39.24
447 27.71 51.14 6.23 7.23 43.16
448 27.79 20.29 4.41 3.82 34.47
449 27.53 43.59 4.70 5.05 43.10
450 27.62 79.63 4.68 12.47 34.63
451 27.62 15.22 3.67 2.58 32.42
452 27.63 26.01 5.19 4.11 40.13
453 27.74 44.87 5.70 5.30 42.30
454 27.73 56.90 5.80 10.91 40.52
455 27.81 27.87 4.97 4.82 39.49
456 27.64 76.48 5.40 12.40 39.40
457 27.98 39.83 5.72 5.87 40.91
458 28.29 66.05 5.85 123.41 35.18
459 28.07 83.96 4.43 33.63 25.13
460 28.09 33.56 5.78 4.92 38.32
461 28.20 62.44 5.69 103.33 35.61
462 28.00 24.46 4.25 4.25 40.25
463 28.33 77.36 5.73 60.84 33.67
464 28.25 21.61 4.55 3.84 38.47
465 28.17 13.72 2.75 2.55 32.85
466 28.78 72.41 5.78 97.48 32.15
467 28.51 37.87 4.59 5.87 40.39
468 28.51 43.78 6.46 6.95 40.42
469 28.37 46.13 6.25 6.80 38.95
470 28.52 80.76 4.43 56.52 30.37
471 28.50 15.07 4.22 3.86 32.73
472 28.78 24.79 5.18 4.40 38.22
473 28.55 50.30 6.29 10.46 41.71
474 28.55 41.62 6.35 5.47 44.29
475 28.92 54.03 6.21 58.63 34.66
476 29.06 36.19 5.75 6.31 40.18
477 28.46 39.02 6.00 5.00 52.00
478 28.87 68.91 5.73 133.94 35.69
479 28.88 48.65 5.62 10.58 41.25
480 29.10 75.30 6.13 87.62 36.59
481 29.10 59.24 6.35 150.51 34.59
482 28.86 85.38 4.31 27.67 33.89
483 29.07 19.38 4.20 4.04 37.04
484 29.04 33.50 5.28 5.36 37.66
485 29.05 40.03 6.37 7.40 43.73
486 29.07 22.32 4.77 4.03 39.00
487 29.22 42.28 6.00 9.35 41.17
488 29.36 14.61 3.69 4.16 29.23
489 29.40 63.75 6.37 184.09 35.79
490 29.64 27.87 4.98 6.15 39.65
491 29.43 78.64 5.74 65.68 37.65
492 29.94 87.30 4.26 9.21 92.71
493 29.42 82.54 5.52 30.44 87.80
494 29.77 56.17 6.14 165.34 35.98
495 29.90 50.18 6.03 132.62 38.42
496 29.31 44.07 3.33 11.00 51.00
497 29.49 21.35 4.65 5.00 35.71
498 29.76 66.38 6.02 143.62 36.15
499 30.07 61.35 6.31 181.46 35.21
500 29.67 23.87 4.41 5.90 36.07
501 29.78 44.63 4.96 14.91 40.45
502 30.10 18.74 4.86 5.98 37.19
503 29.95 34.57 5.51 6.86 44.22
504 30.06 69.89 6.24 130.69 39.05
505 29.92 16.80 4.00 5.20 31.22
506 29.92 38.29 5.26 8.08 39.73
507 30.02 73.01 7.19 110.86 36.95
508 29.99 30.86 5.42 6.06 41.42
509 30.53 47.26 5.99 126.96 36.71
510 30.27 53.22 6.20 175.34 34.83
511 30.04 26.18 5.00 4.78 36.19
512 30.03 80.97 6.07 28.85 109.67
513 30.15 42.09 6.13 10.57 41.00
514 30.19 21.87 4.38 5.80 36.04
515 30.22 76.23 7.11 64.11 44.04
516 30.29 24.37 5.09 4.82 39.68
517 30.37 79.02 6.22 27.24 130.43
518 30.31 19.74 5.00 5.83 40.28
519 30.31 36.23 6.35 12.12 40.88
520 30.74 58.43 6.76 166.37 37.04
521 30.51 32.34 4.88 8.54 39.50
522 30.58 40.27 5.76 13.79 41.91
523 30.48 16.38 5.20 5.50 35.50
524 30.53 33.61 5.19 8.75 42.31
525 30.60 28.06 4.66 6.91 41.41
526 30.75 67.06 5.61 121.97 37.69
527 30.71 74.18 6.31 67.90 87.51
528 30.72 23.17 5.81 6.94 39.81
529 31.14 89.83 3.50 4.07 78.13
530 31.25 43.59 6.53 126.89 38.17
531 31.04 16.76 4.08 7.63 36.54
532 30.92 21.23 5.08 8.87 34.68
533 30.72 35.89 7.00 7.75 42.50
534 31.24 71.62 6.52 46.44 148.89
535 31.06 76.37 6.40 28.72 122.12
536 31.68 23.63 4.98 10.80 38.50
537 31.28 55.62 6.27 176.39 36.78
538 31.06 79.67 5.84 25.94 155.49
539 31.20 50.64 7.14 209.37 31.91
540 31.14 82.39 7.02 20.90 147.53
541 31.32 31.98 5.43 11.48 42.00
542 31.20 26.95 5.18 8.70 40.30
543 31.23 60.64 6.71 109.21 45.31
544 31.48 85.09 5.51 7.95 127.74
545 31.61 64.61 6.37 40.55 163.26
546 31.72 38.23 5.82 122.08 40.39
547 31.71 46.19 6.32 193.11 39.81
548 31.67 25.55 4.98 12.42 39.58
549 31.40 77.89 7.55 31.60 144.45
550 31.73 87.41 4.99 6.99 121.13
551 31.79 40.80 5.95 153.44 36.81
552 31.84 52.89 6.03 173.49 34.43
553 31.75 28.59 5.55 13.24 38.36
554 31.84 20.10 4.37 14.18 37.42
555 31.71 21.47 4.62 10.94 34.84
556 31.78 62.10 7.92 39.36 157.45
557 31.99 11.52 3.86 16.22 30.08
558 32.22 34.42 5.46 101.48 36.29
559 32.16 67.64 6.95 30.93 173.36
560 31.62 76.57 7.00 35.50 166.75
561 31.74 81.72 6.58 15.16 158.10
562 31.66 83.79 5.00 10.14 136.86
563 32.15 73.33 6.72 22.84 166.12
564 31.86 75.20 6.33 24.69 149.02
565 31.86 80.01 6.38 17.89 159.04
566 32.01 30.30 5.80 17.37 43.63
567 32.17 48.98 6.02 176.48 40.65
568 32.30 16.41 3.80 49.69 32.44
569 32.22 56.99 6.97 121.30 48.50
570 32.23 60.08 7.32 52.92 164.31
571 31.94 89.28 4.77 5.00 87.08
572 32.43 70.72 7.98 17.50 165.15
573 32.71 26.56 5.57 82.03 34.23
574 32.46 62.74 7.82 37.91 171.09
575 32.76 85.69 5.65 12.95 94.66
576 32.79 77.89 7.45 12.30 154.66
577 33.00 31.03 5.27 127.06 33.35
578 32.72 54.26 6.27 107.98 39.25
579 32.73 59.08 7.39 67.17 164.80
580 32.54 80.01 6.83 16.67 149.37
581 32.89 88.88 5.15 16.04 68.23
582 33.00 42.12 6.64 192.93 37.07
583 32.80 45.42 7.09 171.19 42.23
584 33.17 21.53 5.41 123.91 34.69
585 32.86 81.49 6.56 19.76 130.17
586 33.26 11.51 3.34 87.81 28.71
587 33.17 14.23 4.33 125.91 30.76
588 33.08 18.79 4.49 97.27 31.76
589 33.01 39.20 6.28 191.38 35.58
590 33.10 36.61 6.31 192.76 39.81
591 33.02 51.00 6.39 132.09 41.99
592 32.93 73.22 7.00 11.76 165.35
593 33.33 71.22 8.13 12.94 151.10
594 33.16 48.26 7.17 99.88 33.54
595 33.53 23.92 4.89 153.28 33.88
596 33.56 61.94 7.16 17.87 166.40
597 33.43 64.36 7.15 12.63 171.00
598 33.21 75.61 6.22 9.69 159.33
599 33.35 56.29 7.35 27.71 160.36
600 33.88 90.12 4.87 41.16 27.30
601 33.61 33.41 5.71 180.02 36.41
602 33.69 28.55 6.21 160.93 38.24
603 33.73 58.91 8.11 19.62 173.42
604 33.77 52.94 6.86 41.04 169.85
605 33.49 57.75 7.00 21.17 189.17
606 33.79 46.03 7.50 121.91 45.96
607 34.15 66.45 8.11 12.07 170.88
608 33.79 85.69 6.40 40.91 36.91
609 34.14 16.97 4.84 141.46 32.40
610 33.90 43.43 6.56 114.61 42.40
611 34.13 77.55 8.12 21.59 90.83
612 34.07 26.17 6.27 175.69 38.17
613 33.95 74.91 7.69 13.38 139.63
614 34.07 83.87 7.34 46.53 51.91
615 34.02 55.10 7.07 31.80 168.52
616 34.49 35.90 6.57 151.59 42.43
617 34.28 48.35 7.21 54.80 170.81
618 34.18 38.16 6.80 160.55 37.73
619 34.19 40.55 6.09 135.60 38.03
620 34.55 50.95 6.96 25.93 183.62
621 34.58 69.71 7.63 12.03 142.14
622 34.50 13.46 3.93 127.13 29.65
623 34.35 19.73 5.44 142.21 36.08
624 34.36 30.97 5.94 157.22 37.91
625 34.67 60.77 8.04 11.16 164.25
626 34.75 21.78 5.20 141.34 44.51
627 34.82 10.68 3.14 78.20 29.82
628 34.73 57.44 8.25 13.13 175.06
629 34.80 43.95 7.57 45.81 161.94
630 35.09 81.71 9.90 103.38 35.33
631 34.89 63.84 7.45 9.58 144.79
632 34.90 24.54 5.50 142.81 39.48
633 34.89 28.04 6.18 145.18 43.67
634 34.98 45.83 7.32 36.22 185.66
635 34.78 54.08 7.63 14.37 172.59
636 34.87 75.69 9.00 31.35 81.95
637 34.96 33.03 6.83 125.00 44.04
638 35.16 87.16 7.48 80.52 29.39
639 35.13 74.13 9.12 22.54 80.04
640 35.28 39.76 6.53 54.27 167.20
641 35.25 55.01 7.09 13.69 177.24
642 35.34 42.47 6.94 41.04 178.20
643 35.45 15.10 4.86 94.97 36.60
644 35.32 17.72 4.79 97.87 30.38
645 35.23 58.10 7.42 11.38 171.38
646 35.35 30.25 6.17 102.62 44.86
647 35.57 52.18 8.19 14.09 185.90
648 35.78 67.57 8.79 18.03 90.17
649 35.59 35.59 6.10 63.85 124.50
650 35.86 49.53 8.13 13.62 188.93
651 35.90 62.56 8.26 12.50 122.79
652 35.90 84.47 11.29 80.50 38.58
653 35.70 19.82 5.58 78.71 48.42
654 35.74 9.29 3.12 32.71 32.35
655 35.75 26.37 6.31 52.31 167.48
656 35.85 27.98 6.14 49.83 167.33
657 36.23 59.93 7.97 9.73 145.73
658 36.12 33.02 6.54 38.81 173.99
659 35.86 91.54 5.68 27.42 17.80
660 36.17 25.22 5.24 44.13 175.97
661 35.81 58.70 7.71 14.41 176.18
662 36.10 78.97 10.92 107.41 38.60
663 36.34 44.26 7.25 15.72 176.76
664 36.18 76.27 12.60 122.43 42.38
665 36.34 21.15 5.10 41.94 139.58
666 36.22 65.02 9.89 21.24 70.44
667 36.13 72.49 10.91 120.60 46.56
668 36.04 46.86 7.62 17.18 193.20
669 36.45 56.56 8.75 12.11 160.67
670 36.19 38.14 7.42 27.90 180.33
671 36.63 53.79 8.00 10.80 170.22
672 36.36 13.92 4.41 33.24 150.42
673 36.35 42.12 7.76 18.98 180.65
674 36.35 17.79 5.54 40.44 91.92
675 36.48 28.83 5.94 29.70 179.96
676 36.35 81.79 14.98 109.84 31.52
677 36.73 88.36 11.55 49.16 29.10
678 36.48 10.54 3.54 19.84 113.24
679 36.66 31.05 6.03 27.68 184.42
680 36.76 35.42 8.21 23.12 184.38
681 36.68 92.25 5.93 20.88 19.19
682 37.21 69.58 12.93 131.90 40.29
683 36.92 46.54 8.22 12.55 190.74
684 36.86 22.20 5.28 22.89 173.50
685 37.06 24.00 7.02 31.44 173.79
686 37.05 37.49 7.92 19.51 183.44
687 37.09 61.52 10.73 19.62 78.32
688 36.97 82.87 16.97 89.74 33.69
689 37.19 50.49 8.24 11.30 160.42
690 37.16 84.90 17.19 53.09 39.58
691 37.18 18.65 5.85 24.05 155.62
692 37.39 27.35 6.59 13.74 183.33
693 37.64 66.82 12.93 148.04 40.10
694 36.96 14.28 3.53 29.18 149.94
695 37.32 40.01 7.59 13.82 197.11
696 37.03 81.29 16.47 97.95 27.21
697 37.36 64.10 12.06 97.39 40.03
698 37.40 72.67 14.07 161.15 36.47
699 37.26 10.59 3.70 15.32 154.86
700 37.20 48.29 8.68 10.60 176.96
701 37.33 58.58 9.38 21.00 90.67
702 37.42 76.55 16.16 119.85 41.77
703 37.52 16.25 5.18 18.80 159.67
704 37.52 20.55 5.56 22.93 165.42
705 37.51 32.88 6.35 15.48 172.85
706 37.80 42.69 7.92 11.50 175.21
707 37.57 44.90 9.14 11.12 187.49
708 37.55 8.01 3.22 9.81 125.04
709 37.65 22.20 6.11 19.58 181.16
710 37.71 86.99 23.37 42.95 39.66
711 37.88 53.17 9.55 19.23 109.71
712 37.81 79.37 19.14 94.07 32.52
713 37.68 54.69 8.56 23.19 98.31
714 37.82 82.27 25.94 72.50 34.68
715 38.11 14.52 4.86 8.93 172.35
716 37.91 23.69 6.04 14.71 178.71
717 37.92 89.86 16.86 23.97 89.17
718 38.30 25.29 7.09 10.04 179.57
719 38.14 37.12 8.21 13.13 177.52
720 38.39 47.82 10.00 21.02 125.59
721 38.17 59.48 12.32 112.56 45.78
722 37.95 45.65 9.57 9.14 178.14
723 38.18 84.37 40.54 57.89 52.11
724 38.61 17.34 5.83 10.33 168.40
725 38.53 62.12 15.02 155.28 38.24
726 38.33 8.99 3.75 6.80 142.69
727 38.20 30.05 8.30 13.57 181.43
728 38.34 81.12 26.85 73.11 40.37
729 38.62 74.22 23.68 109.42 37.28
730 38.52 21.20 6.55 11.79 177.12
731 38.49 88.41 36.87 25.78 112.61
732 38.69 39.76 8.73 12.84 160.68
733 38.76 54.85 12.29 174.93 43.08
734 38.94 57.28 14.18 164.81 42.21
735 38.76 77.05 28.35 73.21 36.47
736 38.83 68.15 17.90 143.72 38.03
737 38.70 71.01 22.07 123.29 39.57
738 38.92 64.80 17.94 135.78 37.58
739 38.95 87.55 35.97 25.51 116.45
740 39.00 31.72 7.74 11.07 160.17
741 39.08 45.09 10.24 24.46 102.01
742 38.99 52.16 10.97 143.57 41.08
743 38.85 91.05 23.23 18.32 113.21
744 38.98 79.57 32.51 67.43 42.71
745 39.16 84.28 41.53 35.14 126.85
746 39.03 10.50 5.05 4.55 132.15
747 39.28 14.99 4.90 8.25 152.77
748 39.48 38.07 10.89 25.45 122.12
749 39.28 11.98 5.20 8.48 161.90
750 39.32 23.60 7.86 10.20 171.63
751 39.32 41.64 8.49 19.52 108.77
752 39.53 59.90 17.00 157.30 36.52
753 39.52 35.19 8.88 16.20 127.84
754 39.54 81.37 45.03 45.43 125.97
755 39.96 25.91 8.24 13.62 128.22
756 39.73 72.35 38.46 105.56 43.14
757 39.63 77.86 30.47 42.70 115.87
758 40.00 51.21 15.64 184.48 42.00
759 39.71 75.17 37.50 70.15 52.02
760 40.01 86.10 49.33 23.11 144.28
761 40.22 17.93 6.69 18.95 94.89
762 40.14 48.07 14.75 167.38 41.30
763 40.06 62.87 27.77 121.77 43.05
764 39.98 66.36 26.81 112.56 37.20
765 39.90 69.44 34.09 90.57 43.68
766 40.02 10.37 4.15 5.16 109.07
767 40.21 28.08 8.06 18.45 87.48
768 40.01 33.16 10.14 18.38 87.11
769 40.06 54.45 18.16 173.61 39.64
770 40.21 79.76 61.43 41.96 162.87
771 40.08 13.23 4.84 7.10 120.56
772 40.03 87.84 58.27 19.85 137.58
773 40.03 43.11 12.78 94.39 52.93
774 40.19 7.96 3.50 4.53 82.10
775 40.35 21.39 7.29 14.93 116.66
776 40.21 31.03 9.79 20.39 86.26
777 40.17 93.27 18.56 5.73 63.87
778 40.36 57.41 21.22 147.80 45.12
779 40.59 45.23 13.08 164.96 38.33
780 40.49 77.58 58.35 42.93 152.91
781 40.39 90.64 28.19 7.94 107.36
782 40.86 40.78 12.71 179.46 45.14
783 40.59 23.59 8.35 22.46 115.04
784 40.67 74.51 50.17 45.71 142.72
785 40.89 70.59 50.13 57.96 138.33
786 40.94 38.15 13.17 164.65 44.11
787 40.77 60.37 32.25 101.31 42.86
788 40.66 89.02 44.48 13.42 117.16
789 40.95 12.93 5.81 12.63 58.14
790 40.86 34.76 11.79 107.43 47.89
791 40.85 64.89 38.37 74.93 42.67
792 41.16 76.45 56.89 28.52 164.52
793 41.23 81.19 75.69 23.68 162.11
794 40.97 67.78 51.61 69.82 51.78
795 41.37 7.48 4.31 13.49 43.82
796 41.05 85.10 68.47 14.81 156.46
797 40.94 92.35 25.75 4.48 74.98
798 41.21 32.42 11.68 156.69 38.65
799 41.18 50.27 19.15 178.53 43.25
800 41.01 28.91 10.57 77.41 50.76
801 41.29 52.83 27.73 150.12 42.21
802 41.28 55.41 29.97 145.68 43.04
803 41.42 42.99 15.11 194.41 41.84
804 41.28 62.97 38.38 49.40 92.11
805 41.41 21.23 9.95 72.59 46.51
806 41.59 24.30 11.68 111.77 47.70
807 41.60 47.86 24.03 178.06 40.60
808 41.53 57.90 40.03 124.90 41.77
809 41.54 90.48 46.08 8.21 79.95
810 41.59 88.56 69.16 11.64 92.98
811 41.77 36.18 15.86 172.86 42.03
812 41.86 30.13 13.38 179.46 40.44
813 41.67 93.16 21.78 5.07 54.61
814 42.02 10.87 6.79 49.33 31.40
815 41.76 60.49 58.90 95.25 54.73
816 42.00 72.72 81.90 28.29 172.73
817 42.13 27.62 13.44 168.71 39.92
818 42.03 45.31 21.19 163.24 37.74
819 42.20 69.61 67.00 27.99 168.57
820 42.02 79.27 76.03 18.49 147.66
821 42.14 65.44 60.52 41.67 151.67
822 42.03 83.65 77.29 13.49 150.07
823 42.15 15.49 10.92 115.55 33.43
824 42.24 13.13 8.19 80.01 32.53
825 42.00 86.05 75.30 12.40 133.22
826 42.34 18.04 12.36 129.78 33.01
827 42.25 38.41 18.81 169.60 42.75
828 42.57 20.56 12.49 135.71 40.04
829 42.39 40.64 20.62 155.21 42.31
830 42.28 50.50 38.14 116.74 41.98
831 42.51 34.23 20.71 185.61 47.46
832 42.30 53.53 43.44 96.87 45.46
833 42.38 55.77 56.29 71.68 145.73
834 42.46 59.55 57.13 46.70 157.39
835 42.69 31.93 18.23 152.91 38.41
836 42.75 91.03 62.11 27.26 36.96
837 42.71 25.23 16.00 162.89 38.79
838 42.59 62.02 72.92 30.50 167.38
839 42.81 7.85 5.20 54.86 25.88
840 42.72 42.94 27.70 138.16 42.14
841 42.62 87.97 85.26 15.74 59.24
842 42.83 22.81 15.58 140.60 38.13
843 42.65 47.68 35.35 112.28 41.86
844 42.95 64.24 98.85 23.16 175.56
845 42.64 82.42 93.92 15.03 119.26
846 42.75 57.67 65.76 51.76 161.13
847 42.65 76.10 96.88 18.70 161.20
848 42.85 67.46 76.22 22.65 176.00
849 43.12 78.05 116.57 22.32 144.76
850 43.10 51.96 62.54 57.53 162.38
851 43.18 36.29 28.05 147.95 40.98
852 43.08 74.11 100.59 21.75 162.02
853 43.15 85.22 122.09 22.88 62.28
854 43.22 29.58 22.08 129.11 38.13
855 43.37 79.96 128.17 24.26 102.36
856 43.30 9.86 9.52 75.09 27.04
857 43.42 71.97 107.30 19.18 160.70
858 43.33 49.59 56.69 45.24 173.63
859 43.32 38.97 36.22 111.14 43.88
860 43.21 76.62 111.30 20.45 150.25
861 43.30 15.55 15.37 100.38 32.10
862 43.51 54.58 76.79 44.77 181.69
863 43.51 12.40 12.29 88.26 30.98
864 43.27 61.65 90.33 31.67 175.76
865 43.54 59.67 78.23 25.81 187.73
866 43.53 93.34 35.04 47.94 18.96
867 43.74 27.21 27.99 123.79 38.87
868 43.61 41.28 46.35 104.67 48.10
869 43.75 47.34 53.72 54.04 167.79
870 43.66 88.12 103.01 75.81 37.86
871 43.66 19.00 19.40 108.66 36.57
872 43.63 65.57 76.52 13.30 171.82
873 43.83 69.32 112.34 17.06 174.94
874 43.71 82.20 128.43 31.21 71.53
875 43.76 56.78 103.88 33.17 183.77
876 43.85 24.39 27.81 107.06 38.42
877 43.90 21.48 26.64 91.45 35.95
878 43.80 31.72 30.00 95.83 39.02
879 43.85 34.04 33.69 99.02 47.43
880 44.19 63.24 109.76 15.28 187.60
881 43.97 7.26 8.50 40.75 22.39
882 44.46 91.81 58.50 89.68 29.08
883 44.12 74.66 133.35 29.18 113.62
884 44.21 16.89 25.18 97.65 37.30
885 44.25 36.58 43.68 66.37 136.03
886 44.09 38.47 36.95 44.26 155.84
887 44.33 51.86 97.25 30.15 188.83
888 44.34 78.03 129.51 55.47 55.68
889 44.19 43.40 56.27 50.00 178.82
890 44.42 13.85 17.46 74.86 33.56
891 44.46 66.18 106.37 14.47 159.94
892 44.38 9.83 14.63 52.32 27.82
893 44.39 29.24 38.00 89.62 47.14
894 44.45 39.62 61.55 57.34 158.02
895 44.50 84.67 128.51 144.29 41.65
896 44.69 41.82 73.56 46.81 185.62
897 44.79 45.62 83.44 34.53 195.78
898 44.80 57.71 114.16 18.90 189.52
899 44.68 71.14 142.84 50.60 101.60
900 44.76 23.67 48.68 58.25 106.20
901 44.83 60.70 123.73 20.01 186.50
902 44.81 81.31 132.69 154.96 43.36
903 44.68 88.44 114.56 145.08 33.39
904 44.66 19.30 38.97 74.77 45.71
905 44.99 33.91 58.67 45.14 168.50
906 44.74 49.20 90.18 26.84 194.84
907 44.98 53.55 112.50 20.50 192.83
908 44.99 68.03 164.82 24.15 92.76
909 45.26 21.29 40.32 42.61 157.45
910 45.18 12.94 29.29 52.89 95.36
911 45.15 16.32 42.63 53.24 127.45
912 45.47 38.29 82.27 34.08 185.11
913 45.24 76.10 153.58 159.67 48.62
914 45.41 27.72 60.01 46.19 171.03
915 45.27 73.01 152.34 170.70 59.01
916 45.26 87.46 129.30 151.04 39.32
917 45.30 8.55 19.13 22.87 122.30
918 45.31 30.34 51.45 41.64 165.75
919 45.36 64.18 143.14 38.07 81.82
920 45.44 10.29 19.89 23.46 109.60
921 45.67 51.29 127.97 19.63 197.21
922 45.69 18.79 50.00 32.89 169.51
923 45.67 79.18 156.39 179.02 43.90
924 45.75 25.39 59.96 36.35 183.92
925 45.73 48.30 111.18 18.10 187.92
926 45.74 85.06 152.34 160.69 43.91
927 45.75 90.07 99.60 116.38 34.19
928 45.80 69.69 162.90 162.61 55.42
929 45.90 12.15 34.11 26.16 142.33
930 45.79 40.82 107.47 23.54 186.84
931 45.85 61.65 159.64 86.76 65.55
932 45.75 23.08 56.70 27.57 173.44
933 45.87 56.07 143.31 25.74 138.18
934 46.02 31.95 81.81 24.73 181.28
935 46.02 66.47 169.34 146.10 55.59
936 46.02 92.49 57.89 58.75 29.15
937 46.06 45.66 118.98 20.65 192.55
938 45.99 58.87 168.73 38.75 80.72
939 46.18 82.34 147.56 175.40 42.47
940 45.97 43.24 101.48 22.61 189.91
941 46.11 53.62 166.84 25.04 161.55
942 46.22 74.24 176.58 218.44 47.99
943 46.14 7.96 19.46 14.49 132.66
944 46.35 10.34 33.73 21.16 156.96
945 46.54 34.11 102.04 21.63 186.49
946 46.52 87.73 128.30 129.04 34.79
947 46.91 13.96 66.35 17.18 173.82
948 46.55 76.88 163.04 206.43 48.70
949 46.68 16.48 71.67 23.71 181.20
950 46.57 63.52 169.00 152.52 54.93
951 46.81 71.58 175.54 221.98 47.77
952 46.72 28.07 103.17 21.23 180.80
953 46.79 37.02 117.29 21.26 180.96
954 46.71 49.49 162.98 32.00 128.85
955 46.86 39.35 129.90 20.90 163.52
956 46.79 19.75 78.39 18.25 173.70
957 46.84 57.31 173.73 120.84 63.33
958 46.96 41.58 166.80 28.07 131.21
959 46.97 79.82 161.85 152.36 43.94
960 47.04 7.39 32.47 10.35 137.04
961 47.23 10.14 51.61 12.74 150.59
962 46.89 12.49 49.00 13.89 169.58
963 47.15 24.13 88.21 17.23 175.15
964 47.09 51.73 172.63 62.03 98.16
965 46.99 68.52 168.13 199.45 48.30
966 47.28 29.87 102.69 21.68 171.78
967 47.00 47.02 168.98 28.08 93.46
968 47.08 54.64 179.84 134.39 65.29
969 46.92 93.56 42.19 24.35 27.27
970 46.98 44.05 162.18 24.42 103.23
971 47.02 60.23 185.24 163.18 54.88
972 47.02 90.49 81.64 57.74 38.11
973 46.88 31.56 71.47 16.33 177.87
974 47.22 85.38 135.90 103.88 44.51
975 47.09 21.14 83.17 19.03 174.38
976 47.31 65.69 185.92 210.44 50.97
977 47.49 74.27 163.70 216.71 46.99
978 47.54 32.39 132.07 25.93 159.09
979 47.56 82.83 171.54 94.38 49.57
980 47.49 17.73 92.87 17.96 147.58
981 47.58 26.08 115.73 19.58 142.82
982 47.72 77.30 185.02 163.09 54.88
983 47.76 62.95 194.87 223.29 53.73
984 47.78 88.25 131.79 68.35 73.05
985 47.79 49.13 177.71 190.89 59.11
986 47.61 92.89 61.57 20.79 98.98
987 47.78 34.85 158.47 34.67 109.94
988 47.83 37.54 151.22 63.78 68.80
989 47.89 57.55 183.56 221.74 53.18
990 47.81 21.94 118.40 20.95 137.71
991 47.96 14.63 96.80 18.06 148.67
992 47.88 40.15 166.37 109.80 67.88
993 47.96 42.54 178.86 135.74 65.68
994 47.88 45.46 190.02 121.02 58.88
995 48.03 69.93 197.34 175.88 53.77
996 48.14 5.34 26.09 7.29 58.48
997 48.01 95.06 37.59 8.86 65.98
998 48.04 52.29 201.06 210.62 62.90
999 48.14 19.61 129.55 28.51 99.12
1000 48.14 54.67 192.30 230.39 54.97
1001 48.25 28.12 139.13 42.21 65.12
1002 48.21 60.35 187.83 235.20 50.76
1003 48.23 67.43 185.98 178.77 51.93
1004 48.20 80.11 181.09 91.38 105.65
1005 48.32 91.80 98.60 24.51 117.22
1006 48.41 72.20 183.98 170.03 45.81
1007 48.46 85.91 142.01 40.82 136.25
1008 48.43 30.59 157.06 86.10 64.90
1009 48.69 23.06 146.39 77.31 62.95
1010 48.56 65.10 194.88 172.60 57.71
1011 48.51 8.16 63.15 15.64 81.34
1012 48.48 17.22 125.27 40.27 89.44
1013 48.68 32.96 171.03 162.95 62.42
1014 48.66 47.18 184.32 226.93 51.08
1015 48.70 74.74 182.53 85.75 74.18
1016 48.71 25.60 147.69 83.56 55.18
1017 48.76 38.65 164.06 208.54 63.42
1018 48.82 50.49 186.78 216.33 55.58
1019 48.97 82.45 161.81 35.12 156.62
1020 48.96 90.11 104.44 22.75 133.60
1021 48.82 94.32 39.70 8.05 99.16
1022 48.80 12.04 110.84 35.94 54.49
1023 48.83 77.76 178.49 63.90 155.88
1024 48.89 44.16 205.25 210.21 63.90
1025 48.93 56.32 202.45 212.79 51.87
1026 48.95 35.72 171.10 208.50 55.30
1027 49.00 41.43 185.70 205.42 56.15
1028 49.05 62.54 195.81 147.65 53.72
1029 49.02 20.78 138.65 135.14 50.13
1030 49.18 58.81 195.07 114.52 50.88
1031 49.05 15.22 156.00 88.25 66.41
1032 49.18 53.33 183.92 219.66 51.84
1033 49.24 68.42 188.47 62.85 144.15
1034 49.40 7.40 54.37 73.70 28.64
1035 49.34 18.01 135.57 128.86 51.35
1036 49.38 71.15 160.60 51.76 160.47
1037 49.48 28.75 170.46 192.96 53.60
1038 49.43 96.23 17.41 2.80 50.13
1039 49.61 80.02 161.91 26.10 172.46
1040 49.61 47.79 205.33 209.25 57.54
1041 49.72 31.07 157.31 192.70 48.78
1042 49.88 73.61 173.79 32.75 167.51
1043 49.69 10.02 86.01 104.46 35.40
1044 49.66 26.79 166.44 203.08 53.80
1045 49.64 65.37 195.74 67.72 125.26
1046 49.54 85.42 135.29 17.80 160.89
1047 49.54 93.00 88.21 8.92 128.88
1048 49.85 33.67 159.79 202.02 59.97
1049 49.82 38.57 183.82 224.21 55.64
1050 49.84 45.38 196.86 177.21 55.48
1051 49.90 76.50 180.50 31.82 171.46
1052 49.99 24.48 157.47 180.80 47.66
1053 49.95 49.81 210.17 149.58 53.07
1054 49.89 60.75 204.19 94.79 110.14
1055 49.91 13.20 116.35 136.13 43.88
1056 50.05 19.52 146.51 187.86 49.16
1057 50.04 22.04 155.68 192.12 46.90
1058 49.89 42.95 186.91 207.33 54.96
1059 49.85 91.25 83.61 10.44 138.54
1060 49.92 56.11 212.59 98.90 63.67
1061 50.10 51.88 213.89 135.46 56.09
1062 50.07 15.81 140.40 160.28 42.67
1063 50.27 35.84 178.94 211.83 59.34
1064 50.55 90.08 105.00 8.50 136.24
1065 50.23 93.98 45.08 5.05 116.05
1066 50.32 63.12 198.46 51.53 178.11
1067 50.33 69.82 194.74 29.74 180.11
1068 50.20 40.82 190.71 190.16 57.18
1069 50.11 78.49 145.50 21.00 185.09
1070 50.30 82.21 159.32 14.56 163.16
1071 50.40 53.91 213.63 97.28 180.04
1072 50.20 67.24 178.00 27.83 168.34
1073 50.43 58.21 200.70 67.41 164.27
1074 50.61 8.03 78.41 83.49 30.84
1075 50.66 27.27 169.35 165.70 52.07
1076 50.76 10.73 113.17 130.29 35.00
1077 50.73 47.30 200.41 111.67 71.22
1078 50.82 17.51 140.36 143.56 51.94
1079 50.78 31.80 183.14 169.68 55.49
1080 50.79 44.57 205.77 113.95 105.56
1081 51.05 64.99 192.00 20.13 173.80
1082 50.95 71.73 169.04 23.66 170.74
1083 50.84 67.40 170.38 25.79 170.32
1084 51.03 78.89 145.55 17.39 167.11
1085 51.32 95.47 18.10 5.08 44.02
1086 51.01 60.41 204.12 34.44 172.15
1087 51.03 13.92 139.81 146.35 45.93
1088 51.05 42.47 203.92 92.53 180.22
1089 51.08 29.46 168.62 146.57 54.62
1090 51.03 50.32 211.55 73.36 168.23
1091 51.12 55.74 219.44 33.53 185.91
1092 50.81 77.66 183.86 16.43 152.57
1093 51.13 34.08 176.33 159.87 62.13
1094 51.15 39.91 203.97 131.33 72.57
1095 50.97 88.10 117.97 12.03 94.50
1096 51.09 92.55 71.46 7.62 124.27
1097 51.22 20.30 164.46 98.97 51.82
1098 51.19 22.74 174.54 103.90 54.00
1099 51.27 25.06 176.95 108.48 58.17
1100 51.37 85.62 119.14 16.09 129.97
1101 51.35 6.51 59.96 46.22 25.88
1102 51.44 53.03 210.67 53.35 189.97
1103 51.40 81.51 149.13 14.92 145.99
1104 51.68 62.51 181.48 17.71 192.86
1105 51.58 36.07 186.52 100.80 168.34
1106 51.61 69.29 166.10 16.03 182.51
1107 51.71 57.91 198.38 22.97 188.46
1108 51.77 48.40 202.89 49.27 194.77
1109 51.74 15.56 155.72 79.89 78.61
1110 51.73 45.98 195.44 40.87 192.39
1111 51.88 76.71 138.51 25.20 151.35
1112 51.88 27.29 169.52 58.99 148.71
1113 51.80 32.17 177.18 62.65 169.56
1114 51.63 88.52 99.46 13.90 59.02
1115 51.81 11.63 118.52 45.80 119.52
1116 51.77 44.18 135.73 25.54 211.62
1117 52.05 66.89 170.16 13.78 177.78
1118 52.06 4.32 29.55 15.04 60.08
1119 51.98 17.96 161.65 70.43 144.48
1120 52.01 38.23 193.39 66.72 197.80
1121 52.03 51.19 194.30 25.79 190.21
1122 52.15 74.15 145.72 25.90 153.09
1123 52.12 91.26 71.54 21.53 46.11
1124 52.13 41.28 198.29 39.64 188.62
1125 52.33 59.98 172.51 15.12 205.36
1126 52.34 29.94 170.39 42.73 179.18
1127 52.39 71.50 142.97 22.71 157.06
1128 52.23 13.94 127.08 32.44 156.38
1129 52.22 23.29 165.07 46.41 178.94
1130 52.28 55.46 200.61 18.53 193.19
1131 52.24 7.16 51.62 19.40 121.86
1132 52.44 20.66 159.51 46.32 163.23
1133 52.41 34.45 193.75 49.65 189.73
1134 52.34 78.95 132.73 33.20 110.11
1135 52.49 87.13 93.68 61.52 43.26
1136 52.48 43.89 183.59 23.82 205.47
1137 52.62 64.17 160.28 19.69 178.26
1138 52.41 82.85 132.50 74.95 60.45
1139 52.62 81.44 130.02 74.84 61.56
1140 52.63 84.55 120.22 61.02 49.33
1141 52.80 53.31 188.69 14.85 194.04
1142 52.78 49.43 200.80 18.91 198.84
1143 52.77 12.75 130.05 25.95 157.05
1144 52.98 25.31 142.66 21.40 185.63
1145 52.83 46.58 185.90 18.38 196.90
1146 53.08 58.02 181.90 19.05 187.60
1147 52.96 68.71 147.34 24.11 112.58
1148 52.98 17.19 127.82 18.23 183.14
1149 52.94 32.09 174.57 27.42 188.23
1150 52.98 36.75 182.75 23.60 209.38
1151 52.98 39.45 186.03 28.52 200.72
1152 53.03 61.80 179.66 15.03 166.49
1153 53.18 27.70 176.81 21.13 192.12
1154 53.13 89.78 76.49 88.80 31.28
1155 53.21 42.31 173.22 17.09 191.31
1156 53.08 76.16 135.33 85.59 56.15
1157 53.27 7.67 67.68 10.89 145.98
1158 53.30 19.01 141.62 19.90 179.21
1159 53.33 22.85 167.10 19.37 178.84
1160 53.61 92.36 44.91 77.19 24.65
1161 53.41 66.07 150.43 76.81 84.12
1162 53.39 79.58 105.77 144.29 52.67
1163 53.68 9.74 88.57 11.09 159.36
1164 53.43 11.65 130.45 16.87 157.97
1165 53.52 50.86 172.31 18.50 185.17
1166 53.54 55.66 151.67 21.09 175.08
1167 53.46 73.06 134.39 113.92 56.44
1168 53.75 5.43 52.30 6.94 114.60
1169 53.82 29.81 150.82 19.00 177.49
1170 53.66 34.61 160.42 22.35 194.31
1171 53.66 44.87 165.73 15.84 176.23
1172 53.75 86.59 85.95 126.19 37.36
1173 53.70 70.56 127.10 74.24 53.60
1174 53.76 83.00 91.52 159.38 41.62
1175 53.93 13.78 131.22 15.68 144.14
1176 53.92 37.71 173.11 19.55 182.77
1177 54.07 20.37 129.61 17.48 164.33
1178 53.86 47.74 153.80 16.44 168.20
1179 53.87 63.09 158.32 21.47 118.97
1180 53.67 85.27 89.15 141.85 36.69
1181 54.09 40.41 149.87 18.19 170.94
1182 53.95 60.19 164.54 52.92 85.80
1183 54.16 94.82 13.66 34.29 16.01
1184 54.08 32.22 162.84 19.68 183.12
1185 53.99 53.05 183.23 37.02 121.95
1186 54.14 25.57 143.15 18.31 171.21
1187 54.22 74.80 108.04 176.24 40.43
1188 54.22 77.65 102.78 192.20 44.86
1189 54.20 67.96 130.21 109.00 49.48
1190 54.28 16.51 138.69 18.40 136.16
1191 54.36 43.12 148.60 21.34 155.90
1192 54.28 57.75 148.17 91.26 80.51
1193 54.45 89.77 50.37 112.10 28.28
1194 54.46 23.27 131.72 25.61 135.97
1195 54.65 80.56 86.83 162.93 39.98
1196 54.63 27.67 147.57 32.06 116.30
1197 54.70 35.52 146.89 35.21 103.04
1198 54.57 65.34 114.18 171.87 49.23
1199 54.58 50.55 151.44 83.96 67.98
1200 54.65 55.18 140.19 108.65 61.51
1201 54.87 45.71 155.15 69.18 71.52
1202 55.06 86.97 69.07 143.54 32.98
1203 54.84 69.91 105.65 175.64 43.75
1204 55.00 72.51 83.11 188.88 41.28
1205 54.96 83.84 70.75 155.44 38.36
1206 54.91 48.15 161.35 96.96 79.12
1207 54.98 62.51 122.91 175.98 46.15
1208 54.99 13.73 120.83 34.64 85.67
1209 54.97 38.00 141.06 33.60 101.06
1210 55.11 59.99 126.35 197.48 49.34
1211 55.10 30.39 135.63 43.49 82.81
1212 55.03 33.16 141.56 49.28 95.94
1213 55.16 52.64 132.97 200.19 54.92
1214 55.09 18.25 124.87 53.85 71.43
1215 55.16 41.00 143.51 72.42 86.83
1216 55.22 8.86 90.12 51.74 54.14
1217 55.21 20.83 124.88 102.77 71.10
1218 55.75 93.44 25.09 57.23 23.95
1219 55.42 57.30 119.57 183.92 46.51
1220 55.36 15.71 125.92 89.02 54.22
1221 55.42 25.62 128.38 79.94 65.57
1222 55.40 43.67 141.24 122.61 67.89
1223 55.48 67.43 95.39 163.93 45.32
1224 55.43 78.01 84.76 158.70 41.54
1225 55.63 75.38 77.32 171.73 43.23
1226 55.60 23.19 119.52 142.82 50.02
1227 55.66 11.73 109.37 97.10 42.43
1228 55.65 28.23 128.98 144.38 55.55
1229 55.76 64.69 96.00 200.40 42.10
1230 55.82 49.75 121.45 184.85 45.55
1231 55.85 54.74 117.55 197.72 48.61
1232 55.88 89.39 57.00 95.56 31.30
1233 55.95 34.23 111.59 171.03 52.30
1234 55.93 36.68 118.34 143.62 56.93
1235 55.76 80.04 70.05 114.90 39.05
1236 56.05 6.89 62.01 74.67 27.79
1237 55.96 39.35 125.08 174.27 55.13
1238 56.03 47.01 110.40 187.50 49.12
1239 55.96 70.33 78.39 152.48 40.06
1240 56.12 31.45 118.93 147.56 55.71
1241 56.21 62.04 108.64 181.92 46.26
1242 56.33 83.97 66.82 119.98 43.45
1243 56.21 19.48 111.37 148.88 43.45
1244 56.06 81.43 68.24 109.60 34.05
1245 56.28 17.22 94.14 153.79 40.15
1246 56.27 41.98 102.43 191.71 49.13
1247 56.35 14.18 98.87 122.42 37.87
1248 56.39 59.54 91.89 218.30 42.23
1249 56.37 9.23 79.29 107.89 36.21
1250 56.35 51.87 107.31 216.32 46.80
1251 56.33 73.71 78.75 147.87 38.30
1252 56.45 86.72 61.92 104.70 44.32
1253 56.53 44.62 101.96 206.69 51.31
1254 56.59 29.15 90.10 177.26 46.93
1255 56.40 78.28 63.29 90.64 38.34
1256 56.57 21.92 97.13 160.51 43.12
1257 56.64 26.71 95.77 177.18 44.17
1258 56.72 56.88 99.26 199.17 44.41
1259 56.70 24.49 92.98 161.93 45.37
1260 56.68 66.65 76.04 159.56 41.19
1261 56.88 11.54 90.30 139.33 36.82
1262 56.90 64.10 91.85 175.59 42.70
1263 56.91 69.18 84.01 139.24 43.22
1264 57.00 35.54 96.48 170.70 48.18
1265 56.94 54.20 105.84 190.06 47.50
1266 56.98 71.71 66.75 119.92 44.52
1267 56.90 38.46 100.13 158.59 49.22
1268 56.93 90.97 49.79 76.02 54.33
1269 57.11 32.84 104.30 187.64 42.96
1270 57.03 48.80 89.88 182.30 47.76
1271 57.15 77.06 61.41 98.49 57.30
1272 57.08 93.40 15.02 37.18 61.80
1273 57.30 15.84 76.29 153.71 39.71
1274 57.32 46.43 99.86 169.18 50.65
1275 57.26 7.16 51.23 78.23 30.70
1276 57.28 89.49 40.22 58.74 101.85
1277 57.36 41.38 86.28 174.03 50.07
1278 57.30 74.91 65.43 107.43 43.67
1279 57.29 88.02 43.70 44.43 110.95
1280 57.52 17.81 91.26 163.71 43.80
1281 57.48 20.14 90.30 159.68 44.08
1282 57.49 30.44 78.74 155.04 46.54
1283 57.42 51.30 93.62 200.89 49.38
1284 57.49 62.00 81.61 147.63 47.52
1285 57.65 79.67 43.30 44.13 128.33
1286 57.46 59.24 93.73 135.88 44.57
1287 57.44 73.24 67.88 113.52 44.36
1288 57.45 84.76 61.53 85.12 93.88
1289 57.71 14.02 81.54 131.95 38.77
1290 57.59 82.05 47.36 59.45 120.43
1291 57.68 9.21 71.26 113.75 35.22
1292 57.57 44.10 101.56 145.98 49.09
1293 57.69 22.82 72.31 129.12 47.27
1294 57.75 67.39 70.11 57.95 164.98
1295 57.76 25.46 76.89 123.55 47.91
1296 57.79 92.18 18.26 28.12 107.70
1297 57.81 28.01 76.00 152.16 53.25
1298 57.81 56.55 93.23 156.67 51.40
1299 57.78 4.55 22.29 54.05 20.17
1300 57.88 36.62 77.40 125.31 58.56
1301 57.97 64.99 77.71 67.36 155.12
1302 58.08 94.98 7.63 10.99 52.01
1303 57.86 39.03 86.85 133.72 60.50
1304 57.88 54.02 96.06 205.92 56.24
1305 58.08 11.44 81.50 116.33 40.57
1306 58.03 68.93 56.97 76.45 158.94
1307 58.20 90.19 37.32 29.52 128.18
1308 58.15 34.31 76.71 157.00 55.89
1309 58.16 48.85 81.05 127.59 130.71
1310 58.41 72.08 52.18 38.40 162.54
1311 58.01 87.55 46.81 39.96 145.27
1312 58.25 84.19 43.67 33.15 140.02
1313 58.20 6.43 23.93 45.84 85.38
1314 58.28 32.24 63.08 72.38 151.27
1315 58.50 75.70 57.74 39.82 153.68
1316 58.52 61.17 58.54 46.16 172.24
1317 58.50 78.55 40.04 28.40 155.60
1318 58.36 42.06 67.92 102.66 154.77
1319 58.26 46.50 83.19 104.28 70.33
1320 58.26 85.78 37.04 24.92 144.84
1321 58.25 88.84 40.60 23.50 143.60
1322 58.61 58.44 62.49 46.86 169.89
1323 58.41 44.58 69.49 81.00 145.35
1324 58.53 16.47 64.62 71.81 122.38
1325 58.89 19.74 55.08 48.47 149.89
1326 58.74 63.70 57.22 38.60 178.40
1327 58.45 80.93 46.10 35.95 142.70
1328 58.53 82.60 47.60 34.51 149.40
1329 58.69 93.28 14.77 13.59 97.04
1330 58.88 22.99 51.17 41.86 164.59
1331 58.78 26.74 55.00 41.35 162.20
1332 58.88 29.61 68.80 45.38 180.24
1333 58.79 38.62 49.90 48.68 174.28
1334 58.67 7.94 43.80 55.26 111.46
1335 58.80 69.66 49.66 49.24 168.10
1336 58.84 55.44 62.20 64.51 169.11
1337 58.90 67.33 48.85 29.33 168.58
1338 58.74 87.72 33.30 22.46 154.51
1339 59.20 13.64 53.45 38.91 137.00
1340 58.89 91.23 17.44 16.14 127.54
1341 59.00 36.20 50.70 34.95 186.02
1342 59.39 50.32 50.97 32.08 188.28
1343 59.34 34.13 52.54 26.70 199.65
1344 59.08 47.69 53.62 33.26 165.33
1345 59.36 52.84 50.89 36.11 192.28
1346 59.08 85.16 35.36 21.43 155.71
1347 59.45 45.32 50.28 30.94 178.80
1348 59.60 42.78 47.31 29.88 197.83
1349 59.40 86.57 30.75 14.98 151.08
1350 59.47 31.76 44.48 19.37 196.06
1351 59.18 49.17 44.42 29.33 196.75
1352 59.65 9.08 33.09 14.94 151.03
1353 59.66 17.31 46.11 22.43 164.64
1354 59.48 79.34 36.91 19.85 156.98
1355 59.34 59.56 46.73 24.90 193.47
1356 59.92 94.78 5.07 3.12 47.67
1357 59.71 62.55 48.20 21.61 177.32
1358 59.87 65.45 42.37 19.28 174.06
1359 59.69 70.86 28.74 18.37 167.47
1360 59.56 89.41 16.54 8.53 135.51
1361 59.63 11.40 44.42 19.29 158.67
1362 59.77 57.08 48.79 22.22 174.81
1363 59.76 74.68 40.49 17.66 154.68
1364 59.80 40.26 50.40 28.50 194.10
1365 60.27 29.72 32.86 14.97 172.98
1366 59.85 60.42 39.97 22.67 194.11
1367 60.08 68.31 35.14 14.88 176.98
1368 59.91 77.97 25.40 13.96 160.44
1369 60.31 23.71 28.86 12.66 147.52
1370 60.15 54.67 41.86 19.10 173.29
1371 60.11 85.44 26.66 13.17 145.72
1372 60.39 26.14 31.93 16.72 145.83
1373 60.34 91.06 11.76 5.90 107.47
1374 60.13 46.74 26.50 12.28 185.72
1375 60.61 34.88 29.32 14.87 162.37
1376 60.83 32.16 25.54 18.89 122.80
1377 60.32 38.29 36.19 17.81 176.11
1378 60.54 51.72 38.93 17.13 191.38
1379 60.97 8.62 17.91 10.67 114.98
1380 60.79 49.06 31.63 16.16 163.85
1381 60.36 75.79 26.06 13.94 165.17
1382 60.51 77.15 29.43 17.51 164.54
1383 60.71 61.85 19.86 15.05 161.38
1384 60.52 80.59 24.41 13.31 144.12
1385 60.72 41.34 36.49 17.97 184.78
1386 60.74 58.84 32.33 14.56 176.30
1387 60.79 44.23 31.74 16.33 168.09
1388 60.76 5.35 10.70 5.48 95.32
1389 60.91 18.03 25.10 14.10 109.74
1390 61.21 13.40 26.59 14.78 102.39
1391 60.60 63.66 33.08 15.92 150.00
1392 60.97 72.72 26.64 16.57 152.53
1393 60.98 15.48 29.49 15.62 90.87
1394 61.06 46.71 27.81 17.78 142.27
1395 60.87 74.90 25.88 15.52 170.45
1396 61.16 78.92 22.83 15.67 118.64
1397 61.25 56.47 28.10 24.05 136.10
1398 61.04 20.90 25.06 14.43 93.13
1399 61.17 85.15 18.15 15.60 109.66
1400 61.14 27.90 27.36 19.36 108.89
1401 61.34 64.39 23.68 23.99 105.27
1402 61.12 66.61 27.73 16.52 130.86
1403 61.25 11.13 21.03 12.41 111.98
1404 60.97 60.53 27.25 15.12 161.12
1405 61.19 92.00 8.78 7.82 49.58
1406 61.23 36.85 25.06 22.94 93.58
1407 61.44 53.50 27.59 21.23 124.58
1408 61.53 39.97 25.24 18.98 117.60
1409 61.29 6.82 9.39 7.76 85.66
1410 61.43 82.54 20.62 28.73 112.12
1411 61.44 68.88 26.29 25.83 120.67
1412 61.51 87.26 16.92 18.08 59.44
1413 61.42 23.33 22.41 23.95 58.85
1414 61.45 89.90 14.30 15.50 47.52
1415 61.67 50.25 27.08 27.82 105.30
1416 61.77 60.05 26.38 28.69 93.90
1417 61.72 25.51 21.11 65.78 42.32
1418 61.88 34.88 22.91 108.09 49.50
1419 61.89 71.36 22.54 104.21 68.25
1420 61.93 62.32 22.86 62.86 50.43
1421 62.14 27.66 17.51 100.65 45.06
1422 61.91 93.17 7.11 13.89 26.33
1423 62.20 80.63 19.14 66.67 41.12
1424 62.01 89.42 10.67 24.67 55.00
1425 62.21 38.06 21.62 91.53 47.69
1426 62.35 30.49 15.45 146.24 39.68
1427 62.26 52.08 24.12 106.08 45.44
1428 62.40 23.16 15.94 98.49 41.25
1429 62.50 66.91 19.96 102.78 45.75
1430 62.19 12.75 18.06 25.12 55.06
1431 62.70 91.37 7.82 56.78 26.46
1432 62.90 56.93 19.90 146.03 42.38
1433 62.53 69.37 17.07 127.96 41.46
1434 62.54 85.78 14.48 70.41 38.46
1435 62.75 88.38 11.06 81.12 31.51
1436 62.60 49.16 18.96 137.54 44.23
1437 62.72 25.69 14.51 132.44 39.25
1438 62.69 41.11 17.89 126.20 44.60
1439 62.72 43.71 16.58 144.35 40.79
1440 62.75 46.33 17.04 167.72 42.00
1441 62.77 17.56 12.81 90.46 36.56
1442 62.86 32.93 14.84 186.42 41.35
1443 62.81 36.04 16.76 152.08 38.29
1444 62.74 76.59 15.81 106.86 41.21
1445 62.78 71.82 16.99 138.66 37.26
1446 62.79 20.15 13.35 100.38 33.63
1447 62.89 54.35 16.48 177.13 41.26
1448 62.76 59.75 18.15 159.25 40.13
1449 62.84 62.79 16.84 134.91 37.91
1450 62.90 14.67 13.32 80.37 31.59
1451 63.04 9.24 9.52 59.74 27.88
1452 63.06 12.19 12.08 69.02 29.53
1453 63.28 65.00 14.62 163.33 38.27
1454 63.26 82.96 12.66 138.32 33.21
1455 63.28 38.75 14.11 172.64 42.04
1456 63.35 51.99 14.26 197.70 34.48
1457 63.17 28.44 12.85 153.14 37.24
1458 63.17 73.47 13.26 152.60 37.36
1459 63.44 78.77 13.69 160.19 36.58
1460 63.42 6.63 6.94 38.68 25.11
1461 63.62 23.78 12.17 139.64 36.13
1462 63.69 21.40 10.12 144.14 36.70
1463 63.70 30.92 11.69 170.62 39.90
1464 63.81 68.94 12.21 183.66 35.43
1465 63.74 74.62 13.00 176.18 35.26
1466 63.79 34.49 12.20 165.99 39.73
1467 63.77 49.91 14.91 201.53 33.73
1468 63.81 91.53 6.23 64.92 20.54
1469 63.82 42.45 14.44 189.21 40.95
1470 63.88 47.60 13.48 203.98 39.89
1471 63.87 61.25 13.95 193.82 37.09
1472 63.91 86.08 9.28 122.99 29.93
1473 63.97 58.70 15.20 196.86 37.33
1474 64.01 15.86 9.28 132.78 33.71
1475 63.94 26.28 10.55 130.15 37.68
1476 63.99 44.99 13.41 196.70 38.60
1477 64.02 88.83 7.95 99.96 28.04
1478 63.95 18.54 9.35 105.77 36.48
1479 64.07 36.97 12.00 174.90 42.77
1480 64.18 40.41 11.39 169.20 36.73
1481 64.07 71.70 12.77 180.55 33.69
1482 64.21 10.97 8.14 83.62 30.02
1483 64.11 54.96 14.89 192.42 38.34
1484 64.18 13.56 9.97 106.62 32.34
1485 64.25 76.40 11.84 169.46 37.95
1486 64.28 66.16 12.72 176.18 32.46
1487 64.37 8.55 5.97 62.53 36.58
1488 64.33 28.80 10.33 117.60 44.97
1489 64.50 63.23 12.08 173.75 36.34
1490 64.50 81.91 10.21 133.92 29.15
1491 64.40 6.11 3.95 44.88 19.18
1492 64.41 32.88 10.58 127.42 45.70
1493 64.51 93.38 3.97 33.79 13.74
1494 64.65 52.42 10.96 158.16 36.75
1495 64.72 22.31 9.89 123.43 46.72
1496 64.85 57.15 11.50 187.16 37.55
1497 65.52 20.93 7.19 53.73 156.87
1498 64.77 38.32 11.64 125.31 48.69
1499 64.78 49.69 10.47 165.98 31.39
1500 64.81 35.57 9.88 147.51 52.71
1501 65.00 73.41 8.92 146.87 34.13
1502 64.87 24.41 7.59 91.90 55.33
1503 64.94 43.58 10.22 161.24 39.99
1504 65.09 87.39 6.64 79.15 29.37
1505 64.97 26.76 9.49 116.57 77.14
1506 64.97 46.71 15.33 189.35 52.62
1507 65.06 59.85 10.87 146.01 39.47
1508 65.32 15.09 6.53 63.24 128.90
1509 65.11 70.38 9.24 149.73 34.22
1510 65.22 84.59 8.61 115.42 31.16
1511 65.09 90.30 6.03 64.32 22.55
1512 65.05 95.00 1.78 15.80 7.44
1513 65.36 18.63 6.10 48.98 144.62
1514 65.18 67.32 8.82 129.46 34.61
1515 65.34 11.33 6.02 64.10 85.42
1516 65.55 33.13 7.93 55.15 170.36
1517 65.19 41.01 9.33 143.41 58.95
1518 65.35 54.74 8.82 149.42 35.36
1519 65.39 7.18 4.30 42.50 69.91
1520 65.63 76.04 9.45 144.59 33.38
1521 65.48 64.72 10.71 122.16 34.39
1522 65.44 92.55 3.60 33.56 18.29
1523 65.63 29.47 7.66 59.08 171.48
1524 65.57 38.49 8.88 61.77 160.69
1525 65.66 61.86 10.08 122.95 35.30
1526 65.57 49.05 9.04 147.00 48.59
1527 65.72 81.40 8.61 118.11 34.95
1528 65.81 36.40 8.04 64.19 185.15
1529 65.65 51.93 10.66 113.50 37.54
1530 65.89 23.58 7.07 40.36 167.70
1531 66.05 26.67 7.36 43.35 182.76
1532 65.73 45.00 8.84 113.41 77.91
1533 65.88 78.73 8.97 112.58 35.17
1534 65.87 57.44 9.40 115.34 37.50
1535 66.21 47.31 8.73 79.23 164.70
1536 66.11 40.68 8.78 45.02 175.20
1537 66.07 69.29 8.43 124.36 45.10
1538 66.21 10.12 4.69 31.25 139.57
1539 66.21 72.12 7.75 103.93 36.88
1540 66.32 93.41 2.38 13.35 19.38
1541 66.53 13.02 5.26 21.46 160.00
1542 66.27 90.80 5.26 52.27 22.32
1543 66.24 84.73 7.75 69.17 44.61
1544 66.40 31.32 7.84 40.55 194.30
1545 66.40 59.92 9.14 122.07 74.68
1546 66.56 66.41 7.91 58.55 139.82
1547 66.60 8.22 3.77 22.86 139.53
1548 66.90 16.69 5.60 18.59 167.34
1549 66.28 54.73 9.31 90.91 74.88
1550 66.69 50.04 7.44 56.61 182.94
1551 66.44 63.40 9.85 94.83 62.11
1552 66.60 43.02 8.24 59.57 187.21
1553 66.75 52.59 8.21 57.68 152.19
1554 66.81 35.76 7.28 22.93 188.07
1555 66.93 45.33 7.30 39.59 176.25
1556 66.94 38.47 6.80 28.56 179.28
1557 66.83 57.48 8.53 70.94 154.79
1558 66.84 81.20 7.25 68.69 110.94
1559 67.00 20.27 5.85 18.15 171.52
1560 66.81 78.69 6.18 60.62 105.40
1561 67.13 29.57 6.31 23.04 184.18
1562 66.96 33.57 7.45 24.90 167.84
1563 66.92 23.30 6.41 18.72 190.19
1564 66.97 76.24 7.94 102.86 70.00
1565 67.11 69.17 7.57 47.46 158.16
1566 67.14 11.20 4.11 15.26 158.70
1567 67.26 54.96 7.90 55.70 174.67
1568 67.28 25.25 6.14 23.63 183.48
1569 67.37 40.90 7.38 30.48 193.26
1570 67.15 61.88 8.55 33.22 157.69
1571 67.39 27.45 6.73 23.07 182.32
1572 67.48 71.03 7.32 36.54 158.44
1573 67.46 22.38 6.06 17.16 164.82
1574 67.51 64.90 7.57 32.58 169.08
1575 67.55 92.90 3.37 11.64 46.51
1576 67.72 84.15 6.06 38.99 130.52
1577 67.57 86.45 6.06 43.26 119.42
1578 67.81 31.41 6.62 25.01 160.07
1579 67.83 59.36 6.95 25.25 178.25
1580 67.55 78.08 6.75 40.92 133.82
1581 67.71 43.90 6.80 21.38 188.36
1582 67.78 67.52 6.67 35.00 142.98
1583 68.08 81.50 6.79 35.52 138.26
1584 67.91 9.64 3.73 10.32 140.63
1585 68.07 36.74 7.25 22.17 162.48
1586 67.92 50.11 7.45 28.00 183.98
1587 67.73 61.45 8.82 37.55 182.36
1588 68.03 17.89 4.77 23.10 118.21
1589 68.23 56.84 7.34 25.55 189.66
1590 67.97 75.13 6.66 39.52 157.34
1591 68.17 34.20 6.33 29.62 140.98
1592 68.06 12.46 4.63 13.10 144.43
1593 67.82 55.80 7.67 30.00 189.50
1594 68.35 62.95 7.55 20.91 180.47
1595 68.24 14.40 4.41 25.37 104.72
1596 68.19 42.75 6.39 22.93 173.20
1597 68.25 76.62 7.70 41.76 164.96
1598 68.32 25.48 5.94 21.70 132.67
1599 68.54 45.87 5.94 20.07 162.00
1600 68.42 28.44 5.43 25.94 124.14
1601 68.33 72.86 5.50 27.12 157.56
1602 68.69 65.43 6.30 17.09 172.26
1603 68.95 88.17 4.56 17.81 134.95
1604 68.76 40.94 6.44 38.17 161.16
1605 68.79 54.42 7.48 20.96 170.38
1606 68.68 70.85 6.51 28.35 164.04
1607 68.70 90.28 4.67 15.72 114.86
1608 68.69 60.80 6.86 20.36 186.52
1609 68.61 50.43 6.20 22.53 178.00
1610 68.87 10.66 3.81 18.32 97.22
1611 68.84 86.15 5.06 24.81 136.65
1612 68.82 7.82 3.05 15.15 60.38
1613 68.97 21.28 5.36 113.26 46.54
1614 69.05 51.82 6.87 22.27 174.60
1615 69.17 17.69 5.29 121.73 44.17
1616 68.89 30.47 5.50 102.60 61.08
1617 69.10 48.37 6.39 21.09 149.04
1618 69.11 58.37 6.97 20.93 180.98
1619 68.97 38.11 6.29 46.53 110.42
1620 69.10 43.63 7.07 31.49 143.24
1621 69.09 32.89 6.10 98.71 72.05
1622 69.11 79.84 6.58 21.48 155.71
1623 69.08 35.31 6.03 63.60 97.57
1624 69.18 5.80 2.14 15.92 38.41
1625 69.25 24.43 5.16 108.86 53.70
1626 69.85 73.94 6.35 16.96 151.74
1627 69.38 84.76 5.17 22.39 146.64
1628 69.11 91.36 4.00 15.38 95.38
1629 69.47 78.53 5.98 17.08 154.75
1630 69.31 61.22 5.85 16.03 177.53
1631 69.56 11.83 3.94 78.49 46.99
1632 69.53 28.19 5.95 156.56 42.16
1633 69.70 56.05 6.12 27.88 173.39
1634 69.56 68.72 6.44 16.40 166.86
1635 69.83 14.67 4.00 132.98 34.79
1636 69.66 92.68 2.63 5.54 47.70
1637 69.61 45.77 6.42 45.68 100.58
1638 69.84 63.00 6.12 19.00 177.42
1639 69.85 30.75 5.79 178.46 40.26
1640 69.70 40.25 6.19 160.97 49.71
1641 69.96 66.20 6.43 16.62 155.00
1642 69.89 90.55 3.58 6.59 96.79
1643 69.91 19.47 4.85 154.17 41.18
1644 69.80 37.47 6.47 178.13 55.58
1645 69.80 64.69 5.62 18.24 178.47
1646 69.91 8.20 3.52 70.19 30.44
1647 69.84 50.20 5.91 31.74 107.15
1648 70.04 35.52 6.19 189.56 49.33
1649 70.03 22.01 4.78 161.28 41.97
1650 69.94 52.65 6.06 48.12 149.94
1651 70.20 60.28 6.63 25.69 124.32
1652 70.05 43.35 6.33 172.23 48.27
1653 69.91 86.44 4.84 11.32 145.12
1654 70.31 33.27 6.44 197.88 38.53
1655 70.35 81.14 6.28 12.58 140.83
1656 70.13 47.79 5.30 117.34 50.77
1657 70.31 25.06 5.09 183.84 38.34
1658 70.20 71.04 5.70 23.44 143.58
1659 70.53 88.58 4.38 8.82 137.58
1660 70.60 17.16 4.62 171.65 33.06
1661 70.75 12.38 3.60 130.24 28.39
1662 70.29 53.80 6.00 52.17 148.00
1663 70.61 68.06 6.21 38.56 136.91
1664 70.64 41.39 6.98 219.71 35.69
1665 70.77 38.79 6.12 207.27 38.24
1666 70.79 45.39 5.51 188.14 42.59
1667 70.74 85.16 4.32 9.82 137.95
1668 70.86 9.69 3.07 88.26 30.59
1669 70.68 27.21 5.72 172.24 38.34
1670 70.73 49.79 6.06 136.02 40.22
1671 70.89 52.16 6.18 163.93 44.11
1672 70.83 78.40 6.30 15.94 111.42
1673 71.02 20.74 5.24 173.37 35.71
1674 70.98 55.03 5.49 144.52 44.31
1675 71.18 7.47 2.15 66.41 22.39
1676 71.18 14.83 4.01 137.32 31.26
1677 71.04 29.07 5.45 168.81 38.35
1678 71.13 31.23 5.80 189.91 40.05
1679 71.06 58.68 6.08 117.54 54.07
1680 71.01 64.45 5.60 36.09 108.74
1681 71.21 36.10 5.98 200.66 35.88
1682 71.39 47.60 6.00 204.16 38.95
1683 71.42 76.41 5.52 50.35 77.43
1684 71.43 23.20 4.68 162.58 37.80
1685 71.48 42.94 5.93 197.18 35.04
1686 71.41 80.52 5.94 12.81 101.47
1687 71.60 18.83 5.09 134.86 40.56
1688 71.81 27.15 5.56 145.36 39.71
1689 71.75 33.69 5.35 170.16 41.25
1690 71.74 82.90 4.98 16.98 83.09
1691 71.71 88.49 3.92 12.35 96.45
1692 71.77 11.33 3.15 92.94 28.15
1693 71.88 56.87 5.66 196.03 33.92
1694 71.88 40.65 5.92 184.04 42.28
1695 71.96 52.78 6.18 211.30 38.64
1696 71.85 62.17 5.60 166.29 43.83
1697 71.87 38.04 5.88 202.19 41.15
1698 71.96 16.77 4.04 114.20 41.81
1699 72.08 59.57 5.97 174.49 35.78
1700 72.17 69.07 5.58 164.81 37.33
1701 71.95 79.31 5.88 26.70 70.42
1702 72.00 49.99 5.22 176.39 36.36
1703 72.17 64.57 5.68 161.93 36.22
1704 72.10 72.18 5.98 140.14 40.65
1705 72.17 44.83 6.33 178.77 34.00
1706 72.16 21.17 4.57 103.90 38.98
1707 72.21 6.71 1.96 41.88 20.63
1708 72.17 8.90 3.04 60.73 26.33
1709 72.19 31.02 5.52 123.58 40.58
1710 72.28 13.79 3.11 87.32 53.04
1711 72.31 24.34 4.24 100.32 72.92
1712 72.48 86.33 4.51 39.39 47.43
1713 72.54 54.79 6.04 196.80 39.98
1714 72.55 36.12 5.55 109.91 42.35
1715 72.65 47.20 5.21 170.34 38.49
1716 72.80 66.74 5.90 192.70 39.20
1717 72.87 76.62 5.42 128.76 38.36
1718 72.66 11.46 3.11 52.70 94.41
1719 72.63 19.03 4.66 96.05 114.12
1720 72.78 42.26 6.22 141.19 41.63
1721 72.63 89.73 3.51 15.27 33.22
1722 72.93 27.63 5.26 56.73 150.95
1723 73.07 83.36 4.98 78.70 32.85
1724 72.76 39.06 5.51 109.72 52.10
1725 72.98 62.18 5.71 189.21 33.49
1726 73.07 17.52 3.89 54.90 144.84
1727 72.91 22.30 4.66 65.90 126.85
1728 73.00 30.12 5.00 46.42 122.67
1729 73.29 10.00 3.46 27.67 127.03
1730 73.06 49.54 6.38 153.88 37.11
1731 73.23 52.12 5.80 188.01 35.42
1732 73.24 57.27 5.70 149.80 34.37
1733 73.69 32.97 5.36 32.00 160.84
1734 73.33 59.61 5.67 172.64 35.85
1735 73.06 6.33 1.06 15.29 45.76
1736 73.33 15.01 3.65 39.02 134.39
1737 73.22 44.97 5.60 127.46 46.80
1738 73.24 13.00 3.55 35.79 125.45
1739 73.39 73.22 5.77 146.89 35.29
1740 73.33 7.81 2.83 19.45 93.69
1741 73.33 70.33 5.93 188.18 38.79
1742 73.62 21.05 4.70 38.82 162.72
1743 73.94 86.54 3.87 90.00 28.51
1744 73.39 89.59 3.82 35.72 17.88
1745 73.56 37.62 5.09 59.62 146.90
1746 73.57 40.64 5.18 53.37 143.42
1747 73.62 64.19 5.42 180.35 35.38
1748 73.55 35.28 5.10 61.92 154.60
1749 73.62 54.84 5.32 154.53 39.58
1750 73.56 25.47 5.43 36.06 171.43
1751 73.73 47.17 5.02 117.29 93.52
1752 74.03 43.61 5.40 84.32 164.38
1753 73.92 66.54 5.84 179.03 31.01
1754 73.80 17.29 5.43 28.33 148.38
1755 74.05 12.72 3.73 27.79 153.86
1756 74.18 27.86 4.78 33.11 171.44
1757 74.13 30.84 5.41 29.88 162.41
1758 74.00 49.53 5.60 83.22 148.47
1759 74.09 61.56 5.54 143.38 37.46
1760 74.30 23.64 4.29 19.86 172.18
1761 74.24 77.30 4.62 173.03 32.03
1762 74.34 75.02 5.61 174.92 33.70
1763 74.55 8.72 2.52 8.69 116.44
1764 74.48 69.61 5.14 182.76 31.62
1765 74.41 81.02 4.89 135.66 31.05
1766 74.24 18.62 5.25 23.27 174.73
1767 74.44 25.76 5.02 16.32 189.86
1768 74.47 56.74 5.06 115.12 89.69
1769 74.58 78.65 5.16 163.13 29.05
1770 74.77 39.45 5.86 27.49 175.85
1771 74.44 41.70 6.26 31.39 166.10
1772 74.64 58.54 5.14 103.69 109.79
1773 74.45 72.64 5.52 176.42 34.64
1774 74.69 45.55 5.45 42.66 173.52
1775 74.78 83.63 4.43 120.40 25.36
1776 74.73 36.92 5.83 27.20 178.48
1777 74.93 47.81 5.46 33.05 158.98
1778 74.77 16.48 3.70 13.41 144.04
1779 74.75 63.67 5.65 110.10 80.69
1780 74.98 20.03 4.69 14.22 180.63
1781 74.70 29.20 4.15 19.62 171.85
1782 74.92 54.87 5.88 57.14 164.88
1783 74.80 11.84 3.74 12.20 168.66
1784 75.08 51.14 5.94 46.44 164.92
1785 75.01 88.13 3.68 67.39 23.41
1786 74.94 34.65 6.38 21.92 177.86
1787 74.90 13.81 3.57 14.30 166.27
1788 75.21 31.99 5.33 22.86 175.35
1789 75.22 67.01 5.10 125.74 42.46
1790 75.26 42.59 5.55 23.08 170.97
1791 75.13 62.26 7.57 49.67 123.19
1792 75.39 18.11 4.19 13.10 159.60
1793 75.66 26.48 5.27 18.15 156.52
1794 75.36 23.57 5.38 25.00 165.55
1795 75.33 10.43 3.15 8.87 152.92
1796 75.37 29.21 5.36 16.30 174.47
1797 75.71 73.02 4.91 139.33 40.59
1798 75.67 75.73 5.18 141.06 31.90
1799 75.78 13.94 3.77 15.75 140.65
1800 75.53 53.15 5.61 52.27 175.79
1801 75.47 85.96 2.83 88.67 25.17
1802 75.72 69.59 4.75 121.80 40.75
1803 75.77 79.18 4.93 124.48 27.77
1804 75.76 21.50 4.52 19.20 162.94
1805 75.65 55.67 6.56 39.39 169.71
1806 75.93 64.37 5.33 58.89 145.52
1807 75.93 82.06 4.16 123.30 29.98
1808 75.80 84.67 4.11 93.48 24.05
1809 75.81 34.66 5.82 17.76 172.09
1810 75.89 41.00 5.36 15.91 166.93
1811 75.70 45.85 5.24 23.78 169.44
1812 75.85 59.22 5.24 28.50 159.23
1813 76.18 16.47 3.47 26.70 97.82
1814 75.75 57.38 4.73 27.81 158.15
1815 75.93 36.66 5.35 17.12 164.79
1816 75.82 44.04 4.23 18.92 177.08
1817 76.28 48.58 6.38 20.30 183.84
1818 76.12 87.12 4.00 64.69 27.05
1819 76.47 11.41 2.99 20.90 91.46
1820 76.14 31.29 4.64 26.94 153.56
1821 76.25 39.60 5.61 15.71 163.39
1822 76.09 18.76 4.22 24.83 145.11
1823 76.27 33.61 5.39 27.89 151.97
1824 76.34 71.13 5.43 106.96 94.61
1825 76.39 43.35 5.20 16.30 181.09
1826 76.45 20.03 4.74 38.81 131.82
1827 76.54 29.32 5.16 37.58 129.23
1828 76.40 51.27 5.06 18.94 167.30
1829 76.44 56.97 5.15 24.15 161.44
1830 76.46 68.06 5.32 54.90 140.81
1831 76.70 60.78 5.44 18.75 166.75
1832 76.83 65.63 6.09 32.72 157.72
1833 76.83 73.91 5.35 121.04 101.98
1834 76.95 75.90 5.26 90.64 83.66
1835 76.96 79.90 4.43 99.62 30.04
1836 76.92 38.44 5.64 28.72 138.06
1837 77.17 63.73 5.55 29.96 161.06
1838 77.05 83.05 4.31 80.02 45.23
1839 77.06 85.31 4.24 59.71 56.59
1840 76.96 22.57 4.88 116.84 59.28
1841 76.89 32.77 6.08 48.11 119.40
1842 77.04 41.58 5.41 31.48 136.68
1843 76.90 57.94 4.93 14.27 158.60
1844 77.54 46.76 5.26 29.79 154.67
1845 77.20 44.25 5.34 26.12 168.18
1846 77.15 55.89 5.67 19.31 184.10
1847 76.91 68.06 4.75 55.12 162.25
1848 77.15 68.89 4.58 33.33 148.54
1849 77.19 20.45 5.19 91.39 52.47
1850 77.75 69.53 5.37 30.72 155.69
1851 77.19 16.47 4.25 81.00 43.53
1852 77.62 14.53 3.46 88.95 37.79
1853 77.37 10.21 2.58 39.42 33.00
1854 77.69 72.84 5.26 41.86 138.03
1855 77.52 26.71 4.33 141.40 62.23
1856 77.72 24.39 4.71 152.08 42.88
1857 77.78 32.06 5.32 153.40 46.63
1858 78.17 28.83 5.33 196.11 40.83
1859 77.78 37.13 5.35 130.77 52.97
1860 77.63 51.63 5.67 19.83 171.21
1861 77.92 65.60 5.88 23.04 156.39
1862 77.67 70.86 5.53 45.40 153.33
1863 77.89 62.59 4.22 15.13 165.84
1864 78.05 17.51 3.40 141.91 31.61
1865 77.85 53.07 5.14 22.97 171.42
1866 77.93 76.28 5.02 37.74 120.87
1867 77.91 11.87 3.35 78.67 28.23
1868 77.91 39.97 5.95 127.29 55.33
1869 78.24 78.02 4.13 43.43 117.24
1870 78.20 22.29 4.69 176.90 36.46
1871 77.99 49.75 5.33 26.35 133.37
1872 77.83 56.24 6.45 12.77 179.68
1873 77.87 81.84 4.37 38.00 113.53
1874 78.13 42.73 5.81 142.32 62.77
1875 78.39 80.03 4.57 33.41 120.84
1876 78.35 20.01 5.01 156.66 31.94
1877 78.66 35.33 5.29 191.03 37.73
1878 78.11 60.31 5.20 13.20 169.00
1879 78.47 83.08 3.71 24.44 120.22
1880 78.38 56.93 5.07 15.95 158.11
1881 78.66 54.36 5.38 41.04 134.81
1882 78.68 59.32 5.15 15.70 147.28
1883 78.79 13.35 3.26 133.00 29.67
1884 78.52 48.12 5.07 70.75 113.43
1885 78.65 51.42 4.67 34.63 106.79
1886 78.81 24.75 5.21 189.49 35.83
1887 78.76 32.62 5.19 197.00 33.56
1888 78.72 61.73 5.30 15.07 174.48
1889 78.61 70.18 5.34 22.76 163.62
1890 79.07 38.04 4.81 203.34 37.78
1891 78.95 40.75 5.73 219.06 42.46
1892 78.82 75.65 4.93 27.67 155.35
1893 78.87 45.58 5.38 168.02 52.92
1894 79.00 64.82 5.30 16.97 157.57
1895 79.01 71.99 5.28 14.46 151.91
1896 79.19 85.53 3.68 11.86 87.37
1897 79.15 15.93 3.45 168.54 28.04
1898 79.23 30.07 5.07 191.61 33.88
1899 79.25 43.30 5.85 197.52 36.35
1900 79.22 49.85 4.77 132.52 46.63
1901 79.09 57.17 4.94 42.59 117.19
1902 79.48 18.54 4.00 168.88 34.20
1903 79.12 77.77 4.75 23.00 130.25
1904 79.64 20.80 4.49 171.54 36.06
1905 79.42 52.77 5.55 100.00 46.39
1906 79.71 11.99 3.59 112.02 33.11
1907 79.78 47.34 5.73 199.87 39.22
1908 79.57 62.45 5.72 35.98 127.78
1909 79.50 77.04 4.95 20.38 142.36
1910 79.80 23.11 4.31 172.49 35.72
1911 79.73 82.66 4.22 10.37 128.83
1912 79.92 68.93 5.83 26.60 162.41
1913 79.69 42.14 5.05 210.57 33.62
1914 79.67 55.42 5.86 88.68 63.19
1915 79.74 58.11 4.33 48.08 83.33
1916 79.81 60.41 5.58 33.42 85.92
1917 79.96 25.69 4.99 191.93 31.48
1918 79.94 32.67 5.69 203.16 36.16
1919 79.75 34.79 5.12 212.94 41.41
1920 80.01 65.93 5.16 29.13 142.46
1921 79.85 80.79 3.97 15.27 126.60
1922 80.01 39.47 5.69 229.66 35.72
1923 80.15 27.94 5.43 172.04 36.34
1924 80.17 14.34 3.32 150.31 28.74
1925 80.39 51.29 5.58 180.43 37.37
1926 80.28 44.68 5.38 217.15 37.71
1927 80.49 48.94 4.57 187.81 35.90
1928 80.42 70.78 4.98 15.92 139.51
1929 80.46 16.86 4.09 162.20 31.37
1930 80.33 30.36 5.17 181.75 36.55
1931 80.55 53.93 5.17 176.61 38.03
1932 80.02 76.82 5.00 15.83 146.33
1933 80.50 35.01 5.02 186.60 36.68
1934 80.78 37.23 5.35 200.05 38.28
1935 80.63 56.79 5.30 155.77 41.75
1936 80.52 41.87 5.62 213.69 38.01
1937 80.50 78.45 4.03 10.41 145.93
1938 80.38 80.43 3.70 11.20 138.20
1939 80.75 59.52 5.23 160.05 45.19
1940 80.75 19.19 4.65 148.13 34.75
1941 80.66 67.33 6.39 58.93 126.42
1942 80.74 73.44 4.75 13.20 148.34
1943 80.95 21.69 4.84 153.86 43.80
1944 80.79 81.60 4.64 8.58 133.09
1945 81.13 12.73 2.85 77.68 29.99
1946 81.11 71.75 5.61 21.54 113.00
1947 81.07 24.36 4.44 142.46 53.08
1948 80.95 33.15 5.55 154.41 35.72
1949 81.11 27.04 4.56 152.84 44.76
1950 81.29 39.59 5.59 204.17 44.73
1951 81.58 66.06 4.95 145.78 58.30
1952 81.41 46.53 5.08 219.65 32.74
1953 81.36 62.14 5.05 179.42 45.02
1954 81.08 68.46 5.15 53.69 95.85
1955 81.26 15.35 3.38 104.32 73.82
1956 81.36 30.41 5.68 146.43 55.63
1957 81.51 75.68 4.49 11.47 129.40
1958 81.32 79.10 3.82 9.29 138.65
1959 81.31 82.83 3.03 4.97 121.50
1960 81.42 43.70 5.16 214.18 31.37
1961 81.54 69.92 4.00 44.42 85.29
1962 81.52 80.87 3.54 7.03 132.05
1963 81.77 49.20 5.56 218.32 32.07
1964 81.78 54.73 5.39 203.50 33.82
1965 81.64 35.38 5.58 155.06 58.87
1966 81.82 51.85 4.64 215.31 34.75
1967 81.60 73.30 4.20 18.13 100.63
1968 81.65 17.58 3.36 121.57 94.93
1969 81.85 57.57 5.00 191.03 34.64
1970 81.87 33.05 6.08 146.19 105.23
1971 82.03 41.63 4.61 190.99 44.24
1972 82.17 60.06 5.12 179.84 34.42
1973 81.93 22.76 4.93 95.93 135.14
1974 82.10 83.23 3.08 4.57 72.65
1975 82.13 13.52 2.85 50.87 102.50
1976 82.17 28.72 5.71 128.53 135.31
1977 82.26 26.38 5.07 86.74 143.70
1978 82.38 37.70 5.12 135.28 100.24
1979 82.39 63.91 5.03 209.05 39.15
1980 82.33 80.84 4.02 9.37 99.54
1981 82.55 32.39 5.95 88.41 154.82
1982 82.41 44.68 5.49 193.43 47.84
1983 82.60 16.94 4.09 53.49 150.81
1984 82.73 69.10 4.98 149.63 49.62
1985 82.40 73.69 4.43 30.43 72.37
1986 82.69 75.91 3.74 24.76 82.34
1987 82.55 24.04 4.96 76.63 146.84
1988 82.73 47.28 5.03 156.94 81.76
1989 82.78 78.32 3.78 16.02 90.16
1990 83.04 19.53 4.40 57.76 159.63
1991 82.68 35.26 5.09 101.12 138.50
1992 82.93 55.50 5.41 181.17 39.38
1993 82.99 52.73 5.53 196.47 47.42
1994 82.99 49.96 5.65 157.90 59.55
1995 83.05 58.09 5.48 183.35 33.23
1996 83.25 30.60 5.03 63.33 177.83
1997 82.95 66.14 5.85 177.25 41.41
1998 82.95 21.95 5.11 64.31 152.50
1999 83.10 39.21 4.88 100.60 152.79
2000 83.00 42.69 5.75 137.88 139.16
2001 82.95 82.76 3.07 7.03 55.93
2002 83.23 28.21 5.90 69.90 186.00
2003 82.89 74.66 4.25 36.75 86.38
2004 83.19 61.29 5.12 202.04 34.71
2005 83.24 40.79 5.04 93.02 161.77
2006 83.33 25.60 5.37 73.23 173.87
2007 83.40 71.86 4.56 123.66 36.83
2008 83.24 79.50 3.58 18.56 76.58
2009 83.16 35.06 6.67 99.00 146.33
2010 83.52 45.16 5.19 101.25 150.15
2011 83.55 14.04 3.40 25.02 130.38
2012 83.56 37.24 5.21 74.50 146.62
2013 83.67 63.93 5.64 220.42 36.20
2014 83.92 23.47 5.13 44.48 167.46
2015 83.67 76.22 4.45 40.65 45.45
2016 83.66 47.86 5.30 133.22 138.60
2017 83.84 53.87 5.67 137.54 84.98
2018 84.03 35.70 4.72 47.09 161.28
2019 84.10 67.52 5.08 192.20 34.89
2020 84.06 59.34 5.51 165.65 44.92
2021 83.95 78.03 3.13 38.68 31.92
2022 84.22 42.58 5.40 66.02 171.14
2023 83.82 51.73 5.43 101.86 132.57
2024 84.19 50.42 5.33 115.50 117.48
2025 84.24 56.71 5.54 127.42 74.71
2026 84.16 19.65 4.05 27.74 156.45
2027 84.18 31.30 5.19 35.95 178.95
2028 84.18 21.48 3.73 29.43 168.95
2029 84.21 40.25 4.67 54.58 162.67
2030 84.00 80.02 3.86 25.14 41.14
2031 84.55 61.80 5.79 189.35 69.43
2032 84.53 74.07 4.37 109.16 38.73
2033 84.53 25.89 5.38 29.57 170.16
2034 84.19 38.28 3.90 52.40 151.30
2035 84.41 33.23 5.46 30.76 173.10
2036 84.57 45.13 5.17 60.67 163.95
2037 84.66 47.69 5.74 59.74 165.04
2038 84.37 17.56 3.10 26.90 146.03
2039 84.57 28.40 5.42 24.31 173.87
2040 84.66 70.13 5.36 182.75 31.29
2041 84.57 79.99 2.85 32.18 24.15
2042 84.86 54.88 5.45 76.39 155.72
2043 84.91 76.51 3.98 74.11 28.88
2044 84.77 64.51 4.78 208.30 40.89
2045 84.69 15.83 3.35 14.09 144.71
2046 84.65 52.92 6.02 60.38 145.52
2047 84.80 37.05 5.82 31.64 168.70
2048 84.87 21.80 4.41 22.05 164.93
2049 85.08 72.08 4.60 150.29 33.27
2050 85.10 79.03 3.61 40.90 27.13
2051 85.04 59.26 5.69 117.27 112.96
2052 85.19 17.25 3.52 11.72 145.22
2053 85.01 19.98 4.77 19.08 148.38
2054 85.29 32.25 5.68 23.40 170.92
2055 85.43 49.96 5.41 41.87 169.72
2056 85.28 29.98 5.17 22.00 171.62
2057 85.26 42.76 5.43 41.41 175.71
2058 85.41 66.83 4.67 184.97 42.08
2059 85.35 35.35 4.40 28.56 164.12
2060 85.45 51.99 5.17 55.50 169.10
2061 85.37 27.07 4.44 19.75 163.56
2062 85.22 46.36 6.17 32.17 167.17
2063 85.65 18.67 4.23 12.49 144.77
2064 85.73 38.09 5.53 21.59 173.16
2065 85.48 22.70 3.89 23.63 152.22
2066 86.19 44.69 5.11 27.31 170.22
2067 85.87 58.84 5.91 62.45 161.67
2068 85.67 20.11 4.72 11.48 143.96
2069 85.59 47.02 5.29 27.43 166.29
2070 85.71 61.06 6.28 121.98 129.72
2071 85.87 64.19 5.55 148.15 120.80
2072 85.99 53.82 5.71 45.64 161.00
2073 86.01 69.49 4.85 174.73 34.21
2074 85.95 25.13 4.68 17.76 156.06
2075 86.53 75.65 3.62 99.73 28.10
2076 86.16 78.34 3.36 48.76 22.48
2077 86.35 17.25 3.29 7.44 113.95
2078 86.23 56.60 5.37 50.56 159.24
2079 86.31 72.46 4.25 156.14 32.82
2080 86.36 23.51 4.69 11.40 144.74
2081 86.31 42.20 4.71 19.46 171.46
2082 86.38 21.84 4.24 13.26 147.94
2083 86.51 29.30 5.06 15.35 171.12
2084 86.41 36.58 5.11 20.51 173.77
2085 86.47 47.07 5.07 22.88 159.73
2086 86.52 49.87 5.98 24.91 166.81
2087 86.68 20.29 4.38 8.71 131.48
2088 86.77 51.73 5.53 24.85 167.79
2089 86.79 66.74 4.59 139.96 111.87
2090 87.32 27.12 4.96 10.63 151.85
2091 87.33 63.15 4.65 68.36 165.10
2092 87.14 58.08 5.88 38.15 172.09
2093 87.14 34.99 5.03 14.46 173.98
2094 87.13 31.47 5.79 13.80 161.88
2095 87.21 69.29 4.79 124.00 98.47
2096 87.35 23.66 4.55 8.03 135.12
2097 87.12 49.76 4.42 18.67 164.83
2098 87.38 43.12 5.02 14.35 157.17
2099 87.47 72.40 3.98 121.37 63.54
2100 87.50 55.10 5.46 26.72 160.17
2101 87.72 36.87 4.23 11.97 156.48
2102 87.75 33.25 5.02 12.61 154.96
2103 87.73 49.15 5.12 13.94 154.57
2104 87.70 39.21 5.15 16.69 159.04
2105 87.62 41.66 4.38 15.00 158.73
2106 87.78 21.23 3.57 5.14 102.57
2107 88.07 29.36 4.73 9.36 114.59
2108 88.13 65.08 5.41 56.18 154.60
2109 88.00 67.04 4.49 43.90 130.57
2110 88.16 51.42 5.04 14.53 149.81
2111 88.23 40.73 5.19 14.47 147.47
2112 88.17 75.52 3.57 44.68 79.10
2113 88.26 61.24 5.36 48.90 164.77
2114 88.57 44.26 5.01 10.42 127.94
2115 88.33 69.98 4.25 107.11 118.96
2116 88.43 31.51 4.92 8.43 125.24
2117 88.41 48.08 5.30 12.86 135.73
2118 88.14 55.80 3.67 22.92 162.58
2119 88.31 58.99 5.69 39.19 167.88
2120 88.46 26.51 4.53 7.31 95.31
2121 88.13 45.30 5.00 15.50 161.00
2122 89.01 71.89 4.07 43.48 120.87
2123 88.68 23.70 3.92 6.37 77.48
2124 88.85 35.08 4.64 9.13 109.14
2125 88.82 21.84 3.91 4.53 71.65
2126 88.81 74.42 4.56 46.79 85.65
2127 88.96 53.31 4.70 14.19 137.95
2128 88.61 55.58 6.25 17.62 162.88
2129 88.78 28.17 4.44 5.67 79.67
2130 89.21 63.08 4.91 50.64 154.23
2131 89.23 56.10 5.56 12.57 135.94
2132 89.18 42.49 4.44 7.05 101.12
2133 89.36 47.54 4.50 8.52 102.98
2134 89.25 66.54 4.58 32.93 132.63
2135 89.18 61.12 5.21 35.47 156.03
2136 89.38 39.98 5.16 10.06 89.47
2137 89.35 25.49 3.70 5.36 62.84
2138 89.37 68.90 4.80 47.07 128.89
2139 89.48 32.01 4.93 7.73 73.13
2140 89.24 73.67 2.70 34.80 101.70
2141 89.47 28.32 4.50 6.32 70.75
2142 89.82 44.66 4.28 7.99 83.80
2143 90.23 54.78 4.69 9.34 99.67
2144 89.89 60.00 5.38 15.52 142.88
2145 90.04 23.17 3.44 3.97 54.36
2146 90.14 35.85 5.32 6.36 55.68
2147 89.89 31.12 4.41 6.82 64.41
2148 90.05 57.36 4.89 13.09 125.43
2149 90.40 27.37 3.62 4.40 37.00
2150 89.99 40.42 3.88 9.12 78.62
2151 90.26 72.10 3.36 13.80 94.53
2152 90.21 29.62 4.38 6.07 52.60
2153 90.26 50.82 4.48 7.92 75.19
2154 90.32 37.56 4.73 6.51 58.85
2155 90.61 39.60 4.72 5.86 50.48
2156 90.31 67.03 4.37 32.31 126.06
2157 90.46 70.55 4.11 17.36 114.87
2158 90.70 46.67 5.01 7.21 59.96
2159 90.84 60.78 4.83 11.10 110.43
2160 90.21 69.08 3.55 20.00 140.36
2161 90.46 32.79 4.71 5.98 47.84
2162 90.64 58.85 6.28 10.31 121.25
2163 90.51 48.40 4.51 7.23 66.74
2164 90.44 62.35 3.40 19.00 129.60
2165 91.13 68.95 3.80 13.17 106.84
2166 90.95 63.61 4.00 11.61 105.49
2167 90.76 65.40 3.88 20.00 119.15
2168 90.66 34.20 4.25 4.50 42.75
2169 90.98 31.09 5.38 5.35 40.73
2170 91.06 25.81 3.70 3.86 28.07
2171 91.07 28.62 4.25 4.88 30.69
2172 90.92 36.73 4.42 5.75 44.25
2173 91.21 51.10 4.45 6.68 52.03
2174 91.40 57.21 4.71 8.53 75.93
2175 91.56 53.88 5.03 6.62 60.55
2176 91.54 35.10 5.70 5.20 32.48
2177 91.38 38.48 5.29 5.97 43.10
2178 91.34 42.57 5.00 5.62 38.05
2179 91.82 33.06 6.88 4.79 33.73
2180 91.33 40.83 6.38 7.41 38.22
2181 91.81 67.23 3.90 14.12 100.12
2182 91.91 62.76 4.83 6.99 67.63
2183 91.80 37.01 5.85 5.81 38.52
2184 91.75 61.07 5.06 8.14 71.06
2185 91.87 47.34 5.26 5.74 35.94
2186 92.22 30.31 6.99 4.17 32.02
2187 91.70 51.66 4.14 5.00 53.14
2188 92.03 28.27 6.07 4.11 29.35
2189 91.98 49.13 5.30 5.58 39.82
2190 92.29 40.27 5.32 5.80 36.75
2191 92.20 58.32 4.79 5.80 50.87
2192 92.13 52.41 4.38 5.81 37.31
2193 92.30 37.73 6.38 6.46 33.08
2194 92.70 51.30 5.17 4.84 33.65
2195 92.90 35.92 5.07 4.76 34.29
2196 92.90 56.00 4.68 5.30 34.85
2197 93.04 42.25 6.43 4.75 35.51
2198 92.98 46.80 4.89 5.77 33.84
2199 92.86 33.01 8.41 4.47 32.18
2200 93.17 34.38 7.22 3.95 31.65
2201 93.53 53.40 5.15 5.20 30.05
2202 93.24 60.73 3.86 4.36 31.39
2203 93.41 49.73 4.98 5.13 30.77
2204 93.26 58.56 4.26 4.57 27.69
2205 93.33 31.60 8.22 4.02 30.22
2206 93.56 62.74 3.61 5.00 30.64
2207 93.60 64.48 3.49 4.57 32.62
2208 93.69 47.56 5.75 5.14 33.14
2209 94.34 44.24 6.77 4.40 30.40
2210 93.83 51.41 4.77 4.59 27.36
2211 94.24 59.80 3.99 3.58 27.79
2212 94.10 34.21 8.35 3.85 29.40
2213 94.38 37.19 6.79 4.49 34.16
2214 94.30 40.48 9.28 4.97 31.80
2215 94.09 54.90 4.38 4.69 29.15
2216 94.45 56.00 4.41 3.49 26.50
2217 94.64 49.94 5.52 4.36 28.76
2218 94.76 52.36 4.92 3.87 30.06
2219 95.15 39.70 8.95 4.41 36.19
2220 95.45 37.88 8.07 3.74 34.57
2221 95.94 45.66 6.53 3.81 28.69
2222 95.62 54.66 5.64 4.14 28.59
2223 95.32 47.36 4.50 3.00 30.00
2224 95.47 50.46 6.00 3.73 29.11
2225 95.57 42.13 6.47 3.91 25.98
2226 96.20 48.38 5.96 3.94 28.00
2227 95.89 39.17 8.75 4.25 31.22
2228 95.97 51.54 6.03 4.17 29.45
2229 96.15 40.81 4.62 4.46 29.77
2230 96.26 36.98 8.41 3.95 27.64
2231 96.30 42.34 6.54 3.23 26.74
2232 96.67 53.14 4.87 3.30 27.11
2233 96.59 35.44 9.52 3.00 29.67
2234 96.90 50.63 5.90 3.28 27.52
2235 97.07 41.53 6.67 3.60 28.29
2236 96.92 44.73 7.92 3.92 28.25
2237 97.19 47.70 4.76 3.56 26.38
2238 97.18 42.94 7.62 4.08 26.31
2239 97.60 44.23 7.69 3.58 29.79
2240 98.01 45.70 6.33 3.48 25.48

