#<Embryo name> <Cleavage cycle> <Temporal class> <Genes>
nb1 14A 8 even-skipped Kruppel giant

#Quantitative data
#<Nucleus number> <A-P coordinate> <D-V coordinate> <Fluorescence intensity: channel 1 - eve, channel 2 - Kr, channel 3 - gt>
0 2.15 47.95 7.16 17.85 6.18
1 2.10 50.37 6.54 16.92 5.65
2 2.35 45.01 7.62 20.58 8.75
3 3.03 45.82 9.05 23.53 11.94
4 3.27 47.88 8.17 21.27 17.88
5 3.51 50.47 7.36 16.02 9.27
6 3.89 53.52 7.27 18.00 5.86
7 3.81 56.71 7.75 12.98 5.47
8 4.11 44.92 8.99 21.17 37.06
9 4.26 59.20 7.08 13.82 5.14
10 4.01 47.26 7.27 25.95 18.82
11 4.51 42.07 7.83 22.93 41.65
12 4.65 49.15 7.86 21.35 32.84
13 5.17 54.41 7.78 17.24 6.73
14 5.17 51.65 7.31 15.92 11.57
15 5.25 46.74 9.12 20.10 54.12
16 5.26 39.98 8.44 20.52 66.91
17 5.31 56.95 8.19 15.95 5.50
18 5.57 61.96 7.17 11.37 4.96
19 5.65 44.17 8.46 22.14 72.70
20 5.88 37.01 8.43 21.90 91.66
21 5.86 59.46 8.12 12.41 6.07
22 6.20 41.58 9.57 21.58 86.97
23 6.16 49.37 8.35 21.78 47.64
24 6.36 52.72 8.17 17.73 11.90
25 6.37 38.87 9.30 24.23 79.26
26 6.72 56.21 7.69 16.14 7.03
27 6.48 58.32 7.72 13.68 7.08
28 6.78 46.65 8.39 18.39 85.67
29 7.08 43.77 8.26 21.43 96.45
30 7.27 51.25 7.66 19.61 28.17
31 6.88 39.23 8.96 25.04 81.07
32 7.09 36.12 8.74 24.49 82.81
33 7.31 60.82 7.60 10.84 5.69
34 7.40 35.04 7.74 24.83 86.68
35 7.71 53.97 8.39 17.24 19.36
36 7.64 40.69 9.49 28.47 107.81
37 7.41 58.43 8.97 14.51 6.60
38 7.83 48.84 8.35 21.46 68.58
39 7.72 37.94 10.05 24.90 103.49
40 7.72 64.48 7.77 10.41 5.92
41 7.85 62.70 7.98 11.15 6.95
42 8.28 46.04 8.94 19.49 103.34
43 8.19 33.35 9.41 39.38 70.36
44 8.00 56.23 8.85 16.43 7.76
45 8.31 43.23 8.23 22.70 102.10
46 8.49 61.66 7.44 11.86 6.16
47 8.17 65.24 7.00 8.50 10.75
48 8.65 59.52 9.22 13.50 7.26
49 8.81 35.88 9.34 30.30 73.98
50 8.68 51.59 9.27 24.35 27.06
51 8.59 63.72 8.56 10.00 7.82
52 8.82 65.30 8.14 9.30 10.48
53 8.77 56.11 8.42 17.42 8.35
54 9.01 38.28 10.53 29.91 82.04
55 8.87 40.25 9.31 27.79 107.38
56 9.06 31.52 9.26 30.06 44.61
57 9.34 48.71 8.78 25.34 76.30
58 9.30 41.24 9.18 25.74 93.15
59 9.22 53.88 8.53 20.68 9.62
60 9.58 43.83 9.66 25.58 93.75
61 9.74 33.30 9.41 43.77 51.62
62 9.72 57.54 8.73 16.16 7.69
63 9.83 46.26 9.12 30.96 80.67
64 9.98 51.16 10.11 22.79 42.83
65 9.72 55.24 9.10 16.52 8.62
66 10.32 65.08 8.69 10.81 36.29
67 9.83 67.49 8.39 8.59 35.56
68 9.86 35.51 10.75 38.11 48.36
69 10.04 60.02 9.48 16.10 8.03
70 10.38 38.74 10.51 35.41 64.38
71 10.58 41.48 9.88 33.09 65.27
72 10.65 53.88 9.76 25.09 10.30
73 10.79 69.35 7.99 7.74 70.40
74 10.94 47.43 10.03 40.55 54.28
75 11.10 56.12 9.87 19.52 8.21
76 10.77 60.37 9.76 16.27 7.76
77 10.77 30.49 9.32 34.86 25.73
78 11.11 44.28 10.43 36.54 46.55
79 11.11 34.56 10.74 39.92 39.55
80 11.21 68.01 8.44 8.93 71.58
81 11.13 32.27 11.51 40.20 30.99
82 11.23 62.47 10.09 17.15 12.50
83 11.38 36.74 10.67 46.14 36.38
84 11.36 51.61 10.16 30.36 20.83
85 11.24 58.72 9.37 14.22 8.31
86 11.73 49.19 9.29 26.38 14.38
87 11.87 65.43 9.28 9.81 79.74
88 11.76 29.41 9.19 45.99 13.36
89 11.80 42.16 11.28 40.65 24.34
90 11.91 39.55 10.62 47.80 22.01
91 12.04 60.45 9.95 14.30 15.68
92 12.25 70.73 8.78 7.54 89.11
93 12.23 53.71 8.91 24.81 9.20
94 12.14 30.82 10.69 38.28 11.62
95 12.25 58.32 10.00 15.51 9.31
96 12.29 46.37 10.17 35.42 15.37
97 12.24 33.85 10.29 45.58 15.52
98 12.64 44.01 12.03 46.70 12.29
99 12.61 55.79 10.77 25.16 9.16
100 12.54 62.79 9.71 11.17 54.91
101 12.68 67.98 9.51 9.05 83.36
102 12.52 37.74 11.93 43.60 13.35
103 12.55 36.11 10.36 39.16 12.98
104 12.79 51.10 11.56 34.64 10.06
105 13.12 73.26 8.10 7.11 72.18
106 12.86 28.65 9.79 38.19 9.05
107 13.00 41.12 12.37 57.23 12.79
108 12.89 33.34 11.20 38.85 11.26
109 13.26 48.36 10.62 37.70 11.20
110 12.98 31.57 11.09 37.29 11.62
111 13.22 30.38 9.62 34.65 10.00
112 13.73 60.76 10.88 15.21 29.85
113 13.56 65.82 9.91 10.91 95.34
114 13.55 38.16 12.11 53.08 12.34
115 13.29 62.94 10.13 12.93 60.09
116 13.78 69.38 9.72 9.08 81.18
117 13.68 35.32 11.18 40.86 12.43
118 13.80 53.28 10.63 28.63 10.71
119 13.68 58.26 10.45 22.76 11.77
120 13.88 45.94 10.97 48.28 12.01
121 14.07 32.69 13.33 44.40 12.20
122 13.99 42.86 11.87 61.46 13.10
123 14.12 55.71 11.01 24.11 11.09
124 14.18 50.71 11.08 44.51 11.69
125 14.16 25.66 9.33 45.30 9.97
126 14.24 27.19 10.16 48.03 10.52
127 14.50 63.06 9.97 10.89 65.77
128 14.37 30.28 11.35 37.76 12.17
129 14.55 40.02 12.94 60.61 13.81
130 14.20 31.39 11.94 44.50 12.67
131 14.72 71.69 9.80 8.74 71.73
132 14.55 28.84 11.30 42.31 12.16
133 15.08 74.01 9.30 7.17 50.80
134 14.86 37.42 13.09 51.56 15.01
135 15.04 48.60 11.56 50.78 17.10
136 14.83 59.24 11.64 16.11 15.20
137 14.91 66.30 10.81 9.40 96.91
138 14.70 34.21 15.15 51.59 13.70
139 15.11 44.04 12.18 59.50 19.37
140 15.36 54.18 11.43 37.63 16.48
141 15.22 35.16 12.88 50.91 13.62
142 15.11 57.63 11.22 18.32 12.92
143 15.24 69.03 10.77 9.06 70.26
144 15.49 46.18 12.43 56.24 33.47
145 15.59 41.69 12.21 62.94 22.88
146 15.57 51.38 12.04 39.59 21.47
147 15.45 56.59 10.65 21.67 14.04
148 15.64 32.33 12.60 60.42 17.43
149 15.64 61.10 10.06 12.61 20.35
150 15.63 26.82 11.14 47.81 15.45
151 15.84 29.18 12.39 52.35 17.03
152 15.92 63.85 10.97 10.99 68.61
153 15.68 75.94 8.79 5.50 20.61
154 16.06 39.10 13.03 67.48 23.40
155 16.18 58.75 10.08 14.78 15.23
156 16.03 71.06 10.76 8.64 29.69
157 16.35 36.34 13.66 65.59 24.82
158 16.46 66.28 11.25 9.63 59.74
159 16.66 68.44 12.06 9.54 61.57
160 16.17 74.48 10.00 9.95 22.05
161 16.58 47.52 12.89 45.65 71.56
162 16.38 43.47 13.07 57.30 86.70
163 16.40 75.82 9.64 6.36 21.38
164 16.73 33.86 12.81 57.85 24.88
165 16.65 55.82 11.21 28.79 21.92
166 16.81 50.10 11.98 47.03 54.91
167 16.47 73.44 10.12 8.65 19.23
168 16.82 52.87 12.65 47.12 28.64
169 16.59 69.92 10.93 9.37 47.33
170 16.64 72.07 9.98 8.57 21.32
171 16.77 44.55 12.22 56.45 79.00
172 16.77 25.09 11.13 51.77 19.03
173 16.91 61.95 11.69 11.38 28.60
174 17.00 78.18 9.03 7.52 17.89
175 17.00 41.04 12.55 59.25 78.91
176 17.03 27.50 11.72 58.73 27.89
177 17.02 30.79 13.28 55.95 30.25
178 17.37 59.54 11.21 15.23 23.59
179 17.50 64.42 11.38 9.83 24.37
180 17.57 75.92 10.17 7.45 25.03
181 17.29 74.24 9.92 9.19 24.59
182 17.47 38.24 13.35 63.02 68.89
183 17.71 45.84 14.15 47.04 131.66
184 17.85 56.88 12.26 19.63 26.31
185 17.90 35.59 12.52 55.30 79.80
186 17.99 42.86 13.08 44.72 147.13
187 18.10 72.96 11.18 8.22 24.23
188 17.77 23.05 10.15 49.61 31.05
189 17.90 67.58 12.22 9.68 25.92
190 17.90 33.20 12.46 55.46 67.29
191 18.07 54.27 13.00 39.37 44.10
192 17.78 70.58 11.43 9.88 31.88
193 18.10 25.21 11.71 60.33 56.80
194 18.18 48.63 12.75 38.84 126.20
195 18.19 51.47 13.56 44.67 83.06
196 18.40 27.30 12.59 60.81 75.27
197 18.34 30.51 14.14 50.54 104.17
198 18.38 60.97 11.54 12.18 22.46
199 18.53 40.17 13.21 40.06 154.20
200 18.58 78.46 9.64 7.59 14.71
201 18.49 65.66 12.19 10.04 20.48
202 18.79 58.62 11.66 13.06 27.20
203 19.03 37.52 13.86 42.32 151.73
204 19.00 74.57 11.37 8.97 24.34
205 18.93 70.34 11.47 10.14 34.30
206 18.94 44.78 13.67 35.76 161.70
207 19.05 75.99 11.15 7.70 21.38
208 19.17 23.37 11.83 47.47 113.82
209 18.96 64.84 12.50 9.73 19.33
210 19.29 32.78 12.87 38.47 137.41
211 19.34 67.52 11.39 10.28 31.84
212 19.33 55.39 13.25 24.58 39.14
213 19.22 62.88 11.83 10.61 22.48
214 19.54 52.71 14.02 26.56 98.97
215 19.20 34.88 13.04 37.69 150.82
216 19.35 41.98 13.04 32.81 169.97
217 19.66 49.96 13.27 31.18 126.95
218 19.54 47.12 14.12 37.68 173.67
219 19.54 28.86 13.29 39.33 144.95
220 19.43 25.87 12.49 37.46 124.48
221 19.71 60.70 11.98 11.82 25.84
222 19.56 72.47 11.96 9.09 20.55
223 19.93 57.58 12.82 13.89 35.56
224 19.97 77.77 10.24 7.12 21.73
225 20.04 20.54 11.05 38.92 132.84
226 20.11 39.81 15.04 38.53 169.38
227 19.97 65.39 12.57 9.62 21.05
228 19.87 35.41 12.39 36.06 156.39
229 19.99 64.09 11.77 10.87 23.67
230 19.90 42.47 12.55 31.23 151.84
231 20.11 26.24 12.65 41.35 140.57
232 20.43 31.28 14.09 38.99 169.16
233 20.28 44.56 14.49 32.81 167.74
234 20.09 70.58 13.88 10.42 23.54
235 20.28 75.10 12.05 9.20 29.88
236 20.41 69.46 12.29 10.29 23.81
237 20.62 37.27 14.78 37.54 173.93
238 20.72 62.25 12.21 10.68 29.62
239 20.59 23.54 12.46 39.13 168.30
240 20.69 54.28 14.11 27.25 56.51
241 20.66 72.77 13.67 10.36 29.08
242 20.95 34.21 14.52 39.39 191.17
243 20.77 67.26 13.87 10.65 26.98
244 20.88 28.38 14.19 45.85 181.95
245 20.83 47.69 13.73 23.45 138.06
246 21.00 50.90 13.91 23.09 93.58
247 20.80 79.70 10.88 6.44 23.00
248 20.96 59.54 13.85 13.26 35.74
249 21.05 42.03 14.50 30.76 167.79
250 21.10 56.81 14.41 16.97 42.75
251 21.24 71.51 13.08 10.32 29.17
252 21.39 20.84 12.63 38.22 162.32
253 21.20 64.76 12.66 10.69 27.15
254 21.25 78.01 12.21 8.12 29.72
255 21.35 26.14 16.10 33.30 166.24
256 21.63 39.64 14.42 24.86 177.83
257 21.47 44.62 14.46 21.34 161.68
258 21.66 69.18 13.15 10.32 31.03
259 21.88 52.68 13.71 19.14 70.59
260 21.79 31.29 13.91 32.10 169.98
261 21.68 75.46 13.77 9.12 25.73
262 21.53 76.55 11.33 10.17 30.50
263 22.17 23.98 13.39 34.45 163.81
264 22.00 48.35 15.83 19.50 144.20
265 21.92 36.85 15.81 33.65 160.96
266 22.12 55.10 15.08 14.77 52.53
267 21.85 61.08 13.38 11.67 39.93
268 21.93 73.90 13.45 9.71 29.16
269 22.18 63.24 13.74 11.93 38.09
270 22.27 28.69 14.08 37.47 178.59
271 22.31 80.59 12.01 7.33 31.76
272 22.21 58.03 13.55 12.80 47.14
273 22.22 66.42 14.12 10.87 30.61
274 22.29 18.07 11.13 26.79 138.00
275 22.37 34.13 15.44 34.66 181.30
276 22.35 77.76 14.33 8.88 31.66
277 22.56 45.70 15.16 23.74 168.75
278 22.49 42.43 15.21 23.74 147.47
279 22.34 60.39 14.12 12.29 40.39
280 22.39 71.63 14.06 9.35 31.02
281 22.68 50.42 15.25 18.72 82.47
282 22.31 79.08 11.00 8.50 36.83
283 22.85 21.07 12.76 26.86 151.29
284 22.83 18.83 11.63 28.30 139.02
285 22.89 69.01 13.66 9.44 37.89
286 22.91 76.07 13.87 8.27 35.36
287 22.99 39.75 13.86 23.42 151.88
288 23.23 37.19 14.06 22.80 153.20
289 23.24 73.73 15.43 9.61 43.24
290 23.32 31.28 14.66 27.99 152.00
291 23.25 53.23 15.11 17.01 63.51
292 23.33 59.44 14.34 12.44 46.52
293 23.23 25.97 13.88 35.44 137.32
294 23.27 56.24 15.94 13.41 53.55
295 23.37 61.90 15.30 12.22 44.67
296 23.37 64.57 13.90 11.06 41.61
297 23.44 47.59 15.06 19.50 80.74
298 23.42 66.87 15.47 10.25 39.83
299 23.86 78.34 15.75 8.87 57.85
300 23.63 44.24 16.13 19.86 110.91
301 23.80 16.64 10.38 18.61 94.69
302 23.68 34.57 14.86 21.65 156.87
303 23.79 28.73 15.16 35.34 146.49
304 23.75 70.83 16.08 9.90 48.60
305 23.73 23.63 13.43 24.55 121.17
306 23.76 50.51 16.46 15.31 63.14
307 23.97 41.66 16.21 19.12 135.57
308 23.80 80.94 14.57 7.49 36.97
309 24.05 19.50 12.59 21.27 111.97
310 24.27 68.35 16.35 9.98 52.22
311 24.14 22.44 12.85 22.79 115.28
312 24.26 57.74 16.91 14.42 50.92
313 24.38 75.42 17.49 8.43 52.22
314 24.37 54.28 16.06 14.38 57.51
315 24.37 26.25 14.47 28.37 125.52
316 24.57 39.21 16.20 20.84 103.59
317 24.55 63.25 17.03 11.32 56.36
318 24.74 83.90 15.34 6.97 45.81
319 24.63 36.15 15.55 19.31 120.10
320 24.59 45.91 16.77 17.07 81.04
321 24.56 48.47 16.57 16.54 72.13
322 24.58 60.62 17.21 12.19 54.95
323 24.63 65.72 18.45 10.78 55.51
324 24.55 72.88 20.04 10.04 64.87
325 24.53 51.92 17.39 15.81 63.86
326 24.74 32.58 14.66 22.32 105.26
327 24.86 30.66 15.20 22.15 116.11
328 24.78 33.94 15.64 19.13 101.79
329 24.72 20.60 12.67 20.00 98.21
330 24.92 43.59 16.76 16.85 88.55
331 24.95 81.23 19.81 6.83 48.86
332 24.96 70.10 29.64 10.49 68.52
333 25.15 56.02 17.60 13.82 63.09
334 25.01 15.48 10.11 15.68 66.58
335 25.14 17.18 11.03 18.29 69.76
336 25.27 23.36 15.32 19.54 100.68
337 25.40 28.47 15.11 20.08 120.87
338 25.57 41.51 15.40 17.55 87.75
339 25.36 79.48 41.23 8.34 73.00
340 25.51 58.26 16.84 12.13 61.34
341 25.41 67.19 34.12 10.88 75.80
342 25.57 49.09 17.27 14.82 65.64
343 25.58 76.82 61.13 9.99 118.41
344 25.72 18.83 13.29 18.18 81.35
345 25.72 37.62 15.96 18.30 89.91
346 25.68 46.49 17.89 15.97 72.51
347 25.74 53.90 17.18 13.65 64.03
348 25.72 62.53 21.17 11.64 64.08
349 25.65 74.16 41.44 9.30 87.73
350 25.62 71.58 88.93 10.02 83.05
351 25.88 25.99 15.34 19.71 94.61
352 25.92 60.33 20.13 12.87 67.42
353 25.78 64.77 28.03 11.41 67.43
354 25.90 35.13 15.79 16.65 77.53
355 25.85 51.46 18.47 14.59 70.19
356 26.06 82.82 68.31 8.19 86.61
357 26.01 32.87 15.78 17.77 90.98
358 26.16 69.12 171.18 11.18 74.33
359 26.14 31.42 15.87 16.91 88.33
360 26.12 44.00 18.24 17.02 76.40
361 26.22 85.32 45.01 6.91 43.49
362 26.45 39.51 17.12 18.69 85.78
363 26.35 21.48 14.66 17.50 87.19
364 26.39 56.05 18.97 14.12 75.62
365 26.72 16.89 12.86 16.10 77.04
366 26.62 66.81 174.50 11.83 68.13
367 26.62 81.10 81.60 10.42 124.25
368 26.56 29.61 16.62 19.45 92.60
369 26.65 78.34 105.64 10.55 150.25
370 26.74 24.22 15.39 18.21 87.19
371 26.76 47.19 17.94 16.68 75.43
372 26.76 49.94 19.87 14.96 78.30
373 26.71 71.96 168.00 10.52 90.43
374 26.86 58.43 33.90 13.90 88.45
375 26.97 52.48 21.23 14.14 84.60
376 26.85 62.92 93.39 12.73 92.01
377 26.99 27.45 16.08 17.56 79.99
378 27.06 41.31 17.57 17.02 78.48
379 27.09 74.68 130.35 10.21 137.99
380 27.06 34.71 15.74 18.55 79.19
381 27.11 37.22 15.61 17.26 76.75
382 27.11 45.09 20.25 15.19 71.58
383 27.00 60.85 31.43 13.28 86.38
384 27.21 64.77 207.01 13.69 101.89
385 26.89 19.69 13.71 19.24 89.53
386 27.42 54.44 38.33 13.66 93.35
387 27.38 43.00 19.34 17.19 79.08
388 27.32 31.99 16.54 18.58 87.16
389 27.64 56.43 42.82 12.88 93.76
390 27.96 82.34 44.61 10.41 144.77
391 27.69 13.18 12.90 14.22 68.78
392 27.55 20.42 14.99 17.27 81.32
393 27.48 85.61 22.46 8.03 103.53
394 27.54 14.49 12.10 16.57 71.47
395 27.43 69.14 172.69 11.32 112.58
396 27.95 48.97 23.90 15.90 105.90
397 27.82 29.82 17.09 17.83 83.93
398 27.98 39.45 17.70 16.86 83.72
399 27.85 22.55 16.13 16.93 73.29
400 27.74 18.82 15.69 17.50 75.69
401 28.00 58.81 184.43 14.62 96.04
402 27.84 78.52 66.46 10.66 164.82
403 27.98 61.67 206.77 14.18 124.25
404 27.84 71.73 162.30 11.38 136.01
405 28.07 76.57 78.63 11.75 162.35
406 28.10 86.63 20.61 8.41 103.10
407 28.02 25.24 16.87 18.18 83.81
408 27.77 51.01 24.71 15.18 99.00
409 28.05 66.52 181.36 13.47 124.28
410 28.23 16.13 14.65 15.51 71.23
411 28.34 46.42 26.53 16.44 113.59
412 28.21 28.12 18.17 17.39 88.94
413 28.19 51.90 47.20 14.92 110.13
414 28.23 34.86 18.01 16.51 76.59
415 28.50 37.42 20.30 18.07 88.67
416 28.42 43.88 23.25 17.45 101.36
417 28.56 54.40 168.93 16.05 131.95
418 28.50 63.23 177.95 14.13 135.60
419 28.44 74.19 79.17 11.34 161.34
420 28.63 41.24 24.65 17.08 92.20
421 28.48 69.32 100.04 12.27 168.61
422 28.70 21.35 17.60 16.64 86.43
423 28.71 31.49 18.31 17.28 83.09
424 28.70 84.29 25.83 9.88 143.88
425 28.66 88.11 12.90 7.32 37.08
426 29.04 59.96 208.03 16.31 137.47
427 29.00 71.76 71.78 11.62 171.62
428 29.00 57.09 212.38 16.30 135.93
429 28.84 13.81 15.90 16.06 83.96
430 28.84 23.54 19.11 17.86 84.82
431 29.11 65.01 126.58 14.61 154.19
432 29.07 18.86 19.47 16.26 85.15
433 29.27 29.84 22.54 18.30 89.92
434 29.46 33.32 23.10 17.84 95.50
435 28.97 48.55 72.00 17.93 141.83
436 29.13 12.66 20.08 14.18 83.66
437 29.11 25.04 20.19 18.04 87.54
438 29.50 52.69 188.18 18.66 139.62
439 29.33 67.32 80.47 12.33 189.93
440 29.27 79.06 27.57 10.94 158.12
441 29.38 27.49 21.16 17.77 89.54
442 29.38 16.61 29.85 15.99 102.10
443 29.57 75.65 36.69 12.11 159.19
444 29.64 86.80 18.06 10.07 67.83
445 29.24 15.08 18.68 16.68 96.00
446 30.02 50.46 194.66 19.13 158.11
447 29.44 35.95 24.38 17.04 100.62
448 29.39 43.06 70.50 18.67 135.04
449 29.40 76.89 35.57 11.05 169.62
450 29.46 83.38 23.85 10.09 118.95
451 29.77 73.66 42.86 11.18 164.25
452 29.86 69.89 65.89 12.52 162.47
453 29.66 62.68 130.29 14.58 170.56
454 29.72 47.71 143.62 17.75 154.29
455 29.83 55.54 198.42 16.46 150.31
456 29.80 20.47 32.55 17.10 99.07
457 29.76 22.96 32.89 18.42 110.42
458 29.96 39.79 128.55 17.29 93.62
459 29.82 41.46 141.98 17.80 107.33
460 29.93 45.25 191.79 17.74 120.19
461 30.01 80.79 18.07 8.80 88.04
462 30.04 37.43 43.52 18.07 135.13
463 29.94 15.65 75.67 18.54 124.54
464 30.05 26.41 30.35 17.87 103.31
465 30.17 14.12 123.21 17.08 96.39
466 30.22 60.41 121.50 16.13 215.76
467 30.16 57.78 131.90 14.57 133.48
468 30.13 18.16 111.70 17.72 128.65
469 30.50 65.00 75.12 14.47 178.80
470 30.21 30.48 42.88 17.14 102.07
471 30.29 34.63 45.70 18.18 118.98
472 30.26 42.62 155.93 19.78 146.33
473 30.51 67.52 61.36 13.92 165.80
474 30.51 83.58 21.08 10.89 79.89
475 30.68 71.91 30.28 11.34 137.37
476 30.58 77.92 24.82 12.02 130.31
477 30.86 25.18 166.37 20.70 137.10
478 30.59 22.17 141.78 20.08 149.32
479 30.85 20.10 152.96 18.89 168.60
480 30.85 15.91 157.85 19.19 154.46
481 30.75 47.62 195.92 20.64 195.50
482 30.86 62.53 73.03 15.19 207.16
483 30.88 38.37 219.02 18.86 170.76
484 30.98 74.21 28.51 13.77 119.36
485 30.99 27.88 183.54 19.01 130.94
486 30.90 32.62 209.03 20.39 143.12
487 30.78 54.78 143.41 17.15 184.41
488 31.24 88.97 78.49 10.44 26.90
489 30.99 41.53 198.96 19.45 151.69
490 30.96 44.28 214.53 19.04 197.38
491 31.09 59.19 119.51 16.22 208.10
492 31.15 35.56 218.82 21.09 191.65
493 31.47 30.43 204.38 20.87 190.24
494 31.26 69.51 31.68 12.63 145.12
495 31.32 12.86 135.09 16.86 158.48
496 31.24 52.55 107.47 17.89 223.11
497 31.37 56.62 71.19 17.63 231.91
498 31.45 49.80 114.05 19.12 225.67
499 31.62 82.18 26.35 11.52 63.81
500 31.64 84.87 38.60 13.04 55.81
501 31.66 66.74 44.76 14.21 137.65
502 31.78 75.95 22.89 11.73 98.52
503 31.67 40.06 198.36 20.83 220.63
504 31.54 19.28 171.63 18.67 206.02
505 31.85 64.17 38.95 16.34 174.10
506 31.90 78.36 22.38 12.56 77.69
507 31.82 46.76 135.15 19.00 237.21
508 31.85 61.55 68.61 16.43 181.86
509 31.95 17.42 142.39 20.30 189.62
510 32.01 37.47 151.24 20.56 230.92
511 32.01 44.07 143.27 21.31 239.80
512 31.95 71.64 21.61 13.94 116.01
513 32.13 54.02 65.29 18.58 230.30
514 32.05 15.14 114.93 18.05 195.26
515 32.03 24.30 135.73 18.21 207.57
516 32.09 33.59 182.37 20.01 215.38
517 32.16 26.53 157.43 19.87 219.52
518 32.16 59.09 53.45 17.64 212.25
519 32.27 20.91 126.38 19.93 225.36
520 32.15 22.76 144.97 18.34 222.69
521 32.16 87.62 122.59 14.18 25.03
522 32.46 42.06 122.01 21.67 233.54
523 32.34 51.42 65.03 18.01 228.40
524 32.19 80.47 26.53 12.11 67.00
525 32.44 11.90 83.40 19.62 173.99
526 32.37 28.73 148.35 19.63 205.84
527 32.60 73.79 20.34 12.10 84.70
528 32.53 69.01 22.64 13.79 104.08
529 32.70 35.58 121.37 20.03 238.86
530 32.64 48.80 71.88 19.92 233.28
531 32.60 56.59 39.55 18.55 215.42
532 32.97 85.01 133.62 14.02 26.86
533 32.78 66.49 23.12 15.05 112.53
534 32.85 39.67 144.99 23.82 234.10
535 32.86 31.10 128.32 21.58 236.53
536 33.17 81.36 107.01 13.67 42.52
537 33.01 18.86 83.38 19.61 208.52
538 32.95 45.85 70.35 19.64 236.43
539 32.79 79.34 39.02 13.10 63.47
540 32.98 61.40 31.23 16.89 186.91
541 32.96 63.88 25.68 16.20 122.11
542 33.03 13.95 79.81 19.90 208.74
543 33.05 88.53 114.77 15.04 20.62
544 33.40 16.34 69.99 20.41 221.96
545 33.08 76.07 25.86 13.04 60.83
546 33.17 71.42 20.47 14.34 83.47
547 33.21 23.76 92.79 20.94 229.76
548 33.50 37.39 82.26 22.22 236.75
549 33.48 43.71 67.77 24.29 233.29
550 33.30 54.09 41.66 18.73 208.33
551 33.35 58.85 27.08 17.55 184.62
552 33.39 26.36 78.32 19.97 233.05
553 33.51 33.61 69.73 20.91 243.35
554 33.61 28.82 83.84 20.44 238.93
555 33.45 50.75 48.00 19.47 225.94
556 33.57 21.29 77.18 20.27 221.12
557 33.86 12.09 47.38 18.78 208.65
558 33.62 47.84 49.27 19.90 232.43
559 33.91 41.49 62.20 23.19 224.84
560 33.78 68.46 20.99 15.14 76.10
561 34.06 77.78 152.90 16.07 34.39
562 33.90 56.33 25.95 17.98 167.46
563 33.87 65.58 22.82 17.22 91.13
564 33.89 73.47 27.03 14.87 65.14
565 34.12 62.93 23.90 19.09 110.40
566 34.24 39.34 57.78 22.94 235.02
567 34.12 52.78 53.20 19.01 211.35
568 34.25 31.44 54.06 23.06 238.42
569 34.30 35.55 57.97 21.21 226.59
570 34.29 60.61 24.70 17.93 146.77
571 34.19 70.47 25.94 15.85 67.79
572 34.34 75.55 152.68 15.95 40.73
573 34.15 79.50 153.71 19.15 32.98
574 34.35 88.69 108.78 29.47 14.48
575 34.32 18.99 51.16 20.26 222.14
576 34.50 45.83 37.73 21.82 223.28
577 34.53 86.62 115.05 26.36 17.54
578 34.24 81.83 159.78 17.22 27.84
579 34.30 14.19 41.84 18.84 198.48
580 34.53 24.41 45.39 20.77 221.86
581 34.67 84.05 133.13 20.42 20.74
582 34.76 26.99 49.77 20.57 229.81
583 34.61 58.36 24.72 18.80 133.54
584 34.46 91.39 53.67 20.62 10.83
585 34.67 50.72 32.56 20.65 203.51
586 34.79 48.20 34.93 19.65 203.96
587 34.73 54.84 25.85 19.05 143.43
588 34.65 15.45 40.32 19.31 203.47
589 34.57 17.73 48.83 18.66 216.20
590 34.73 43.21 39.27 25.16 223.22
591 34.63 21.60 46.56 20.72 216.00
592 34.76 66.83 33.11 18.05 72.41
593 34.76 9.00 29.38 16.72 113.76
594 35.00 29.31 38.16 22.08 232.82
595 35.08 33.42 39.89 21.88 233.57
596 35.12 37.77 36.86 20.55 208.96
597 34.97 11.40 31.73 19.98 175.01
598 35.03 64.24 31.14 19.67 83.24
599 35.23 73.62 168.51 17.90 32.83
600 35.11 68.87 58.56 20.66 60.54
601 35.21 71.40 150.33 18.04 40.25
602 35.56 89.49 72.06 27.22 11.62
603 35.36 40.68 31.74 25.16 208.64
604 35.53 20.27 35.06 21.56 218.21
605 35.43 53.38 24.85 21.00 151.81
606 35.28 61.83 32.35 20.00 85.68
607 35.41 80.21 144.53 23.32 20.99
608 35.54 16.96 25.41 18.80 179.61
609 35.53 78.03 193.25 25.60 23.31
610 35.55 56.76 24.88 21.51 109.06
611 35.69 35.61 28.39 21.46 221.52
612 35.73 14.00 25.80 21.62 191.35
613 35.71 31.20 31.31 22.99 219.45
614 35.68 22.89 33.45 19.94 216.18
615 35.62 59.22 32.80 20.81 98.36
616 35.83 75.88 204.87 22.62 25.07
617 35.72 43.99 27.28 24.34 183.18
618 35.94 46.30 27.19 21.62 160.90
619 35.64 91.25 61.02 38.55 8.80
620 35.83 25.51 29.00 23.29 215.64
621 35.80 65.73 171.69 22.19 47.97
622 35.88 51.11 27.13 24.90 156.42
623 36.11 87.56 70.27 32.29 13.22
624 35.97 48.72 25.82 22.67 162.96
625 35.91 82.32 103.64 27.82 16.61
626 36.06 10.57 21.61 19.25 165.53
627 36.02 85.35 75.76 29.29 14.23
628 36.22 28.25 27.53 23.78 211.16
629 36.41 69.93 207.47 22.89 32.46
630 36.28 38.63 26.00 23.41 206.86
631 36.32 63.11 187.14 24.04 43.92
632 36.48 67.69 212.71 22.92 32.86
633 36.28 60.45 169.03 23.93 58.22
634 36.42 42.07 27.89 26.65 175.05
635 36.43 55.42 29.33 23.71 114.73
636 36.42 33.25 26.49 22.57 215.78
637 36.59 72.19 189.40 26.09 28.33
638 36.76 52.99 32.68 23.04 100.96
639 36.72 74.49 161.21 27.09 22.42
640 36.71 80.24 129.38 34.05 16.81
641 36.80 36.44 24.15 25.40 178.01
642 36.65 57.40 39.27 25.16 87.00
643 36.87 15.39 18.88 21.98 161.69
644 36.83 21.14 21.64 22.73 174.27
645 36.67 12.45 18.79 17.72 155.28
646 36.77 18.59 21.47 19.58 170.70
647 36.84 23.81 23.07 21.98 192.88
648 36.85 30.62 24.04 23.58 187.68
649 36.93 91.56 45.58 51.47 8.52
650 36.84 8.81 14.66 18.14 115.00
651 37.02 44.65 27.65 23.26 122.21
652 37.13 39.84 25.04 23.54 138.87
653 37.13 47.53 27.46 22.73 130.33
654 37.03 50.33 29.54 24.13 106.33
655 37.12 77.64 139.53 30.87 17.01
656 37.21 65.46 208.00 31.83 29.11
657 37.06 26.57 23.25 23.03 177.66
658 37.38 58.65 202.42 29.08 45.53
659 37.21 86.17 62.91 43.12 13.22
660 37.12 82.94 78.55 40.20 15.40
661 37.34 34.38 23.09 24.26 157.40
662 37.47 61.16 209.64 26.74 37.77
663 37.39 10.52 17.84 20.52 119.69
664 37.33 13.15 19.00 21.72 146.65
665 37.57 54.65 165.59 24.99 61.76
666 37.80 63.23 190.40 34.79 28.82
667 37.70 28.75 22.38 23.83 145.24
668 37.62 42.25 34.53 28.43 118.92
669 37.78 37.45 27.14 27.63 134.60
670 37.90 31.92 24.01 25.42 150.84
671 37.75 70.62 161.47 32.03 20.96
672 37.82 67.78 168.33 33.94 22.85
673 37.82 73.10 122.76 38.81 17.94
674 37.91 75.50 119.50 44.39 16.85
675 37.93 17.35 21.93 22.02 128.64
676 37.78 51.97 77.27 26.43 81.24
677 38.10 19.80 26.32 22.47 119.49
678 38.10 22.77 23.28 23.05 122.32
679 37.93 25.28 23.26 26.03 131.31
680 38.21 56.65 219.15 38.02 41.76
681 38.29 12.72 25.04 23.03 104.90
682 37.96 46.08 44.00 29.16 105.38
683 37.93 21.46 22.17 23.39 132.78
684 38.44 48.36 156.78 32.72 62.03
685 38.16 79.80 74.97 51.60 13.87
686 38.10 92.37 20.06 56.85 6.26
687 38.31 44.05 75.76 29.65 112.09
688 38.39 15.26 24.66 22.56 99.00
689 38.32 34.97 47.49 27.61 110.65
690 38.29 39.39 34.32 26.13 103.32
691 38.50 85.81 47.62 63.36 12.64
692 38.54 26.98 32.13 26.71 116.45
693 38.54 59.63 193.83 38.45 30.72
694 38.56 64.79 137.84 42.36 22.90
695 38.68 77.47 64.71 56.51 14.49
696 38.62 41.68 139.35 31.86 80.19
697 38.64 53.31 214.30 30.89 46.33
698 39.02 90.64 24.28 83.63 9.22
699 38.63 10.60 30.25 20.71 76.76
700 38.95 50.69 200.76 35.20 43.95
701 38.64 30.04 33.39 28.80 105.30
702 38.79 69.18 118.03 47.35 17.91
703 38.86 71.96 79.30 57.07 16.18
704 39.02 82.39 40.76 74.44 12.67
705 38.89 62.07 135.79 46.61 21.79
706 38.96 74.45 65.79 55.99 15.62
707 38.89 23.90 42.95 27.39 82.59
708 38.91 32.41 37.75 28.49 112.17
709 38.83 37.05 137.32 30.17 81.05
710 39.18 45.47 212.16 37.96 56.14
711 39.21 66.53 126.04 45.08 18.22
712 39.20 55.39 208.74 48.45 36.51
713 39.77 17.67 128.75 31.36 54.13
714 39.16 20.95 84.10 26.60 71.68
715 39.28 28.26 136.87 34.06 70.73
716 39.50 39.93 208.62 37.92 52.85
717 39.33 7.80 81.10 27.34 51.00
718 39.69 33.68 185.15 34.20 56.59
719 39.44 57.95 168.81 53.59 26.76
720 39.24 85.19 37.04 74.06 12.54
721 39.73 43.04 193.50 34.68 48.80
722 39.78 79.67 37.75 83.49 12.89
723 39.54 15.12 106.27 26.11 60.67
724 39.73 25.50 186.19 33.17 50.05
725 39.48 37.27 173.08 38.28 81.28
726 39.42 9.48 77.94 29.29 52.59
727 39.75 30.60 183.69 36.48 53.88
728 39.63 60.52 106.52 66.35 22.95
729 39.76 63.66 97.60 59.52 19.70
730 39.85 70.69 80.68 78.39 14.92
731 39.74 10.99 106.10 25.81 45.46
732 40.03 23.10 161.89 32.56 45.51
733 39.88 52.54 186.64 45.75 34.75
734 39.90 76.39 57.19 88.85 13.86
735 40.05 36.11 188.06 38.94 45.72
736 39.96 48.05 198.00 48.10 36.95
737 39.83 87.14 26.14 69.67 11.05
738 40.03 19.75 149.42 29.50 36.78
739 40.09 68.37 67.18 78.90 15.90
740 40.15 73.25 52.52 75.81 13.08
741 40.00 84.98 31.31 77.25 12.26
742 40.14 88.05 26.29 88.34 11.60
743 40.28 82.13 25.74 72.43 13.06
744 40.31 89.84 22.80 93.86 10.12
745 40.58 92.38 16.12 72.11 8.06
746 40.63 8.70 135.13 34.14 31.88
747 40.38 54.33 152.54 56.27 27.07
748 40.42 56.78 127.31 68.56 24.20
749 40.50 38.71 200.10 40.72 39.13
750 40.49 45.52 146.66 42.75 30.45
751 40.58 50.26 174.35 59.21 27.63
752 40.49 65.71 73.57 82.62 18.06
753 40.64 6.51 102.04 29.93 22.33
754 40.54 13.91 125.35 32.16 37.31
755 40.44 21.36 155.77 36.81 41.42
756 40.54 27.36 184.14 41.18 41.00
757 40.61 61.78 76.67 83.24 18.44
758 40.52 11.83 136.57 35.73 47.84
759 40.68 59.30 74.40 79.29 19.85
760 40.81 41.35 181.72 49.67 33.98
761 40.83 94.24 11.73 56.18 6.14
762 41.03 29.48 172.72 45.92 35.56
763 41.08 31.87 150.82 59.41 28.53
764 40.99 34.35 198.82 51.47 34.72
765 41.03 75.34 42.95 96.73 12.54
766 41.13 77.69 29.64 93.31 13.63
767 40.87 84.09 26.62 84.08 11.71
768 41.18 16.29 124.32 39.79 28.56
769 41.03 70.68 48.74 97.29 14.51
770 41.09 24.66 138.39 43.58 31.94
771 41.21 43.55 124.43 62.81 29.30
772 41.06 67.68 43.25 98.23 14.08
773 41.22 52.48 128.78 86.03 23.26
774 41.24 37.13 199.97 55.29 32.09
775 41.20 48.14 91.13 62.77 24.90
776 41.35 63.53 51.73 109.24 16.60
777 41.43 19.34 141.62 49.06 25.84
778 41.34 80.78 25.67 76.06 12.16
779 41.56 88.49 25.17 108.47 11.38
780 41.35 55.23 91.26 92.92 21.60
781 41.55 73.23 33.86 95.05 13.26
782 41.79 13.30 122.75 57.51 24.61
783 41.57 57.88 61.38 103.49 19.24
784 41.72 22.51 108.06 61.16 24.74
785 41.69 39.87 168.70 72.20 28.32
786 41.58 46.02 114.13 87.17 26.31
787 41.45 85.24 26.32 115.95 12.08
788 41.84 65.59 40.68 121.43 15.70
789 41.90 50.38 84.52 121.54 23.16
790 41.75 60.75 64.17 117.52 18.98
791 41.90 27.13 127.54 57.08 24.65
792 41.90 8.14 106.69 54.38 19.01
793 41.98 68.53 35.76 125.61 15.01
794 42.03 35.23 111.25 65.75 24.80
795 42.17 91.28 58.46 73.92 8.06
796 42.16 42.47 107.58 105.62 24.52
797 42.14 71.06 30.98 105.82 14.21
798 42.16 29.97 105.02 85.04 24.76
799 42.15 24.53 120.64 64.55 22.04
800 42.15 32.65 93.14 78.87 22.39
801 42.26 81.82 35.03 104.62 13.21
802 42.22 76.05 32.47 107.29 13.15
803 42.23 53.52 71.36 137.07 18.71
804 42.33 38.14 122.16 80.32 24.70
805 42.52 56.01 49.92 146.43 19.42
806 42.23 83.73 35.33 121.88 11.69
807 42.42 45.03 76.51 119.25 23.36
808 42.43 48.11 80.21 131.13 22.83
809 42.35 78.84 30.21 96.30 12.32
810 42.54 63.30 47.64 139.79 17.58
811 42.49 17.44 102.63 83.13 17.60
812 42.49 19.68 95.56 64.92 18.11
813 42.62 58.63 47.04 124.39 18.74
814 42.66 51.82 54.24 144.62 22.33
815 42.73 21.30 80.05 83.68 19.92
816 42.76 73.29 34.61 107.65 12.51
817 42.66 85.41 78.38 138.88 13.25
818 42.80 66.32 32.78 143.99 14.65
819 42.83 60.88 50.56 157.93 19.45
820 42.91 40.65 82.51 123.56 23.54
821 42.94 9.23 78.62 80.66 16.13
822 43.01 36.50 87.38 108.86 22.31
823 42.90 6.99 66.09 67.09 13.36
824 43.01 11.98 80.16 92.95 18.93
825 43.00 87.98 134.51 94.14 12.87
826 43.05 25.95 74.93 105.18 19.37
827 43.12 33.92 60.55 119.60 20.90
828 43.14 31.17 91.26 120.48 20.51
829 42.98 45.84 60.72 135.97 22.41
830 43.04 68.90 30.47 131.51 13.57
831 43.10 15.25 72.30 97.39 20.08
832 43.24 23.42 58.95 109.05 17.46
833 43.14 28.28 80.23 114.68 20.81
834 43.25 80.61 113.35 141.66 14.11
835 43.45 50.53 43.40 173.92 22.65
836 43.37 43.07 54.60 141.82 21.18
837 43.34 53.50 37.23 148.67 19.88
838 43.32 75.22 36.43 135.10 13.43
839 43.47 92.25 115.33 78.92 8.07
840 43.12 82.37 131.42 101.61 13.42
841 43.32 71.30 29.24 128.05 13.34
842 43.50 64.58 30.75 151.20 15.79
843 43.43 77.90 53.36 133.23 13.37
844 43.30 17.99 70.19 105.77 17.83
845 43.45 48.22 56.65 157.38 22.55
846 43.58 38.56 59.69 147.28 22.09
847 43.53 56.83 37.07 137.46 18.45
848 43.61 89.27 161.81 102.07 12.20
849 43.68 62.19 35.81 156.39 17.23
850 43.67 19.46 47.51 116.93 16.53
851 43.94 83.25 199.48 122.18 13.92
852 43.58 85.77 195.56 117.51 12.98
853 43.63 45.77 53.54 152.20 21.10
854 43.82 67.31 33.52 149.80 15.38
855 43.90 59.35 34.90 160.81 18.06
856 44.02 7.70 50.39 117.48 14.32
857 44.12 10.16 47.40 126.08 15.76
858 44.04 21.58 46.71 147.04 17.58
859 44.11 35.72 47.44 156.10 20.78
860 44.19 40.51 44.66 165.79 21.45
861 44.16 72.87 39.88 154.18 14.15
862 44.08 13.26 41.36 115.98 15.83
863 44.02 16.92 39.30 119.77 15.86
864 44.13 25.28 43.48 132.50 17.75
865 44.26 30.17 47.22 151.91 20.04
866 44.22 32.88 42.36 168.59 22.15
867 44.21 69.88 37.54 160.49 15.18
868 44.25 27.80 45.14 159.13 18.33
869 44.22 54.56 36.30 170.78 20.49
870 44.47 79.37 200.01 124.15 14.21
871 44.59 52.33 42.16 187.54 21.76
872 44.47 44.85 39.41 179.42 20.82
873 44.43 47.69 36.92 163.30 21.58
874 44.38 74.78 185.79 149.56 14.48
875 44.39 81.17 190.74 115.74 13.23
876 44.95 92.70 171.24 107.94 8.81
877 44.67 42.54 37.57 196.09 22.22
878 44.56 50.01 41.25 177.00 20.89
879 44.61 63.34 43.65 170.79 17.14
880 44.57 65.71 48.34 161.71 16.14
881 44.47 57.28 35.54 176.66 18.98
882 44.77 76.84 214.86 146.85 13.50
883 44.81 89.68 185.27 93.01 11.50
884 44.80 37.69 38.24 174.70 22.58
885 44.86 5.13 22.86 111.79 10.69
886 44.71 61.05 48.17 161.30 17.25
887 44.85 18.99 31.92 153.78 16.32
888 44.94 23.72 32.02 152.98 17.15
889 45.04 67.86 167.91 178.69 15.87
890 44.95 56.33 43.80 195.12 18.28
891 45.01 83.91 209.42 125.49 14.32
892 45.01 58.87 59.75 173.93 18.04
893 45.15 12.22 25.71 138.00 15.68
894 45.04 14.41 28.58 147.17 15.68
895 45.15 70.92 181.01 171.80 15.73
896 45.11 87.38 204.63 105.87 13.72
897 45.18 21.51 28.34 153.09 16.15
898 45.18 26.10 30.56 170.20 17.80
899 45.23 34.58 34.23 190.47 21.40
900 45.16 54.71 46.38 180.19 20.58
901 45.30 31.78 33.72 174.77 20.24
902 45.46 73.32 224.15 145.30 13.76
903 45.33 29.02 33.46 175.98 19.15
904 45.28 40.63 36.44 177.12 20.50
905 45.38 46.51 42.51 190.24 20.67
906 45.32 10.71 29.80 150.94 15.80
907 45.44 16.81 27.14 163.43 16.03
908 45.31 7.04 24.26 138.11 12.98
909 45.45 81.50 212.50 142.22 14.14
910 45.59 8.98 26.93 137.10 15.47
911 45.63 48.80 51.92 212.26 21.68
912 45.58 51.01 63.24 200.55 21.34
913 45.55 64.96 224.80 176.78 17.45
914 45.63 44.13 41.99 196.59 20.74
915 45.65 62.79 204.96 189.13 17.51
916 45.79 75.59 228.11 142.20 13.00
917 45.72 52.96 198.68 199.09 20.46
918 45.81 38.23 37.17 196.31 20.52
919 45.73 60.62 220.46 188.55 18.61
920 45.92 78.72 212.65 147.91 14.04
921 45.92 57.37 214.92 189.42 20.23
922 46.00 69.17 226.26 166.33 15.15
923 46.03 23.13 37.19 180.68 18.73
924 46.02 14.00 25.81 159.18 14.51
925 46.10 36.09 43.50 203.12 22.34
926 46.16 5.03 19.83 143.83 12.14
927 46.18 19.89 30.11 186.77 16.15
928 46.20 25.35 34.98 185.89 18.71
929 46.20 42.35 50.34 206.64 23.19
930 46.29 87.17 157.87 139.84 12.42
931 46.24 27.86 35.73 204.66 19.23
932 46.31 66.85 232.18 179.76 18.46
933 46.30 30.62 41.90 196.42 19.58
934 46.29 33.34 42.14 199.89 20.47
935 46.31 40.10 44.85 196.25 20.05
936 46.27 55.13 232.24 189.78 20.53
937 46.37 71.44 209.01 157.19 13.96
938 46.42 11.09 31.91 167.66 15.79
939 46.27 52.34 225.56 215.33 22.33
940 46.44 46.17 84.11 197.38 21.84
941 46.54 82.83 124.93 100.22 12.91
942 46.71 64.32 227.98 189.36 18.94
943 46.57 7.03 23.52 180.07 11.45
944 46.68 16.24 38.69 175.63 15.85
945 46.78 48.96 218.05 201.85 21.63
946 46.75 51.29 233.78 211.12 24.07
947 46.70 59.25 236.42 199.81 21.72
948 46.79 80.66 143.17 119.22 13.34
949 46.90 62.12 234.38 204.94 20.32
950 46.84 73.84 170.43 163.35 13.56
951 46.92 76.19 213.45 145.84 13.43
952 46.97 8.53 34.69 150.60 13.76
953 47.07 43.94 211.87 214.32 21.67
954 46.99 37.98 114.24 218.51 23.11
955 47.07 53.56 225.79 197.58 21.15
956 47.11 91.69 76.17 77.36 9.81
957 47.13 4.00 31.10 150.97 11.07
958 47.21 95.30 37.02 87.11 6.11
959 47.13 13.73 62.62 180.93 16.74
960 47.16 35.05 141.04 222.27 22.58
961 47.20 56.70 227.17 214.69 22.73
962 47.10 69.08 176.74 176.55 15.90
963 47.25 26.73 115.61 211.26 19.93
964 47.28 78.53 132.53 122.67 13.86
965 47.08 5.70 39.70 191.10 12.13
966 47.33 19.21 95.64 205.08 16.60
967 47.24 29.40 89.81 210.87 20.51
968 47.27 32.17 114.32 205.03 21.40
969 47.23 41.20 170.81 212.73 22.90
970 47.44 21.74 125.21 207.26 16.66
971 47.42 46.55 235.36 212.53 20.74
972 47.44 89.38 61.30 104.90 13.04
973 47.37 66.61 175.51 195.93 18.61
974 47.42 71.68 130.40 155.92 13.97
975 47.51 86.99 78.80 160.36 13.72
976 47.66 83.65 70.49 127.26 13.33
977 47.69 10.66 121.75 183.02 15.80
978 47.68 58.94 196.70 203.94 20.21
979 47.91 16.84 174.61 217.09 16.93
980 47.89 50.70 228.05 192.91 20.46
981 47.77 61.32 207.95 205.00 18.32
982 47.88 6.52 118.18 189.22 12.88
983 47.95 48.72 220.09 213.30 23.47
984 47.83 64.05 172.38 203.01 19.40
985 47.82 81.16 82.18 120.76 12.81
986 48.00 39.37 231.84 204.95 23.22
987 47.98 36.71 209.20 220.74 22.30
988 48.05 73.97 73.95 157.91 13.92
989 48.06 76.77 107.19 145.20 13.49
990 48.08 42.27 223.95 207.43 23.17
991 48.09 52.49 197.33 213.59 20.44
992 48.16 54.91 224.40 209.36 21.70
993 48.12 33.63 219.53 216.65 22.80
994 48.19 30.60 199.95 207.05 20.31
995 48.16 69.28 103.47 181.75 16.01
996 48.19 14.98 157.85 199.38 17.13
997 48.25 28.03 212.98 212.98 19.36
998 48.20 23.27 205.26 214.91 19.26
999 48.41 25.52 204.94 217.21 20.30
1000 48.29 44.84 232.66 210.02 20.95
1001 48.17 13.21 154.56 191.56 16.29
1002 48.33 66.76 124.51 194.43 17.88
1003 48.35 88.27 44.61 134.84 12.37
1004 48.45 57.29 147.12 205.96 20.95
1005 48.41 71.62 64.63 176.18 14.27
1006 48.80 90.30 30.73 118.90 11.54
1007 48.76 20.88 203.80 226.67 17.10
1008 48.77 4.18 126.54 174.49 10.55
1009 48.73 47.08 215.39 221.88 23.40
1010 48.81 80.41 54.51 140.54 13.88
1011 48.67 59.92 120.86 210.01 19.39
1012 48.78 62.36 112.34 204.53 19.84
1013 48.70 86.51 40.62 139.75 14.23
1014 48.74 10.74 190.20 189.84 16.54
1015 48.85 84.72 40.88 124.88 13.20
1016 49.14 92.84 26.05 100.82 8.82
1017 48.97 64.46 87.29 194.33 18.02
1018 49.07 36.10 216.05 217.95 21.27
1019 49.01 38.36 216.25 215.65 22.78
1020 49.00 49.74 150.16 222.22 22.25
1021 49.19 6.74 162.54 217.46 13.97
1022 49.20 75.55 45.29 148.77 13.95
1023 49.15 31.68 200.95 213.49 20.71
1024 49.07 40.78 217.26 223.26 22.45
1025 49.14 13.69 163.58 200.76 17.25
1026 49.16 17.07 171.26 196.99 16.99
1027 49.14 34.00 232.94 213.40 21.35
1028 49.19 43.23 172.99 216.65 22.01
1029 49.10 52.60 111.44 219.87 22.43
1030 49.33 68.60 56.15 181.26 15.44
1031 49.24 27.10 217.25 225.13 19.77
1032 49.39 73.30 40.48 176.30 13.70
1033 49.29 55.54 96.19 201.26 21.64
1034 49.35 23.39 174.42 214.97 17.94
1035 49.45 29.24 195.30 215.83 19.50
1036 49.42 70.95 46.07 183.70 15.04
1037 49.48 66.47 58.51 187.73 16.99
1038 49.51 77.83 45.95 136.44 14.21
1039 49.73 9.36 148.22 205.59 16.19
1040 49.53 58.22 79.97 213.75 20.68
1041 49.58 45.45 108.54 225.65 21.99
1042 49.78 19.31 135.18 215.61 17.88
1043 49.76 60.64 59.78 207.66 20.13
1044 49.86 83.75 31.31 133.88 13.97
1045 49.94 25.47 176.54 219.78 17.96
1046 49.86 47.76 106.62 231.51 23.89
1047 49.96 87.34 27.08 93.67 12.04
1048 49.87 50.39 94.23 215.82 19.81
1049 50.01 63.02 56.42 196.64 16.82
1050 49.99 5.13 126.38 181.90 10.69
1051 50.07 21.35 135.19 216.88 16.94
1052 50.11 80.65 29.57 132.90 13.08
1053 50.14 15.04 112.43 199.43 17.28
1054 50.27 90.15 25.60 112.91 10.55
1055 50.18 33.25 130.59 231.14 21.57
1056 50.16 37.53 133.80 227.34 20.61
1057 50.11 40.05 105.26 233.13 23.65
1058 50.12 54.33 62.39 213.70 21.76
1059 50.20 52.42 61.77 210.09 22.14
1060 50.38 94.61 17.93 100.48 7.91
1061 50.36 35.39 157.39 234.03 22.45
1062 50.31 42.68 79.12 230.73 22.30
1063 50.39 65.22 46.13 194.30 17.09
1064 50.51 31.17 111.47 221.73 19.54
1065 50.30 56.83 53.49 200.16 17.76
1066 50.59 11.80 83.13 199.47 16.65
1067 50.17 18.12 101.17 223.67 17.06
1068 50.50 27.34 88.10 233.95 19.30
1069 50.42 70.00 36.71 194.68 14.90
1070 50.41 74.98 33.39 141.00 13.04
1071 50.52 23.51 108.40 219.18 18.05
1072 50.51 72.60 32.20 179.36 14.19
1073 50.59 44.93 70.85 221.33 23.05
1074 50.64 67.78 38.91 181.60 15.89
1075 50.54 77.49 34.89 144.54 12.88
1076 50.63 59.06 47.12 206.38 20.89
1077 50.99 92.33 20.17 93.56 9.17
1078 50.83 18.35 65.13 214.62 17.36
1079 50.85 29.34 72.58 229.97 20.87
1080 50.94 49.24 50.25 220.23 21.94
1081 51.08 86.66 31.69 134.39 12.28
1082 50.92 61.43 41.86 200.89 18.85
1083 50.99 47.04 58.77 229.96 23.77
1084 51.04 51.41 46.15 218.09 21.81
1085 51.00 82.71 27.86 104.82 13.55
1086 50.93 7.77 67.24 215.05 13.56
1087 51.07 38.60 67.48 231.51 23.55
1088 51.09 55.53 42.81 211.44 20.61
1089 51.08 5.23 39.62 168.88 10.25
1090 51.19 63.74 42.29 194.26 16.74
1091 51.11 41.03 59.30 226.98 21.28
1092 51.27 21.36 64.36 220.21 17.15
1093 51.24 79.85 29.46 131.11 13.35
1094 51.28 14.95 39.19 193.29 17.15
1095 51.35 25.88 52.97 225.14 18.26
1096 51.23 33.37 60.45 230.87 21.04
1097 51.44 35.93 48.32 228.60 21.44
1098 51.49 53.44 40.36 196.85 20.53
1099 51.51 57.66 41.91 211.59 21.21
1100 51.32 66.03 36.82 173.45 14.18
1101 51.57 42.76 45.60 222.25 22.69
1102 51.44 73.65 32.77 152.77 12.93
1103 51.45 76.32 36.56 137.81 13.74
1104 51.40 70.75 33.76 157.50 14.13
1105 51.57 23.70 43.23 222.84 17.37
1106 51.68 17.53 34.47 203.20 16.99
1107 51.68 7.10 42.12 202.36 15.02
1108 51.81 12.32 44.50 212.82 16.81
1109 51.70 28.14 40.67 228.55 19.00
1110 51.80 30.94 41.06 219.67 20.61
1111 51.69 45.26 45.74 220.75 23.16
1112 51.81 94.14 24.41 100.12 7.62
1113 51.77 9.70 42.20 201.93 16.39
1114 51.80 59.99 36.63 195.49 18.91
1115 51.76 67.84 33.52 180.06 15.25
1116 52.01 62.40 35.64 176.89 18.28
1117 52.01 40.14 43.15 222.10 20.79
1118 51.94 82.98 42.07 114.18 12.82
1119 52.04 37.89 44.90 218.30 20.90
1120 52.09 48.33 44.84 206.32 22.46
1121 52.06 50.95 46.68 211.01 21.98
1122 51.93 85.83 52.67 94.80 12.98
1123 52.16 65.11 44.56 188.36 17.01
1124 52.17 33.58 36.91 215.56 20.32
1125 52.23 55.59 38.41 190.91 20.22
1126 52.33 74.66 66.46 135.22 12.46
1127 52.26 89.23 102.01 86.94 11.36
1128 52.19 14.75 30.80 203.11 17.09
1129 52.30 19.48 34.81 203.24 16.49
1130 52.34 69.89 41.22 158.64 14.36
1131 52.38 21.80 36.99 222.71 17.62
1132 52.40 72.12 43.10 156.46 13.28
1133 52.33 77.65 99.95 130.33 13.13
1134 52.24 80.33 74.25 114.38 13.85
1135 52.26 16.51 28.83 197.39 15.89
1136 52.55 26.82 40.40 220.39 20.08
1137 52.44 5.56 21.80 173.87 13.57
1138 52.53 24.64 39.30 223.91 17.57
1139 52.59 43.72 60.02 210.91 22.69
1140 52.74 8.22 28.96 207.62 15.34
1141 52.65 46.29 53.63 200.90 21.09
1142 52.58 58.16 41.33 186.99 19.64
1143 52.65 36.06 43.60 216.60 21.37
1144 52.65 53.18 45.62 190.82 20.86
1145 52.77 29.10 52.86 220.21 18.94
1146 52.81 41.28 59.93 193.15 20.32
1147 52.88 84.38 164.93 95.12 12.62
1148 52.82 60.86 48.31 172.46 17.16
1149 52.84 67.72 37.83 165.95 15.02
1150 53.42 90.91 158.48 81.82 10.09
1151 52.96 31.38 41.22 213.66 19.56
1152 53.04 38.68 47.81 203.96 21.68
1153 52.84 93.97 95.12 62.43 8.22
1154 52.93 13.08 29.90 179.83 18.35
1155 52.97 63.49 44.95 166.68 16.37
1156 52.97 86.92 118.87 68.07 12.05
1157 52.97 50.54 138.66 201.70 22.36
1158 53.26 81.85 189.32 88.80 12.87
1159 53.32 15.40 47.37 207.35 16.21
1160 53.07 18.09 36.11 198.63 16.41
1161 53.25 78.61 205.36 94.44 12.27
1162 53.62 9.85 39.27 175.26 15.49
1163 53.19 65.55 94.52 161.11 14.80
1164 53.29 75.76 216.06 99.99 11.29
1165 53.25 33.80 54.22 207.87 20.78
1166 53.21 48.20 106.27 189.98 21.52
1167 53.20 55.73 93.38 187.78 21.82
1168 53.32 20.75 42.97 199.87 16.13
1169 53.36 70.26 175.14 129.41 12.99
1170 53.48 72.79 196.96 117.66 12.35
1171 53.88 93.52 171.72 73.01 8.76
1172 53.54 23.26 50.53 205.54 16.94
1173 53.52 25.42 64.40 213.01 18.49
1174 53.69 5.55 40.98 191.37 12.50
1175 53.55 45.26 181.73 186.61 21.52
1176 53.68 42.61 176.57 190.17 20.65
1177 53.49 58.23 140.86 178.22 18.64
1178 53.74 27.43 149.62 211.66 18.34
1179 53.69 52.22 229.97 158.10 19.32
1180 53.73 36.20 152.98 211.49 21.54
1181 53.76 60.16 217.05 142.98 16.15
1182 53.83 62.53 210.62 143.22 16.54
1183 53.90 29.53 196.84 199.92 19.05
1184 53.80 67.24 182.22 143.27 13.70
1185 54.18 12.72 81.04 195.85 16.09
1186 53.94 40.20 119.22 206.22 22.13
1187 54.00 49.73 234.76 154.79 20.04
1188 54.00 54.27 238.04 150.70 18.20
1189 54.10 31.72 106.37 210.06 19.42
1190 54.24 85.51 170.30 71.49 11.93
1191 54.30 56.73 239.19 137.74 17.15
1192 54.25 64.97 216.16 121.36 13.68
1193 54.26 74.72 227.61 97.50 11.54
1194 54.23 18.83 145.42 192.01 16.22
1195 54.34 37.85 225.01 166.99 20.30
1196 54.29 47.11 225.64 163.12 21.10
1197 54.35 80.09 214.71 78.77 12.30
1198 54.28 33.80 213.16 204.36 20.17
1199 54.37 69.03 228.71 111.81 12.45
1200 54.58 95.58 89.21 44.71 6.43
1201 54.54 71.13 215.99 107.16 12.40
1202 54.45 22.33 176.29 191.66 17.62
1203 54.61 77.32 222.47 89.85 11.49
1204 54.59 44.23 223.21 141.84 20.67
1205 54.59 15.55 118.50 166.90 15.97
1206 54.67 58.90 240.84 138.72 17.69
1207 54.72 3.83 73.31 174.32 9.94
1208 54.54 25.15 183.15 201.82 17.09
1209 54.93 89.83 183.15 70.84 10.37
1210 54.80 61.39 234.56 125.68 14.88
1211 54.92 41.65 231.05 154.97 20.49
1212 54.89 82.03 167.21 64.03 13.03
1213 54.70 87.48 160.05 56.23 11.38
1214 54.79 27.57 198.96 207.00 19.13
1215 54.87 35.45 233.40 175.52 19.79
1216 54.99 51.04 220.15 128.67 19.27
1217 54.99 53.13 225.67 127.73 17.99
1218 55.08 73.03 199.86 98.05 11.87
1219 54.95 8.67 99.39 143.54 13.77
1220 55.03 67.08 231.07 129.14 14.22
1221 54.97 29.98 216.89 180.01 19.00
1222 55.21 39.38 224.23 156.36 19.83
1223 55.17 63.64 221.18 146.92 14.82
1224 55.36 92.42 147.89 73.05 8.28
1225 55.23 32.58 225.10 184.24 18.49
1226 55.23 48.65 207.90 126.61 19.67
1227 55.31 56.08 218.90 151.29 17.51
1228 55.42 20.62 188.65 162.56 15.63
1229 55.45 12.20 160.34 181.26 15.84
1230 55.41 75.61 216.78 93.85 12.12
1231 55.66 85.16 175.26 72.41 10.89
1232 55.57 5.72 120.68 175.56 12.02
1233 55.42 23.50 199.09 171.37 16.58
1234 55.44 46.02 202.81 126.28 19.93
1235 55.47 78.92 200.04 68.71 11.21
1236 55.57 69.48 199.69 115.58 12.84
1237 55.57 25.83 213.66 181.44 17.96
1238 55.67 16.12 183.13 175.58 16.64
1239 55.64 37.12 233.20 152.05 18.77
1240 55.76 65.67 193.89 113.94 13.88
1241 55.72 57.85 190.08 131.80 17.67
1242 55.58 59.69 199.24 107.74 14.15
1243 55.79 43.32 177.99 145.76 20.37
1244 55.86 28.34 196.30 167.33 17.62
1245 55.90 34.85 217.86 171.11 19.18
1246 55.99 71.58 154.46 96.47 11.21
1247 56.06 81.39 166.97 64.59 11.58
1248 55.88 51.77 189.69 129.60 20.11
1249 55.96 30.71 197.29 180.75 18.78
1250 55.98 61.92 211.92 114.31 14.15
1251 56.28 41.21 182.10 146.57 19.97
1252 56.33 9.77 152.00 137.62 15.30
1253 56.12 49.91 167.48 110.36 18.72
1254 56.17 53.08 164.66 130.76 18.49
1255 56.40 76.85 168.52 71.07 10.94
1256 56.35 55.44 178.33 122.78 18.34
1257 56.34 67.86 180.34 110.31 11.65
1258 56.26 74.17 149.86 85.75 11.06
1259 56.32 33.04 172.71 159.83 18.75
1260 56.50 47.79 149.84 121.02 18.74
1261 56.41 64.12 155.50 119.41 13.17
1262 56.48 22.48 160.58 155.18 14.72
1263 56.55 38.58 202.08 137.85 20.33
1264 56.62 24.76 193.51 158.99 17.24
1265 56.42 59.74 174.97 121.36 15.37
1266 56.49 89.29 131.81 60.40 10.31
1267 56.48 12.72 153.89 136.45 15.56
1268 56.50 45.19 137.31 130.34 19.12
1269 56.45 7.49 145.36 137.45 13.12
1270 56.92 93.37 66.03 51.75 7.14
1271 56.64 26.92 172.02 144.25 14.84
1272 56.69 15.50 167.17 140.51 16.47
1273 56.79 17.73 163.33 144.70 15.81
1274 56.68 69.89 107.24 94.12 11.33
1275 56.83 78.93 148.26 65.89 10.52
1276 56.87 4.94 136.94 166.08 10.46
1277 56.66 50.72 157.31 107.69 16.86
1278 57.01 57.95 153.20 102.84 16.35
1279 56.91 36.02 168.69 140.93 18.44
1280 57.07 29.01 150.61 162.99 18.22
1281 57.01 66.28 144.16 97.22 13.02
1282 56.96 31.29 189.64 150.37 18.13
1283 56.99 86.18 101.07 45.64 10.92
1284 57.01 62.17 142.64 108.76 14.21
1285 57.09 72.85 133.01 73.22 10.37
1286 57.24 81.95 90.54 65.65 11.59
1287 57.23 43.33 101.73 119.98 19.16
1288 57.31 20.59 124.27 137.40 15.00
1289 57.19 51.44 131.20 108.80 18.13
1290 57.37 54.13 113.79 123.94 20.02
1291 57.19 90.00 132.53 80.06 9.36
1292 57.39 33.61 156.72 138.88 18.70
1293 57.43 75.32 127.77 74.08 11.00
1294 57.49 9.09 132.19 147.30 14.16
1295 57.43 40.74 111.83 128.62 19.17
1296 57.56 49.30 89.02 118.42 19.02
1297 57.56 70.96 96.68 71.10 10.95
1298 57.46 46.28 108.98 114.82 18.56
1299 57.55 13.55 143.39 144.64 14.60
1300 57.54 23.43 97.87 141.23 17.27
1301 57.56 60.34 127.44 105.91 15.38
1302 57.62 68.67 95.71 92.90 11.62
1303 57.65 6.95 141.47 148.96 12.26
1304 57.56 11.09 119.08 129.12 15.28
1305 57.59 18.54 116.77 143.90 15.32
1306 57.62 64.40 123.69 97.76 13.48
1307 57.66 26.43 95.38 136.13 17.07
1308 57.64 38.13 80.10 129.41 18.43
1309 57.76 56.18 101.73 109.37 16.15
1310 57.89 77.91 84.78 61.03 11.14
1311 57.97 84.11 84.47 59.21 12.61
1312 57.84 91.70 96.37 49.75 8.59
1313 57.74 89.12 108.05 69.21 9.70
1314 57.96 4.59 93.73 116.20 10.13
1315 57.98 31.17 67.91 133.06 17.61
1316 58.03 35.73 61.36 133.00 19.32
1317 57.91 86.70 79.31 48.58 11.09
1318 58.21 16.20 100.21 127.05 13.91
1319 58.19 62.62 83.07 102.47 15.25
1320 58.17 66.56 76.68 94.12 11.90
1321 58.24 28.77 54.26 120.91 17.12
1322 58.14 51.95 72.55 106.26 17.90
1323 58.24 58.36 64.97 96.83 15.85
1324 58.25 73.24 88.78 92.78 11.25
1325 58.25 43.33 45.83 101.36 17.77
1326 58.29 21.57 52.89 135.59 14.34
1327 58.50 40.11 45.15 106.65 18.13
1328 58.37 47.64 63.84 98.55 18.55
1329 58.36 81.78 75.66 67.53 11.00
1330 58.48 24.58 37.01 109.10 15.74
1331 58.83 80.56 73.83 66.51 11.64
1332 58.56 19.42 62.27 126.30 14.05
1333 58.54 33.34 41.49 116.46 17.78
1334 58.40 88.55 84.93 59.35 10.49
1335 58.62 45.52 42.30 85.18 17.56
1336 58.56 54.57 52.01 81.11 16.51
1337 58.65 75.77 70.97 79.86 11.34
1338 58.69 10.79 61.20 113.44 14.94
1339 58.66 70.91 59.79 64.59 10.57
1340 58.72 8.46 76.89 133.51 13.08
1341 58.65 13.03 70.46 125.99 13.92
1342 58.78 37.59 48.59 97.87 19.00
1343 58.70 60.67 52.27 89.32 15.14
1344 58.94 90.21 68.67 51.44 8.28
1345 58.78 68.70 68.68 75.96 11.12
1346 58.80 26.90 34.71 113.11 16.16
1347 58.84 50.16 50.76 87.18 16.67
1348 58.87 5.96 54.28 111.79 10.60
1349 58.91 56.65 42.14 79.71 16.29
1350 58.99 64.42 43.35 86.56 12.72
1351 59.02 30.92 35.98 98.97 17.65
1352 59.17 78.64 72.38 67.86 10.97
1353 59.31 84.94 45.29 50.60 10.72
1354 59.21 35.28 39.22 86.15 16.95
1355 59.28 17.31 31.02 116.92 14.54
1356 59.36 48.64 40.49 78.55 17.29
1357 59.44 52.67 39.57 71.51 16.53
1358 59.21 66.59 44.83 80.08 11.89
1359 59.37 41.79 35.99 85.29 17.71
1360 59.65 43.69 41.26 78.19 17.33
1361 59.35 59.22 38.14 71.56 14.33
1362 59.35 62.40 43.80 76.31 13.39
1363 59.39 72.98 36.77 62.98 10.16
1364 59.49 28.86 35.23 79.89 16.18
1365 59.43 14.65 36.67 121.24 13.81
1366 59.66 24.99 41.37 97.25 14.77
1367 59.45 46.34 37.44 78.00 17.30
1368 59.48 20.39 28.88 95.17 14.25
1369 59.62 22.60 30.73 92.77 13.54
1370 59.59 39.34 40.27 83.53 17.58
1371 59.60 54.90 38.19 63.31 15.44
1372 59.61 82.25 43.55 39.76 11.88
1373 59.59 32.87 36.14 80.78 16.96
1374 59.75 70.44 33.31 58.47 9.74
1375 59.81 76.15 32.75 56.85 10.15
1376 59.95 9.65 25.97 97.42 11.61
1377 59.74 12.59 40.82 94.94 13.85
1378 60.02 4.80 19.24 75.68 9.59
1379 59.86 6.89 23.22 95.72 10.06
1380 59.94 19.32 28.12 81.47 14.17
1381 59.90 36.93 49.05 72.64 17.24
1382 60.03 92.75 22.44 39.38 6.79
1383 59.89 56.80 35.04 59.82 15.38
1384 59.97 68.15 35.66 61.67 10.09
1385 60.04 26.83 34.91 67.66 16.23
1386 60.10 61.39 33.70 58.56 13.11
1387 60.13 63.59 33.85 64.21 13.33
1388 60.23 89.53 28.15 47.05 8.48
1389 60.13 65.75 32.11 65.17 12.86
1390 60.14 30.74 50.81 67.73 16.54
1391 60.13 34.32 55.77 72.90 16.21
1392 60.36 45.22 146.34 50.51 17.04
1393 60.20 58.70 35.62 65.17 13.68
1394 60.22 87.22 27.90 35.10 9.84
1395 60.48 78.95 30.26 56.86 10.95
1396 60.14 95.42 11.08 28.33 5.42
1397 60.48 74.03 33.39 48.76 10.85
1398 60.44 41.06 114.68 56.67 17.73
1399 61.11 48.03 167.94 45.42 17.42
1400 60.33 83.97 29.38 35.69 11.11
1401 60.45 15.89 33.45 88.30 14.01
1402 60.50 20.96 39.24 69.12 14.69
1403 60.51 28.65 83.87 59.53 15.56
1404 60.65 32.27 135.34 56.16 17.25
1405 60.62 38.62 152.30 49.13 17.95
1406 60.71 50.36 170.38 44.82 16.73
1407 60.64 54.94 134.74 47.90 15.55
1408 60.47 80.87 27.50 40.28 12.18
1409 60.59 71.87 29.56 47.90 9.68
1410 60.89 25.07 111.88 48.59 13.44
1411 60.81 11.48 27.40 66.97 13.14
1412 60.86 69.41 31.10 50.77 10.45
1413 60.67 94.70 13.12 27.72 6.62
1414 60.97 36.24 180.26 41.12 18.69
1415 60.90 57.56 138.62 43.49 14.88
1416 60.89 76.29 31.22 40.58 9.52
1417 61.24 52.87 195.55 38.64 16.46
1418 60.92 67.16 30.52 51.55 11.13
1419 61.17 86.61 26.13 36.63 10.50
1420 60.93 18.64 34.20 68.54 12.20
1421 61.01 60.60 84.35 37.71 13.44
1422 61.06 7.35 22.12 72.15 10.15
1423 61.02 64.72 40.31 46.92 11.25
1424 61.03 93.40 14.57 30.17 7.50
1425 61.07 62.78 37.29 45.55 12.18
1426 61.25 22.21 90.11 52.04 14.13
1427 61.38 82.40 25.89 38.52 11.46
1428 61.35 43.21 208.47 40.06 17.53
1429 61.50 30.22 185.86 39.70 17.22
1430 61.32 34.22 172.49 45.16 17.92
1431 61.36 13.48 55.81 52.93 13.07
1432 61.58 27.69 173.14 43.09 16.16
1433 61.29 84.50 27.85 41.05 10.17
1434 62.02 41.25 197.74 36.58 19.71
1435 61.55 88.85 23.32 33.76 8.83
1436 61.38 15.28 59.96 64.63 14.25
1437 61.62 45.88 212.83 37.93 18.66
1438 61.36 75.00 30.36 38.36 9.64
1439 61.55 73.77 35.88 41.20 8.92
1440 61.40 77.05 34.91 43.36 11.45
1441 61.51 78.86 27.40 36.83 10.45
1442 61.95 24.06 165.19 39.46 15.43
1443 61.92 57.03 226.82 26.96 15.38
1444 61.70 66.13 75.58 39.21 11.71
1445 61.87 38.10 198.56 34.82 19.61
1446 61.93 17.30 113.68 41.46 13.71
1447 61.85 59.28 216.03 35.95 13.73
1448 61.78 19.94 102.40 44.18 13.60
1449 62.34 13.70 114.31 35.41 13.92
1450 62.16 72.24 163.98 28.30 10.61
1451 62.10 63.84 174.32 31.29 12.90
1452 61.90 7.15 33.08 51.90 10.03
1453 62.24 61.24 210.27 29.99 14.57
1454 62.04 32.82 204.07 39.86 19.41
1455 62.32 54.86 227.81 32.74 16.76
1456 61.99 85.63 28.36 35.11 10.28
1457 61.97 76.29 51.52 33.07 9.68
1458 62.21 93.10 16.70 25.90 6.35
1459 62.04 50.87 218.70 33.17 18.30
1460 62.40 69.85 168.69 29.05 10.09
1461 62.28 81.55 35.13 28.11 10.51
1462 62.49 35.68 186.49 36.48 21.65
1463 62.88 49.56 204.43 33.22 23.65
1464 62.51 78.70 87.57 23.05 10.57
1465 62.73 74.49 195.72 24.51 10.81
1466 62.66 26.38 153.62 31.84 18.38
1467 62.63 44.50 187.28 32.94 22.35
1468 62.70 21.86 143.98 34.26 14.69
1469 62.78 52.64 203.05 30.25 20.51
1470 62.50 87.40 25.05 28.94 9.87
1471 62.90 7.67 96.46 33.78 10.39
1472 62.60 28.60 147.29 32.20 20.59
1473 62.79 66.03 185.51 25.75 11.64
1474 62.90 46.72 179.08 28.50 22.58
1475 62.92 31.09 161.48 32.74 21.00
1476 63.05 18.35 142.67 36.09 15.41
1477 62.79 40.11 169.82 32.80 22.26
1478 63.09 10.64 132.14 38.20 13.06
1479 63.13 67.83 215.34 29.01 12.04
1480 63.30 85.66 90.13 21.74 9.76
1481 63.26 91.10 47.39 18.58 7.36
1482 63.78 77.65 200.11 19.83 11.93
1483 63.83 34.16 130.69 28.71 31.15
1484 63.13 58.94 212.11 25.39 17.88
1485 63.19 62.53 213.05 24.67 14.84
1486 63.08 56.31 189.22 25.07 19.54
1487 63.32 38.33 167.08 27.82 28.74
1488 63.28 80.91 155.86 20.02 10.81
1489 63.38 24.65 150.12 29.11 22.65
1490 63.60 29.19 127.27 26.20 22.96
1491 63.50 71.93 211.81 21.74 11.22
1492 63.70 54.30 145.18 24.35 31.69
1493 63.75 64.34 207.09 22.97 15.95
1494 63.60 13.93 123.21 26.06 15.63
1495 63.77 41.20 127.23 28.66 31.04
1496 63.85 43.61 133.05 29.17 32.34
1497 63.76 69.60 204.42 22.36 12.81
1498 64.29 36.92 98.39 25.08 37.35
1499 63.85 48.72 147.40 24.17 32.68
1500 64.13 23.30 107.27 26.73 27.78
1501 63.87 45.64 115.49 23.87 39.27
1502 63.92 8.73 104.05 24.54 12.48
1503 63.88 60.49 162.79 22.53 29.04
1504 64.16 26.79 109.21 23.83 28.87
1505 63.85 56.75 162.90 21.56 28.63
1506 64.01 52.03 114.61 26.88 30.86
1507 64.11 74.41 211.46 18.93 19.33
1508 63.91 82.13 195.88 18.84 14.12
1509 64.36 31.78 75.07 24.29 38.35
1510 64.21 66.09 208.13 24.61 14.29
1511 64.08 16.18 92.97 24.72 20.69
1512 64.33 93.28 51.52 8.95 7.18
1513 64.64 19.29 94.96 22.64 30.59
1514 64.36 46.71 103.29 20.46 48.03
1515 64.42 58.56 114.56 19.05 23.14
1516 64.57 62.45 154.93 19.67 23.05
1517 64.51 39.44 93.31 26.20 33.85
1518 64.69 67.84 179.92 19.34 15.46
1519 64.65 72.21 206.50 18.03 16.73
1520 64.58 83.94 185.95 16.43 17.16
1521 64.81 13.15 108.41 23.66 21.53
1522 64.69 29.12 68.15 23.34 36.58
1523 64.82 76.24 181.09 14.40 13.63
1524 64.63 15.45 76.72 22.64 19.56
1525 64.78 42.21 87.19 29.07 54.46
1526 64.79 47.98 78.65 22.52 69.21
1527 64.77 53.63 88.29 21.48 52.40
1528 64.76 50.57 89.46 22.18 43.38
1529 64.76 56.13 100.49 19.58 35.20
1530 64.90 69.94 161.79 16.85 19.97
1531 65.26 81.86 157.57 15.39 14.62
1532 64.91 60.09 79.22 17.16 33.76
1533 64.88 10.72 110.02 24.10 16.05
1534 64.87 44.84 78.79 25.10 62.69
1535 65.01 22.29 73.54 21.85 32.39
1536 64.93 64.51 115.28 20.97 46.51
1537 65.43 9.12 75.18 21.84 17.20
1538 65.09 85.56 153.56 13.42 13.15
1539 65.28 17.31 41.57 17.93 34.89
1540 65.18 33.00 46.91 24.94 53.81
1541 65.54 74.12 133.66 13.94 17.09
1542 65.43 78.26 138.94 13.92 15.71
1543 65.46 40.45 46.96 23.04 76.74
1544 65.48 58.13 73.54 17.94 41.80
1545 65.63 66.36 118.00 18.89 18.32
1546 65.51 15.13 50.32 21.03 33.23
1547 65.48 30.70 40.10 19.65 53.02
1548 65.48 51.91 63.00 22.05 75.65
1549 65.60 87.37 151.65 11.84 11.69
1550 65.52 25.08 34.84 19.38 50.58
1551 65.56 35.30 37.12 21.78 62.30
1552 65.51 46.36 48.63 23.11 67.37
1553 65.57 49.43 51.26 22.84 81.16
1554 65.70 61.88 83.11 16.72 55.43
1555 65.61 55.80 63.91 18.19 62.34
1556 65.83 7.38 54.73 16.15 16.62
1557 65.67 11.31 55.71 18.00 22.98
1558 65.75 43.51 40.51 22.73 111.52
1559 65.83 70.91 107.89 13.69 26.55
1560 65.83 37.66 38.96 22.34 82.74
1561 65.93 68.49 104.10 14.79 34.43
1562 66.24 92.71 114.89 10.59 7.28
1563 66.00 29.02 36.89 19.55 73.21
1564 65.76 20.62 30.41 19.45 49.18
1565 66.03 64.23 120.88 15.96 38.49
1566 66.05 19.34 30.96 19.19 60.39
1567 65.92 22.88 34.71 19.80 45.63
1568 66.07 53.78 43.09 16.42 71.48
1569 66.27 26.76 37.15 18.94 105.49
1570 65.86 79.83 147.14 16.42 16.11
1571 66.06 32.99 38.40 21.10 82.57
1572 66.04 60.09 64.67 15.38 53.09
1573 66.10 76.69 84.77 13.22 26.84
1574 66.29 90.01 157.53 12.63 10.70
1575 66.37 47.47 37.52 19.18 83.88
1576 66.07 81.70 151.60 12.19 15.70
1577 66.35 16.85 32.82 17.55 58.36
1578 66.23 85.57 137.80 11.85 19.41
1579 66.39 39.55 41.55 19.06 96.30
1580 66.49 45.57 40.99 21.22 107.66
1581 66.51 41.83 61.20 19.80 97.49
1582 66.49 51.71 43.37 18.69 70.13
1583 66.59 72.29 81.21 13.46 47.62
1584 66.59 24.35 34.64 16.65 76.46
1585 66.61 30.96 35.96 18.84 95.07
1586 66.65 49.45 43.94 19.05 105.24
1587 66.52 56.33 37.27 16.40 63.64
1588 66.46 58.50 48.25 16.28 44.28
1589 66.64 14.25 30.88 17.61 50.72
1590 66.70 20.95 31.31 18.14 73.59
1591 66.59 35.41 39.02 20.31 113.48
1592 66.77 74.78 85.66 13.90 42.03
1593 66.49 87.74 130.70 10.95 16.97
1594 66.91 79.24 86.62 11.37 23.97
1595 66.74 11.69 32.63 20.68 49.17
1596 66.95 67.47 61.43 14.40 50.46
1597 66.91 62.68 52.09 14.86 56.42
1598 66.88 7.76 26.77 15.39 29.25
1599 66.92 43.81 73.28 19.00 129.64
1600 66.77 84.00 125.93 11.33 19.63
1601 67.10 37.50 92.57 19.87 135.64
1602 67.06 81.79 105.81 11.62 21.04
1603 67.03 65.17 65.78 15.38 40.23
1604 67.16 69.89 54.25 13.51 51.08
1605 67.09 22.50 76.24 17.61 88.90
1606 67.20 54.09 33.43 16.60 80.38
1607 67.20 18.76 58.36 18.31 86.66
1608 67.14 28.77 111.89 18.09 97.98
1609 67.22 33.07 114.03 19.49 111.97
1610 67.41 77.11 52.03 12.34 41.91
1611 67.44 58.51 37.03 15.44 74.60
1612 67.46 39.92 174.52 18.37 117.68
1613 67.45 15.89 49.34 16.62 88.79
1614 67.47 26.56 138.65 18.47 105.18
1615 67.57 50.57 52.12 16.79 116.60
1616 67.53 56.31 34.84 15.86 79.30
1617 67.75 91.83 85.60 8.57 9.60
1618 67.67 88.37 114.10 10.45 15.57
1619 67.42 17.57 56.89 16.63 94.42
1620 67.89 8.35 25.84 14.40 58.41
1621 67.76 42.58 206.95 19.74 132.61
1622 67.67 45.59 196.33 18.65 107.08
1623 67.55 47.79 85.80 17.46 100.24
1624 67.81 52.49 43.24 17.22 96.00
1625 67.61 84.13 102.18 9.94 20.93
1626 67.76 35.28 171.84 19.67 121.87
1627 67.72 24.29 168.31 17.25 97.34
1628 67.71 30.66 186.34 20.64 131.78
1629 67.70 72.32 45.30 12.43 50.45
1630 67.79 10.63 27.21 15.22 73.63
1631 67.75 13.15 43.74 16.96 76.86
1632 67.78 20.69 128.91 17.61 93.94
1633 67.81 74.56 41.83 12.63 49.11
1634 68.00 64.22 32.57 12.64 68.12
1635 68.09 62.18 30.58 13.65 78.76
1636 68.10 66.46 34.00 11.89 61.66
1637 67.88 81.03 64.87 12.26 25.84
1638 68.13 68.72 33.91 13.26 50.99
1639 68.46 28.61 212.60 19.18 120.21
1640 68.33 33.41 219.46 19.37 128.45
1641 68.50 22.61 187.68 18.18 122.89
1642 68.30 37.61 215.51 18.36 106.58
1643 68.44 16.83 159.34 18.02 88.83
1644 68.45 49.35 215.80 18.25 130.66
1645 68.37 54.53 62.18 15.42 116.66
1646 68.33 59.90 36.35 14.28 79.38
1647 68.40 82.47 57.15 11.29 33.93
1648 68.32 85.68 62.89 9.62 23.46
1649 68.82 19.22 185.08 17.27 107.09
1650 68.38 57.32 42.47 15.89 97.60
1651 68.64 71.15 36.45 11.18 71.78
1652 68.58 40.38 231.09 19.27 157.48
1653 68.72 47.24 237.90 17.84 154.61
1654 68.81 14.35 157.39 16.48 89.03
1655 68.65 26.54 197.57 17.18 115.08
1656 68.67 44.75 233.52 18.47 128.42
1657 68.75 77.19 37.85 10.59 59.14
1658 68.52 24.62 190.83 19.89 113.63
1659 68.68 79.91 41.39 11.14 47.21
1660 68.86 74.23 30.84 10.66 71.88
1661 68.84 31.28 224.14 19.51 145.16
1662 68.78 87.92 49.37 9.00 29.94
1663 68.86 12.11 125.12 15.41 69.49
1664 68.99 9.37 103.19 13.62 64.58
1665 69.08 42.73 234.47 19.29 157.31
1666 69.06 52.18 209.10 16.14 111.77
1667 68.99 35.37 217.90 19.21 147.37
1668 69.08 64.80 34.44 12.83 74.79
1669 69.17 67.26 31.04 12.42 86.52
1670 69.25 57.68 184.63 16.78 131.82
1671 69.27 69.36 32.01 11.34 87.93
1672 69.37 81.28 37.69 10.33 49.01
1673 69.47 38.68 222.15 19.87 148.41
1674 69.36 55.10 224.18 16.25 132.70
1675 69.20 62.48 57.51 11.85 89.23
1676 69.33 60.07 188.96 13.75 126.16
1677 69.30 45.54 238.12 17.75 143.22
1678 69.79 20.59 186.74 18.20 129.08
1679 69.65 24.24 187.71 16.66 118.36
1680 69.56 33.00 200.23 18.92 160.53
1681 69.57 49.93 241.27 20.22 162.68
1682 69.87 36.81 204.55 19.17 164.88
1683 69.80 78.45 34.42 9.64 64.48
1684 69.57 84.14 35.66 8.23 44.65
1685 69.63 27.04 179.99 18.22 158.92
1686 69.85 30.07 201.52 18.65 135.52
1687 69.96 41.17 208.35 17.57 148.32
1688 69.87 16.60 170.88 16.74 122.70
1689 69.94 73.48 32.11 11.39 118.97
1690 70.00 11.45 149.42 16.15 101.81
1691 69.73 86.35 33.96 8.76 49.67
1692 69.94 46.22 212.05 18.09 151.74
1693 70.12 48.10 219.57 16.67 168.53
1694 70.07 70.98 41.36 10.84 106.58
1695 70.00 75.96 30.28 10.28 82.41
1696 70.13 44.09 185.84 17.69 188.00
1697 70.25 64.01 200.70 12.47 85.23
1698 70.16 8.89 103.45 13.88 53.83
1699 70.09 66.04 74.53 11.49 75.59
1700 70.22 14.60 131.31 14.06 93.90
1701 70.58 88.23 25.39 7.55 37.81
1702 70.35 34.62 176.12 18.77 160.52
1703 70.32 61.44 233.70 13.40 128.07
1704 70.29 68.38 121.60 11.04 102.62
1705 70.23 83.39 37.37 9.16 54.53
1706 70.32 51.70 224.65 18.07 162.89
1707 70.46 53.97 228.19 15.81 145.92
1708 70.37 58.59 235.14 14.73 157.40
1709 70.61 26.29 135.40 16.23 154.74
1710 70.39 56.29 236.21 16.11 163.61
1711 70.59 21.87 146.57 16.40 139.89
1712 70.38 81.48 33.04 10.62 58.94
1713 70.51 28.46 153.63 16.79 107.49
1714 70.62 86.03 28.05 7.74 50.93
1715 70.82 32.30 137.27 17.95 180.70
1716 70.78 90.55 18.19 7.04 22.77
1717 70.82 39.38 168.62 18.41 171.74
1718 71.07 17.21 108.49 15.68 116.18
1719 70.93 49.56 140.24 17.46 146.70
1720 70.97 78.07 30.01 9.12 92.28
1721 71.01 84.86 27.11 7.82 54.90
1722 71.18 24.09 89.55 15.89 150.53
1723 70.99 73.00 137.01 10.57 121.34
1724 71.07 12.87 111.95 13.98 78.81
1725 71.19 30.08 122.61 17.63 151.00
1726 71.02 42.37 143.66 17.69 164.44
1727 71.12 47.09 122.47 17.21 165.88
1728 71.20 66.60 197.99 11.40 92.20
1729 71.18 36.78 149.72 17.53 162.47
1730 71.25 70.66 206.95 10.98 125.77
1731 71.00 81.49 35.48 9.58 78.58
1732 71.25 44.68 166.42 18.42 181.77
1733 71.30 10.72 101.12 12.64 70.31
1734 71.35 19.80 97.05 15.93 121.33
1735 71.40 62.51 226.91 12.46 145.64
1736 71.34 59.80 232.78 14.91 139.99
1737 71.32 56.98 211.24 13.64 125.20
1738 71.60 27.89 110.08 16.53 144.02
1739 71.50 68.62 206.46 11.46 97.21
1740 71.39 51.54 170.65 16.43 175.72
1741 71.61 75.36 123.37 9.95 105.32
1742 71.59 83.41 37.00 8.50 70.95
1743 71.63 64.63 226.04 12.41 134.57
1744 71.66 34.34 136.90 20.05 152.38
1745 71.65 53.92 211.43 15.73 147.00
1746 71.76 40.84 117.48 17.51 149.10
1747 71.60 89.61 15.59 6.03 20.72
1748 71.78 81.32 53.43 9.28 99.90
1749 71.87 38.68 100.00 15.95 129.00
1750 72.05 21.79 71.29 15.40 132.64
1751 72.05 31.83 108.19 19.53 163.22
1752 71.93 49.13 119.58 15.06 128.64
1753 72.40 87.77 27.57 6.61 54.69
1754 72.15 25.78 64.76 16.93 124.78
1755 72.24 43.35 89.83 20.36 155.29
1756 72.19 46.40 93.86 16.21 155.35
1757 72.23 55.78 165.00 14.06 131.21
1758 72.17 73.09 210.16 9.90 117.59
1759 72.21 77.51 127.05 8.20 91.58
1760 72.34 12.90 62.88 14.59 99.79
1761 72.26 58.35 165.34 13.38 153.20
1762 72.28 17.73 64.86 13.43 101.68
1763 72.33 60.92 192.54 13.18 142.50
1764 72.48 36.32 68.75 17.35 132.93
1765 72.57 68.09 217.33 10.88 118.42
1766 72.49 85.26 54.76 7.48 72.79
1767 72.43 10.61 52.74 12.09 43.49
1768 72.48 19.70 81.65 15.61 121.07
1769 72.52 28.85 48.61 15.88 126.12
1770 72.42 70.19 231.66 11.61 140.80
1771 72.55 15.47 57.87 13.32 111.87
1772 72.44 52.13 101.14 14.52 141.55
1773 72.49 71.63 233.00 13.27 155.58
1774 72.70 65.91 210.23 12.01 122.82
1775 72.73 63.62 187.82 11.63 96.69
1776 72.86 79.65 176.05 8.89 96.85
1777 72.58 81.71 143.71 9.33 94.76
1778 72.84 49.96 85.75 14.44 151.51
1779 72.75 74.81 202.87 9.44 102.90
1780 72.86 41.09 57.48 17.62 136.19
1781 72.74 23.81 49.41 16.46 123.18
1782 72.86 34.21 39.03 15.38 116.70
1783 73.04 38.68 54.96 15.63 109.02
1784 72.93 83.22 142.72 8.66 77.10
1785 72.94 47.82 74.28 15.32 118.88
1786 73.03 45.03 52.01 15.87 136.73
1787 73.02 54.26 108.44 15.22 141.89
1788 73.16 31.42 35.89 16.02 124.72
1789 73.26 21.89 31.68 14.37 106.27
1790 73.21 57.16 98.36 13.31 146.83
1791 73.29 26.08 32.93 16.69 113.93
1792 73.29 59.68 102.94 14.87 148.24
1793 73.57 76.57 207.06 10.12 128.80
1794 73.56 16.75 32.80 15.28 107.99
1795 73.35 61.91 114.61 11.00 126.39
1796 73.61 42.53 38.94 16.13 113.72
1797 73.54 70.08 217.30 10.16 122.04
1798 73.64 73.06 212.48 9.80 125.76
1799 73.52 51.80 97.49 13.62 118.87
1800 73.74 19.31 25.19 14.26 108.66
1801 73.75 28.51 31.46 16.37 120.80
1802 73.72 67.62 153.16 10.13 106.41
1803 73.64 14.27 29.39 12.95 84.02
1804 73.80 33.68 30.20 16.49 110.91
1805 73.74 37.06 35.07 17.05 93.08
1806 73.73 24.06 32.96 13.66 121.57
1807 73.93 65.52 128.55 10.87 91.11
1808 73.60 82.60 184.05 8.80 92.50
1809 73.80 46.87 41.85 14.12 107.47
1810 73.98 49.44 50.52 13.68 122.24
1811 74.11 88.21 105.95 6.16 44.31
1812 73.83 44.90 36.33 15.83 116.25
1813 74.13 55.95 64.07 14.65 131.86
1814 74.12 63.44 128.58 11.56 133.91
1815 74.10 53.57 50.71 13.50 131.94
1816 73.98 84.15 157.49 7.63 68.00
1817 74.15 39.66 33.48 14.94 86.94
1818 74.06 80.54 219.38 9.29 122.29
1819 74.46 35.78 35.44 16.34 93.81
1820 74.23 58.62 63.60 13.17 130.28
1821 74.38 31.16 33.42 16.46 96.58
1822 74.31 61.07 92.00 11.22 97.86
1823 74.51 21.35 25.95 15.08 103.02
1824 74.31 44.17 36.07 15.21 111.45
1825 74.64 71.69 169.71 9.65 146.97
1826 74.61 82.17 189.93 8.01 107.36
1827 74.78 13.81 19.37 11.91 73.80
1828 74.54 47.28 38.92 14.64 114.44
1829 75.08 86.81 156.56 7.31 84.73
1830 74.75 42.05 32.25 14.97 82.12
1831 74.87 51.82 35.98 13.28 109.14
1832 74.78 69.38 138.75 10.40 136.78
1833 74.75 16.65 25.25 13.43 82.86
1834 74.87 24.08 31.44 14.25 101.60
1835 74.85 79.91 191.59 8.61 125.74
1836 74.99 67.35 71.05 10.08 125.80
1837 74.89 33.91 36.28 16.67 98.85
1838 75.09 45.27 32.63 14.50 97.53
1839 74.96 37.66 43.47 16.42 77.51
1840 75.18 19.16 40.92 13.51 80.46
1841 75.22 47.72 34.69 15.36 97.03
1842 75.14 65.10 84.80 11.66 113.76
1843 75.55 78.94 168.99 8.79 108.91
1844 75.25 49.74 34.21 15.26 105.31
1845 75.15 74.40 180.79 10.24 171.08
1846 75.18 54.87 32.04 12.50 98.87
1847 75.18 57.23 45.38 11.79 108.92
1848 75.16 60.01 44.60 11.17 87.25
1849 75.12 39.72 40.00 14.42 73.11
1850 75.36 62.62 70.75 10.96 110.72
1851 75.40 76.65 150.96 8.52 100.52
1852 75.32 31.83 134.00 17.15 72.85
1853 75.60 27.43 136.72 16.90 70.74
1854 75.41 84.44 194.09 7.80 101.27
1855 75.59 22.13 58.81 16.49 100.15
1856 75.76 30.14 156.48 16.97 66.23
1857 75.75 43.64 43.65 14.33 79.35
1858 75.88 41.26 97.45 16.41 87.65
1859 75.80 71.61 126.77 10.04 117.51
1860 76.43 83.51 140.63 7.27 88.75
1861 75.75 17.25 74.54 14.75 78.53
1862 75.83 53.55 32.33 12.46 95.47
1863 75.81 34.16 173.76 17.47 65.67
1864 76.14 36.80 184.00 16.75 58.95
1865 76.60 39.74 176.54 15.49 55.61
1866 76.01 69.23 61.09 10.12 127.64
1867 76.10 58.39 32.39 11.86 89.67
1868 76.31 23.98 156.61 16.04 56.14
1869 75.90 20.20 84.03 13.38 52.59
1870 76.17 46.05 42.18 13.89 90.02
1871 76.22 66.89 38.38 10.06 99.29
1872 76.31 60.70 31.24 11.12 88.80
1873 76.35 75.20 151.76 9.67 136.69
1874 76.18 48.12 74.34 13.74 75.62
1875 76.31 64.81 45.17 10.13 86.64
1876 76.28 56.20 33.76 10.79 63.74
1877 76.62 14.94 114.09 13.91 53.68
1878 76.73 21.59 166.91 13.84 55.75
1879 76.58 62.96 33.66 10.96 91.47
1880 76.59 77.90 139.11 9.46 108.38
1881 76.71 32.06 195.59 15.95 49.65
1882 76.47 33.53 203.87 18.43 56.00
1883 76.68 26.30 175.99 14.94 50.62
1884 76.73 17.75 134.01 13.96 46.86
1885 76.77 43.29 171.26 14.59 58.88
1886 76.71 28.53 196.75 16.02 51.70
1887 77.40 19.82 183.69 15.46 49.90
1888 77.04 49.09 197.45 14.42 56.44
1889 76.97 51.66 145.16 13.94 68.45
1890 77.06 71.04 60.17 9.66 121.90
1891 76.96 30.07 198.60 17.40 58.82
1892 77.12 79.79 120.21 7.68 84.03
1893 77.15 46.43 190.15 13.94 58.09
1894 77.24 68.59 38.54 9.86 99.75
1895 77.26 38.14 215.06 17.84 52.09
1896 77.18 58.95 29.62 11.33 70.42
1897 77.25 73.35 73.52 9.24 113.09
1898 77.24 35.23 219.56 17.53 40.58
1899 77.32 56.27 97.20 11.99 70.00
1900 77.44 66.43 28.96 9.46 71.22
1901 77.44 61.74 27.36 11.47 69.68
1902 77.63 64.20 27.56 10.54 76.24
1903 77.50 76.03 86.90 8.87 108.86
1904 77.79 23.84 211.28 16.61 43.62
1905 77.72 44.89 230.69 16.18 50.59
1906 77.96 54.22 180.00 13.93 58.83
1907 77.94 15.24 164.63 13.02 36.49
1908 77.88 27.87 206.30 17.19 41.65
1909 77.99 31.07 210.68 16.45 37.50
1910 77.91 42.03 221.68 14.83 40.49
1911 77.87 50.21 230.32 13.21 48.47
1912 78.07 78.82 85.14 7.90 82.09
1913 78.21 48.20 225.61 13.61 46.67
1914 78.20 57.93 171.20 11.18 51.95
1915 78.06 33.52 205.77 16.94 33.64
1916 78.06 60.48 35.27 10.37 63.80
1917 78.44 83.75 107.02 6.29 55.50
1918 78.16 70.55 39.76 9.27 69.08
1919 78.33 39.64 211.93 17.51 38.18
1920 78.45 81.10 82.64 7.56 67.28
1921 78.43 18.62 185.99 14.98 40.03
1922 78.53 46.10 234.09 16.38 46.13
1923 78.27 36.16 221.77 17.93 34.53
1924 78.34 51.21 228.41 14.14 48.91
1925 78.36 21.99 175.71 14.51 34.14
1926 78.42 68.24 34.78 9.33 86.72
1927 78.48 73.60 48.21 8.89 100.80
1928 78.62 76.76 59.28 9.49 121.98
1929 78.51 25.76 206.57 16.66 33.86
1930 78.59 63.13 36.24 10.12 65.13
1931 78.65 65.76 28.39 9.58 68.93
1932 78.73 55.76 209.20 12.61 41.09
1933 79.04 43.79 218.80 15.02 33.42
1934 78.96 28.53 178.48 15.66 29.00
1935 79.01 41.50 215.70 15.82 32.37
1936 79.09 52.86 233.89 13.49 43.11
1937 79.02 60.86 188.46 10.95 52.65
1938 79.01 16.97 187.93 14.93 32.75
1939 79.13 32.68 193.27 16.18 28.01
1940 79.08 23.85 173.17 14.68 28.42
1941 79.24 30.57 189.37 16.05 28.77
1942 79.31 37.28 192.19 16.82 28.90
1943 79.23 20.86 178.08 14.40 27.53
1944 79.29 34.84 189.25 16.26 25.35
1945 79.24 49.92 237.47 15.48 38.73
1946 79.37 70.45 27.79 9.40 88.33
1947 79.46 58.53 230.09 11.67 46.47
1948 79.36 79.21 37.60 8.44 85.40
1949 79.46 26.49 182.51 15.58 26.83
1950 79.54 47.62 229.11 16.69 33.72
1951 79.48 67.20 29.08 9.98 79.83
1952 79.71 40.18 186.28 15.36 26.35
1953 79.58 72.75 27.92 9.50 76.23
1954 79.58 64.79 58.10 9.95 63.88
1955 79.83 54.39 230.30 12.60 41.10
1956 79.82 62.81 192.80 11.08 49.28
1957 79.66 75.96 34.32 8.25 90.13
1958 79.90 56.44 228.02 11.40 37.21
1959 79.60 68.39 27.11 8.68 73.32
1960 80.01 81.48 29.07 6.92 44.16
1961 79.82 19.18 172.57 14.50 24.21
1962 79.95 45.10 195.10 15.35 28.16
1963 79.68 51.02 242.14 14.29 30.71
1964 80.26 29.18 158.74 15.41 24.77
1965 80.09 22.83 164.38 15.31 26.83
1966 80.20 16.06 150.29 13.18 18.88
1967 80.25 18.16 176.61 14.39 22.84
1968 80.35 25.05 165.38 15.41 25.92
1969 80.19 51.94 233.47 13.44 34.87
1970 80.20 42.77 174.36 14.15 24.58
1971 80.46 32.69 142.96 14.86 22.07
1972 80.25 60.79 203.92 11.56 30.35
1973 80.16 78.10 37.74 7.52 86.39
1974 80.49 66.20 188.62 9.37 45.16
1975 80.38 49.51 216.80 14.96 28.94
1976 80.46 38.20 165.82 15.31 22.39
1977 80.30 46.22 195.56 15.83 23.78
1978 80.45 20.86 147.98 13.46 21.46
1979 80.59 35.85 137.54 13.90 19.27
1980 80.42 69.01 38.68 9.95 85.77
1981 80.75 27.47 156.44 15.69 21.51
1982 80.74 59.00 222.78 11.78 28.08
1983 81.01 82.97 23.83 5.65 39.79
1984 80.57 70.36 41.74 9.52 93.26
1985 80.64 71.90 31.66 8.22 84.41
1986 80.83 74.35 26.89 7.84 85.56
1987 80.82 63.83 217.16 10.04 37.16
1988 80.72 47.28 163.39 13.82 27.20
1989 80.79 76.68 26.44 7.26 53.03
1990 80.87 53.91 205.93 13.57 27.75
1991 81.08 41.38 145.35 13.79 19.72
1992 81.11 44.62 182.59 14.49 20.90
1993 81.02 56.57 214.70 11.56 25.12
1994 81.04 79.42 25.11 7.18 54.84
1995 81.26 51.15 203.08 13.64 26.00
1996 81.29 16.66 108.96 11.19 14.37
1997 81.56 18.95 140.56 13.98 16.82
1998 81.40 61.36 219.57 9.95 28.23
1999 81.49 24.16 130.20 14.67 18.87
2000 81.32 48.77 136.91 11.62 17.81
2001 81.49 68.03 201.50 9.69 54.30
2002 81.51 21.73 124.22 15.27 18.69
2003 81.51 38.60 105.77 13.77 19.70
2004 81.65 70.61 133.15 8.85 46.99
2005 81.64 31.58 99.33 14.12 16.51
2006 81.69 46.81 137.57 16.07 19.22
2007 81.64 34.29 98.88 15.27 20.03
2008 81.79 36.00 91.98 13.16 17.04
2009 81.85 65.52 227.30 9.46 30.10
2010 81.92 27.25 116.74 15.19 20.60
2011 81.81 29.38 103.92 14.45 17.55
2012 81.89 33.16 96.45 15.08 16.55
2013 82.10 53.39 172.64 10.86 18.17
2014 81.84 72.80 78.70 9.02 64.36
2015 82.01 76.46 26.52 7.85 74.39
2016 81.97 55.75 179.57 11.80 22.30
2017 81.85 58.57 191.54 11.79 23.64
2018 82.10 63.43 212.08 9.54 24.63
2019 82.17 40.62 117.60 12.93 16.39
2020 82.39 49.36 150.05 11.81 17.23
2021 82.44 82.01 16.88 5.53 41.98
2022 82.26 51.48 128.22 10.75 18.33
2023 82.52 78.81 21.46 6.44 42.24
2024 82.36 45.19 111.72 13.91 16.84
2025 82.41 37.56 87.74 12.54 15.52
2026 82.61 61.65 191.39 10.26 23.03
2027 82.53 21.18 100.71 14.43 15.52
2028 82.49 22.99 94.23 12.84 16.91
2029 82.69 69.52 223.09 8.57 40.22
2030 82.84 43.35 111.61 12.94 15.85
2031 82.86 47.34 99.21 11.51 16.48
2032 82.76 31.56 60.18 14.82 16.37
2033 82.83 59.62 168.03 10.80 18.49
2034 82.80 24.51 74.02 14.60 15.58
2035 82.77 34.42 61.41 14.45 16.21
2036 82.96 67.17 231.80 9.56 26.86
2037 83.03 72.03 154.18 8.53 35.50
2038 83.04 19.09 81.46 12.90 13.73
2039 82.93 57.47 148.24 10.20 17.66
2040 82.86 74.36 89.51 8.60 62.50
2041 82.88 26.61 65.23 13.45 15.53
2042 83.08 55.14 153.11 11.51 17.86
2043 83.00 28.97 54.60 13.75 15.40
2044 83.41 39.23 70.06 12.61 14.54
2045 83.06 51.07 121.24 11.67 15.15
2046 83.18 64.77 203.00 11.19 18.57
2047 83.42 36.77 66.15 13.93 15.65
2048 83.30 76.15 51.67 8.51 46.76
2049 83.34 53.24 122.51 12.06 19.64
2050 83.46 41.40 62.39 12.26 16.02
2051 83.43 45.56 72.20 12.22 13.84
2052 83.62 62.87 169.07 10.85 16.06
2053 83.74 32.83 46.16 13.67 14.81
2054 83.71 81.33 24.45 5.74 32.37
2055 83.68 49.00 67.68 11.77 14.83
2056 83.76 78.38 40.26 5.94 38.87
2057 83.94 23.86 39.96 13.06 15.39
2058 83.74 51.43 92.80 11.71 16.24
2059 83.87 60.76 138.07 9.46 15.38
2060 83.89 26.74 37.69 14.13 14.71
2061 83.86 69.72 210.80 9.29 25.96
2062 84.09 74.54 159.30 7.85 38.66
2063 84.10 30.71 39.71 15.06 14.31
2064 84.02 43.64 49.06 11.78 13.91
2065 84.05 58.54 100.66 10.64 15.99
2066 84.03 56.10 99.05 11.53 13.89
2067 84.14 66.80 214.86 8.63 19.17
2068 84.20 29.05 36.18 14.47 13.76
2069 84.28 47.43 69.43 11.69 13.92
2070 84.33 35.47 35.05 14.02 14.70
2071 84.39 53.49 66.37 10.21 14.61
2072 84.43 72.14 202.60 7.78 28.84
2073 84.40 40.17 40.37 14.72 12.39
2074 84.62 64.49 175.68 9.06 15.41
2075 84.59 76.54 76.69 6.57 24.33
2076 84.66 37.69 29.67 12.88 13.48
2077 84.90 33.90 32.02 14.96 14.82
2078 84.92 42.82 35.96 12.64 13.64
2079 85.00 79.59 93.95 5.77 40.45
2080 84.94 62.20 129.13 10.08 13.16
2081 84.80 45.70 48.87 13.40 14.24
2082 85.08 59.87 99.46 10.52 12.69
2083 85.05 69.33 194.80 8.53 18.49
2084 85.22 22.80 29.44 12.74 11.94
2085 85.22 49.44 53.74 11.29 13.33
2086 85.16 26.54 27.62 13.64 12.83
2087 85.13 55.89 58.97 11.22 13.45
2088 85.30 39.97 27.31 12.23 11.91
2089 85.29 57.72 48.92 10.68 13.05
2090 85.34 29.61 25.78 13.63 13.42
2091 84.96 36.10 28.91 14.27 13.45
2092 85.34 52.17 41.60 11.08 12.60
2093 85.45 66.41 179.10 8.67 16.65
2094 85.53 74.72 171.02 6.56 25.63
2095 85.52 54.22 45.17 11.32 12.23
2096 85.41 35.71 26.29 12.32 12.05
2097 85.53 47.42 34.17 11.92 12.47
2098 85.62 71.45 189.85 7.39 16.87
2099 85.50 37.17 25.77 14.50 12.27
2100 85.79 45.67 33.38 12.00 13.11
2101 86.10 78.00 105.83 6.09 27.77
2102 85.86 63.83 101.80 9.18 12.72
2103 85.95 38.16 27.63 11.53 13.08
2104 85.87 28.66 23.22 14.39 13.78
2105 86.04 34.42 23.32 12.92 12.99
2106 86.00 42.60 25.95 11.95 11.64
2107 86.17 24.01 21.87 11.91 11.67
2108 86.11 60.87 55.11 9.44 12.53
2109 86.24 51.26 30.54 10.76 11.00
2110 86.26 68.40 181.59 9.86 14.57
2111 86.21 58.41 37.35 9.15 11.97
2112 86.33 25.38 22.97 12.56 13.26
2113 86.21 72.28 217.28 8.89 18.81
2114 86.33 27.28 23.17 12.52 12.97
2115 86.42 49.24 27.35 11.65 10.66
2116 86.28 55.90 32.15 9.34 12.12
2117 86.41 32.46 21.94 12.00 12.75
2118 86.71 36.56 24.37 13.16 11.85
2119 86.60 47.22 26.19 10.59 11.41
2120 86.66 40.05 23.85 11.78 11.79
2121 86.56 53.55 29.36 9.89 10.83
2122 86.94 63.15 74.76 9.03 11.00
2123 86.81 65.87 106.01 8.72 13.27
2124 86.88 73.57 196.36 7.68 15.40
2125 86.73 30.21 20.62 12.71 12.24
2126 86.85 45.05 24.58 11.89 10.43
2127 86.79 70.53 138.17 7.29 12.95
2128 87.03 76.10 162.65 6.79 13.06
2129 86.94 42.00 23.91 10.03 10.17
2130 87.16 43.34 21.75 11.25 10.65
2131 87.35 56.77 28.64 9.37 10.64
2132 87.00 59.40 28.78 9.33 11.26
2133 87.32 61.05 39.93 9.17 11.05
2134 87.08 27.28 19.06 13.38 11.06
2135 87.33 51.80 23.15 9.35 11.35
2136 87.49 35.33 22.09 13.01 12.43
2137 87.32 67.96 128.38 7.25 12.39
2138 87.44 54.49 25.80 9.54 9.61
2139 87.38 58.48 28.98 8.82 11.06
2140 87.70 25.62 16.52 11.56 10.75
2141 87.43 38.71 21.80 12.12 11.88
2142 87.48 49.38 24.54 11.01 10.06
2143 87.78 31.05 20.00 14.04 13.20
2144 87.68 47.46 22.68 11.00 11.24
2145 87.63 40.56 22.33 10.06 10.61
2146 87.73 46.32 22.13 8.96 9.65
2147 87.72 37.33 19.52 11.94 12.36
2148 87.94 68.92 102.75 8.45 11.84
2149 88.00 71.48 115.45 7.80 11.58
2150 88.01 42.43 21.83 11.12 10.59
2151 88.13 44.75 20.22 10.99 10.70
2152 88.19 66.29 72.90 8.53 10.94
2153 87.92 27.24 16.71 11.95 13.14
2154 87.73 27.90 20.00 9.33 11.67
2155 88.33 64.08 60.33 9.30 11.15
2156 88.24 74.24 149.50 6.94 10.57
2157 88.34 53.37 24.23 9.14 9.88
2158 88.54 59.79 25.61 8.33 10.33
2159 88.35 32.84 18.56 12.31 11.93
2160 88.48 57.41 24.19 9.36 10.72
2161 88.36 62.04 31.79 8.94 10.08
2162 88.42 55.45 24.11 10.12 9.48
2163 88.38 36.11 19.77 13.06 11.51
2164 88.55 39.55 18.75 12.57 11.06
2165 88.64 48.93 18.92 9.72 9.00
2166 88.37 27.85 17.57 10.71 12.14
2167 88.55 46.29 20.36 10.31 9.58
2168 88.75 30.60 17.69 12.16 11.26
2169 88.91 34.74 19.42 11.42 12.42
2170 88.75 28.92 17.50 11.89 12.03
2171 88.73 42.97 20.00 10.23 9.82
2172 88.96 69.86 62.81 7.33 10.87
2173 89.06 47.33 19.84 11.18 10.25
2174 89.12 32.45 18.19 11.48 10.58
2175 89.26 27.81 16.17 11.86 10.38
2176 89.35 52.32 20.69 9.39 9.18
2177 89.19 40.54 19.09 10.96 10.28
2178 89.07 38.37 21.11 12.78 10.00
2179 89.46 45.35 18.59 9.94 9.42
2180 89.24 42.42 19.89 9.29 9.50
2181 89.57 67.77 54.93 8.06 9.62
2182 89.56 71.95 57.90 7.49 9.91
2183 89.48 54.68 20.31 9.49 9.70
2184 89.55 65.04 51.48 8.20 10.01
2185 89.70 43.68 18.35 10.75 9.38
2186 89.41 58.26 22.42 9.29 9.47
2187 89.88 56.86 23.23 9.53 10.63
2188 89.66 62.77 33.48 8.51 9.51
2189 89.53 59.84 22.87 9.40 9.95
2190 89.59 50.14 17.08 9.44 9.32
2191 89.64 33.71 16.78 11.96 11.39
2192 89.73 36.11 18.04 10.33 9.78
2193 90.00 29.89 15.54 12.11 10.10
2194 89.90 26.47 12.50 11.76 9.28
2195 89.97 47.22 17.62 9.43 9.43
2196 89.95 41.86 17.35 12.32 10.20
2197 90.31 69.35 40.20 7.44 9.10
2198 89.97 28.57 16.89 10.22 10.33
2199 90.24 35.15 14.54 14.54 10.86
2200 90.57 70.57 40.35 7.97 8.09
2201 90.53 53.50 18.86 8.75 9.91
2202 90.48 51.35 19.04 9.44 8.06
2203 90.68 66.88 33.38 7.43 9.41
2204 90.74 37.96 18.73 17.04 9.80
2205 90.91 32.02 15.76 18.85 10.36
2206 90.60 43.73 18.76 12.73 10.27
2207 90.72 49.96 19.45 10.00 10.41
2208 91.02 36.18 16.71 16.56 10.79
2209 90.67 40.31 17.85 21.20 10.55
2210 91.09 41.21 17.57 23.26 11.20
2211 90.68 47.12 16.95 12.31 9.74
2212 90.79 63.99 26.66 8.72 10.53
2213 90.94 60.12 20.95 9.25 9.27
2214 90.82 30.80 14.46 20.92 10.62
2215 90.94 58.66 19.35 7.96 9.65
2216 91.30 34.30 14.08 20.68 11.50
2217 91.24 45.51 16.55 23.75 10.25
2218 91.21 43.03 18.85 19.72 11.02
2219 91.72 56.59 19.28 10.34 9.64
2220 91.41 30.23 13.92 24.25 10.12
2221 91.20 62.71 22.35 7.24 8.18
2222 91.24 68.55 23.06 6.56 8.38
2223 91.48 47.89 18.88 20.22 10.31
2224 91.87 49.99 16.92 20.57 8.95
2225 91.58 64.65 25.66 8.18 8.29
2226 91.66 69.63 24.76 6.76 7.11
2227 92.10 37.84 16.65 26.00 10.90
2228 91.78 66.41 30.41 7.44 8.60
2229 91.67 62.26 22.00 8.47 10.60
2230 92.49 60.89 19.12 8.37 9.07
2231 92.14 32.08 15.36 30.33 10.91
2232 92.18 39.95 18.34 23.95 11.32
2233 92.19 44.00 17.96 30.73 10.89
2234 92.07 52.58 18.10 11.88 9.53
2235 91.90 33.36 15.70 30.30 10.90
2236 92.06 41.52 16.18 22.76 11.00
2237 92.20 63.26 21.18 7.49 8.96
2238 92.56 46.47 19.12 33.40 10.36
2239 92.83 42.16 16.26 21.73 10.04
2240 93.00 34.06 14.97 37.37 10.44
2241 92.65 58.53 18.02 9.04 9.27
2242 92.89 54.84 17.26 9.95 9.77
2243 92.58 53.63 18.00 11.87 9.07
2244 92.86 64.50 17.67 7.69 7.90
2245 92.85 31.39 13.73 33.80 8.75
2246 93.04 48.69 17.61 16.54 9.63
2247 93.05 50.55 17.62 20.71 9.81
2248 93.31 62.71 17.81 7.92 8.69
2249 92.99 43.86 16.07 28.63 10.22
2250 93.11 66.00 17.50 6.59 7.46
2251 93.24 39.30 15.16 26.59 10.45
2252 93.52 36.29 15.91 29.03 9.83
2253 93.65 44.91 17.19 23.39 10.63
2254 93.36 59.49 19.36 10.36 8.82
2255 93.58 40.43 16.22 24.37 11.15
2256 93.66 47.27 18.40 19.46 10.17
2257 94.27 52.95 17.73 20.11 9.50
2258 94.09 32.40 12.52 34.33 8.68
2259 93.93 55.78 17.30 10.79 9.81
2260 93.92 60.46 18.01 10.97 8.72
2261 93.78 43.41 17.96 20.89 10.32
2262 93.96 64.51 16.53 7.81 6.78
2263 93.98 49.78 18.46 19.38 9.41
2264 94.35 34.94 15.11 37.54 10.73
2265 94.09 46.14 16.46 18.85 8.85
2266 94.48 56.36 16.80 12.91 10.11
2267 94.75 40.69 16.20 20.89 10.38
2268 94.68 43.28 16.53 23.66 11.06
2269 94.67 50.53 18.34 22.30 9.04
2270 94.51 47.11 16.79 18.00 10.28
2271 94.65 45.38 17.83 13.14 10.19
2272 94.91 60.20 17.82 13.01 8.89
2273 94.86 62.44 17.68 7.72 7.16
2274 94.84 63.47 14.19 6.88 6.62
2275 94.82 48.00 20.50 15.25 9.00
2276 95.32 35.72 13.23 32.28 8.71
2277 95.20 48.81 17.39 13.61 11.55
2278 95.44 51.66 15.73 20.60 10.03
2279 95.30 57.25 17.42 20.75 9.38
2280 95.69 55.62 16.60 19.07 8.98
2281 95.35 61.62 15.44 10.91 9.06
2282 95.71 38.66 15.25 39.59 10.41
2283 95.55 45.84 16.04 19.52 10.96
2284 95.82 53.38 16.21 17.32 8.73
2285 95.73 43.24 15.71 22.10 9.77
2286 96.11 41.40 14.68 20.90 10.45
2287 96.47 45.55 15.63 19.41 9.64
2288 96.04 48.90 16.83 13.00 10.17
2289 96.50 48.07 16.33 13.69 8.87
2290 96.51 54.24 15.30 13.00 9.15
2291 96.61 49.13 16.33 12.67 9.00
2292 96.87 55.66 13.93 15.11 8.60
2293 97.41 43.44 12.57 15.12 8.22
2294 97.21 49.07 13.80 15.00 8.77
2295 97.31 54.10 14.36 11.28 6.64
2296 97.67 45.78 12.16 17.94 7.73
2297 97.89 53.58 14.53 14.10 6.50
2298 97.99 48.99 12.25 18.30 7.77

