#<Embryo name> <Cleavage cycle> <Temporal class> <Genes>
nb5 14A 8 even-skipped Kruppel giant

#Quantitative data
#<Nucleus number> <A-P coordinate> <D-V coordinate> <Fluorescence intensity: channel 1 - eve, channel 2 - Kr, channel 3 - gt>
0 1.63 49.23 12.20 8.46 5.56
1 2.08 47.49 11.33 8.39 9.06
2 2.65 44.59 12.61 10.96 9.92
3 2.47 48.29 13.41 10.03 9.53
4 2.84 51.31 12.47 12.59 6.27
5 2.74 49.40 15.33 7.06 7.72
6 3.22 41.63 12.28 11.54 15.28
7 3.77 46.78 11.71 9.32 24.39
8 4.02 43.92 12.27 9.86 28.87
9 3.93 50.26 12.84 12.84 12.21
10 4.04 53.05 13.98 11.34 8.50
11 4.07 41.54 12.38 10.62 17.40
12 4.03 54.46 13.44 10.15 6.73
13 4.94 48.56 13.33 11.37 33.15
14 4.79 57.34 12.72 11.22 6.50
15 4.90 39.19 12.66 11.74 34.26
16 5.06 51.83 12.39 12.23 27.04
17 5.07 55.26 12.92 13.74 9.28
18 5.03 41.05 12.81 13.93 44.50
19 5.50 42.23 13.79 12.40 43.69
20 5.35 45.09 12.95 11.48 39.14
21 6.07 36.81 11.99 14.52 43.59
22 6.30 46.93 13.54 12.84 48.21
23 6.23 39.33 12.46 12.53 52.94
24 6.17 52.83 13.58 13.37 31.18
25 6.07 59.06 12.75 9.88 7.58
26 6.42 55.69 13.31 11.86 20.07
27 6.28 49.70 13.35 13.30 36.37
28 6.21 57.76 11.17 12.94 8.74
29 6.60 43.78 14.30 14.21 44.33
30 6.92 60.03 12.85 12.59 5.72
31 7.11 61.53 12.97 11.23 6.07
32 7.34 40.96 14.47 15.04 46.38
33 7.38 37.77 13.36 16.49 41.09
34 7.28 51.30 12.84 14.89 34.85
35 7.41 57.86 13.78 12.11 12.30
36 7.63 48.00 14.20 15.94 30.54
37 7.79 45.60 13.70 16.17 44.54
38 7.86 53.74 13.86 18.07 22.57
39 7.48 59.75 11.56 12.66 7.22
40 7.99 43.12 14.86 19.90 39.66
41 8.24 32.94 12.83 16.36 20.13
42 8.05 56.11 13.17 15.67 13.28
43 8.44 35.91 12.92 15.28 35.95
44 8.54 61.80 13.82 12.99 8.34
45 8.50 38.87 13.44 17.14 38.60
46 8.77 51.65 13.08 18.34 25.77
47 8.51 41.20 14.51 20.60 29.28
48 8.76 59.87 14.85 14.83 8.75
49 8.92 49.01 13.19 18.33 25.73
50 8.82 55.68 15.24 16.45 10.89
51 8.89 64.98 11.83 10.19 6.33
52 9.26 46.50 14.18 24.81 17.64
53 9.30 57.58 15.68 20.46 10.98
54 8.87 57.99 13.55 22.36 10.91
55 9.32 44.04 14.19 24.35 16.31
56 9.15 41.23 14.73 19.68 23.64
57 9.21 54.87 14.45 16.09 13.36
58 9.60 31.69 13.50 17.73 10.23
59 9.57 37.11 14.68 22.57 21.99
60 9.81 33.42 11.75 18.91 8.95
61 9.73 53.40 14.64 20.35 12.35
62 9.73 34.98 12.95 20.79 12.56
63 9.94 39.43 14.14 26.04 14.86
64 9.67 64.15 13.50 12.00 8.98
65 9.92 65.91 12.90 10.98 7.76
66 9.90 51.40 15.04 24.00 11.65
67 10.25 50.20 16.34 29.91 10.76
68 10.22 55.13 13.52 21.21 10.88
69 9.79 66.82 12.60 13.00 7.60
70 10.24 42.07 14.77 25.73 12.02
71 10.39 29.74 12.84 19.03 8.87
72 10.52 44.94 15.49 26.74 10.75
73 10.68 47.67 15.86 34.84 9.39
74 10.39 62.34 13.21 17.54 9.04
75 10.36 64.55 12.46 13.98 8.90
76 10.22 35.39 15.91 21.64 9.91
77 10.55 36.08 15.68 20.76 9.83
78 11.04 33.63 14.04 20.37 9.41
79 10.94 52.88 14.40 27.13 11.16
80 10.51 65.78 14.60 9.00 7.00
81 11.03 37.99 16.83 23.71 9.33
82 10.83 58.52 14.54 18.96 10.12
83 11.09 67.20 11.92 12.55 10.03
84 11.08 31.27 14.65 18.07 9.52
85 11.18 69.72 12.38 10.28 9.75
86 11.44 40.30 15.12 27.72 9.32
87 11.32 56.42 15.15 29.46 11.45
88 11.48 49.85 15.00 34.34 11.05
89 11.41 61.15 14.61 24.00 12.96
90 11.54 43.22 17.52 34.40 10.03
91 11.62 28.68 13.70 21.37 8.07
92 11.46 58.12 14.65 21.57 10.41
93 11.85 45.86 14.79 28.20 10.29
94 11.58 64.49 16.20 14.29 10.68
95 11.82 35.71 15.22 24.55 9.93
96 11.83 55.23 14.54 32.55 10.75
97 11.77 31.73 14.19 21.39 9.90
98 12.04 60.38 14.10 27.12 11.82
99 12.28 52.25 14.46 37.29 11.77
100 12.31 66.95 15.53 12.42 13.14
101 12.53 48.24 15.09 36.37 11.82
102 11.93 68.18 12.44 11.56 10.00
103 12.21 65.70 16.06 12.25 12.75
104 12.68 33.24 15.25 22.60 10.24
105 12.59 62.83 15.96 23.46 15.78
106 12.41 30.48 14.50 26.56 11.00
107 12.69 38.40 15.81 26.62 9.85
108 12.25 68.96 12.56 11.00 14.94
109 12.71 57.94 15.30 27.59 13.82
110 12.74 41.09 15.39 24.25 10.98
111 12.84 43.95 14.53 27.50 10.01
112 12.93 64.29 13.79 20.45 13.66
113 12.63 68.43 14.38 11.69 13.46
114 13.12 54.83 16.13 35.40 15.87
115 13.02 29.68 15.57 28.96 9.53
116 13.27 60.45 15.28 28.54 20.40
117 13.17 35.46 16.62 24.62 10.98
118 12.97 67.34 15.33 11.95 12.62
119 12.97 69.56 15.27 8.88 14.92
120 13.28 28.14 13.16 23.79 9.47
121 13.69 45.93 16.19 36.62 12.91
122 13.52 51.33 16.68 40.43 17.51
123 13.65 68.16 14.43 12.00 14.91
124 13.45 25.74 12.56 18.50 8.31
125 13.47 66.02 14.21 17.00 20.91
126 13.32 69.10 13.00 13.20 19.80
127 13.71 71.46 12.02 9.17 16.69
128 13.58 69.64 12.12 10.38 13.75
129 14.20 36.92 16.76 23.32 13.28
130 13.89 39.53 15.87 22.87 12.65
131 14.03 48.63 15.86 39.45 17.37
132 14.03 42.42 16.56 28.74 13.53
133 13.73 31.86 16.70 24.65 14.37
134 14.05 57.18 17.41 31.00 26.03
135 13.93 72.68 13.34 8.09 14.46
136 14.21 62.98 16.03 19.04 29.64
137 13.85 70.28 15.42 8.89 11.42
138 14.22 26.76 16.43 19.62 11.38
139 14.32 28.71 15.34 25.29 11.85
140 14.16 33.77 15.72 24.93 13.60
141 14.37 54.18 17.29 38.87 31.85
142 14.23 25.48 12.87 21.16 10.68
143 14.46 59.98 16.99 30.33 38.59
144 14.44 31.60 15.59 23.22 11.77
145 14.16 68.91 15.67 8.67 12.33
146 14.83 51.58 17.09 38.37 45.58
147 14.51 69.36 12.67 9.38 17.71
148 14.74 34.60 15.98 24.36 13.98
149 14.93 70.23 13.55 9.99 18.95
150 15.22 43.87 17.54 30.03 21.13
151 14.85 30.21 15.31 26.00 11.86
152 14.87 67.47 15.31 13.91 21.78
153 15.02 46.37 15.09 31.67 25.80
154 15.19 40.58 16.91 27.82 16.81
155 15.30 56.31 16.90 36.87 68.44
156 15.35 64.92 15.53 15.80 32.90
157 14.95 72.56 12.88 7.17 17.67
158 15.53 37.95 18.09 30.81 20.64
159 15.43 48.91 16.32 40.67 42.22
160 15.81 58.83 16.44 19.63 79.59
161 15.51 61.21 17.02 22.44 60.73
162 15.65 62.56 15.91 21.82 58.28
163 15.59 24.33 14.60 20.31 14.13
164 15.69 72.27 13.59 8.79 19.59
165 15.42 32.54 19.27 26.50 16.44
166 15.81 35.21 17.54 32.47 17.92
167 15.45 67.73 16.00 12.90 23.14
168 15.71 26.48 14.75 22.16 12.44
169 15.93 53.69 16.63 30.76 107.17
170 15.70 31.30 16.43 25.37 14.97
171 15.53 73.19 12.33 6.89 18.67
172 15.95 28.99 16.63 24.00 15.50
173 16.18 69.93 16.79 9.63 26.74
174 15.99 74.54 12.07 8.18 18.05
175 15.94 22.67 13.17 16.83 13.38
176 16.38 50.92 16.13 30.62 106.62
177 16.36 42.02 17.22 33.27 31.09
178 16.49 66.92 14.70 13.97 35.28
179 16.12 32.63 17.29 27.66 16.34
180 16.57 39.24 17.87 36.58 32.68
181 16.80 44.75 16.54 34.01 55.52
182 16.69 47.51 16.42 28.37 87.89
183 16.73 64.22 16.84 19.13 52.48
184 16.44 30.04 16.26 25.85 15.93
185 16.34 23.23 12.78 15.78 20.44
186 16.86 55.91 16.41 19.03 126.40
187 16.89 61.13 15.94 17.47 105.21
188 17.01 72.42 15.07 9.84 23.31
189 17.11 31.36 18.38 24.89 25.83
190 17.04 33.88 16.37 27.36 32.41
191 16.74 22.72 13.25 18.25 21.75
192 17.09 36.58 16.89 31.50 34.22
193 17.10 25.83 15.91 21.09 20.35
194 17.02 27.85 15.02 22.07 25.07
195 17.08 23.76 15.98 19.29 21.38
196 17.21 77.05 13.03 8.23 15.43
197 17.48 58.43 16.19 20.77 127.26
198 17.36 29.02 17.40 21.05 28.22
199 17.57 52.99 17.07 24.87 146.54
200 17.61 68.84 16.89 13.86 37.96
201 17.67 41.98 16.79 31.52 76.04
202 17.72 49.61 17.19 26.94 131.85
203 17.47 73.93 13.54 9.00 26.46
204 17.86 39.28 17.97 28.06 73.17
205 18.01 62.92 16.07 14.15 82.09
206 18.06 73.92 14.87 8.56 24.55
207 18.19 46.74 17.06 25.24 145.00
208 18.05 66.22 16.51 13.38 49.71
209 18.22 70.94 16.48 10.13 28.45
210 18.10 24.36 15.09 15.91 35.91
211 18.31 34.85 18.20 23.91 85.43
212 18.32 27.19 17.19 21.12 44.39
213 18.18 21.34 12.83 16.12 40.68
214 18.46 44.12 17.39 23.97 130.66
215 18.33 55.93 16.75 16.17 151.16
216 18.43 60.34 16.68 13.00 130.58
217 18.34 29.92 17.18 20.62 49.40
218 18.51 32.30 18.80 23.26 62.19
219 18.42 76.40 14.30 8.89 23.21
220 18.59 37.25 18.57 27.40 105.36
221 18.80 51.18 16.71 17.83 158.34
222 18.75 78.46 13.00 9.86 20.00
223 19.08 19.15 13.61 15.06 67.26
224 19.10 64.20 16.46 12.82 73.59
225 19.04 41.00 17.64 23.26 136.21
226 19.20 53.62 17.99 16.10 174.17
227 19.10 68.71 16.34 11.20 45.63
228 19.28 58.26 17.62 14.09 142.07
229 19.37 48.78 17.92 17.38 178.25
230 19.35 25.54 16.82 17.53 75.40
231 19.38 74.09 16.16 9.60 31.00
232 19.36 22.77 15.81 14.96 82.57
233 19.56 66.25 16.25 12.40 57.00
234 19.65 28.91 16.91 19.64 87.22
235 19.85 38.97 18.41 19.70 156.62
236 19.70 46.02 17.73 17.76 171.51
237 19.68 33.67 18.69 18.77 142.59
238 19.60 61.72 17.23 13.66 83.52
239 19.84 43.24 17.41 21.52 171.63
240 20.00 31.32 18.29 20.49 127.47
241 19.84 36.39 17.07 19.35 146.13
242 19.85 76.19 16.73 9.78 33.76
243 19.94 55.92 16.87 14.16 156.45
244 20.29 51.18 18.21 15.58 184.72
245 20.40 70.00 17.87 11.27 45.31
246 20.30 80.15 14.92 8.23 25.54
247 20.36 19.84 13.35 13.49 93.96
248 20.45 59.81 16.92 12.80 118.05
249 20.67 26.91 19.05 20.88 121.24
250 20.57 24.16 16.29 16.77 122.70
251 20.67 41.15 16.92 17.13 152.53
252 20.58 67.33 16.49 11.33 55.77
253 20.31 72.53 16.68 9.55 42.84
254 20.60 64.46 17.37 10.82 60.42
255 20.74 48.08 17.61 16.13 170.07
256 20.83 77.92 16.23 9.24 36.16
257 20.87 53.90 17.57 13.70 158.73
258 20.93 62.33 17.66 12.28 105.20
259 21.01 35.26 18.34 17.57 176.81
260 21.13 57.62 18.01 14.12 131.32
261 20.63 75.01 15.00 11.25 39.00
262 21.02 44.97 18.34 18.36 174.16
263 20.93 72.59 15.44 10.58 44.20
264 21.41 32.99 18.45 16.96 159.08
265 21.11 75.32 17.76 10.60 40.46
266 21.30 81.82 14.94 8.74 28.45
267 21.26 29.93 19.22 18.27 142.85
268 21.26 38.01 18.32 16.70 166.93
269 21.55 18.23 14.21 13.86 96.78
270 21.66 50.39 19.04 15.32 164.30
271 21.79 42.73 20.11 16.52 183.84
272 21.74 21.42 15.67 13.62 108.49
273 21.74 65.63 18.59 11.71 61.37
274 21.85 70.70 18.07 10.07 51.54
275 21.82 79.21 16.63 9.04 39.52
276 22.03 40.20 19.83 17.95 174.88
277 21.87 60.25 16.98 12.17 96.78
278 21.88 73.22 18.31 10.53 51.05
279 22.03 27.30 18.81 17.98 145.50
280 22.04 47.41 19.35 17.13 184.40
281 22.17 55.69 18.42 13.73 144.05
282 21.89 68.04 20.72 10.32 58.67
283 22.21 53.02 18.68 14.52 153.58
284 22.18 24.40 17.20 15.97 138.35
285 22.19 63.09 17.88 11.58 77.13
286 22.16 76.51 18.59 9.47 50.52
287 22.42 35.59 19.12 16.98 151.29
288 22.57 44.95 18.35 15.29 190.47
289 22.64 31.53 19.64 17.80 164.90
290 22.76 57.96 19.16 12.27 112.18
291 22.33 74.16 15.97 8.62 50.69
292 22.72 19.60 16.25 12.88 95.90
293 22.68 81.14 17.21 8.57 53.78
294 22.84 37.98 20.68 15.96 164.88
295 22.84 16.99 14.91 13.23 84.82
296 22.94 29.28 19.13 16.56 136.39
297 22.48 75.37 15.53 8.94 51.59
298 22.89 65.72 18.80 11.48 68.97
299 22.94 49.68 20.26 14.65 176.33
300 22.79 22.30 17.66 15.54 117.12
301 22.89 68.90 20.12 11.29 60.10
302 23.02 78.62 22.02 10.18 60.96
303 23.39 33.66 21.07 16.98 143.10
304 23.20 42.62 19.90 17.85 156.72
305 23.14 60.58 19.24 11.76 93.70
306 23.43 21.52 17.79 14.34 106.23
307 23.43 26.73 19.41 15.58 122.48
308 23.43 52.18 20.52 14.61 137.59
309 23.57 47.14 19.70 13.61 155.98
310 23.30 71.42 20.88 10.66 67.95
311 23.52 76.37 22.56 10.25 71.62
312 23.46 40.27 20.42 16.73 143.25
313 23.53 62.79 20.18 10.96 77.33
314 23.55 55.11 19.39 13.64 118.27
315 23.56 24.12 18.77 14.35 109.02
316 23.65 82.95 21.37 9.37 56.30
317 23.66 67.23 20.13 11.25 76.35
318 23.56 74.03 20.74 11.21 65.43
319 24.00 35.99 21.55 18.57 141.21
320 24.05 44.58 20.61 15.18 146.63
321 24.12 19.17 17.27 12.54 90.19
322 24.00 57.99 19.57 12.93 105.39
323 24.25 31.69 21.47 15.71 110.76
324 24.18 16.60 15.34 12.74 85.67
325 24.16 80.03 24.62 9.58 68.07
326 24.18 64.55 20.88 11.02 71.83
327 24.25 69.31 21.18 10.96 74.38
328 24.27 29.05 20.74 16.18 120.40
329 24.41 38.56 20.15 16.76 133.37
330 24.23 49.88 19.48 14.17 129.38
331 24.35 60.47 20.38 13.77 84.26
332 24.61 41.68 20.62 15.99 119.41
333 24.52 53.24 19.34 13.43 106.54
334 24.52 77.54 27.90 10.04 74.81
335 24.71 20.94 21.14 15.41 90.12
336 24.72 23.16 19.69 15.97 99.32
337 24.85 84.53 90.76 8.88 50.66
338 24.71 74.95 31.32 11.10 91.73
339 24.65 33.93 20.80 15.78 118.55
340 24.82 25.86 20.58 15.71 100.54
341 24.87 55.87 20.00 13.67 112.35
342 24.86 46.54 21.46 16.02 112.97
343 25.05 61.89 19.57 11.74 79.11
344 24.68 72.51 22.67 9.95 76.41
345 24.88 66.57 22.33 12.27 81.14
346 24.99 81.78 75.52 10.03 86.48
347 25.16 58.40 20.95 13.74 95.04
348 25.31 44.08 21.45 15.32 116.63
349 25.26 13.95 15.08 11.88 80.62
350 25.25 34.71 20.30 16.68 110.86
351 25.47 36.69 22.23 18.05 120.89
352 25.38 48.80 22.63 15.18 121.33
353 25.36 51.56 21.27 14.77 110.20
354 25.07 70.86 25.41 11.38 90.26
355 25.55 30.64 20.24 15.97 109.40
356 25.48 28.28 21.24 16.49 99.70
357 25.36 64.08 22.71 12.00 90.45
358 25.48 79.07 122.87 9.81 81.48
359 25.56 16.45 15.65 12.77 81.51
360 25.77 18.74 19.46 13.86 87.34
361 25.68 32.81 23.99 15.59 106.24
362 25.70 39.23 21.91 16.92 122.85
363 25.62 68.64 26.85 11.74 104.66
364 25.68 73.30 48.15 11.18 99.70
365 25.59 86.50 68.54 7.28 41.83
366 25.84 76.39 157.39 11.33 104.59
367 25.80 54.22 21.31 15.06 109.26
368 25.67 71.16 31.58 11.52 90.66
369 26.00 21.20 20.39 14.16 84.22
370 25.94 41.74 22.08 15.79 119.65
371 25.93 59.79 22.99 13.62 91.84
372 26.03 23.75 21.02 15.13 88.32
373 26.18 46.48 22.70 15.87 109.19
374 26.13 65.74 26.58 12.13 107.16
375 26.16 81.14 171.68 10.51 105.02
376 26.12 83.85 141.04 9.60 84.71
377 26.17 56.71 25.31 15.20 108.60
378 26.33 26.48 20.46 16.45 95.29
379 26.29 62.79 25.36 13.00 95.01
380 26.50 34.99 22.64 17.77 102.76
381 26.42 49.48 25.44 14.24 100.27
382 26.56 51.89 22.78 14.35 117.43
383 26.72 85.96 113.35 9.06 99.41
384 26.48 43.88 21.66 14.89 110.64
385 26.64 13.95 17.14 11.28 74.49
386 26.58 70.06 68.05 11.76 108.60
387 26.79 37.50 23.60 18.62 113.95
388 26.74 29.03 24.17 15.76 102.10
389 26.94 72.35 175.93 11.89 114.83
390 26.87 77.85 192.64 11.20 110.42
391 26.85 60.84 27.94 13.97 119.57
392 26.83 32.01 22.63 16.04 100.07
393 26.94 40.36 23.69 16.26 115.34
394 26.92 74.91 203.49 13.77 131.92
395 26.90 16.77 17.32 12.63 76.94
396 26.88 67.68 58.53 12.57 138.63
397 27.03 58.31 28.52 13.59 122.80
398 26.78 22.27 20.24 12.67 88.33
399 27.04 54.00 25.93 14.83 119.13
400 27.34 19.40 22.32 14.53 90.64
401 27.22 64.74 41.06 12.95 140.12
402 27.14 83.20 142.07 9.35 110.78
403 27.26 47.98 24.71 14.62 103.67
404 27.26 24.78 24.36 16.46 94.66
405 27.32 45.53 24.10 15.39 106.34
406 27.07 55.94 27.08 13.08 122.83
407 27.36 80.93 195.69 11.91 156.75
408 27.45 42.98 26.31 16.31 124.44
409 27.40 22.11 21.55 14.55 82.99
410 27.80 12.15 19.19 11.51 78.04
411 27.78 34.48 26.44 17.36 118.64
412 27.63 51.32 28.64 14.98 117.85
413 27.67 62.48 39.76 12.94 126.05
414 27.54 70.73 198.69 13.59 136.00
415 27.63 56.02 27.47 14.71 124.17
416 27.76 69.30 203.99 13.31 159.66
417 27.89 87.10 59.14 9.67 121.88
418 27.93 27.19 23.80 16.66 97.23
419 27.91 29.70 24.49 16.72 106.95
420 27.86 38.79 27.14 18.94 123.83
421 27.87 14.67 21.71 13.97 83.33
422 27.92 32.24 26.46 17.43 117.77
423 28.09 36.65 29.88 16.64 124.20
424 28.00 76.01 190.01 13.05 172.33
425 27.98 84.70 90.39 9.67 124.29
426 27.90 79.24 177.58 11.91 144.60
427 28.05 60.35 43.65 15.01 148.23
428 28.09 67.02 198.74 13.20 154.59
429 28.20 16.86 23.84 14.31 95.53
430 28.17 41.19 27.49 18.67 130.21
431 28.24 46.72 28.69 17.49 119.25
432 28.18 53.65 29.53 15.13 130.24
433 28.20 58.03 40.03 14.10 145.94
434 28.05 72.45 187.77 13.00 164.46
435 28.09 73.80 184.78 11.39 137.22
436 28.33 49.21 32.60 15.54 130.46
437 28.36 82.87 134.35 10.58 163.61
438 28.39 24.57 28.83 14.39 109.42
439 28.45 64.50 181.88 13.07 158.42
440 28.45 44.12 29.53 15.76 122.33
441 28.49 21.98 30.80 16.11 105.67
442 28.65 70.38 210.39 13.63 197.10
443 28.67 19.45 30.48 14.71 106.18
444 28.72 55.56 47.40 14.36 169.01
445 28.86 51.48 39.82 16.10 147.80
446 28.85 80.43 108.43 11.75 194.26
447 28.87 88.80 37.11 7.62 111.81
448 28.87 30.82 33.29 16.66 128.31
449 29.02 12.88 30.99 12.95 97.88
450 29.06 33.22 37.08 16.45 131.06
451 29.04 62.40 196.99 13.35 155.83
452 29.10 77.36 88.41 12.58 195.14
453 28.96 39.44 31.36 17.49 121.07
454 29.03 74.65 117.30 12.51 177.59
455 29.25 28.56 41.69 16.97 125.64
456 29.22 35.32 40.99 17.52 150.03
457 29.12 67.74 206.42 14.62 196.63
458 29.24 85.36 45.96 9.26 121.99
459 29.20 41.95 39.48 17.00 142.13
460 29.22 72.43 164.14 13.89 224.07
461 29.18 87.35 38.27 9.88 112.59
462 29.45 14.89 38.40 14.04 115.91
463 29.21 47.13 38.74 16.70 150.63
464 29.37 26.27 42.30 15.55 117.58
465 29.26 59.95 198.09 13.78 171.39
466 29.44 37.53 46.16 17.88 160.34
467 29.44 53.29 60.48 15.25 170.17
468 29.48 57.48 199.63 15.53 170.87
469 29.45 17.29 42.09 13.54 117.03
470 29.41 24.13 49.72 15.54 120.59
471 29.51 44.87 43.83 17.65 154.37
472 29.69 10.43 62.87 11.29 98.38
473 29.37 65.52 180.70 14.30 197.05
474 29.53 21.18 53.92 14.83 122.45
475 29.61 82.82 63.77 12.38 169.37
476 29.55 49.33 54.62 17.18 174.11
477 29.75 22.81 64.58 17.21 126.96
478 29.84 69.51 147.72 13.84 218.16
479 29.93 55.18 203.87 16.88 186.21
480 30.02 63.99 187.44 15.38 215.34
481 30.02 89.63 19.92 9.16 95.30
482 29.91 31.21 77.60 17.87 170.51
483 30.03 40.10 125.38 18.25 170.49
484 30.02 51.55 174.88 17.60 162.14
485 30.15 79.49 53.31 12.38 177.27
486 30.11 43.01 119.29 18.12 189.40
487 30.25 74.14 74.54 12.91 197.74
488 30.27 76.25 46.05 12.66 160.82
489 30.21 61.67 213.13 15.18 210.34
490 30.24 66.96 128.00 14.46 218.43
491 30.28 33.34 130.00 16.76 175.93
492 30.41 12.40 117.71 13.79 139.80
493 30.07 20.64 102.39 16.52 137.96
494 30.59 87.11 23.96 11.16 115.79
495 30.30 46.89 184.08 18.57 198.57
496 30.52 27.38 184.78 17.41 154.88
497 30.41 59.23 228.85 16.25 211.09
498 30.65 35.65 196.94 18.63 191.48
499 30.53 71.53 74.89 12.98 213.81
500 30.63 84.69 29.71 10.09 123.38
501 30.62 24.97 167.38 16.07 148.92
502 30.69 29.81 211.09 17.75 178.54
503 30.60 37.97 213.11 19.09 170.57
504 30.61 19.42 135.99 15.56 136.42
505 30.81 57.16 228.31 18.09 219.85
506 30.72 16.96 141.76 15.18 152.90
507 30.68 49.52 223.02 20.46 199.16
508 30.92 14.63 146.38 14.37 156.84
509 30.89 52.35 212.13 18.73 211.02
510 31.02 65.29 109.39 14.51 221.62
511 30.88 82.11 31.40 11.83 139.63
512 30.99 22.26 176.74 16.79 153.12
513 31.01 44.84 194.19 19.10 210.64
514 31.01 41.96 209.70 20.85 197.58
515 31.10 68.81 77.25 14.13 201.56
516 31.01 54.98 225.90 17.97 215.17
517 31.24 9.34 76.53 11.95 89.98
518 31.25 77.75 33.90 13.75 162.95
519 31.30 39.47 217.34 18.54 218.95
520 31.30 62.95 133.30 15.39 206.93
521 31.30 60.40 179.28 15.72 226.84
522 31.40 89.32 19.04 9.43 77.08
523 31.62 31.25 188.20 18.40 202.47
524 31.46 47.39 232.54 20.01 222.48
525 31.39 80.24 31.94 14.32 155.40
526 31.51 33.49 205.33 19.93 196.86
527 31.44 73.31 35.12 12.59 159.22
528 31.77 19.29 175.29 16.07 168.08
529 31.74 25.78 174.23 18.32 190.86
530 31.72 11.44 108.65 13.40 147.72
531 31.74 28.51 209.14 17.31 204.34
532 31.75 37.06 214.37 19.69 220.88
533 31.79 75.39 29.25 12.83 150.18
534 31.81 67.01 54.79 15.40 203.63
535 31.82 49.75 198.13 19.38 236.30
536 31.80 53.66 208.06 18.41 242.90
537 31.86 71.08 42.99 14.12 200.62
538 32.00 58.51 137.44 19.98 218.59
539 31.89 83.76 24.35 11.99 120.47
540 32.14 16.31 154.66 15.32 178.24
541 32.11 23.21 165.96 16.84 184.07
542 32.12 43.22 204.10 20.35 233.25
543 32.02 56.23 150.30 18.54 231.71
544 32.13 40.96 194.78 19.80 230.36
545 32.32 13.80 109.08 14.34 169.14
546 32.23 45.54 209.71 20.74 234.19
547 32.47 34.71 171.98 19.46 215.21
548 32.33 51.60 178.41 19.38 236.91
549 32.27 85.74 20.38 10.70 88.05
550 32.37 64.11 55.08 15.31 219.43
551 32.58 87.86 22.35 12.58 77.64
552 32.33 61.36 103.54 16.65 225.88
553 32.53 81.28 24.59 13.65 132.75
554 32.66 90.48 20.81 10.87 50.03
555 32.66 69.19 31.69 13.85 193.89
556 32.48 77.82 23.10 12.63 115.83
557 32.86 9.04 62.19 13.75 121.03
558 32.78 39.04 165.02 21.11 229.68
559 32.73 47.80 143.25 21.02 232.61
560 32.86 21.30 136.43 16.65 189.17
561 32.76 27.02 140.67 17.81 208.14
562 32.79 31.89 149.43 19.69 219.79
563 32.74 72.78 28.02 13.81 164.18
564 32.88 29.47 136.68 18.86 213.80
565 32.81 54.37 111.60 18.42 238.06
566 32.85 66.42 38.19 15.39 220.19
567 32.96 36.90 143.06 22.38 228.10
568 33.10 18.05 108.55 16.05 176.69
569 33.04 75.72 26.53 14.45 132.62
570 33.01 11.31 70.01 15.54 157.02
571 33.14 24.41 135.88 18.54 207.54
572 33.31 83.86 25.71 12.41 86.37
573 33.18 56.93 70.59 19.52 210.71
574 33.15 59.65 65.93 17.30 227.47
575 33.29 43.69 126.81 21.90 231.84
576 33.28 49.69 83.10 21.16 235.80
577 33.37 41.18 98.40 19.98 226.98
578 33.24 79.49 23.45 11.92 108.13
579 33.56 45.74 99.20 22.89 235.41
580 33.51 51.87 94.58 20.85 232.24
581 33.47 62.46 54.45 16.59 223.47
582 33.61 13.15 78.89 16.19 177.10
583 33.40 86.31 23.87 12.65 67.08
584 33.68 15.45 69.66 16.45 172.10
585 33.71 70.81 28.20 15.31 157.99
586 33.75 33.10 100.60 20.67 221.69
587 33.61 78.33 23.93 14.59 99.86
588 33.77 64.78 32.74 16.24 199.85
589 33.52 73.96 26.65 13.71 141.18
590 33.75 91.89 54.06 12.02 33.11
591 33.89 20.02 91.10 17.57 186.63
592 33.90 35.52 81.31 20.55 215.06
593 33.81 67.79 27.67 15.50 178.14
594 33.89 81.61 29.01 15.04 84.09
595 33.93 27.30 80.64 18.81 206.53
596 33.86 54.36 55.15 19.78 228.16
597 34.10 29.88 65.80 18.54 206.14
598 33.97 89.02 56.80 14.23 45.01
599 34.25 22.55 72.97 19.07 196.25
600 34.09 38.41 79.25 21.06 222.52
601 34.27 47.67 59.43 22.28 233.82
602 34.21 58.68 38.23 18.31 216.58
603 34.32 7.70 29.47 11.73 84.00
604 34.13 73.45 27.25 15.57 120.66
605 34.05 85.29 32.39 14.56 64.40
606 34.28 76.30 27.01 15.11 93.68
607 34.38 60.91 36.76 16.88 212.17
608 34.35 10.26 37.15 14.39 125.31
609 34.31 42.83 73.43 21.59 216.80
610 34.34 24.85 73.91 19.23 213.79
611 34.52 17.48 50.78 17.93 178.26
612 34.60 56.74 36.88 17.26 212.69
613 34.65 49.68 56.53 22.86 226.28
614 34.73 40.44 53.74 21.39 208.24
615 34.83 31.80 60.76 21.69 210.01
616 34.68 79.17 32.66 15.14 71.44
617 34.80 52.08 40.89 21.25 227.17
618 34.79 68.79 27.48 16.70 139.04
619 34.96 12.21 38.51 15.46 159.73
620 34.66 13.32 46.61 16.17 165.78
621 34.84 63.36 29.80 17.75 180.97
622 35.29 87.94 137.39 20.87 34.66
623 34.87 45.26 51.21 22.84 222.84
624 34.79 66.04 27.94 16.22 144.57
625 34.80 83.56 71.69 17.20 60.93
626 35.07 34.12 47.29 21.52 213.91
627 35.01 36.61 49.10 21.04 213.95
628 34.96 54.64 33.72 20.23 208.30
629 35.16 91.29 111.16 16.06 19.06
630 35.07 71.66 28.48 19.35 105.50
631 35.20 15.14 39.73 17.27 157.45
632 35.00 84.81 81.33 16.71 46.00
633 35.20 74.21 32.24 18.70 96.22
634 35.31 20.24 41.16 17.88 175.96
635 35.17 27.33 42.77 19.84 195.83
636 35.17 81.60 76.69 16.90 56.05
637 35.12 77.64 56.21 18.60 79.57
638 35.64 93.36 74.30 15.25 10.46
639 35.51 30.09 42.05 21.42 195.27
640 35.48 42.79 37.95 22.36 221.17
641 35.44 24.44 39.22 18.96 190.80
642 35.72 38.21 36.52 23.09 195.70
643 35.56 58.77 31.64 18.97 182.33
644 35.55 61.08 28.93 17.76 177.00
645 35.70 47.38 40.57 23.37 200.70
646 35.73 7.55 22.18 12.92 97.27
647 35.70 76.84 83.47 20.44 56.54
648 35.73 10.44 26.08 13.65 121.99
649 35.90 22.03 38.57 19.53 177.17
650 35.83 50.43 40.62 22.21 205.92
651 35.79 64.87 28.58 17.86 146.58
652 35.97 17.56 34.08 19.31 157.90
653 35.87 56.14 32.10 21.01 205.73
654 35.97 53.14 34.97 22.67 198.76
655 36.02 66.98 32.13 18.24 104.74
656 35.80 69.59 37.42 20.14 111.36
657 35.96 40.41 37.75 21.89 196.50
658 36.31 79.78 138.75 20.59 39.44
659 36.36 85.39 139.82 21.97 32.68
660 36.22 32.54 37.45 24.63 180.89
661 36.08 35.48 37.58 22.68 202.01
662 36.23 44.78 34.65 23.15 188.17
663 36.22 13.12 30.54 17.40 137.46
664 36.36 82.79 151.19 21.23 36.80
665 36.30 28.62 35.43 20.82 178.79
666 36.37 62.65 29.96 19.01 127.63
667 36.56 26.20 33.10 20.02 166.26
668 36.54 73.32 135.73 20.25 55.72
669 36.74 76.42 140.93 22.09 49.45
670 36.70 71.29 162.73 24.20 58.55
671 36.36 8.25 22.88 13.38 102.62
672 36.81 19.56 30.60 17.86 143.90
673 36.78 49.02 34.48 23.83 168.64
674 36.70 91.27 114.96 22.58 15.54
675 36.61 15.58 32.67 18.85 134.01
676 36.45 20.47 32.06 18.41 158.65
677 36.62 24.10 34.97 19.18 138.39
678 36.69 57.67 30.97 22.26 132.61
679 36.80 60.19 34.91 19.85 138.58
680 36.65 9.52 24.67 14.79 111.21
681 36.77 42.11 34.66 23.38 176.04
682 36.80 88.03 148.20 26.54 25.40
683 37.00 30.58 36.04 22.84 166.33
684 36.82 68.72 100.65 22.22 78.79
685 36.96 39.30 37.83 24.21 167.70
686 36.97 54.42 36.42 24.99 162.85
687 37.08 34.33 38.39 25.96 169.72
688 37.10 36.83 39.52 25.89 161.28
689 37.16 46.53 35.45 22.72 161.26
690 37.18 51.59 40.74 26.93 151.20
691 37.04 64.71 53.24 21.63 99.66
692 37.17 11.40 27.51 15.49 107.37
693 37.52 6.97 20.72 15.58 76.53
694 37.33 22.45 32.02 19.56 145.66
695 37.67 17.55 29.34 18.88 105.67
696 37.45 44.10 39.64 24.01 145.20
697 37.54 28.11 34.99 22.64 127.48
698 37.62 66.83 134.81 22.44 62.79
699 37.45 62.45 78.79 23.78 93.86
700 37.67 14.24 27.84 17.53 110.45
701 37.71 55.99 42.35 24.70 124.35
702 37.84 32.44 42.76 25.07 113.74
703 37.72 81.17 157.62 29.22 25.79
704 37.74 83.98 140.89 31.73 25.23
705 37.76 58.41 57.09 22.45 96.69
706 37.82 74.77 159.83 28.64 38.28
707 37.82 86.52 103.23 25.04 19.74
708 37.95 92.07 75.93 32.53 10.79
709 38.03 78.51 171.59 28.36 30.74
710 37.92 25.30 38.78 20.63 103.45
711 37.90 41.12 44.97 26.25 134.11
712 37.94 69.73 185.21 27.18 47.93
713 37.91 72.37 176.30 26.71 39.80
714 37.92 48.47 45.47 28.52 130.50
715 38.06 89.39 100.04 35.24 14.63
716 38.16 20.17 34.78 19.32 111.71
717 38.02 38.09 43.84 26.05 123.70
718 38.22 60.69 167.07 23.88 59.17
719 38.12 53.36 60.27 27.33 102.59
720 38.25 35.17 57.34 26.24 121.40
721 38.29 50.94 91.69 29.41 91.67
722 38.48 9.39 30.77 17.09 63.63
723 38.57 65.49 166.31 27.49 51.25
724 38.46 30.31 71.09 25.71 96.73
725 38.64 63.24 183.98 30.04 48.64
726 38.44 11.80 29.91 19.68 84.80
727 38.47 46.45 71.92 27.00 112.14
728 38.24 21.80 39.21 26.21 121.14
729 38.45 43.83 114.26 28.65 98.96
730 38.62 23.20 41.87 18.59 97.88
731 38.54 27.77 76.97 22.83 87.65
732 38.88 56.36 171.91 29.33 60.76
733 38.85 87.12 85.73 42.97 15.46
734 38.90 39.64 113.08 27.99 89.29
735 38.89 67.90 184.33 29.40 37.88
736 38.84 82.42 111.48 40.16 20.21
737 38.90 7.18 36.01 15.31 40.11
738 39.13 58.77 197.44 31.23 57.41
739 38.72 93.23 48.68 35.68 8.05
740 38.99 16.48 45.52 21.54 84.68
741 39.14 14.23 43.83 21.14 79.50
742 39.05 41.98 151.42 28.91 81.35
743 39.14 49.06 166.57 30.44 62.77
744 39.11 85.17 91.76 44.25 17.16
745 39.08 33.05 136.24 28.53 72.77
746 38.94 73.90 147.22 35.28 25.29
747 39.19 19.21 74.27 23.68 73.36
748 39.12 25.76 114.35 25.49 73.28
749 39.16 37.07 150.00 29.08 72.63
750 39.06 70.98 150.82 32.84 29.20
751 39.17 79.47 110.77 41.21 18.53
752 39.44 54.13 173.20 31.06 50.39
753 39.08 76.64 114.68 33.71 24.13
754 39.18 92.36 50.05 46.18 10.40
755 39.36 45.25 172.31 31.58 80.64
756 39.51 51.49 192.50 31.68 49.98
757 39.36 90.16 63.27 46.23 11.40
758 39.58 28.43 163.29 29.87 52.45
759 39.52 21.84 91.89 23.92 73.97
760 39.48 61.28 177.01 34.52 39.43
761 39.86 30.92 175.89 30.26 49.22
762 39.85 34.96 164.81 33.88 48.97
763 40.02 7.40 89.13 21.71 30.83
764 39.69 12.14 91.61 22.62 53.25
765 39.92 9.90 99.08 21.70 42.97
766 39.94 64.30 166.12 40.99 29.60
767 40.07 47.24 193.22 33.68 44.19
768 39.94 66.91 164.86 44.37 27.43
769 40.00 24.11 153.34 29.45 49.45
770 40.12 43.50 203.64 32.89 44.97
771 39.75 82.77 72.96 44.98 15.52
772 40.00 38.86 169.54 34.32 59.84
773 39.89 87.46 72.92 56.33 13.49
774 40.32 41.01 191.42 41.45 45.56
775 40.05 69.37 122.70 36.53 21.76
776 40.00 72.07 113.74 46.51 21.43
777 40.17 56.99 177.96 35.64 38.39
778 39.98 74.79 112.55 42.93 17.98
779 40.21 16.78 115.45 23.82 43.01
780 40.16 77.63 103.38 51.46 17.12
781 40.30 91.73 37.28 68.19 9.84
782 40.26 84.46 57.93 69.79 14.66
783 40.42 26.35 168.06 31.23 36.76
784 40.41 59.51 164.33 43.28 30.58
785 40.53 19.89 159.34 30.75 38.68
786 40.79 14.15 126.72 27.22 32.99
787 40.62 32.91 170.73 40.97 34.14
788 40.70 36.91 173.94 37.02 33.45
789 40.49 62.03 152.83 45.48 27.12
790 40.78 49.55 178.66 39.72 33.76
791 40.59 54.36 167.84 40.52 36.41
792 40.75 79.70 72.04 61.22 16.33
793 40.75 22.29 158.11 32.98 38.36
794 40.88 51.96 175.24 47.96 31.95
795 40.76 89.44 46.70 82.70 12.01
796 40.81 28.78 182.83 36.98 32.28
797 40.71 82.00 60.81 85.10 15.86
798 40.95 45.29 193.93 47.04 31.25
799 41.18 11.36 133.15 28.15 26.44
800 40.99 86.92 49.51 85.70 13.99
801 41.14 5.99 88.77 25.67 15.72
802 41.04 65.69 141.69 53.17 20.37
803 41.00 73.12 86.12 61.14 16.30
804 41.08 75.83 88.83 79.70 16.25
805 41.06 71.02 90.14 57.36 16.55
806 41.37 39.39 194.30 55.02 29.73
807 41.18 68.79 113.54 61.70 18.44
808 41.30 30.95 160.78 46.76 26.21
809 41.36 56.09 157.86 50.76 25.85
810 41.24 42.85 190.78 47.46 32.70
811 41.15 77.97 68.67 58.67 15.18
812 41.41 8.79 118.48 27.22 18.28
813 41.26 34.78 163.73 50.43 32.55
814 41.41 47.20 181.50 48.11 27.24
815 41.38 63.26 118.97 67.24 22.01
816 41.41 18.40 137.60 31.49 24.90
817 41.49 24.06 156.01 34.14 23.17
818 41.49 58.24 129.64 60.04 23.12
819 41.36 93.59 22.05 64.91 8.12
820 41.50 60.97 120.27 60.44 20.83
821 41.46 16.88 134.98 33.80 25.38
822 41.66 91.41 28.95 94.89 9.07
823 41.57 26.57 152.20 42.87 23.43
824 41.72 83.28 38.65 102.67 13.59
825 41.78 85.23 34.20 77.55 13.45
826 41.84 53.95 132.46 60.82 25.15
827 41.97 15.31 131.08 36.56 20.23
828 41.88 21.33 153.34 41.05 22.13
829 42.07 32.83 168.50 60.98 21.54
830 42.00 81.01 35.79 106.84 14.55
831 41.99 37.24 157.93 56.26 23.90
832 42.12 41.66 174.25 62.45 21.64
833 42.09 28.98 140.78 52.79 20.18
834 42.05 51.42 139.14 67.59 24.84
835 41.90 73.65 64.81 94.74 15.05
836 42.08 79.11 42.15 103.29 14.51
837 42.12 44.31 164.29 73.20 25.55
838 42.15 48.99 155.06 62.59 24.91
839 42.01 66.52 84.81 80.66 17.42
840 42.37 87.37 32.50 102.62 11.58
841 42.36 12.70 122.29 39.85 16.29
842 42.32 34.92 149.09 65.55 21.99
843 42.33 64.12 71.75 109.00 17.01
844 42.25 68.64 60.87 92.59 16.29
845 42.26 77.61 42.27 96.66 13.86
846 42.30 71.28 59.46 90.37 15.54
847 42.16 75.85 51.74 84.63 16.31
848 42.46 7.40 74.05 34.88 13.82
849 42.60 19.45 121.50 54.66 18.06
850 42.50 94.78 19.45 71.79 6.97
851 42.37 59.43 85.65 96.79 18.57
852 42.75 89.57 27.26 111.06 11.04
853 42.59 46.50 148.90 70.00 20.63
854 42.59 61.76 70.01 110.02 19.26
855 42.72 24.87 125.99 58.17 19.18
856 42.69 30.83 138.77 70.30 19.69
857 42.53 56.46 91.11 81.05 22.43
858 42.86 17.05 103.17 51.90 17.29
859 42.72 27.18 110.58 68.26 19.14
860 42.76 39.40 128.23 81.37 20.80
861 43.14 92.39 30.29 126.88 8.61
862 42.96 22.70 124.45 56.54 17.66
863 42.82 84.15 28.94 99.26 13.81
864 42.90 53.58 91.70 100.08 21.59
865 43.00 73.63 41.13 114.42 14.08
866 43.01 50.28 119.96 102.12 21.64
867 43.04 66.13 49.03 126.38 16.49
868 43.09 36.52 128.66 93.05 20.87
869 43.31 14.43 97.58 54.27 13.38
870 43.18 69.80 38.79 110.82 16.27
871 43.24 44.41 120.54 100.94 20.80
872 43.14 81.50 27.50 115.03 13.98
873 43.15 41.82 113.95 96.65 21.48
874 43.31 75.96 35.14 124.67 15.21
875 43.25 33.71 100.42 110.97 19.11
876 43.29 78.85 34.88 141.36 14.18
877 43.28 58.76 61.40 115.22 19.64
878 43.42 63.87 46.56 126.27 16.60
879 43.49 5.56 52.94 51.44 9.72
880 43.46 47.52 86.06 114.58 21.71
881 43.64 11.83 68.57 60.36 13.32
882 43.60 28.87 84.68 84.67 16.06
883 43.57 56.27 63.13 125.10 19.15
884 43.70 68.09 36.76 136.71 15.66
885 43.48 7.94 60.20 50.94 11.76
886 43.81 71.39 32.04 125.65 15.05
887 43.69 51.91 65.75 124.65 19.26
888 43.61 86.56 25.56 113.16 13.21
889 43.70 31.04 98.50 98.56 16.18
890 43.67 61.39 44.38 122.16 17.46
891 43.64 26.61 88.16 73.54 14.54
892 43.82 37.71 70.30 120.43 19.71
893 43.94 94.40 32.94 79.63 7.05
894 43.82 40.20 74.90 125.89 18.70
895 43.80 84.24 29.62 143.62 13.49
896 43.81 17.33 70.94 93.57 14.13
897 44.03 54.13 51.37 139.77 19.54
898 44.10 49.53 65.48 131.83 20.35
899 44.11 21.67 59.23 93.20 13.84
900 44.14 23.69 67.99 102.77 15.46
901 44.17 42.83 57.34 124.88 18.50
902 44.00 87.54 28.11 114.39 13.96
903 44.18 89.69 40.05 138.94 11.07
904 44.25 80.07 30.75 135.31 14.23
905 44.23 82.25 31.74 145.82 13.70
906 44.19 32.92 68.13 133.58 18.01
907 44.30 45.30 62.95 137.06 19.92
908 44.15 76.94 30.24 117.33 14.64
909 44.70 10.43 41.11 89.61 12.02
910 44.21 35.20 59.92 121.70 18.04
911 44.25 59.10 42.79 131.32 17.17
912 44.33 66.13 35.70 153.81 16.73
913 44.16 73.74 33.76 128.04 15.24
914 44.18 15.28 50.77 81.60 12.90
915 44.52 7.14 34.05 67.66 9.63
916 44.42 63.62 40.82 152.11 15.08
917 44.53 13.41 37.97 76.19 12.91
918 44.43 92.09 39.63 100.02 9.44
919 44.55 26.64 53.29 110.94 14.44
920 44.71 47.42 49.77 150.45 18.74
921 44.87 85.97 41.91 143.42 13.33
922 44.74 19.48 45.07 108.56 13.54
923 44.73 38.51 45.88 134.73 18.27
924 44.73 5.03 25.37 63.24 7.59
925 44.72 28.82 49.03 118.39 15.36
926 44.65 56.69 45.85 150.82 18.72
927 44.74 16.88 42.66 95.85 13.33
928 44.81 68.59 38.17 155.20 16.16
929 44.80 52.08 46.32 155.33 20.73
930 44.87 61.13 35.29 150.93 15.77
931 44.86 75.66 33.66 138.74 13.87
932 44.92 31.05 51.56 137.52 17.58
933 44.89 71.30 36.55 148.77 14.99
934 44.93 40.87 54.28 142.68 19.77
935 45.31 78.39 80.64 156.85 13.86
936 44.99 82.73 38.91 142.46 14.31
937 45.09 22.07 41.85 107.77 13.30
938 45.18 33.76 48.76 149.92 16.61
939 45.28 36.24 45.46 152.66 17.57
940 45.28 24.50 42.89 129.63 13.69
941 45.22 54.49 41.49 160.52 17.70
942 45.35 93.85 105.91 109.20 7.64
943 45.34 43.41 46.56 164.87 17.97
944 45.27 49.86 47.96 167.69 20.64
945 45.26 73.97 39.06 154.41 14.25
946 45.60 8.62 29.73 96.74 10.64
947 45.40 87.84 63.98 129.72 11.94
948 45.63 15.24 34.44 113.46 13.43
949 45.35 58.75 42.33 158.44 18.29
950 45.34 65.81 43.68 159.75 16.61
951 45.50 90.80 125.96 139.50 10.59
952 45.65 45.60 49.24 171.81 19.48
953 45.42 63.22 42.20 160.53 16.75
954 45.70 27.14 45.45 152.14 16.98
955 45.82 6.59 27.34 95.07 9.26
956 45.80 38.80 50.06 164.92 17.67
957 45.84 47.91 53.83 187.71 18.00
958 45.88 56.56 56.01 178.85 19.02
959 45.86 69.88 98.33 147.31 15.46
960 45.81 17.80 34.35 117.62 12.92
961 45.88 29.37 44.46 154.70 15.58
962 45.92 72.53 99.65 164.50 14.85
963 45.88 84.38 106.19 129.09 14.69
964 45.95 20.33 37.60 142.59 13.67
965 46.01 31.73 44.89 165.90 16.99
966 45.99 41.36 54.86 160.87 18.64
967 45.98 51.84 53.13 172.34 18.68
968 45.99 12.89 33.23 117.50 13.86
969 46.09 67.32 135.62 164.38 14.83
970 46.07 61.14 60.09 161.71 16.70
971 46.27 22.82 47.45 155.09 14.09
972 46.27 81.91 140.74 127.92 13.68
973 46.24 34.45 64.12 173.48 18.90
974 46.30 75.76 130.86 147.75 14.86
975 46.25 64.38 83.29 170.82 16.48
976 46.36 10.78 34.65 115.99 11.34
977 46.36 54.33 78.35 170.28 17.27
978 46.58 79.22 191.01 171.93 15.11
979 46.47 58.63 89.88 182.82 16.73
980 46.62 89.72 162.37 143.87 11.08
981 46.69 96.23 83.88 78.27 6.38
982 46.59 36.85 84.09 184.46 17.46
983 46.55 25.45 74.57 169.95 15.07
984 46.64 50.02 100.18 193.99 19.40
985 46.55 93.09 150.44 112.77 8.68
986 46.62 43.93 70.39 185.47 18.07
987 46.80 87.12 147.48 127.82 13.24
988 46.60 16.66 50.36 127.00 13.25
989 46.85 8.44 43.21 122.44 10.68
990 46.92 27.78 113.04 183.49 15.58
991 46.84 46.87 163.90 192.96 20.76
992 46.90 69.06 205.35 159.43 15.92
993 47.02 13.59 71.18 143.53 12.51
994 46.90 18.69 56.58 163.19 13.39
995 47.00 30.06 114.92 192.21 16.35
996 47.08 5.73 35.53 110.66 9.04
997 47.00 39.37 114.74 185.03 18.53
998 47.06 72.07 204.59 174.92 15.26
999 47.05 84.48 182.39 147.36 13.55
1000 46.99 15.54 71.13 141.04 13.12
1001 47.02 32.56 90.93 175.10 17.12
1002 47.09 62.87 191.73 160.02 16.98
1003 47.13 41.53 122.09 190.10 18.95
1004 47.20 52.66 186.92 186.42 18.77
1005 47.20 57.02 216.79 170.04 17.17
1006 47.16 65.45 187.95 172.82 16.19
1007 47.14 60.49 183.68 179.55 17.06
1008 47.25 20.99 82.44 164.09 14.11
1009 47.32 74.76 197.77 151.00 15.10
1010 47.22 10.86 72.32 152.28 12.00
1011 47.37 23.65 131.44 173.70 13.02
1012 47.39 35.25 169.94 184.16 18.79
1013 47.59 49.22 213.83 194.70 19.14
1014 47.59 54.94 209.07 173.56 17.94
1015 47.66 67.51 215.96 153.43 15.63
1016 47.57 77.36 189.49 154.95 14.82
1017 47.50 80.64 182.13 155.88 13.89
1018 47.75 94.45 111.16 110.44 7.61
1019 47.68 91.90 159.02 133.49 9.16
1020 47.77 45.30 214.82 186.19 17.12
1021 47.81 82.49 160.00 142.74 13.94
1022 47.88 26.23 173.94 175.31 15.57
1023 47.61 98.82 21.44 33.67 2.22
1024 47.92 37.71 194.44 203.17 18.23
1025 48.02 58.81 213.13 165.74 15.78
1026 48.00 89.25 165.51 151.16 11.53
1027 47.94 96.75 42.06 59.43 6.43
1028 47.88 11.52 128.15 155.65 12.25
1029 47.99 42.96 221.61 198.00 18.48
1030 48.03 17.74 180.12 181.08 12.48
1031 48.00 33.66 194.06 203.49 17.43
1032 48.21 47.43 218.90 187.03 19.22
1033 48.20 51.40 226.90 181.47 19.55
1034 48.15 7.12 105.56 131.16 9.38
1035 48.06 9.14 111.09 143.57 10.92
1036 48.15 31.24 211.47 189.88 17.63
1037 48.24 15.51 187.76 172.57 13.63
1038 48.21 63.98 225.43 166.46 16.41
1039 48.14 61.43 210.27 162.11 16.88
1040 48.09 70.30 211.73 177.21 15.42
1041 48.31 28.95 202.98 180.11 15.73
1042 48.22 84.74 149.78 159.84 12.81
1043 48.20 73.16 202.89 166.38 14.96
1044 48.33 40.21 214.34 192.95 18.20
1045 48.34 4.72 86.95 113.57 9.46
1046 48.49 20.11 190.48 156.15 14.24
1047 48.34 79.89 168.24 160.78 14.84
1048 48.41 22.61 198.72 161.29 13.76
1049 48.45 75.39 173.12 164.84 15.34
1050 48.57 13.65 167.24 139.71 13.65
1051 48.50 56.34 228.68 179.73 18.73
1052 48.59 86.85 107.53 138.96 13.10
1053 48.60 53.64 223.60 192.20 19.75
1054 48.59 66.05 211.65 154.68 15.21
1055 49.08 98.28 13.41 39.17 2.79
1056 48.67 36.01 224.10 191.10 17.99
1057 48.68 77.72 148.96 154.48 15.65
1058 48.75 93.12 82.57 122.09 9.08
1059 48.84 24.71 209.61 165.55 14.07
1060 48.86 49.47 225.63 194.20 19.40
1061 48.84 68.19 180.39 181.01 15.34
1062 49.11 11.29 145.12 153.26 11.27
1063 48.88 44.39 221.87 191.84 19.00
1064 49.03 71.52 133.88 181.28 14.89
1065 49.01 82.27 101.98 151.34 13.74
1066 49.04 90.77 78.64 138.16 10.22
1067 49.21 95.94 24.13 77.86 6.35
1068 49.03 33.21 225.80 197.80 15.70
1069 49.08 60.01 217.45 179.15 16.50
1070 49.16 27.08 220.55 180.20 14.28
1071 49.17 42.14 232.04 192.92 18.50
1072 49.22 62.08 158.13 182.91 17.44
1073 49.28 38.05 210.38 193.10 18.68
1074 49.18 17.31 147.30 173.49 13.26
1075 49.32 57.85 230.46 190.46 18.23
1076 49.38 73.56 103.18 161.26 14.62
1077 49.36 46.57 187.49 185.61 19.94
1078 49.39 64.07 143.68 178.67 16.53
1079 49.38 30.90 214.46 185.46 16.29
1080 49.44 84.61 81.72 154.57 13.82
1081 49.23 76.00 101.77 171.36 15.13
1082 49.52 88.53 62.45 130.81 11.86
1083 49.54 8.88 156.93 131.43 10.39
1084 49.47 51.45 189.17 207.66 19.28
1085 49.37 79.98 83.73 179.33 14.12
1086 49.43 5.41 121.73 146.78 8.92
1087 49.55 55.21 212.23 186.72 18.11
1088 49.65 40.08 209.49 179.55 18.22
1089 49.61 70.00 81.69 171.94 15.91
1090 49.65 14.57 137.12 180.73 12.81
1091 49.58 21.90 165.49 181.64 13.78
1092 49.82 28.77 190.89 191.65 15.48
1093 49.70 34.93 204.48 189.74 17.98
1094 49.74 66.00 108.27 184.43 17.91
1095 49.74 19.34 116.84 172.43 13.79
1096 49.95 4.08 68.42 112.62 8.27
1097 49.90 77.87 60.31 171.50 14.97
1098 49.89 93.29 44.05 139.75 9.25
1099 49.84 48.85 163.76 209.11 20.37
1100 49.93 68.09 106.95 176.43 14.27
1101 49.91 75.44 73.86 165.50 14.92
1102 49.96 43.91 155.36 208.63 19.69
1103 49.95 24.73 123.83 196.12 13.98
1104 49.97 86.88 59.06 145.08 12.89
1105 50.12 52.95 142.99 208.76 20.88
1106 50.18 17.01 83.86 172.88 13.74
1107 50.18 32.57 163.23 202.25 17.45
1108 50.20 60.10 108.04 178.45 17.68
1109 50.07 81.10 54.97 154.86 13.06
1110 49.93 83.14 64.14 150.57 15.86
1111 50.11 85.78 55.00 161.23 14.45
1112 50.35 36.20 113.62 201.31 18.13
1113 50.39 41.83 123.46 215.22 18.27
1114 50.27 62.56 100.86 176.08 16.57
1115 50.46 26.59 82.92 187.47 15.08
1116 50.32 57.41 116.46 200.71 18.65
1117 50.36 71.84 56.54 173.72 14.54
1118 50.43 96.24 16.84 76.90 6.52
1119 50.31 6.69 72.59 135.44 8.98
1120 50.39 10.32 79.91 146.26 10.77
1121 50.52 37.99 115.08 221.64 18.35
1122 50.53 45.65 104.90 217.50 19.62
1123 50.52 90.81 37.77 152.28 10.64
1124 50.55 30.37 127.01 200.79 16.33
1125 50.69 20.81 72.18 191.32 13.15
1126 50.41 82.76 48.72 149.07 13.74
1127 50.64 54.96 97.69 203.30 18.18
1128 51.05 2.95 26.49 103.77 7.02
1129 50.67 50.43 101.73 196.45 19.75
1130 50.60 23.27 72.62 182.79 14.56
1131 50.80 47.73 85.15 208.35 20.29
1132 50.79 64.74 63.41 173.10 15.58
1133 50.66 12.45 64.78 148.97 12.16
1134 50.84 84.80 35.67 146.69 13.53
1135 50.89 74.03 44.83 167.81 15.17
1136 50.96 14.59 61.09 179.40 13.90
1137 50.90 40.01 83.19 213.93 17.86
1138 50.92 79.89 40.63 160.64 14.71
1139 50.95 34.32 83.49 209.10 18.06
1140 50.82 66.99 62.11 180.67 15.78
1141 50.87 98.18 8.02 29.75 3.66
1142 51.01 69.37 44.66 187.73 15.97
1143 50.98 87.90 34.16 143.14 12.28
1144 51.12 8.52 50.96 164.91 11.84
1145 51.09 28.25 72.41 193.79 14.94
1146 51.01 76.47 40.49 168.99 13.82
1147 51.18 59.32 69.18 186.79 17.42
1148 51.09 92.67 28.39 150.63 9.17
1149 51.24 43.64 76.26 215.02 18.58
1150 51.24 52.64 63.48 194.88 17.88
1151 51.22 25.01 62.78 194.89 15.30
1152 51.27 61.92 52.07 174.54 16.38
1153 51.37 93.84 25.84 141.16 8.04
1154 51.39 32.18 67.94 202.21 16.76
1155 51.41 56.86 62.28 193.64 17.99
1156 51.41 82.49 32.58 155.41 14.46
1157 51.50 6.21 36.77 138.18 9.40
1158 51.49 36.37 59.01 207.92 16.58
1159 51.34 72.52 39.57 177.76 14.33
1160 51.68 10.46 43.13 158.34 12.07
1161 51.62 17.03 44.56 164.11 13.60
1162 51.64 22.39 48.85 201.46 14.43
1163 51.51 71.31 37.47 177.84 16.55
1164 51.69 41.48 61.13 211.09 19.25
1165 51.73 48.53 51.78 201.19 19.18
1166 51.76 95.96 14.80 82.96 6.59
1167 51.75 30.05 63.66 207.33 15.36
1168 51.84 12.79 42.89 166.10 12.70
1169 51.83 38.81 58.68 211.38 18.69
1170 51.87 64.03 40.14 172.81 15.45
1171 51.78 66.70 40.39 171.54 16.30
1172 51.96 45.94 53.23 201.68 19.60
1173 51.98 50.58 50.59 189.69 19.58
1174 52.06 26.90 51.61 203.10 15.00
1175 51.92 54.67 48.62 193.96 18.27
1176 52.02 90.94 25.42 136.92 9.91
1177 51.94 20.16 38.62 175.36 13.53
1178 51.97 78.02 34.61 172.19 15.02
1179 52.22 2.04 11.42 67.19 5.26
1180 52.02 75.24 34.73 164.42 15.00
1181 52.10 84.85 26.55 141.27 12.62
1182 52.18 33.85 48.63 191.98 16.36
1183 52.13 88.13 25.51 149.11 11.44
1184 52.26 60.87 47.62 170.51 17.09
1185 52.24 69.80 32.81 162.25 14.39
1186 52.43 7.58 29.79 146.07 9.08
1187 52.37 58.65 46.44 183.54 16.62
1188 52.30 24.58 42.42 198.38 14.06
1189 52.36 72.84 32.18 160.01 13.76
1190 52.33 43.47 50.91 205.20 18.14
1191 52.54 14.94 35.07 154.93 12.58
1192 52.34 80.64 31.01 159.19 13.82
1193 52.61 52.44 44.78 179.98 18.00
1194 52.61 35.89 56.88 204.25 16.75
1195 52.77 56.44 45.26 174.29 17.44
1196 52.66 5.11 23.04 114.90 9.11
1197 52.69 29.05 44.57 198.91 14.78
1198 52.70 31.46 53.87 194.44 16.16
1199 52.73 40.88 54.14 198.92 18.28
1200 52.78 67.42 53.37 164.51 14.82
1201 52.73 17.52 32.75 156.31 12.92
1202 52.94 62.87 43.13 169.25 15.64
1203 52.88 93.26 21.98 124.74 8.27
1204 52.87 38.32 56.72 199.83 15.96
1205 52.77 48.02 53.14 191.29 18.65
1206 52.93 65.33 43.68 171.28 14.74
1207 53.01 9.65 29.56 136.83 10.20
1208 52.91 22.53 38.00 181.37 13.64
1209 53.00 12.05 33.45 156.39 12.43
1210 53.03 19.97 39.60 181.65 12.59
1211 53.10 95.80 17.83 81.01 6.16
1212 53.05 76.79 33.19 150.64 14.79
1213 53.11 78.76 35.23 147.95 13.92
1214 53.22 45.73 58.53 194.97 18.46
1215 53.18 54.39 55.46 188.64 16.67
1216 53.14 86.66 30.82 141.98 13.32
1217 53.25 74.92 48.78 159.93 14.29
1218 53.24 50.31 49.07 186.84 17.83
1219 53.29 25.32 60.80 188.18 13.11
1220 53.46 71.01 47.25 165.36 14.24
1221 53.44 89.30 43.51 147.02 11.31
1222 53.36 43.03 66.99 195.74 18.88
1223 53.34 81.41 42.41 137.43 13.38
1224 53.43 68.94 62.55 163.10 14.24
1225 53.56 91.53 45.44 120.49 9.10
1226 53.52 27.86 70.70 198.64 14.61
1227 53.47 33.38 66.43 193.67 15.50
1228 53.49 60.57 50.85 165.36 16.89
1229 53.38 84.65 29.79 132.66 13.73
1230 53.55 58.15 59.64 168.07 17.96
1231 53.60 73.01 45.70 148.16 12.56
1232 53.75 15.89 58.30 164.74 12.80
1233 53.67 36.27 91.11 189.66 16.26
1234 53.81 6.85 28.96 135.31 9.02
1235 53.80 13.87 49.01 144.22 11.68
1236 53.79 30.57 102.13 172.19 16.63
1237 53.67 4.76 22.24 111.49 8.86
1238 53.92 39.07 151.88 183.09 18.19
1239 53.84 48.19 83.14 186.97 17.52
1240 54.02 52.94 108.25 174.31 16.80
1241 53.96 41.10 123.80 196.97 18.02
1242 53.93 18.42 71.41 162.89 12.38
1243 54.08 64.76 144.00 143.58 14.03
1244 54.09 93.84 62.21 85.61 7.25
1245 54.08 62.66 83.09 157.50 15.51
1246 54.08 67.05 141.99 149.45 14.33
1247 54.05 21.49 69.46 142.91 12.32
1248 54.23 83.05 83.79 136.40 12.74
1249 54.11 9.01 41.88 129.51 10.69
1250 54.19 23.53 72.98 174.59 12.70
1251 54.22 44.36 148.48 180.85 17.39
1252 54.21 56.01 131.90 160.88 17.65
1253 54.15 78.85 72.05 136.22 12.43
1254 54.34 11.73 62.44 147.36 11.00
1255 54.29 76.60 85.09 132.68 12.56
1256 54.55 46.56 145.66 162.05 17.36
1257 54.33 25.93 116.82 161.89 15.05
1258 54.39 50.54 115.64 169.62 16.06
1259 54.41 87.06 87.61 136.61 12.20
1260 54.27 95.45 43.46 64.50 6.11
1261 54.41 3.67 28.48 85.64 7.61
1262 54.54 34.76 143.36 171.53 17.20
1263 54.58 32.62 122.51 185.45 16.01
1264 54.64 74.52 117.65 150.92 14.34
1265 54.57 28.21 118.36 180.26 13.79
1266 54.51 59.16 125.14 142.65 16.76
1267 54.57 69.57 156.91 144.60 13.62
1268 54.63 37.38 158.46 177.20 17.43
1269 54.71 72.00 141.77 144.15 13.05
1270 54.73 80.72 95.05 124.55 12.87
1271 54.59 91.99 113.74 122.29 8.21
1272 54.85 89.69 135.01 109.66 10.72
1273 54.98 42.33 156.42 161.69 17.77
1274 54.96 61.61 176.10 134.48 15.04
1275 55.12 5.58 63.62 100.15 7.82
1276 54.95 16.64 106.46 157.12 12.91
1277 55.07 48.80 185.54 149.08 16.32
1278 54.94 14.30 90.15 131.82 11.99
1279 54.94 19.56 122.73 151.75 12.68
1280 55.03 30.33 163.04 167.18 14.38
1281 55.06 66.04 195.73 126.27 13.40
1282 55.36 85.50 142.24 96.57 11.36
1283 55.23 39.92 199.90 166.79 16.30
1284 55.21 52.74 200.60 146.42 15.87
1285 55.28 54.98 205.49 144.48 16.09
1286 55.32 7.53 87.25 121.20 9.83
1287 55.32 57.44 185.10 131.30 15.56
1288 55.34 64.03 171.54 128.17 13.60
1289 55.26 10.03 103.21 128.91 10.51
1290 55.33 22.47 160.46 143.60 12.21
1291 55.43 24.78 157.75 145.56 14.73
1292 55.40 44.64 191.44 149.99 17.83
1293 55.40 68.21 195.12 113.46 13.01
1294 55.35 78.37 160.46 111.82 12.95
1295 55.44 93.05 139.14 99.75 7.35
1296 55.65 94.82 101.40 63.25 7.04
1297 55.50 26.85 161.58 165.71 12.33
1298 55.59 83.27 152.31 110.99 11.76
1299 55.68 60.05 196.02 125.35 15.44
1300 55.81 75.91 173.64 116.25 12.55
1301 55.66 37.30 187.59 142.94 16.91
1302 55.77 34.96 195.74 154.12 15.65
1303 55.91 88.06 145.23 98.36 11.23
1304 55.86 3.84 82.34 99.52 7.39
1305 55.84 51.08 212.05 133.72 16.09
1306 55.79 73.17 183.17 101.14 13.52
1307 56.06 80.81 170.84 105.38 12.11
1308 55.85 32.74 180.62 153.33 15.66
1309 55.80 47.07 206.87 139.71 16.30
1310 55.80 70.73 190.60 121.35 12.21
1311 56.07 12.28 122.74 114.07 10.99
1312 56.14 14.43 159.87 119.16 11.87
1313 56.18 17.68 157.89 123.33 13.59
1314 56.12 20.17 176.07 136.13 11.92
1315 56.32 90.66 146.96 91.09 8.97
1316 56.32 42.85 194.07 148.13 17.08
1317 56.23 62.42 198.19 125.30 15.17
1318 56.37 28.41 184.56 152.03 13.56
1319 56.25 30.65 196.17 147.21 15.30
1320 56.39 40.74 171.24 127.93 16.36
1321 56.21 66.52 184.23 112.52 13.10
1322 56.42 56.15 204.63 118.02 15.80
1323 56.37 49.31 199.94 129.84 14.70
1324 56.39 16.02 150.80 114.17 12.73
1325 56.46 58.56 192.83 120.42 14.44
1326 56.51 53.49 201.27 119.43 15.84
1327 56.45 9.73 126.66 108.02 10.03
1328 56.44 38.84 167.46 141.61 14.95
1329 56.53 23.34 154.81 116.65 12.35
1330 56.57 45.04 182.44 132.94 16.15
1331 56.73 26.03 154.91 110.94 12.85
1332 56.71 64.49 194.44 118.53 14.24
1333 56.72 78.70 157.15 98.47 12.24
1334 56.78 7.34 98.73 89.71 8.71
1335 56.71 69.11 150.73 115.41 13.16
1336 56.85 92.71 126.61 77.18 7.73
1337 56.90 73.96 174.48 113.04 12.16
1338 56.83 83.54 140.09 95.06 12.10
1339 56.96 94.66 75.95 56.13 6.73
1340 56.90 36.79 149.65 142.80 16.37
1341 56.91 5.04 74.96 83.09 8.15
1342 56.68 37.85 147.86 167.14 18.43
1343 56.98 47.30 173.94 126.91 16.87
1344 57.00 60.64 155.23 111.80 14.39
1345 57.07 34.74 160.53 147.44 15.43
1346 57.08 51.30 179.90 123.82 15.39
1347 57.06 71.56 148.87 89.64 12.70
1348 56.94 86.03 106.86 73.87 10.62
1349 57.05 32.29 154.50 147.70 14.88
1350 57.19 21.23 130.48 110.63 12.99
1351 57.32 12.86 114.50 108.35 11.05
1352 57.21 76.14 156.04 84.00 12.62
1353 57.42 17.70 88.12 118.78 12.77
1354 57.26 19.45 90.97 115.15 12.42
1355 57.37 55.28 138.68 120.91 15.20
1356 57.33 66.77 138.64 106.88 11.94
1357 57.31 87.61 140.07 94.05 10.11
1358 57.36 29.90 133.77 127.71 13.09
1359 57.42 10.86 87.59 95.84 10.20
1360 57.53 62.67 128.12 109.37 13.49
1361 57.48 23.95 95.79 126.81 11.59
1362 57.51 43.14 93.36 132.04 16.66
1363 57.55 49.14 136.68 122.54 16.04
1364 57.44 89.69 142.35 86.62 9.61
1365 57.66 27.64 95.37 118.35 13.57
1366 57.60 38.89 81.05 141.84 15.55
1367 57.58 41.01 94.78 134.68 17.10
1368 57.63 45.38 91.88 137.28 15.85
1369 57.58 58.06 133.07 103.86 14.42
1370 57.67 15.10 98.27 119.88 10.90
1371 57.75 53.16 93.96 129.57 15.05
1372 57.80 69.02 99.46 97.11 12.11
1373 57.77 81.41 152.24 96.84 13.01
1374 57.96 77.84 108.69 90.81 12.18
1375 58.04 85.04 93.85 88.22 11.51
1376 58.02 6.04 47.36 98.78 8.22
1377 57.98 33.55 73.85 141.53 14.70
1378 57.97 36.63 60.62 138.65 16.87
1379 57.98 64.61 88.20 111.82 12.58
1380 58.04 8.66 56.03 103.54 9.07
1381 57.97 83.45 107.35 72.32 12.20
1382 58.18 74.64 104.37 96.80 11.73
1383 58.15 25.58 65.75 115.45 12.99
1384 58.18 31.27 53.88 138.24 13.54
1385 58.15 60.65 95.29 103.19 14.44
1386 58.01 91.07 126.68 77.62 7.76
1387 58.26 93.42 87.37 58.50 7.41
1388 58.04 21.25 69.02 106.17 12.58
1389 58.29 71.36 91.73 93.62 12.52
1390 58.44 87.13 110.17 70.36 11.02
1391 58.24 50.40 65.49 112.05 15.34
1392 58.36 95.27 44.86 39.29 6.20
1393 58.27 47.20 56.75 106.50 16.44
1394 58.33 55.66 72.98 99.19 16.33
1395 58.21 11.20 43.96 83.57 8.96
1396 58.40 19.19 61.83 101.15 12.32
1397 58.61 23.29 48.37 105.47 11.68
1398 58.53 29.28 50.15 113.06 14.22
1399 58.44 66.57 56.42 92.79 12.06
1400 58.54 12.21 43.32 80.61 9.57
1401 58.55 42.58 50.23 110.47 17.05
1402 58.81 40.31 43.70 105.10 17.68
1403 58.74 16.83 50.13 100.13 11.32
1404 58.75 38.24 43.35 97.11 16.01
1405 58.62 44.85 49.13 111.14 15.90
1406 58.67 58.61 64.77 102.23 13.38
1407 58.78 62.70 52.90 98.50 12.78
1408 58.84 35.02 43.63 114.48 15.94
1409 58.74 52.56 42.72 92.40 15.64
1410 58.66 80.26 75.86 101.01 11.58
1411 58.89 14.27 44.87 90.37 11.39
1412 58.69 48.21 52.78 103.88 15.28
1413 59.07 27.09 38.79 93.50 12.46
1414 58.92 68.71 40.06 83.10 11.90
1415 58.91 83.26 52.45 66.90 12.54
1416 58.96 90.90 103.13 73.41 7.55
1417 59.17 21.24 41.23 86.01 12.91
1418 59.17 33.01 40.21 88.52 13.88
1419 59.05 78.01 65.43 83.93 11.89
1420 59.22 7.22 28.77 81.28 7.71
1421 59.28 64.63 35.61 83.06 12.61
1422 59.20 4.89 21.91 63.74 7.31
1423 59.19 9.97 30.50 76.12 9.21
1424 59.28 56.81 37.91 85.35 13.64
1425 59.28 50.60 36.48 79.52 13.79
1426 59.42 54.54 40.26 78.84 14.33
1427 59.27 74.95 42.54 86.20 11.18
1428 59.29 72.99 40.52 81.10 11.81
1429 59.49 25.04 36.83 81.01 12.21
1430 59.41 60.89 38.84 79.89 14.30
1431 59.49 31.03 40.33 79.52 13.22
1432 59.59 36.55 39.55 93.98 14.96
1433 59.60 46.12 44.23 80.51 16.71
1434 59.59 81.38 41.56 85.11 12.40
1435 59.42 48.17 41.42 90.38 15.76
1436 59.57 85.85 35.43 76.75 10.35
1437 59.63 93.23 39.35 52.91 6.94
1438 59.55 66.77 34.25 79.74 12.01
1439 59.68 70.95 32.44 82.66 11.47
1440 59.63 18.78 34.57 78.61 12.16
1441 59.59 42.04 43.36 85.86 15.78
1442 59.68 89.12 47.77 64.48 9.84
1443 59.54 12.12 28.93 74.00 9.45
1444 59.71 44.08 39.95 83.55 14.54
1445 59.78 29.00 37.05 78.11 13.82
1446 59.88 79.04 42.09 74.32 12.52
1447 59.86 58.88 33.71 71.73 13.92
1448 60.04 16.63 31.93 74.09 10.68
1449 59.96 52.41 32.63 69.48 14.40
1450 59.76 87.95 38.88 70.88 9.71
1451 59.98 23.23 36.12 56.14 12.44
1452 60.05 38.30 42.08 71.06 14.88
1453 60.15 62.98 31.54 68.16 11.90
1454 60.15 14.26 28.40 61.96 10.76
1455 60.11 34.74 42.76 78.20 15.66
1456 60.11 40.18 53.73 69.57 15.70
1457 60.06 77.02 33.38 71.48 12.27
1458 60.33 21.13 32.46 64.46 12.24
1459 60.28 68.62 28.64 63.50 12.63
1460 60.48 7.49 21.30 58.81 7.06
1461 60.52 9.88 24.36 62.88 8.34
1462 60.30 50.13 64.81 64.40 17.38
1463 60.33 75.85 29.10 70.21 11.85
1464 60.41 5.20 15.12 48.93 7.01
1465 60.34 32.58 57.40 65.85 13.95
1466 60.42 47.71 64.15 63.96 17.01
1467 60.37 56.59 35.11 59.52 14.27
1468 60.47 65.56 31.73 66.64 11.32
1469 60.34 12.11 23.86 61.29 9.45
1470 60.52 27.57 57.29 55.02 13.76
1471 60.47 73.90 26.86 64.17 11.54
1472 60.55 60.91 36.92 60.48 12.75
1473 60.44 83.14 27.18 64.02 12.13
1474 60.74 90.35 22.08 55.53 7.75
1475 60.78 87.65 23.23 55.34 9.45
1476 60.72 25.73 67.91 54.04 12.58
1477 60.73 54.49 75.11 48.40 15.34
1478 60.64 42.58 98.70 56.25 16.21
1479 60.84 45.25 103.75 56.59 16.13
1480 60.84 85.03 24.13 55.69 10.66
1481 60.84 30.34 74.71 52.73 14.12
1482 60.84 80.77 25.38 56.79 12.13
1483 60.89 19.32 50.03 58.78 12.15
1484 60.92 37.10 93.82 60.43 16.39
1485 61.02 92.95 19.00 50.65 6.29
1486 61.10 58.84 108.02 42.30 14.65
1487 61.13 23.88 104.10 43.23 12.49
1488 61.14 39.90 133.16 51.15 16.81
1489 61.06 78.42 27.76 62.45 12.10
1490 61.17 15.47 35.59 49.09 11.18
1491 61.16 52.17 114.50 47.15 16.43
1492 61.14 67.43 46.43 55.33 11.74
1493 61.24 17.57 48.50 50.67 12.75
1494 61.20 34.84 125.60 52.82 16.51
1495 61.23 69.88 60.83 50.83 11.43
1496 61.39 62.69 129.33 36.14 14.99
1497 61.32 49.51 133.58 44.20 18.47
1498 61.31 75.40 30.16 53.14 11.59
1499 61.51 32.34 138.61 46.32 16.67
1500 61.69 47.10 161.46 43.24 16.95
1501 61.51 11.24 36.41 49.53 10.16
1502 61.39 21.69 80.12 40.75 13.04
1503 61.59 28.14 121.82 36.02 15.35
1504 61.54 43.13 157.22 40.14 18.46
1505 61.67 56.40 135.14 38.25 15.86
1506 61.56 6.37 22.51 41.71 7.67
1507 61.74 83.14 25.68 53.56 11.46
1508 61.60 8.50 27.83 38.04 9.00
1509 61.91 66.16 120.82 36.66 14.07
1510 61.54 9.80 40.18 42.45 9.27
1511 61.91 72.33 91.79 39.92 11.97
1512 61.93 60.67 165.81 35.06 14.85
1513 62.10 26.10 145.76 36.02 16.95
1514 61.93 88.63 21.40 48.38 8.45
1515 62.10 36.44 139.47 38.52 19.28
1516 62.17 38.60 162.68 35.80 17.93
1517 62.14 40.87 147.54 38.89 17.35
1518 61.89 86.06 22.56 45.34 9.80
1519 62.18 19.93 94.12 36.48 11.71
1520 62.02 53.81 165.12 38.01 19.04
1521 61.91 80.63 25.51 50.59 12.56
1522 62.14 91.12 18.34 42.49 7.10
1523 62.22 29.97 142.33 36.03 15.80
1524 62.43 45.25 165.92 36.54 22.40
1525 62.29 68.89 146.63 32.95 12.85
1526 62.03 78.09 33.37 49.21 12.91
1527 62.32 51.42 178.75 39.65 20.32
1528 62.40 63.99 170.55 34.82 14.63
1529 62.45 16.21 92.28 33.26 13.77
1530 62.39 23.73 149.81 33.05 15.47
1531 62.43 34.23 163.06 35.24 19.88
1532 62.47 58.58 189.85 33.76 18.60
1533 62.34 75.72 71.67 37.95 12.67
1534 62.52 12.57 83.32 33.01 11.54
1535 62.51 49.04 183.43 38.79 21.22
1536 62.73 10.43 71.91 29.42 10.76
1537 62.55 18.19 94.16 33.69 12.27
1538 62.55 42.82 167.17 33.93 21.83
1539 62.74 31.94 127.72 32.38 19.98
1540 62.79 55.36 181.50 34.06 21.08
1541 62.91 6.91 43.66 26.54 8.27
1542 63.04 84.89 68.42 37.69 11.56
1543 63.04 27.94 116.52 29.20 18.84
1544 62.95 61.79 161.19 29.00 20.40
1545 63.09 80.02 94.66 32.96 12.76
1546 63.10 82.35 79.54 30.90 11.85
1547 62.90 93.00 18.87 30.69 6.50
1548 63.09 87.26 92.12 30.86 9.74
1549 63.20 77.90 109.79 29.00 12.66
1550 63.20 22.29 105.57 28.57 18.23
1551 63.20 47.41 146.31 33.33 26.72
1552 63.26 73.33 143.67 28.05 14.40
1553 63.33 37.35 126.40 30.75 25.81
1554 63.29 65.96 170.93 30.54 18.43
1555 63.34 89.43 85.86 26.64 8.44
1556 63.39 52.84 156.45 29.50 23.72
1557 63.52 35.20 131.51 28.86 26.33
1558 63.35 39.65 107.78 30.75 28.44
1559 63.37 57.35 156.69 29.48 33.79
1560 63.30 68.09 137.16 24.67 18.80
1561 63.29 69.76 146.74 30.33 15.78
1562 63.24 71.32 149.50 25.84 15.38
1563 63.46 25.06 114.06 25.89 22.71
1564 63.68 75.69 157.00 31.85 14.78
1565 63.63 41.80 142.64 31.69 31.44
1566 63.44 50.05 146.07 28.52 26.48
1567 63.68 9.13 73.64 22.68 9.75
1568 63.53 30.19 102.19 27.25 30.32
1569 63.53 44.00 141.88 29.85 31.70
1570 63.29 13.15 85.60 19.53 10.00
1571 63.73 59.63 144.27 26.22 37.22
1572 63.73 91.41 66.80 24.89 7.04
1573 63.57 19.61 107.35 27.52 15.50
1574 63.92 17.12 88.42 23.51 16.63
1575 63.70 33.00 88.65 27.29 31.67
1576 63.74 63.73 127.23 25.73 26.79
1577 63.74 15.77 99.28 25.87 17.74
1578 63.91 11.86 79.73 22.18 12.58
1579 63.69 7.92 67.27 22.60 9.13
1580 64.00 45.88 98.50 26.46 36.44
1581 64.08 14.37 84.87 22.87 15.20
1582 63.99 55.28 127.89 28.36 35.74
1583 64.12 27.31 73.59 26.12 35.84
1584 63.84 70.22 161.91 20.45 16.18
1585 64.20 61.76 124.71 23.10 34.94
1586 64.38 71.63 161.12 23.75 19.88
1587 64.23 83.82 115.87 27.55 12.90
1588 64.34 21.88 76.99 22.95 27.56
1589 64.27 38.72 77.22 29.39 48.17
1590 64.32 48.52 103.85 28.19 37.12
1591 64.41 81.38 132.75 27.39 15.93
1592 64.42 50.89 103.95 24.61 41.48
1593 64.36 78.88 133.12 24.50 16.09
1594 64.39 68.66 156.23 22.59 23.66
1595 64.33 76.88 136.74 25.79 19.13
1596 64.53 86.89 132.77 24.24 11.61
1597 64.45 66.10 142.92 23.08 29.94
1598 64.55 31.37 63.40 27.95 52.63
1599 64.46 40.95 63.61 28.98 52.96
1600 64.48 53.34 87.86 24.12 36.85
1601 64.58 57.40 105.06 22.77 36.01
1602 64.53 29.31 55.45 23.72 41.45
1603 64.57 35.92 61.61 25.84 51.24
1604 64.56 24.79 66.98 22.27 41.37
1605 65.03 91.75 107.33 17.24 7.94
1606 64.73 89.48 134.54 24.22 10.59
1607 64.64 33.59 60.17 25.47 68.92
1608 64.70 7.33 48.08 16.26 8.43
1609 64.84 9.93 59.64 18.88 13.88
1610 64.86 18.71 76.97 21.79 27.06
1611 64.60 43.73 69.44 27.12 57.86
1612 64.81 74.03 131.96 22.44 23.24
1613 65.01 13.20 56.27 18.56 20.56
1614 64.95 59.35 67.15 19.63 64.20
1615 64.88 46.78 65.38 25.16 62.25
1616 64.98 63.86 74.32 20.86 43.63
1617 65.12 37.63 52.43 25.99 76.51
1618 65.06 15.38 49.23 20.67 24.90
1619 65.13 55.31 63.92 22.54 48.28
1620 65.20 70.11 107.29 19.26 24.09
1621 65.17 27.26 47.88 22.49 55.59
1622 65.31 76.37 133.95 22.64 25.53
1623 65.23 61.49 70.58 21.13 63.11
1624 65.35 42.18 40.96 24.98 93.52
1625 65.30 23.48 68.25 21.73 50.37
1626 65.32 49.44 51.66 26.23 72.78
1627 65.29 52.19 58.58 22.00 101.17
1628 65.43 39.79 48.16 25.49 96.63
1629 65.52 29.88 40.41 21.23 72.92
1630 65.48 44.82 41.49 22.10 97.21
1631 65.64 85.03 141.14 21.69 15.77
1632 65.53 8.05 37.85 17.27 14.17
1633 65.53 20.83 68.15 21.00 40.69
1634 65.64 34.27 38.57 22.96 94.03
1635 65.52 68.17 105.34 18.98 35.00
1636 65.57 80.31 126.54 21.38 21.64
1637 65.64 32.20 40.37 22.32 85.18
1638 65.68 66.17 86.47 20.09 40.98
1639 65.79 36.25 45.70 23.71 109.77
1640 65.72 82.72 119.07 18.86 19.88
1641 65.68 57.26 46.24 20.66 66.40
1642 65.86 87.96 128.56 18.36 13.73
1643 65.81 25.38 46.56 20.58 68.53
1644 65.80 47.30 41.20 21.91 91.03
1645 65.86 72.46 90.83 19.97 32.23
1646 66.01 78.34 98.46 16.88 29.46
1647 65.98 10.49 39.92 17.78 23.44
1648 65.83 17.68 40.31 18.03 49.23
1649 65.95 54.14 39.08 21.95 89.33
1650 65.98 59.71 41.49 19.23 82.41
1651 65.94 74.58 106.82 19.21 35.26
1652 65.93 13.02 42.95 19.58 35.28
1653 66.07 63.98 45.59 17.61 67.41
1654 66.37 15.18 30.09 18.87 55.99
1655 66.20 51.84 42.84 21.72 116.25
1656 66.21 62.10 42.23 19.65 71.66
1657 66.23 70.22 66.48 18.78 42.44
1658 66.22 90.20 93.19 14.21 11.69
1659 66.09 18.88 36.04 21.77 51.77
1660 66.25 28.18 41.31 20.62 93.46
1661 66.42 43.37 53.73 22.53 124.48
1662 66.33 49.47 41.63 22.98 112.50
1663 66.45 38.28 76.92 21.49 109.40
1664 66.43 40.94 55.24 23.48 130.11
1665 66.33 22.31 39.29 20.46 67.73
1666 66.33 11.51 39.56 16.22 21.94
1667 66.65 45.74 65.73 22.19 126.08
1668 66.59 55.68 33.64 19.36 106.07
1669 66.59 83.07 98.56 17.04 28.03
1670 66.53 19.89 40.11 20.13 62.02
1671 66.68 30.90 66.39 20.89 118.90
1672 66.73 58.24 40.38 18.84 98.08
1673 66.77 33.22 70.11 23.60 125.31
1674 66.75 68.03 57.54 18.41 57.52
1675 66.87 86.43 97.18 16.73 23.42
1676 66.92 8.58 31.09 14.22 24.69
1677 66.82 24.89 58.43 21.21 102.03
1678 66.78 35.54 89.14 22.21 129.65
1679 66.61 76.52 74.40 18.63 43.34
1680 66.84 65.63 31.42 18.02 67.75
1681 67.12 47.89 68.44 20.26 127.53
1682 66.79 77.78 68.54 15.46 32.63
1683 66.89 17.29 34.73 17.06 69.58
1684 67.07 12.94 31.11 17.91 51.56
1685 67.14 27.02 88.63 20.47 115.51
1686 66.85 18.70 36.44 19.62 66.78
1687 66.92 74.73 63.31 18.11 46.24
1688 66.98 79.82 69.15 15.13 40.20
1689 67.03 71.41 41.73 19.00 49.24
1690 67.13 53.49 61.60 20.06 115.13
1691 66.99 72.83 50.87 18.29 45.47
1692 67.25 60.86 30.04 18.07 93.34
1693 67.02 11.69 30.75 18.10 49.85
1694 67.22 51.01 58.53 19.48 136.64
1695 67.22 63.35 30.41 15.82 80.34
1696 67.32 10.56 31.16 15.60 37.47
1697 67.27 88.61 73.60 14.48 22.65
1698 67.37 81.77 64.54 14.71 35.68
1699 67.46 20.88 72.92 20.33 95.02
1700 67.49 39.79 160.93 22.73 155.13
1701 67.53 42.44 154.01 22.43 154.95
1702 67.41 69.67 34.05 15.32 64.17
1703 67.45 90.82 42.49 10.50 13.27
1704 67.45 23.14 92.14 19.72 107.08
1705 67.55 29.50 148.00 20.78 120.74
1706 67.39 16.44 47.29 17.23 74.71
1707 67.61 37.30 166.93 20.48 148.94
1708 67.61 44.75 132.29 21.85 166.94
1709 67.57 56.43 83.28 18.43 135.83
1710 67.45 84.23 73.28 13.98 32.65
1711 67.67 67.23 29.10 16.85 92.28
1712 67.62 14.83 46.37 15.28 70.54
1713 67.73 78.61 46.53 16.59 65.84
1714 67.92 18.66 79.88 18.65 81.54
1715 67.98 32.38 164.71 20.55 133.25
1716 67.90 34.75 167.92 21.27 147.20
1717 67.82 76.05 42.03 15.29 67.61
1718 67.85 58.88 47.06 17.55 124.71
1719 68.26 54.77 137.10 18.69 157.13
1720 67.99 73.43 32.38 15.17 56.56
1721 68.24 49.68 164.45 19.91 147.66
1722 68.20 47.05 168.37 22.90 158.57
1723 68.11 65.08 30.36 15.84 100.88
1724 68.10 25.84 127.06 21.96 110.72
1725 68.18 71.23 29.35 16.08 85.77
1726 68.08 86.16 51.38 12.76 35.17
1727 68.01 13.79 50.19 18.77 60.06
1728 68.23 52.23 147.94 17.72 160.78
1729 68.01 82.61 49.43 14.04 35.22
1730 68.06 16.02 69.41 17.36 81.09
1731 68.32 9.47 39.42 15.01 44.70
1732 68.38 11.98 54.42 15.93 66.60
1733 68.28 62.49 80.87 18.10 123.22
1734 68.46 88.87 46.19 11.98 31.42
1735 68.45 28.04 149.00 22.23 131.07
1736 68.49 41.52 182.67 23.24 171.72
1737 68.56 68.67 32.43 17.03 112.30
1738 68.57 38.94 175.06 22.00 163.51
1739 68.52 83.83 33.05 12.60 49.99
1740 68.76 20.54 121.30 18.99 106.50
1741 68.56 23.11 133.09 20.67 112.40
1742 68.53 80.37 35.49 14.51 57.04
1743 68.74 60.19 122.38 17.86 147.65
1744 68.74 30.39 167.73 21.25 142.40
1745 68.71 44.26 192.44 22.20 164.51
1746 68.79 57.37 169.38 17.70 136.77
1747 68.76 36.50 178.82 20.93 158.66
1748 68.66 24.92 138.78 17.53 115.50
1749 68.79 78.25 34.31 15.47 71.28
1750 69.08 14.41 99.03 15.94 71.70
1751 68.82 75.02 28.35 15.07 85.91
1752 68.91 16.25 105.75 16.39 82.84
1753 69.02 66.44 78.02 16.35 106.74
1754 69.18 34.37 166.88 20.41 167.08
1755 69.08 73.10 31.30 14.74 84.69
1756 69.28 46.63 200.54 21.30 171.54
1757 69.27 53.34 198.04 18.71 172.81
1758 69.09 64.25 104.42 16.66 125.97
1759 69.06 76.28 29.31 14.52 76.69
1760 69.27 82.16 30.36 12.78 64.28
1761 69.45 32.51 179.59 21.47 143.52
1762 69.16 86.59 28.82 11.04 49.57
1763 69.50 17.99 115.64 17.67 92.47
1764 69.42 26.08 152.24 18.66 144.89
1765 69.48 48.84 195.86 20.70 175.94
1766 69.48 51.05 189.14 20.33 168.88
1767 69.42 70.75 48.23 15.29 110.65
1768 69.58 10.62 82.86 13.95 59.74
1769 69.51 40.39 167.77 22.25 183.47
1770 69.57 62.16 166.47 15.48 145.17
1771 69.57 42.68 190.07 21.80 187.75
1772 69.31 84.75 26.89 9.72 59.83
1773 69.70 55.37 182.74 18.49 179.93
1774 69.71 28.34 147.34 18.84 152.36
1775 69.74 38.23 147.05 22.62 178.90
1776 69.77 80.04 28.77 14.52 74.22
1777 69.79 23.03 115.76 19.17 120.44
1778 69.83 68.40 141.14 15.99 124.40
1779 69.95 30.45 121.59 19.65 171.42
1780 69.99 45.16 178.46 20.73 177.22
1781 69.84 59.75 200.28 17.37 173.24
1782 69.77 83.98 24.84 13.00 71.32
1783 70.03 13.27 106.39 15.24 83.17
1784 70.00 36.00 150.88 21.64 180.21
1785 70.03 57.39 206.27 18.35 165.08
1786 70.00 77.77 30.86 14.22 91.21
1787 69.97 74.85 64.78 13.96 92.74
1788 70.15 20.56 110.54 17.80 113.66
1789 70.04 64.58 153.06 15.70 136.43
1790 70.26 65.94 166.51 14.34 129.16
1791 70.08 85.29 24.55 11.07 73.43
1792 70.32 16.25 92.24 15.94 87.90
1793 70.23 72.54 85.94 13.35 100.61
1794 70.48 87.22 22.58 11.72 62.93
1795 70.25 82.26 24.71 11.25 79.40
1796 70.56 33.73 106.31 20.59 158.24
1797 70.46 47.68 134.13 20.59 190.06
1798 70.37 52.94 192.56 20.58 171.62
1799 70.56 24.84 128.42 18.98 131.74
1800 70.82 63.53 182.76 15.58 166.44
1801 70.56 43.27 131.98 20.05 167.39
1802 70.70 50.22 140.29 20.00 184.51
1803 70.63 40.54 94.54 19.95 179.84
1804 70.74 26.94 115.71 19.85 135.20
1805 70.82 61.17 176.08 16.10 161.52
1806 70.82 67.32 186.33 14.72 132.05
1807 70.62 70.52 148.92 14.57 124.88
1808 70.98 31.30 83.52 19.47 152.41
1809 70.88 38.09 108.90 19.54 185.46
1810 70.95 18.71 100.97 17.12 90.79
1811 71.02 28.97 84.70 19.09 141.84
1812 70.91 55.64 166.02 18.03 166.66
1813 70.80 83.15 28.40 12.43 91.90
1814 71.03 21.72 70.98 18.40 113.06
1815 70.96 58.75 177.47 17.05 174.72
1816 71.03 76.79 94.25 14.25 113.07
1817 71.03 81.21 51.49 11.73 105.05
1818 71.09 89.25 18.58 8.50 39.66
1819 71.08 74.30 127.56 13.88 114.86
1820 71.26 46.32 89.84 20.56 177.01
1821 71.25 85.04 36.08 10.56 104.06
1822 71.30 11.77 67.01 13.32 70.14
1823 71.29 14.29 79.91 14.74 83.69
1824 71.11 35.87 85.07 21.04 172.86
1825 71.16 79.10 68.05 12.52 102.10
1826 71.32 52.47 125.44 19.65 180.92
1827 71.77 17.44 68.49 16.17 87.21
1828 71.51 48.62 80.82 20.70 182.54
1829 71.72 41.63 55.10 19.69 166.25
1830 71.55 43.94 77.97 19.14 172.87
1831 71.73 32.95 54.13 20.21 151.73
1832 71.59 65.65 154.51 14.89 156.54
1833 71.66 25.52 64.62 19.30 131.93
1834 71.56 83.55 68.16 10.76 126.29
1835 71.89 87.45 42.96 9.91 87.90
1836 71.88 39.55 52.73 17.87 164.01
1837 71.60 80.62 72.03 10.52 103.00
1838 71.66 68.38 173.46 14.87 136.25
1839 71.80 62.20 178.78 16.72 162.08
1840 71.89 55.07 126.29 18.69 179.50
1841 71.91 57.71 144.74 18.64 183.74
1842 72.04 35.00 47.76 19.59 151.11
1843 71.70 75.02 134.00 13.29 95.53
1844 72.04 72.37 171.21 14.12 132.65
1845 72.11 60.11 145.69 17.02 160.78
1846 72.11 22.72 42.53 19.31 100.41
1847 72.17 24.04 51.23 19.75 115.95
1848 72.17 37.35 39.35 19.56 147.94
1849 72.18 50.34 71.80 17.78 163.11
1850 72.24 20.59 48.65 16.94 90.13
1851 72.28 26.68 41.75 19.35 121.82
1852 72.02 82.34 88.30 11.37 113.48
1853 72.03 79.04 100.62 12.96 116.85
1854 72.22 28.85 49.03 18.30 122.35
1855 72.34 76.97 147.04 13.70 135.88
1856 72.45 31.27 37.20 19.22 125.23
1857 72.36 45.79 51.50 20.80 172.30
1858 72.41 63.90 134.82 16.31 175.36
1859 72.32 52.83 76.74 17.13 173.64
1860 72.34 70.27 173.16 14.29 139.18
1861 72.68 12.15 36.50 11.73 61.35
1862 72.27 83.78 113.83 11.07 114.80
1863 72.57 15.01 43.62 14.23 73.44
1864 72.64 66.09 124.59 15.97 161.13
1865 72.74 68.20 153.06 16.65 161.46
1866 72.73 74.69 157.79 13.25 124.23
1867 72.75 47.80 43.43 19.01 149.07
1868 72.70 43.27 40.19 19.98 149.97
1869 72.72 80.57 120.56 11.27 113.23
1870 72.87 56.82 69.18 17.06 170.01
1871 72.95 85.50 112.97 10.34 112.22
1872 72.96 40.68 34.23 17.29 136.92
1873 73.08 33.77 32.94 18.38 117.11
1874 73.06 61.85 84.85 15.46 144.04
1875 73.16 54.59 44.74 16.85 142.39
1876 73.21 36.27 35.24 19.85 138.07
1877 73.35 38.34 33.18 18.26 133.35
1878 73.22 59.19 68.26 15.70 146.50
1879 73.41 82.61 140.65 10.75 132.36
1880 73.26 18.00 33.35 16.13 81.93
1881 73.35 24.92 33.17 18.45 96.10
1882 73.31 51.94 38.68 18.43 159.31
1883 73.42 49.60 36.39 18.63 137.08
1884 73.26 72.83 139.84 14.04 128.62
1885 73.30 78.44 158.13 12.34 133.55
1886 73.28 22.41 37.19 17.68 92.69
1887 73.46 29.52 32.69 18.99 101.62
1888 73.48 27.26 30.88 18.70 100.37
1889 73.32 69.98 109.77 13.88 141.64
1890 73.38 19.84 35.59 16.38 80.03
1891 73.49 45.47 36.09 17.93 132.24
1892 73.60 31.68 33.43 18.47 102.51
1893 73.59 63.99 82.73 15.34 142.57
1894 73.82 42.82 33.64 20.04 118.65
1895 73.79 67.12 68.02 14.29 139.20
1896 73.94 13.38 24.69 13.69 64.04
1897 73.88 15.85 26.62 15.71 72.84
1898 73.80 76.02 152.74 12.74 133.77
1899 74.11 80.05 148.94 12.04 147.50
1900 73.89 20.75 34.77 16.61 74.41
1901 74.22 47.34 38.93 16.74 118.98
1902 74.13 35.42 97.55 20.60 104.80
1903 74.07 56.84 36.89 16.73 133.61
1904 74.22 61.76 39.50 15.90 131.00
1905 74.24 86.82 121.48 10.07 112.08
1906 74.22 40.29 39.92 19.47 107.90
1907 74.16 72.02 107.13 14.17 152.95
1908 74.27 53.94 32.71 15.97 123.90
1909 74.21 69.33 85.65 14.40 146.11
1910 74.61 84.30 144.14 9.95 133.04
1911 74.38 59.43 36.39 16.58 139.33
1912 74.44 23.13 32.24 16.99 74.92
1913 74.43 33.41 91.17 20.11 90.92
1914 74.47 51.63 33.64 17.76 123.13
1915 74.13 78.03 143.94 12.82 133.94
1916 74.63 18.35 31.33 15.44 68.14
1917 74.45 74.95 110.44 13.95 121.43
1918 74.59 28.60 57.29 18.81 81.37
1919 74.62 37.40 75.57 19.29 94.23
1920 74.59 82.00 146.31 12.75 150.81
1921 74.66 25.82 40.78 18.79 83.86
1922 74.64 44.90 52.08 19.22 113.73
1923 74.75 49.43 40.36 18.88 109.59
1924 74.68 31.05 82.68 18.00 79.99
1925 74.57 77.26 126.53 13.61 135.92
1926 74.77 64.25 38.66 14.16 129.69
1927 74.84 66.28 47.35 14.39 120.76
1928 75.05 20.67 44.43 15.29 61.20
1929 75.04 42.41 93.12 19.65 78.44
1930 75.18 15.93 30.90 14.30 59.80
1931 75.10 55.48 33.15 16.13 105.82
1932 74.89 78.42 130.45 13.65 133.15
1933 75.21 39.48 97.19 18.10 83.54
1934 75.18 70.61 56.20 13.04 138.18
1935 75.30 13.50 25.37 13.09 49.60
1936 75.26 68.07 42.08 14.75 122.58
1937 75.41 57.76 29.44 15.48 109.21
1938 75.38 35.44 166.76 20.04 68.15
1939 75.40 73.55 78.65 15.02 152.01
1940 75.49 60.34 28.48 14.01 113.71
1941 75.40 79.63 110.67 11.22 141.87
1942 75.53 32.97 146.61 20.61 62.57
1943 75.56 46.61 116.21 19.14 82.37
1944 75.57 53.43 69.87 17.24 91.20
1945 75.64 62.64 29.58 15.33 116.61
1946 75.61 77.28 77.31 11.50 128.65
1947 75.70 28.01 113.89 18.99 61.07
1948 75.60 23.76 79.17 16.99 57.76
1949 75.70 51.19 93.67 16.56 84.80
1950 75.64 85.79 105.94 8.58 72.19
1951 75.82 44.13 157.56 19.80 61.90
1952 75.85 48.70 130.80 18.21 76.54
1953 75.93 30.51 157.08 19.44 51.13
1954 75.62 80.99 131.23 11.90 138.23
1955 75.98 37.42 163.10 18.42 57.36
1956 76.01 26.23 94.26 17.70 59.41
1957 75.98 65.08 27.23 14.87 115.14
1958 76.00 17.77 51.45 15.08 46.75
1959 76.12 41.24 170.48 19.15 58.45
1960 75.99 82.98 122.36 11.50 135.47
1961 76.15 75.13 52.71 11.71 125.27
1962 76.14 21.80 85.24 17.29 49.16
1963 76.22 67.26 29.08 13.88 124.65
1964 76.22 15.50 51.13 14.08 43.92
1965 76.28 55.82 77.08 16.31 78.16
1966 76.45 72.49 41.06 13.62 128.14
1967 76.29 69.72 32.21 13.98 111.24
1968 76.72 13.17 44.94 12.56 31.98
1969 76.69 39.35 204.89 20.54 50.07
1970 76.59 79.78 72.29 10.56 113.98
1971 76.48 59.00 46.89 14.15 86.72
1972 76.29 16.67 55.40 15.20 48.60
1973 76.61 35.12 176.41 19.34 48.35
1974 76.50 14.47 47.17 15.00 40.29
1975 76.64 32.75 193.41 20.42 48.79
1976 76.64 52.87 143.50 17.79 67.65
1977 76.59 61.38 38.51 14.94 97.78
1978 76.79 45.73 201.57 21.40 53.07
1979 76.80 24.17 147.29 18.24 45.53
1980 76.79 50.36 178.97 19.04 58.86
1981 76.91 82.17 92.42 10.24 130.06
1982 76.78 84.91 87.74 9.04 86.42
1983 76.97 28.98 155.30 18.95 45.62
1984 76.79 77.41 55.39 11.71 122.53
1985 77.18 17.48 103.78 15.01 30.60
1986 77.06 43.30 192.30 19.84 49.02
1987 77.07 47.92 193.29 20.21 56.85
1988 77.09 19.91 128.30 15.82 35.20
1989 77.03 63.53 32.67 13.77 88.13
1990 77.30 26.60 165.24 19.39 37.12
1991 77.27 57.39 135.13 14.24 58.36
1992 77.21 66.02 35.29 14.11 96.36
1993 77.38 37.38 189.01 18.37 35.97
1994 77.44 22.23 138.89 16.76 33.73
1995 77.42 54.96 161.87 18.39 57.54
1996 77.29 74.42 31.32 12.97 104.38
1997 77.26 30.94 173.30 17.26 33.19
1998 77.34 68.37 28.36 13.45 98.15
1999 77.72 14.80 113.64 13.82 29.95
2000 77.59 41.49 201.79 20.54 40.27
2001 77.43 71.03 26.71 13.15 88.70
2002 77.62 60.80 120.57 14.26 66.77
2003 77.86 33.42 182.70 18.95 30.16
2004 77.75 52.50 197.10 17.47 46.83
2005 77.94 35.64 178.44 17.89 31.86
2006 77.79 81.28 55.47 9.14 114.40
2007 77.91 49.90 204.07 18.87 43.74
2008 77.91 84.13 75.76 9.57 93.21
2009 78.10 78.97 32.25 10.76 98.47
2010 78.00 39.26 189.86 20.85 33.45
2011 78.03 45.60 202.96 18.87 36.15
2012 78.18 28.03 176.36 20.34 31.63
2013 78.05 24.83 155.24 17.74 26.47
2014 78.04 20.17 143.54 16.83 24.72
2015 78.17 63.10 109.17 14.41 72.74
2016 78.33 59.22 179.12 15.97 54.49
2017 78.24 73.94 25.92 12.91 77.86
2018 78.28 76.36 24.35 12.59 86.66
2019 78.22 65.21 99.45 15.67 82.76
2020 78.39 30.01 157.04 19.14 28.89
2021 78.49 43.52 186.52 18.54 31.07
2022 78.45 47.67 202.44 18.09 32.89
2023 78.34 67.38 67.91 15.05 82.53
2024 78.44 57.00 185.53 16.67 48.32
2025 78.42 69.73 38.46 12.92 78.44
2026 78.56 71.92 31.61 13.79 79.23
2027 78.53 23.47 165.06 17.86 26.92
2028 78.57 21.58 145.46 18.36 23.61
2029 78.69 54.70 200.12 16.11 38.35
2030 78.75 16.68 126.07 14.19 21.90
2031 78.83 19.29 136.60 15.45 23.54
2032 78.84 41.16 184.75 18.58 29.78
2033 79.02 52.27 163.16 16.55 30.38
2034 78.91 14.20 93.95 13.95 20.07
2035 78.95 31.96 151.42 19.47 25.07
2036 79.15 26.11 155.53 18.57 25.94
2037 79.12 36.88 141.99 19.46 24.45
2038 79.03 49.82 181.94 17.24 30.35
2039 79.12 60.94 161.32 15.07 44.23
2040 79.11 82.82 39.74 8.47 102.15
2041 79.25 39.01 148.90 19.80 25.72
2042 79.20 34.52 159.42 18.97 23.94
2043 79.39 64.23 169.59 15.74 49.69
2044 79.18 77.70 20.39 9.74 95.71
2045 79.39 28.68 141.44 17.92 21.94
2046 79.46 45.52 150.05 18.55 24.67
2047 79.39 66.87 157.53 15.22 56.35
2048 79.45 75.62 29.07 11.96 83.22
2049 79.29 22.06 136.94 16.45 21.87
2050 79.17 62.31 155.10 13.30 39.90
2051 79.59 69.19 134.95 14.79 54.93
2052 79.33 73.42 42.44 11.81 71.21
2053 79.48 57.38 193.44 14.79 35.21
2054 79.41 78.89 22.04 10.93 99.46
2055 79.99 24.18 126.75 17.66 19.66
2056 79.70 80.74 23.03 11.10 95.06
2057 79.78 43.03 134.09 18.24 23.97
2058 79.78 47.89 166.93 18.26 26.54
2059 79.77 71.56 95.63 13.90 61.85
2060 79.84 17.88 116.32 14.78 19.11
2061 80.02 31.10 118.81 19.46 20.51
2062 79.90 54.76 143.65 15.72 27.54
2063 79.80 59.49 198.78 13.67 35.92
2064 80.20 20.27 122.98 15.14 18.71
2065 80.20 40.74 144.52 19.96 21.93
2066 80.10 50.59 141.15 17.55 23.86
2067 80.15 52.88 137.86 17.59 24.85
2068 80.40 33.32 103.65 19.16 18.09
2069 80.49 26.62 91.64 17.75 18.55
2070 80.39 61.20 188.68 16.25 34.57
2071 80.41 38.07 119.40 18.87 19.75
2072 80.48 35.67 119.08 19.53 20.80
2073 80.21 57.37 191.31 16.76 28.17
2074 80.51 63.49 192.93 15.97 38.89
2075 80.52 65.72 168.97 14.95 41.69
2076 80.63 29.20 91.15 17.32 18.34
2077 80.65 77.12 31.76 11.41 78.95
2078 80.74 79.61 19.10 10.14 83.31
2079 80.74 44.45 96.55 17.26 20.93
2080 80.77 46.72 98.52 17.70 21.00
2081 80.66 68.07 173.89 14.78 43.95
2082 80.72 81.94 17.43 8.46 68.25
2083 80.86 58.87 182.06 16.42 27.99
2084 81.04 73.31 125.38 12.95 47.89
2085 80.96 22.52 91.64 16.31 17.18
2086 81.02 49.13 100.86 17.65 19.75
2087 81.08 56.64 132.86 15.71 22.55
2088 81.12 70.29 166.90 14.27 38.90
2089 81.11 17.68 90.29 13.30 13.34
2090 81.17 42.25 84.11 18.45 18.31
2091 81.24 54.62 103.05 15.01 19.97
2092 81.28 51.85 98.23 17.96 21.74
2093 81.49 31.75 61.05 17.52 17.26
2094 81.47 39.89 84.48 18.49 18.02
2095 81.23 20.69 89.37 16.04 16.74
2096 81.72 25.01 56.10 18.03 16.76
2097 81.59 34.20 63.45 17.22 16.74
2098 81.66 62.42 152.01 15.98 26.13
2099 81.78 27.11 54.10 18.35 16.36
2100 81.65 37.08 63.33 17.18 17.40
2101 81.70 66.89 187.32 14.91 29.31
2102 81.80 64.77 186.37 14.88 27.70
2103 81.76 29.37 60.62 18.18 16.70
2104 81.85 45.87 58.78 16.53 17.67
2105 81.72 60.22 144.41 14.80 22.98
2106 81.92 80.86 19.84 8.97 64.92
2107 81.83 20.84 71.54 13.98 14.41
2108 81.61 21.89 75.60 13.60 14.40
2109 81.76 78.54 44.83 10.34 64.37
2110 82.12 43.78 62.12 16.31 16.73
2111 82.09 48.29 66.28 17.20 16.96
2112 82.09 68.89 165.40 15.09 27.90
2113 82.15 71.75 170.72 13.55 30.85
2114 82.17 19.32 60.28 14.42 13.05
2115 82.27 23.17 42.33 15.10 14.41
2116 82.27 55.91 77.94 15.55 18.41
2117 82.09 74.71 124.08 12.05 37.10
2118 82.35 50.88 64.40 17.81 17.79
2119 82.41 53.49 59.42 15.47 15.96
2120 82.34 58.31 108.32 15.69 21.05
2121 82.54 41.73 44.29 17.89 16.70
2122 82.76 35.35 46.01 18.82 15.90
2123 82.69 39.65 45.52 17.45 15.93
2124 82.71 33.35 35.49 17.16 15.32
2125 82.88 32.08 33.20 19.45 14.60
2126 82.92 37.49 40.23 18.05 14.04
2127 82.82 21.62 37.64 14.89 13.18
2128 82.92 61.20 110.01 15.54 19.21
2129 82.88 30.09 32.07 16.93 13.88
2130 82.83 65.87 152.49 15.97 26.22
2131 82.99 25.24 33.98 16.85 13.28
2132 83.06 27.73 29.89 15.53 12.85
2133 82.93 46.93 43.77 17.56 16.79
2134 82.96 70.47 145.27 15.00 26.63
2135 83.20 75.62 141.20 11.80 31.42
2136 83.08 67.87 119.85 14.80 22.14
2137 83.04 79.63 58.06 9.84 43.90
2138 83.23 44.91 34.70 16.21 15.66
2139 83.26 49.81 39.88 18.61 16.47
2140 83.27 20.50 32.26 13.55 11.43
2141 83.36 55.82 44.56 15.27 18.77
2142 83.42 72.92 146.48 12.80 25.73
2143 83.24 58.28 64.86 14.24 19.38
2144 83.34 47.93 40.28 13.93 14.00
2145 83.48 52.38 39.10 15.93 15.41
2146 83.80 43.11 27.06 17.13 13.26
2147 83.54 54.53 37.55 16.15 17.26
2148 83.41 78.52 75.94 10.11 36.61
2149 83.64 59.82 66.52 14.11 17.18
2150 83.86 41.18 28.22 17.59 14.36
2151 83.95 28.63 25.57 18.16 12.93
2152 84.18 31.32 23.59 16.36 13.86
2153 84.39 36.47 25.78 17.04 13.47
2154 83.99 64.05 85.14 14.21 18.01
2155 84.01 22.99 21.71 16.04 11.67
2156 83.88 38.82 28.15 16.81 13.31
2157 84.06 66.65 97.69 14.91 18.77
2158 84.17 77.30 135.87 9.83 23.69
2159 84.19 46.26 25.69 16.74 14.46
2160 84.31 58.20 50.90 14.43 14.44
2161 84.20 48.77 28.45 16.47 13.70
2162 84.00 21.23 21.32 16.27 11.00
2163 84.32 26.75 22.53 15.72 12.97
2164 84.17 34.45 26.71 18.11 13.18
2165 84.43 51.23 30.64 18.06 16.35
2166 84.52 71.57 131.74 13.35 21.31
2167 84.46 53.55 33.65 15.84 15.36
2168 84.63 20.79 17.89 13.53 9.81
2169 84.56 56.15 33.59 14.17 15.02
2170 84.46 61.31 54.02 14.45 17.47
2171 84.75 44.74 22.60 16.87 13.26
2172 85.02 38.97 22.37 16.04 11.99
2173 85.11 66.05 57.69 14.95 16.07
2174 84.84 40.59 23.16 16.58 13.81
2175 85.14 28.98 18.90 17.87 12.55
2176 85.24 42.60 19.50 16.69 11.69
2177 84.99 68.05 71.12 14.17 19.02
2178 85.17 47.24 19.79 14.57 12.77
2179 85.07 63.02 49.04 16.02 16.40
2180 85.32 70.03 74.27 14.16 16.37
2181 85.27 22.61 16.40 14.19 10.63
2182 85.09 49.30 24.77 16.95 13.56
2183 85.37 78.11 127.38 9.96 17.79
2184 85.42 75.22 146.31 11.06 17.89
2185 85.50 26.55 17.29 17.42 11.77
2186 85.40 32.63 20.59 16.31 12.88
2187 85.34 53.20 25.28 16.69 12.82
2188 85.56 59.31 32.39 14.80 13.78
2189 85.74 54.83 24.53 16.22 12.85
2190 85.57 37.40 20.32 17.55 13.05
2191 85.65 51.31 22.82 15.53 12.15
2192 85.57 46.16 18.71 16.52 11.13
2193 85.63 48.77 22.40 13.80 11.40
2194 85.84 24.94 15.88 14.56 10.37
2195 85.75 35.12 20.61 16.11 12.78
2196 85.96 44.23 18.35 17.11 11.84
2197 86.07 57.15 25.62 14.80 13.01
2198 86.14 65.54 36.24 14.47 15.70
2199 86.09 61.71 34.52 15.58 15.30
2200 86.24 68.72 50.68 13.58 14.88
2201 86.43 27.70 15.66 15.66 11.82
2202 86.02 33.90 19.56 17.06 13.56
2203 86.36 71.50 67.30 12.04 14.23
2204 86.33 40.52 17.53 16.30 11.38
2205 86.17 48.07 19.73 16.64 12.36
2206 86.26 36.88 20.63 17.09 12.87
2207 86.26 38.66 20.21 14.64 11.21
2208 86.44 73.95 94.94 10.10 13.88
2209 86.32 63.73 30.49 15.60 15.04
2210 86.41 76.44 101.55 10.08 11.16
2211 86.79 29.85 15.23 15.94 10.56
2212 86.52 44.92 19.63 15.21 10.21
2213 86.77 55.43 21.16 13.45 12.25
2214 86.63 58.30 24.27 15.49 13.24
2215 86.88 60.63 25.06 15.81 13.44
2216 86.87 24.96 15.63 13.48 9.83
2217 86.52 26.06 16.63 15.89 10.26
2218 86.72 33.95 17.89 15.28 11.35
2219 86.71 51.28 19.86 13.47 11.42
2220 86.87 42.58 18.10 16.35 11.85
2221 86.79 46.48 17.39 15.47 12.26
2222 86.89 53.20 19.00 14.87 12.00
2223 86.70 23.23 14.75 12.58 8.33
2224 87.08 67.90 35.60 13.21 13.79
2225 87.13 36.05 18.35 16.32 12.42
2226 87.18 38.81 19.13 14.87 11.13
2227 86.96 64.49 28.50 15.17 12.25
2228 87.00 65.75 29.54 15.31 14.72
2229 87.38 32.04 16.62 15.89 11.19
2230 87.44 69.82 40.98 12.24 12.13
2231 87.08 23.98 13.18 14.29 8.71
2232 87.30 63.39 24.43 15.26 13.26
2233 87.53 75.00 67.36 10.84 9.88
2234 87.49 72.39 59.72 12.06 12.44
2235 87.55 29.19 14.95 16.31 9.80
2236 87.70 40.53 15.91 16.02 10.89
2237 87.43 67.17 28.13 12.33 11.47
2238 87.52 47.91 15.50 16.69 9.19
2239 87.66 57.82 20.31 15.12 11.54
2240 87.41 46.86 17.00 14.00 11.13
2241 87.74 50.98 18.41 14.90 10.56
2242 87.92 34.42 15.16 17.56 10.91
2243 87.71 65.67 25.51 13.69 13.27
2244 87.83 43.31 16.10 14.87 9.94
2245 87.78 45.51 18.62 15.47 10.85
2246 87.70 60.00 20.05 14.53 11.37
2247 88.00 25.94 12.29 15.33 8.64
2248 88.06 49.03 17.21 14.23 10.24
2249 87.97 52.10 17.21 15.89 11.42
2250 88.19 53.73 17.30 15.19 10.89
2251 88.16 35.89 16.13 18.69 10.61
2252 88.22 59.36 19.62 14.37 12.02
2253 88.10 63.40 21.76 14.97 11.82
2254 88.35 67.30 24.71 12.02 12.19
2255 88.31 61.56 22.45 15.46 12.99
2256 88.59 47.40 16.22 15.24 10.20
2257 88.54 39.08 15.71 18.58 10.43
2258 88.41 32.99 16.05 17.78 9.35
2259 88.54 73.65 40.21 9.81 9.64
2260 88.54 42.96 16.48 16.66 10.23
2261 88.47 65.20 20.68 11.91 11.30
2262 88.61 56.55 17.50 15.64 11.32
2263 88.86 70.84 28.22 11.46 9.57
2264 88.84 28.54 14.23 18.58 10.18
2265 88.70 36.62 16.31 20.14 11.28
2266 88.93 41.64 14.78 16.81 10.84
2267 88.66 63.29 22.71 13.57 11.14
2268 88.83 30.01 13.88 19.12 11.12
2269 89.06 50.11 16.11 14.23 10.23
2270 89.02 45.55 15.98 15.90 11.11
2271 88.77 52.64 17.17 16.67 10.33
2272 88.87 37.63 16.70 19.60 11.60
2273 89.23 52.20 15.93 14.41 9.96
2274 89.44 63.28 22.72 13.59 11.21
2275 88.99 33.41 19.45 19.00 12.45
2276 89.36 35.01 13.64 23.51 9.97
2277 89.17 55.80 18.85 15.00 11.62
2278 89.22 60.93 19.97 15.60 11.62
2279 89.28 65.53 19.52 13.28 11.87
2280 89.40 57.98 17.95 14.84 12.75
2281 89.57 33.89 12.04 24.72 11.52
2282 89.99 36.94 14.13 28.84 10.28
2283 89.83 39.51 14.44 27.02 10.19
2284 89.58 32.16 12.55 20.64 10.47
2285 89.92 69.25 20.91 12.11 9.73
2286 89.89 44.15 14.93 21.11 9.13
2287 89.71 67.77 19.77 12.56 10.90
2288 89.47 29.31 13.88 19.88 9.00
2289 89.72 70.36 21.83 11.81 8.89
2290 89.74 27.53 13.88 18.71 8.78
2291 90.20 41.97 15.03 25.24 9.81
2292 90.04 46.84 17.19 16.96 9.59
2293 89.94 61.73 18.42 12.74 9.28
2294 89.94 57.02 17.35 15.94 10.85
2295 90.06 59.19 17.24 13.98 12.60
2296 90.00 31.08 12.31 21.06 10.22
2297 90.24 29.33 12.28 22.43 8.33
2298 90.37 65.32 19.24 12.58 9.20
2299 90.44 60.34 16.78 14.76 11.46
2300 90.57 63.01 17.60 14.27 9.48
2301 90.55 57.78 17.02 13.92 10.00
2302 90.55 27.86 11.11 22.78 8.58
2303 90.72 53.33 14.42 16.16 9.84
2304 90.70 30.98 10.92 20.96 7.84
2305 91.05 38.11 14.90 29.53 9.71
2306 91.26 46.06 13.35 33.60 9.52
2307 91.35 40.91 14.41 29.02 9.53
2308 91.23 48.88 14.36 22.62 8.46
2309 91.13 54.87 15.86 13.96 10.03
2310 91.01 66.69 14.81 11.78 8.72
2311 91.13 61.12 16.49 13.46 11.33
2312 91.44 51.90 13.70 20.69 10.24
2313 91.57 65.92 15.24 12.50 8.88
2314 91.42 43.21 13.80 23.18 9.31
2315 91.62 28.17 11.55 24.69 8.08
2316 91.31 31.40 14.52 25.44 7.84
2317 91.57 62.60 15.47 11.85 9.70
2318 91.37 68.16 13.84 11.12 8.96
2319 91.55 29.94 11.74 25.52 8.80
2320 91.94 36.33 14.48 35.24 10.13
2321 92.57 54.88 14.22 17.77 9.48
2322 92.31 39.19 14.20 32.68 9.14
2323 92.36 33.69 13.18 33.83 8.87
2324 92.40 48.15 13.63 26.24 10.61
2325 92.13 53.56 13.24 18.01 9.50
2326 92.12 31.33 12.74 29.23 8.18
2327 92.39 50.06 12.11 22.61 9.19
2328 92.73 61.83 14.65 13.00 8.39
2329 92.41 51.31 13.41 22.20 8.46
2330 92.50 44.36 13.16 26.35 8.70
2331 92.66 42.07 13.47 22.10 8.34
2332 92.58 58.30 14.24 19.82 10.14
2333 92.72 47.01 13.03 27.91 10.31
2334 92.54 29.96 10.61 23.27 8.68
2335 92.58 32.25 12.86 32.83 8.78
2336 92.69 64.65 14.20 11.98 7.98
2337 92.79 45.52 14.96 27.67 8.31
2338 93.04 31.04 10.52 26.08 8.32
2339 93.06 50.97 12.00 23.60 9.80
2340 93.33 37.73 11.94 29.67 9.25
2341 93.56 41.08 13.33 21.65 8.27
2342 93.73 46.40 14.24 24.05 8.88
2343 93.63 51.56 14.11 24.40 9.15
2344 93.79 34.95 12.07 31.91 7.83
2345 93.72 60.79 14.80 16.70 9.02
2346 93.72 54.54 14.09 18.09 9.23
2347 93.68 63.21 12.46 11.46 7.43
2348 94.52 52.74 12.61 22.48 8.12
2349 94.14 56.51 14.17 18.17 9.59
2350 94.18 32.76 10.94 25.67 6.69
2351 94.16 49.45 11.56 20.76 9.27
2352 94.71 42.83 12.38 26.50 10.10
2353 94.45 40.01 10.68 24.87 9.71
2354 94.97 55.25 12.49 16.52 8.38
2355 94.63 60.56 11.17 16.38 7.46
2356 94.76 45.29 11.85 19.26 8.33
2357 95.12 50.59 14.22 24.09 8.26
2358 94.98 38.75 11.79 34.10 8.23
2359 94.91 33.96 10.02 24.52 6.90
2360 94.89 35.64 10.33 25.27 7.94
2361 95.01 46.80 12.14 22.64 8.55
2362 95.30 48.53 13.17 23.99 9.54
2363 95.41 58.07 10.79 16.89 6.61
2364 95.35 36.74 12.47 27.87 8.97
2365 95.60 41.72 11.30 28.32 8.23
2366 95.59 44.66 11.47 19.83 8.53
2367 95.66 53.47 13.93 18.07 8.25
2368 95.65 57.25 10.64 16.14 7.14
2369 95.98 51.39 13.53 23.31 8.19
2370 96.02 55.30 13.64 13.82 6.18
2371 96.47 48.66 12.30 21.55 9.14
2372 96.23 53.66 13.35 16.76 6.76
2373 96.84 39.22 10.73 30.33 7.03
2374 96.59 37.71 9.75 30.47 7.90
2375 96.59 50.98 12.26 19.98 7.88
2376 96.68 55.62 10.67 16.71 6.31
2377 96.85 53.23 12.22 17.88 6.76
2378 96.87 54.45 13.13 16.17 6.43
2379 97.02 42.60 11.55 16.37 8.32
2380 97.85 43.93 9.55 15.84 7.61
2381 97.52 47.45 10.10 21.87 7.90
2382 97.76 45.98 9.67 22.29 7.00
2383 98.38 47.72 7.66 15.39 5.13

