#<Embryo name> <Cleavage cycle> <Temporal class> <Genes>
nk5 14A 8 even-skipped Kruppel giant

#Quantitative data
#<Nucleus number> <A-P coordinate> <D-V coordinate> <Fluorescence intensity: channel 1 - eve, channel 2 - Kr, channel 3 - gt>
0 2.14 46.22 8.45 9.28 8.43
1 2.29 48.35 9.36 9.92 6.20
2 2.36 49.56 8.81 8.42 6.62
3 2.80 42.32 9.07 9.86 23.09
4 2.61 45.07 8.61 7.84 10.26
5 3.49 50.83 8.80 10.90 7.21
6 3.39 48.07 9.78 10.63 10.06
7 3.57 44.95 9.62 10.45 14.67
8 3.37 43.89 9.88 9.88 17.38
9 4.41 46.77 9.87 11.31 26.48
10 4.20 37.90 10.04 12.90 36.42
11 4.22 41.89 9.05 10.96 26.20
12 4.49 52.88 9.91 11.54 7.57
13 4.91 49.88 10.67 11.65 14.69
14 5.17 44.18 10.00 11.93 30.87
15 5.19 39.88 10.50 12.64 37.19
16 5.14 36.13 10.32 12.42 36.74
17 5.35 37.39 9.43 14.30 39.90
18 5.44 51.64 10.00 13.00 12.13
19 5.70 33.78 8.34 14.34 30.19
20 5.83 57.29 9.12 13.04 6.24
21 5.96 46.97 10.24 14.77 31.20
22 6.19 41.91 9.55 13.88 37.21
23 6.16 54.78 10.17 13.27 6.87
24 6.11 34.87 10.09 13.70 29.70
25 5.95 36.74 10.24 12.52 39.70
26 6.41 49.94 10.37 13.81 24.17
27 6.21 52.04 10.38 13.71 11.00
28 6.54 38.78 11.42 15.17 37.67
29 6.52 43.82 11.24 16.10 32.90
30 6.87 44.88 11.36 17.48 30.60
31 6.71 57.03 10.04 14.15 8.30
32 7.20 35.73 11.01 18.06 21.93
33 7.23 33.31 11.09 17.14 20.14
34 7.10 60.06 9.04 13.72 6.63
35 7.36 47.74 11.81 17.78 29.39
36 7.60 41.04 11.68 20.30 28.95
37 7.12 61.79 8.38 13.15 6.00
38 7.36 55.64 9.41 15.59 8.94
39 7.29 56.84 11.42 16.42 7.46
40 7.73 54.44 10.32 15.39 9.49
41 7.77 51.86 11.01 16.64 11.33
42 7.61 37.27 12.80 17.49 24.51
43 8.00 43.70 10.69 20.63 21.93
44 7.66 61.39 8.84 14.53 7.22
45 8.06 38.63 12.60 23.25 22.40
46 8.37 31.65 10.77 20.31 10.12
47 7.94 59.14 13.69 15.78 7.80
48 8.50 46.45 11.74 20.62 20.25
49 8.16 57.15 10.76 20.29 8.04
50 8.48 49.67 11.94 20.70 13.51
51 8.65 29.60 11.10 18.65 8.06
52 8.70 34.19 11.94 21.17 10.68
53 8.59 59.81 10.03 14.95 8.71
54 8.90 37.11 11.63 23.30 12.95
55 9.06 54.64 11.85 19.60 10.76
56 8.96 41.94 12.60 22.83 19.83
57 8.94 56.92 11.85 21.35 7.94
58 9.03 35.86 10.46 23.67 13.00
59 9.24 52.35 12.21 21.44 12.73
60 9.25 39.47 14.06 22.41 12.32
61 9.22 62.49 11.62 13.70 8.50
62 9.49 44.87 12.64 26.21 12.03
63 9.53 59.71 11.27 14.87 8.31
64 9.69 31.36 11.28 21.57 8.47
65 10.04 47.22 13.56 22.62 12.54
66 10.03 49.83 12.84 26.79 10.56
67 10.04 29.11 10.43 20.85 7.82
68 9.92 32.93 11.66 20.12 8.71
69 10.07 42.51 13.73 28.48 11.77
70 10.28 34.75 12.76 23.35 10.20
71 10.14 37.67 13.25 25.08 9.89
72 10.19 57.41 12.62 20.51 9.98
73 10.50 54.93 12.79 24.43 11.42
74 10.40 61.76 12.75 15.70 10.22
75 10.55 40.45 12.92 24.94 10.77
76 10.83 64.16 12.56 13.95 14.87
77 10.51 43.51 12.43 24.77 12.10
78 10.81 52.67 13.31 26.98 11.54
79 10.73 30.99 11.57 24.13 8.43
80 11.21 45.25 13.48 32.05 11.44
81 11.05 36.06 13.26 24.93 11.07
82 10.93 56.72 11.83 20.87 8.78
83 11.14 59.38 12.40 17.78 10.48
84 11.34 28.36 11.52 22.20 9.35
85 11.45 33.12 12.48 26.39 9.97
86 11.45 48.01 13.89 31.57 10.69
87 11.55 38.98 13.62 32.10 11.50
88 11.62 42.59 13.19 29.42 11.93
89 11.80 50.73 14.06 30.83 12.04
90 11.71 61.39 13.62 16.18 12.68
91 11.67 37.00 13.30 26.50 10.91
92 11.83 55.56 13.14 25.68 13.18
93 11.77 58.06 12.56 20.90 12.95
94 11.66 63.20 11.00 16.92 14.83
95 12.13 34.84 13.75 25.91 11.93
96 12.49 53.26 13.84 29.95 12.73
97 12.20 29.72 13.47 22.96 9.32
98 12.33 63.68 13.09 14.43 13.62
99 12.43 26.95 11.05 23.18 9.49
100 12.62 40.71 13.40 34.41 12.65
101 12.78 46.24 14.44 37.53 14.75
102 12.47 65.96 12.12 13.41 17.70
103 12.39 60.36 12.56 16.78 11.09
104 12.90 68.71 11.01 11.51 21.75
105 12.64 31.16 11.54 24.13 10.21
106 12.85 43.89 14.32 35.70 14.37
107 12.49 56.17 13.00 24.67 12.24
108 12.57 57.84 11.75 21.25 12.00
109 13.06 48.48 14.15 36.07 15.57
110 13.12 37.66 14.42 30.85 12.35
111 13.23 33.71 11.96 26.60 12.61
112 13.31 59.74 13.95 18.91 14.17
113 13.44 50.80 15.01 34.42 18.88
114 13.18 62.38 12.87 15.78 16.31
115 13.72 54.84 14.29 34.51 20.26
116 13.62 57.28 13.44 25.82 17.93
117 13.65 65.92 12.84 12.50 27.10
118 13.80 28.81 11.95 22.83 12.71
119 13.81 25.94 12.23 25.37 11.61
120 13.90 40.35 14.13 37.55 16.13
121 13.92 31.18 13.83 25.21 12.31
122 13.80 63.25 14.89 13.72 16.14
123 14.07 43.05 13.41 38.74 19.37
124 14.35 52.28 15.56 33.59 26.72
125 14.37 35.86 13.64 26.08 16.25
126 14.43 45.89 13.72 34.26 26.06
127 14.32 68.53 13.67 12.00 20.55
128 14.31 61.95 11.78 15.58 18.61
129 14.57 48.87 14.18 32.40 29.50
130 14.69 38.26 13.57 34.08 18.20
131 14.70 58.76 12.70 21.02 21.94
132 14.84 60.83 13.41 18.44 19.93
133 14.89 64.98 12.90 13.16 20.48
134 14.83 33.34 13.67 26.90 17.44
135 14.72 23.58 10.07 17.83 15.52
136 14.85 70.93 13.36 10.60 19.46
137 14.89 67.34 12.08 11.90 19.02
138 14.96 25.15 10.27 19.12 17.57
139 15.15 56.18 13.86 28.41 32.15
140 15.24 41.11 13.75 37.53 30.38
141 15.22 26.98 13.09 23.56 20.09
142 15.26 31.21 11.64 25.12 16.54
143 15.19 29.56 14.02 27.20 19.25
144 15.45 62.97 13.19 15.13 23.39
145 15.37 43.65 14.26 37.29 40.35
146 15.65 53.34 13.71 34.72 49.09
147 15.74 50.47 14.67 30.29 54.65
148 15.75 47.57 14.47 37.64 63.52
149 15.78 69.03 12.88 12.78 27.37
150 15.78 35.22 14.36 32.97 26.76
151 15.93 23.87 10.35 17.59 34.86
152 16.13 39.15 13.11 32.26 40.98
153 16.12 58.62 14.13 23.90 35.01
154 16.25 71.46 12.60 11.17 20.66
155 16.40 45.02 13.91 29.52 75.57
156 16.31 66.68 13.49 13.43 25.12
157 16.46 61.26 13.84 16.32 32.28
158 16.32 29.69 13.23 24.60 29.77
159 16.29 32.85 13.62 26.30 26.90
160 16.72 37.16 12.69 29.45 45.16
161 16.52 26.42 11.84 21.45 37.86
162 16.67 64.28 13.34 14.08 25.27
163 16.69 42.22 14.38 29.65 74.30
164 16.57 56.00 14.92 26.97 59.46
165 16.98 73.77 11.05 10.40 18.62
166 17.21 51.59 14.10 25.54 119.53
167 17.21 49.13 14.67 24.87 122.59
168 17.32 46.71 14.73 26.61 127.98
169 17.24 53.98 14.58 29.60 85.84
170 17.18 69.61 13.22 11.80 24.39
171 17.37 23.24 10.78 13.43 69.53
172 17.36 32.03 13.13 28.06 50.39
173 17.48 34.91 13.29 25.05 58.43
174 17.51 28.80 13.08 20.06 53.34
175 17.35 72.64 14.57 11.67 20.76
176 17.60 40.54 13.70 23.72 97.07
177 17.66 59.60 14.05 17.23 48.49
178 17.92 57.17 13.60 19.15 68.11
179 17.77 62.59 13.42 13.65 33.59
180 17.87 65.72 12.64 13.17 28.38
181 17.97 26.03 12.08 17.76 78.87
182 18.04 43.98 14.80 26.07 131.22
183 18.04 76.01 12.21 10.76 20.93
184 18.13 70.99 14.08 12.76 26.45
185 18.28 38.48 13.41 23.18 104.06
186 18.55 73.64 14.25 12.59 25.79
187 18.54 30.92 13.24 22.13 87.62
188 18.61 50.16 15.38 20.05 146.78
189 18.66 52.77 14.07 24.69 125.85
190 18.47 68.04 14.44 12.60 32.07
191 18.79 36.44 14.39 21.42 106.76
192 18.59 47.42 15.31 20.40 155.41
193 18.52 55.04 15.06 20.44 103.00
194 18.94 33.60 14.37 24.07 103.54
195 18.76 22.18 10.57 11.51 87.70
196 18.92 41.56 14.62 24.25 152.25
197 19.01 28.57 11.90 17.94 103.34
198 18.88 60.74 14.03 15.63 46.11
199 19.04 63.36 15.27 14.27 39.32
200 19.22 24.27 11.83 15.29 112.16
201 19.36 45.72 14.72 18.55 154.52
202 19.11 55.90 14.84 17.98 94.84
203 19.39 58.33 15.10 15.92 67.63
204 19.41 65.54 15.50 14.68 36.50
205 19.51 20.37 9.74 10.42 113.91
206 19.54 76.12 13.64 11.47 27.51
207 19.44 26.46 13.15 17.44 124.14
208 19.83 43.39 15.06 22.81 161.20
209 19.61 70.60 14.38 12.73 29.34
210 19.84 39.70 15.83 20.60 151.84
211 19.86 48.63 14.73 19.62 157.08
212 19.75 67.88 14.19 14.25 35.22
213 19.87 31.10 12.55 19.03 124.11
214 19.93 51.27 14.29 19.16 143.89
215 19.92 72.89 13.68 12.66 31.66
216 20.11 35.96 13.93 20.13 140.17
217 20.05 54.10 14.19 17.44 121.87
218 20.15 61.06 14.43 14.74 54.54
219 20.40 56.51 15.37 16.09 96.78
220 20.47 22.52 11.26 10.89 115.42
221 20.05 26.86 11.62 16.75 113.71
222 20.54 33.39 13.24 18.25 150.27
223 20.75 38.42 15.05 19.05 160.03
224 20.59 63.38 14.41 15.13 50.89
225 20.88 28.17 12.57 14.65 130.70
226 20.80 19.50 10.48 11.35 115.16
227 20.84 45.17 16.25 17.55 175.06
228 20.91 25.47 12.03 14.39 129.62
229 21.02 42.07 14.78 17.21 166.97
230 20.94 58.82 15.80 15.80 74.76
231 21.07 47.75 16.09 17.54 155.86
232 21.06 70.84 15.07 13.64 36.90
233 21.02 74.21 15.01 12.82 39.67
234 21.05 76.80 14.59 11.71 32.79
235 21.04 65.48 14.26 14.99 37.92
236 20.91 67.86 13.70 13.23 40.46
237 21.11 79.30 13.96 11.65 31.12
238 21.20 52.66 16.17 17.39 141.20
239 21.30 50.34 14.89 17.24 139.10
240 21.18 30.65 13.10 17.37 146.81
241 21.55 17.03 9.57 8.52 84.51
242 21.56 35.07 14.27 17.46 161.99
243 21.62 54.86 15.12 16.65 102.01
244 21.63 60.91 14.62 15.81 62.00
245 21.92 40.19 15.31 18.10 166.47
246 21.99 37.38 15.00 15.59 163.17
247 21.84 21.49 11.47 10.80 118.36
248 21.91 56.88 15.61 16.32 80.95
249 21.94 63.22 15.90 15.69 56.16
250 22.13 24.12 12.13 12.63 139.25
251 22.17 44.26 16.17 17.07 155.36
252 22.32 32.32 14.40 15.65 141.02
253 22.18 46.67 16.48 16.99 160.74
254 22.04 67.96 15.91 13.29 45.65
255 22.32 75.93 17.28 12.50 47.77
256 22.42 19.24 11.26 10.23 102.72
257 22.41 29.52 13.76 14.97 134.21
258 22.28 73.20 15.84 13.77 43.16
259 22.51 58.75 15.84 15.54 70.41
260 22.63 26.90 12.76 13.41 123.94
261 22.51 65.55 15.22 15.67 52.12
262 22.58 49.57 14.99 17.32 130.92
263 22.51 70.50 15.74 14.42 49.60
264 22.39 78.83 15.22 12.85 40.69
265 22.49 52.77 14.91 16.63 111.88
266 22.81 42.52 14.61 17.23 167.89
267 22.91 34.68 14.43 16.08 135.84
268 23.05 60.87 15.72 15.90 71.28
269 23.16 16.94 10.52 9.37 75.87
270 23.18 38.50 14.33 15.62 150.06
271 23.14 56.10 15.50 16.77 72.76
272 23.24 21.98 12.79 12.33 105.84
273 23.27 63.22 17.64 16.01 65.80
274 23.61 40.69 15.86 15.66 151.34
275 23.27 67.98 16.57 14.68 50.27
276 23.32 46.94 16.57 16.52 129.06
277 23.54 77.32 19.70 13.15 58.30
278 23.55 80.08 18.08 12.66 56.01
279 23.49 72.16 19.32 14.94 56.90
280 23.76 54.19 16.86 17.44 105.91
281 23.60 74.52 20.15 13.75 57.85
282 23.71 24.75 12.34 13.82 106.88
283 23.77 31.44 14.60 14.69 119.99
284 23.73 51.80 15.91 17.79 111.97
285 23.77 29.05 13.37 14.71 120.36
286 23.88 36.49 14.71 16.36 136.74
287 23.80 44.91 16.73 17.34 138.74
288 23.81 49.21 17.33 17.66 113.35
289 23.91 19.98 11.23 10.74 89.21
290 23.85 58.28 16.55 16.46 77.47
291 23.93 65.34 17.24 15.43 69.08
292 24.10 70.15 19.29 14.83 60.47
293 24.31 34.08 15.83 14.94 137.94
294 24.29 42.86 15.59 17.63 140.01
295 24.62 27.31 14.68 12.78 125.34
296 24.29 60.52 17.14 17.09 77.16
297 24.52 17.73 11.54 9.06 78.63
298 24.45 82.08 23.63 12.77 62.77
299 24.35 67.60 20.05 16.25 64.19
300 24.54 56.34 17.38 17.58 77.25
301 24.66 39.14 15.04 16.60 123.94
302 24.62 62.94 18.77 16.13 79.48
303 24.87 15.04 10.23 8.85 74.89
304 24.78 22.72 12.24 12.03 98.71
305 24.69 47.06 16.44 16.79 112.81
306 24.71 76.08 28.91 14.24 64.97
307 24.75 72.55 24.11 14.22 68.76
308 24.97 50.08 16.68 18.16 104.04
309 24.95 52.54 17.03 17.38 95.64
310 24.91 79.21 33.12 13.70 81.45
311 25.17 30.02 13.75 13.18 106.89
312 25.25 32.32 14.55 14.92 110.64
313 25.26 44.24 16.48 17.47 120.46
314 25.32 58.29 17.92 17.32 93.62
315 25.38 25.33 12.91 12.65 97.26
316 25.26 36.96 15.91 17.08 130.97
317 25.41 41.38 16.86 17.63 121.48
318 25.39 54.49 17.68 17.96 99.63
319 25.23 65.40 20.53 16.22 77.55
320 25.23 68.45 23.06 15.44 73.76
321 25.40 20.48 11.99 10.75 93.75
322 25.37 60.67 19.15 16.68 87.07
323 25.60 74.25 54.26 15.38 94.87
324 25.66 70.32 37.34 15.62 86.89
325 25.69 34.77 15.73 16.69 110.36
326 25.81 46.32 17.32 17.42 105.22
327 25.90 48.45 17.97 17.97 105.27
328 25.81 17.83 11.84 9.87 81.70
329 25.88 82.06 66.12 13.73 95.39
330 26.00 56.27 18.71 18.53 94.09
331 25.87 62.54 21.63 15.33 77.00
332 26.14 28.44 13.52 13.85 88.56
333 26.10 39.09 16.45 17.52 110.85
334 26.25 76.71 118.43 14.63 84.15
335 26.14 79.42 90.81 14.14 98.41
336 26.18 51.09 19.44 18.71 103.27
337 26.22 67.02 32.85 17.08 84.96
338 26.36 71.76 105.60 16.36 81.47
339 26.40 23.50 14.25 12.81 92.54
340 26.38 64.60 27.32 17.51 88.19
341 26.46 14.99 12.13 9.10 75.87
342 26.56 52.99 18.65 17.09 104.59
343 26.41 59.83 24.06 17.69 103.73
344 26.53 31.19 15.68 14.83 102.86
345 26.44 44.24 17.89 18.20 117.22
346 26.68 33.65 14.98 15.39 94.46
347 26.70 36.66 16.31 16.66 106.96
348 26.68 26.34 14.94 13.90 104.42
349 26.64 41.45 16.90 17.08 97.04
350 26.74 20.78 13.04 12.02 96.49
351 26.89 57.72 24.79 19.08 108.16
352 27.14 83.79 98.84 14.76 126.94
353 27.04 68.90 120.78 16.55 96.16
354 26.91 17.61 12.24 10.20 89.28
355 26.95 55.14 22.39 17.95 98.47
356 27.03 73.68 164.23 16.33 108.71
357 27.09 46.17 19.12 18.35 101.31
358 26.97 62.17 35.25 18.36 111.47
359 27.04 49.00 19.70 17.86 118.16
360 27.34 81.22 134.20 15.52 121.54
361 27.36 38.77 17.71 17.68 94.97
362 27.41 79.03 145.50 15.41 143.91
363 27.63 30.38 15.58 14.98 102.52
364 27.44 43.05 19.13 18.48 117.96
365 27.64 51.01 23.71 19.77 126.10
366 27.50 66.44 124.83 17.14 116.68
367 27.49 64.24 101.94 20.42 132.11
368 27.64 12.95 13.14 8.90 71.22
369 27.68 27.92 17.66 13.92 92.99
370 27.61 60.02 36.97 19.03 124.64
371 27.75 35.19 18.30 15.12 107.04
372 27.75 70.94 197.26 17.03 110.94
373 27.71 75.78 180.42 17.39 120.39
374 27.74 53.27 23.88 19.07 121.85
375 27.99 23.06 16.11 12.07 101.60
376 27.95 25.36 16.33 12.52 99.67
377 27.78 15.58 14.70 9.20 82.65
378 27.91 32.89 17.08 15.51 102.32
379 27.92 40.67 20.10 18.91 110.78
380 27.88 20.15 15.51 11.85 94.24
381 27.97 47.73 20.42 19.78 116.26
382 27.91 55.94 31.75 18.60 115.92
383 28.05 77.92 150.45 15.51 104.28
384 28.17 58.01 45.48 19.75 140.94
385 28.18 61.89 119.22 19.46 157.12
386 28.31 37.12 18.86 17.35 108.73
387 28.34 45.41 22.64 18.03 119.55
388 28.45 68.75 201.24 19.60 133.00
389 28.38 73.23 193.35 17.19 140.81
390 28.47 42.63 22.98 18.62 121.82
391 28.73 49.65 29.32 19.52 124.72
392 28.70 63.97 196.96 20.73 149.16
393 28.56 83.99 57.49 13.97 116.20
394 28.72 17.52 20.06 10.59 100.01
395 28.78 29.51 20.29 14.75 112.11
396 28.80 39.19 20.93 17.64 109.70
397 28.70 54.28 39.68 19.65 128.16
398 28.78 66.43 197.14 19.79 151.40
399 28.73 80.65 80.95 15.05 130.66
400 28.91 51.87 34.51 20.46 127.73
401 29.06 11.85 36.47 9.29 90.41
402 28.94 14.75 25.05 9.82 95.20
403 28.95 76.09 152.17 16.14 135.00
404 29.09 27.42 22.29 13.57 109.93
405 28.97 31.75 21.01 14.96 118.00
406 29.06 34.41 21.60 16.21 123.49
407 29.04 59.70 159.84 20.53 163.06
408 28.89 47.64 28.02 18.19 119.21
409 29.06 20.56 22.64 12.30 114.31
410 29.15 56.40 115.48 20.22 162.10
411 29.26 70.58 156.16 20.10 167.64
412 29.42 43.80 28.01 19.31 141.16
413 29.52 22.87 26.21 12.90 111.48
414 29.45 41.39 25.52 19.63 131.69
415 29.47 61.88 208.54 20.60 180.89
416 29.68 25.66 32.36 13.60 118.14
417 29.66 78.18 96.33 17.06 147.85
418 29.49 36.69 24.40 17.88 128.63
419 29.47 73.51 130.00 18.20 160.23
420 29.61 46.04 32.79 20.19 135.35
421 29.74 83.45 42.13 14.79 133.86
422 29.82 67.60 194.12 18.96 170.72
423 29.84 48.57 56.14 20.66 128.06
424 29.70 53.80 85.98 20.64 147.53
425 29.94 57.87 220.82 22.23 191.71
426 29.79 64.78 188.16 20.64 172.86
427 29.94 16.76 52.00 10.91 115.25
428 29.92 38.96 28.90 17.96 130.73
429 29.93 51.02 81.95 19.66 146.25
430 29.99 30.05 38.15 15.33 128.38
431 30.20 13.75 115.80 11.27 136.14
432 30.12 32.38 35.86 16.00 132.38
433 30.29 80.75 50.15 17.34 146.82
434 30.24 20.20 75.77 13.08 146.81
435 30.36 75.74 75.31 17.84 151.77
436 30.34 34.56 36.25 16.33 129.56
437 30.43 60.10 194.64 23.13 183.47
438 30.38 55.58 196.90 21.28 153.95
439 30.56 87.02 25.75 15.32 87.31
440 30.48 72.88 86.99 19.48 163.67
441 30.44 70.18 119.83 20.59 178.23
442 30.70 11.36 104.92 9.26 111.02
443 30.63 24.29 121.06 14.02 147.30
444 30.65 28.35 104.22 15.26 144.30
445 30.47 41.23 43.06 19.54 136.64
446 30.44 43.91 43.92 20.02 133.15
447 30.51 62.70 177.57 23.23 200.51
448 30.69 36.67 45.58 16.72 138.77
449 30.65 46.68 85.33 20.30 158.99
450 30.74 53.34 198.00 21.39 187.67
451 30.81 65.22 144.44 20.00 210.11
452 30.77 49.26 172.59 20.95 138.71
453 30.87 84.42 29.31 14.81 98.14
454 30.96 18.03 128.29 13.39 156.08
455 30.97 67.60 89.59 21.09 188.45
456 30.99 38.83 51.75 17.89 138.02
457 31.16 51.30 217.64 22.49 191.43
458 31.26 22.41 144.76 14.38 171.51
459 31.21 26.32 158.27 16.19 166.18
460 31.11 57.58 213.59 22.38 208.45
461 31.23 77.86 50.49 18.17 135.47
462 31.31 30.85 140.32 17.09 166.04
463 31.33 15.36 120.42 10.86 147.48
464 31.26 33.04 133.00 17.63 140.91
465 31.24 42.72 98.27 20.27 153.07
466 31.55 44.72 186.59 21.62 183.65
467 31.53 40.76 147.80 20.27 178.08
468 31.50 61.89 125.96 22.62 219.56
469 31.60 71.72 65.24 21.22 160.06
470 31.65 82.18 31.73 17.71 103.14
471 31.59 55.32 206.18 24.25 221.96
472 31.63 74.66 53.30 19.05 147.79
473 31.79 20.08 148.54 12.59 188.49
474 31.65 59.35 153.11 22.05 225.93
475 31.85 34.84 194.23 18.98 175.38
476 31.70 47.31 198.24 22.59 194.10
477 31.77 69.29 66.97 21.47 168.73
478 31.85 12.89 91.38 10.47 133.25
479 31.87 88.17 26.40 17.07 46.60
480 31.88 37.25 182.82 20.28 172.90
481 31.92 49.37 224.23 22.49 194.23
482 32.11 10.33 79.49 9.06 109.36
483 31.87 64.36 72.75 22.34 203.58
484 31.91 53.09 219.03 24.00 201.74
485 32.03 84.80 29.81 18.21 85.72
486 32.01 29.10 165.21 16.85 177.51
487 32.11 79.43 33.64 18.17 109.22
488 32.41 24.21 150.38 16.42 183.67
489 32.27 66.92 55.53 21.91 168.42
490 32.30 86.21 35.04 18.21 83.53
491 32.42 17.55 109.68 13.16 173.94
492 32.35 56.94 168.31 23.41 217.79
493 32.49 39.46 201.38 20.35 192.10
494 32.36 26.60 165.82 16.25 209.86
495 32.44 32.33 192.83 18.79 196.20
496 32.46 42.32 199.83 21.71 200.06
497 32.45 51.37 217.44 26.49 221.70
498 32.56 60.31 100.57 23.31 220.45
499 32.53 45.72 202.32 24.36 197.13
500 32.87 75.97 32.68 19.67 107.12
501 32.82 15.00 94.82 11.90 168.12
502 32.86 21.86 147.30 14.78 193.83
503 32.78 62.56 61.15 24.10 198.56
504 32.75 73.20 35.74 21.20 133.86
505 32.82 47.79 204.71 24.00 222.67
506 32.82 54.22 143.01 23.75 217.76
507 32.91 36.27 191.88 20.11 213.06
508 32.94 69.90 36.36 22.99 147.01
509 33.16 81.79 35.80 19.11 81.83
510 33.28 30.45 175.89 19.78 207.14
511 33.09 64.92 42.46 23.49 171.87
512 33.22 28.24 159.45 17.27 201.55
513 33.17 44.04 197.91 21.80 224.29
514 33.22 58.34 74.38 23.00 205.20
515 33.26 12.41 62.54 10.67 149.38
516 33.31 34.29 193.18 20.41 214.66
517 33.18 87.52 58.37 18.93 44.93
518 33.31 19.67 107.77 13.63 186.35
519 33.36 50.04 164.18 23.77 226.68
520 33.35 78.67 32.32 19.86 97.05
521 33.42 84.22 51.27 21.06 64.90
522 33.48 38.43 187.91 21.99 220.70
523 33.49 56.03 78.69 25.06 209.68
524 33.57 67.16 35.33 24.00 145.19
525 33.58 52.03 124.50 25.46 220.79
526 33.60 25.76 111.50 16.62 192.54
527 33.56 40.79 181.14 21.24 190.81
528 33.72 45.86 130.22 23.29 226.52
529 33.92 9.89 34.37 9.22 102.00
530 33.75 72.07 35.44 22.66 122.54
531 33.88 32.44 137.64 20.31 212.82
532 33.83 60.52 42.67 24.04 190.20
533 33.78 48.09 151.98 25.12 220.61
534 33.97 17.42 71.57 13.08 178.17
535 33.95 42.67 145.75 24.05 212.17
536 34.03 23.24 84.88 15.68 198.51
537 34.11 53.78 70.69 26.16 223.51
538 34.00 62.80 37.41 25.38 177.29
539 34.13 36.33 138.60 22.03 218.43
540 34.45 14.81 47.47 11.98 156.54
541 34.22 69.14 29.11 24.89 120.59
542 34.52 74.45 33.57 22.50 82.83
543 34.38 76.93 39.05 24.14 86.69
544 34.51 86.34 125.03 22.18 33.90
545 34.44 57.47 37.20 23.29 196.89
546 34.47 64.75 33.59 24.64 157.19
547 34.42 27.88 84.63 18.67 214.60
548 34.75 89.55 100.23 23.12 20.06
549 34.58 20.43 51.70 14.10 171.51
550 34.53 79.81 52.44 22.27 64.32
551 34.63 82.45 98.38 21.39 39.94
552 34.69 30.24 90.56 18.89 199.63
553 34.56 39.06 107.28 22.64 204.04
554 34.54 49.47 79.98 24.59 224.00
555 34.75 12.28 32.41 11.70 135.91
556 34.91 34.36 67.80 19.13 206.96
557 34.83 44.06 75.00 24.76 215.48
558 34.80 46.88 68.94 25.03 226.35
559 34.87 41.31 93.82 23.11 216.23
560 34.91 55.61 36.20 25.28 200.29
561 34.83 59.50 35.96 26.37 183.32
562 34.99 66.74 30.10 26.57 124.37
563 35.04 25.43 59.65 16.25 198.95
564 35.01 51.24 43.90 24.73 211.22
565 34.87 71.42 34.86 23.66 91.45
566 35.25 32.25 61.56 19.78 201.22
567 35.16 62.20 30.21 25.10 152.36
568 35.31 36.90 71.52 22.06 212.76
569 35.29 17.76 34.94 12.42 160.83
570 35.31 22.95 43.09 16.44 181.32
571 35.26 53.51 36.29 25.19 193.16
572 35.68 9.83 18.65 11.01 114.95
573 35.59 68.91 34.40 25.55 95.03
574 35.61 77.85 110.46 25.25 51.72
575 35.70 27.93 47.51 18.16 198.76
576 35.72 48.71 37.70 24.88 198.92
577 35.74 39.30 55.01 23.67 205.90
578 35.77 64.27 31.43 28.10 118.29
579 35.80 72.53 58.93 28.71 74.15
580 35.85 83.70 139.74 24.28 25.36
581 35.86 46.13 39.09 25.41 193.14
582 35.84 57.90 32.19 27.87 147.48
583 35.81 60.25 31.56 28.44 156.26
584 35.99 87.39 127.09 27.51 20.18
585 35.69 91.69 58.26 24.43 12.53
586 36.02 74.93 76.07 27.21 64.61
587 35.99 81.42 154.86 27.40 31.41
588 35.89 85.16 135.97 26.90 24.79
589 36.04 15.34 22.76 13.52 138.11
590 36.01 20.39 29.81 14.34 158.54
591 36.10 30.34 46.44 20.41 186.39
592 35.95 43.89 43.77 24.31 210.68
593 36.15 41.36 44.12 24.69 207.04
594 36.14 12.65 21.04 12.55 119.12
595 36.15 52.35 32.13 27.11 176.49
596 36.20 55.21 31.56 26.79 151.29
597 36.27 34.85 38.49 21.22 192.96
598 36.54 89.73 92.22 32.48 15.30
599 36.36 66.57 36.99 27.14 90.31
600 36.50 25.67 34.12 18.47 178.61
601 36.47 61.98 35.91 29.71 121.13
602 36.61 32.73 34.64 21.29 183.95
603 36.58 50.10 33.38 26.28 152.97
604 36.58 69.78 81.78 32.72 70.03
605 36.53 23.00 28.65 17.43 161.47
606 36.58 36.88 38.19 23.04 193.17
607 36.86 79.43 166.34 31.62 32.48
608 36.78 18.03 24.63 14.48 143.97
609 36.88 47.68 32.24 29.30 174.55
610 36.94 92.35 45.48 34.21 10.02
611 37.09 76.61 162.93 30.05 35.78
612 37.06 39.02 35.14 23.21 193.95
613 37.05 42.96 32.26 24.77 184.12
614 37.01 57.00 39.32 29.35 127.25
615 37.02 59.52 41.40 30.41 115.17
616 36.90 64.13 43.39 29.05 88.54
617 37.06 72.19 165.21 33.86 43.42
618 37.03 28.14 28.56 18.73 169.98
619 37.02 45.37 32.93 25.43 175.69
620 37.13 84.05 134.81 32.08 21.97
621 37.21 9.70 15.90 11.15 78.77
622 37.19 54.28 40.59 28.41 117.19
623 37.30 30.77 28.89 20.95 158.57
624 37.40 12.40 18.37 13.68 106.22
625 37.39 51.92 39.46 27.64 135.14
626 37.54 87.34 102.38 33.01 16.34
627 37.53 21.16 21.15 15.29 127.92
628 37.51 40.85 30.85 24.79 139.61
629 37.76 74.19 175.38 38.72 35.85
630 37.63 15.51 18.28 14.43 100.07
631 37.60 24.17 24.25 18.23 138.02
632 37.44 66.25 79.70 31.32 66.82
633 37.74 34.50 30.77 24.02 154.80
634 37.66 69.19 145.46 34.49 45.86
635 37.52 62.15 76.42 34.17 97.09
636 37.80 81.49 132.12 36.69 22.02
637 37.69 49.32 41.65 29.51 121.18
638 37.90 7.34 13.78 11.55 49.35
639 37.78 36.90 32.91 24.94 156.66
640 37.95 90.35 71.20 39.44 13.12
641 38.05 26.48 24.48 18.50 136.23
642 38.09 46.72 44.12 29.93 133.79
643 38.08 64.39 149.67 35.37 63.17
644 38.21 32.36 30.38 25.01 131.50
645 38.11 44.19 35.65 26.41 145.57
646 37.99 57.98 98.33 37.56 86.44
647 38.17 18.35 19.90 16.17 103.20
648 38.02 55.93 95.77 34.56 98.14
649 38.19 60.26 126.62 37.02 72.76
650 38.20 78.76 142.56 39.70 23.96
651 38.19 29.53 27.24 22.19 125.83
652 38.22 53.43 89.41 32.22 92.40
653 38.58 66.60 180.62 38.96 43.57
654 38.44 84.65 104.53 42.21 16.56
655 38.49 41.64 40.30 30.64 114.35
656 38.53 71.59 176.15 42.41 32.17
657 38.64 9.46 26.45 13.88 61.41
658 38.47 38.80 37.77 28.11 118.34
659 38.49 50.72 85.76 33.05 90.00
660 38.71 76.15 147.90 44.92 23.97
661 38.94 62.32 193.74 42.49 50.03
662 38.63 12.90 24.20 15.55 75.34
663 38.73 23.34 27.23 20.81 87.09
664 38.83 20.75 29.39 19.91 89.07
665 39.18 54.73 182.83 39.74 56.29
666 38.79 48.46 94.36 30.68 92.54
667 38.93 36.06 44.18 28.22 111.70
668 39.10 57.15 177.14 40.46 52.73
669 38.91 69.15 177.93 44.24 34.05
670 38.98 87.53 67.26 47.80 13.66
671 39.01 27.98 35.18 22.22 100.18
672 39.03 16.56 28.22 18.18 75.16
673 39.13 81.50 120.66 49.19 17.41
674 39.14 90.21 53.41 60.16 12.04
675 39.21 33.47 46.14 28.38 103.05
676 39.31 52.22 194.47 38.51 57.33
677 39.26 73.66 142.60 49.17 23.68
678 39.33 25.37 41.82 23.24 87.52
679 39.12 43.68 96.59 34.85 100.37
680 39.41 59.50 193.32 43.24 40.64
681 39.33 30.57 43.49 27.80 90.57
682 39.31 46.00 126.29 34.00 83.65
683 39.44 39.46 98.70 33.12 75.71
684 39.53 64.64 176.32 47.43 37.48
685 39.45 78.30 119.44 56.41 18.34
686 39.81 50.32 176.72 39.12 48.07
687 39.77 6.94 37.36 13.55 24.28
688 39.39 86.53 75.30 45.60 16.20
689 39.68 84.53 79.18 61.51 15.68
690 39.66 13.69 76.37 18.24 47.02
691 40.00 41.95 160.68 38.31 56.47
692 40.03 47.83 175.72 39.54 50.54
693 39.89 10.24 71.95 16.37 39.86
694 39.95 19.55 75.82 21.84 49.05
695 39.86 67.62 168.95 50.21 27.13
696 39.92 70.93 144.21 54.27 22.07
697 39.94 22.33 79.89 23.52 52.92
698 40.04 92.52 28.01 63.79 10.00
699 40.09 36.68 150.56 32.32 63.72
700 39.99 14.75 80.29 21.23 44.81
701 40.12 75.50 116.75 63.67 17.20
702 40.13 27.50 95.04 28.62 60.13
703 40.40 34.36 158.12 34.25 49.89
704 40.39 44.58 179.68 39.40 49.17
705 40.47 56.15 192.81 49.65 34.35
706 40.18 61.74 181.48 48.53 31.93
707 40.25 79.90 102.85 68.74 16.83
708 40.38 31.93 97.79 31.53 55.64
709 40.32 16.83 96.16 22.14 38.61
710 40.38 87.09 44.70 75.77 13.88
711 40.46 90.14 39.60 84.04 11.55
712 40.42 53.29 179.26 45.81 36.48
713 40.44 58.20 174.74 45.04 31.41
714 40.63 24.59 137.69 28.83 44.07
715 40.74 29.52 142.00 33.94 47.07
716 40.61 73.11 90.19 71.63 19.49
717 40.60 82.53 52.90 86.99 14.13
718 40.55 39.35 170.38 35.66 47.19
719 40.64 63.65 167.78 57.61 27.19
720 40.74 66.12 160.15 61.04 24.38
721 40.97 8.16 89.42 20.32 20.76
722 40.81 12.76 99.25 23.15 28.72
723 40.83 77.41 74.45 94.28 16.59
724 40.82 68.70 134.79 77.72 21.84
725 40.96 60.10 168.01 57.46 24.66
726 41.09 49.44 171.27 48.42 31.76
727 41.34 84.46 39.00 90.34 14.40
728 41.17 71.21 84.05 104.51 19.46
729 41.30 19.17 122.06 30.15 28.97
730 41.27 21.74 131.03 29.45 30.49
731 41.24 51.55 171.78 53.39 30.88
732 41.45 10.42 97.46 24.88 20.17
733 41.28 46.91 182.86 47.44 35.53
734 41.37 26.92 137.54 35.95 32.91
735 41.24 42.36 186.75 44.36 37.61
736 41.51 93.55 21.13 86.81 9.38
737 41.53 37.84 176.02 41.93 37.22
738 41.37 54.69 164.82 63.01 28.47
739 41.38 75.01 56.57 107.69 16.74
740 41.34 80.11 48.57 105.81 16.10
741 41.59 33.44 179.40 47.46 32.23
742 41.45 62.15 141.27 61.87 22.53
743 41.62 16.49 121.58 29.91 23.81
744 41.75 35.70 174.53 49.14 31.98
745 41.66 88.31 29.85 91.04 12.95
746 41.71 31.14 152.83 45.29 30.62
747 41.67 44.48 174.51 49.49 29.76
748 41.55 57.98 141.13 61.00 23.58
749 41.68 64.55 146.38 79.14 21.67
750 41.71 40.31 174.27 49.90 31.39
751 41.94 91.04 26.29 90.05 11.78
752 41.86 24.41 153.77 37.56 22.89
753 41.90 67.11 90.84 116.23 21.31
754 41.90 13.75 97.85 28.94 17.35
755 41.84 69.27 75.12 116.85 19.69
756 42.11 72.45 49.87 134.40 17.11
757 42.07 28.83 145.43 47.51 26.61
758 41.98 53.15 146.00 72.42 23.71
759 42.18 77.70 34.66 104.64 14.76
760 42.10 86.35 32.20 97.02 15.33
761 42.15 56.06 130.52 70.57 22.45
762 42.15 60.60 110.75 99.08 22.62
763 42.26 6.85 61.41 28.95 11.84
764 42.39 81.00 35.44 116.30 15.12
765 42.26 48.72 140.05 61.97 25.44
766 42.38 46.38 149.72 68.44 23.16
767 42.45 42.31 143.73 67.34 23.05
768 42.62 20.05 112.98 47.90 18.25
769 42.40 51.05 138.73 82.88 24.88
770 42.42 62.97 98.32 105.64 21.98
771 42.52 74.53 40.33 137.72 16.96
772 42.59 9.03 72.11 35.43 13.06
773 42.71 22.28 118.21 46.23 18.93
774 42.51 58.59 103.46 114.48 21.76
775 42.55 65.63 70.58 132.60 18.96
776 42.71 26.85 123.93 53.42 19.20
777 42.79 32.20 125.07 62.93 21.83
778 42.83 83.93 34.87 117.08 14.30
779 42.72 37.38 142.16 64.93 22.63
780 42.85 17.43 106.00 43.81 15.87
781 42.83 34.33 129.65 70.24 20.88
782 42.77 39.79 138.84 72.33 23.04
783 42.80 95.19 14.56 77.44 8.54
784 42.84 11.61 89.42 44.06 14.15
785 42.73 54.01 91.83 117.47 22.04
786 42.84 69.84 47.57 150.26 18.45
787 42.83 44.50 143.89 79.46 21.93
788 43.06 24.83 114.18 59.24 18.94
789 43.09 30.04 119.76 69.73 21.36
790 43.05 92.98 21.81 98.12 9.48
791 43.20 15.06 96.35 51.98 13.32
792 42.99 56.41 79.65 119.93 20.52
793 43.24 76.22 37.05 150.20 15.67
794 42.96 86.67 30.97 95.32 13.50
795 43.21 49.40 103.80 111.76 20.89
796 43.26 60.60 55.92 132.68 20.52
797 43.32 67.68 42.28 167.24 18.85
798 43.30 51.87 73.29 137.38 20.63
799 43.35 62.76 49.94 132.66 19.46
800 43.40 71.83 39.06 162.87 17.52
801 43.58 90.87 33.58 115.43 12.33
802 43.25 47.21 104.24 101.48 20.16
803 43.62 78.38 39.91 143.35 15.69
804 43.56 35.89 101.54 106.59 21.02
805 43.49 88.34 37.13 120.87 13.13
806 43.55 6.21 39.22 52.10 9.10
807 43.53 65.36 40.48 152.68 19.40
808 43.53 42.71 92.22 105.45 19.75
809 43.61 58.49 51.12 135.40 19.21
810 43.72 80.86 41.87 135.19 15.65
811 43.76 28.14 86.65 91.83 16.35
812 43.71 8.29 41.78 59.19 10.28
813 43.69 54.07 49.89 146.02 19.45
814 43.83 73.97 38.36 177.53 17.98
815 43.78 19.07 77.60 70.79 14.49
816 43.75 23.36 74.29 86.70 15.32
817 43.78 40.17 91.53 117.73 19.91
818 43.91 37.88 56.33 127.04 19.36
819 43.81 45.46 70.65 131.74 20.32
820 43.83 32.70 70.16 101.87 18.33
821 44.23 86.04 50.05 123.68 14.66
822 43.90 10.78 49.28 70.57 11.02
823 43.99 56.22 43.40 154.40 19.24
824 44.00 16.72 55.62 76.48 13.36
825 44.16 21.36 45.79 95.27 14.55
826 44.16 26.07 64.15 105.89 14.89
827 44.14 69.70 37.99 168.86 17.32
828 44.27 94.79 28.14 93.12 8.42
829 44.22 50.16 52.31 152.46 19.54
830 44.21 48.04 48.86 147.67 20.29
831 44.33 83.07 77.97 142.57 15.58
832 44.25 13.19 46.63 79.39 10.80
833 44.34 30.14 55.23 119.61 16.51
834 44.38 61.87 39.38 165.72 18.37
835 44.41 34.42 50.00 134.90 16.22
836 44.40 64.46 39.69 175.49 18.44
837 44.43 52.45 44.14 169.16 20.02
838 44.55 75.98 41.66 161.88 16.08
839 44.64 41.58 46.42 139.18 17.14
840 44.61 44.01 48.99 154.66 19.24
841 44.62 59.73 39.81 168.07 19.57
842 44.60 67.23 42.41 183.95 19.67
843 44.69 5.21 16.03 65.03 6.99
844 44.71 72.38 41.15 178.47 17.20
845 44.70 91.97 79.93 110.53 11.23
846 44.81 23.84 38.64 120.83 14.65
847 44.96 88.84 78.38 130.39 13.06
848 44.94 10.80 24.14 90.02 10.14
849 44.99 7.63 19.50 86.90 8.87
850 44.82 19.23 34.07 106.86 12.41
851 44.98 36.53 39.63 157.64 17.02
852 44.87 54.90 35.99 183.48 19.75
853 44.93 78.70 65.19 152.06 15.08
854 45.01 27.87 34.33 132.68 14.41
855 44.98 31.98 35.49 145.87 16.43
856 44.96 39.00 40.45 153.06 17.42
857 44.91 46.62 39.56 164.71 20.39
858 44.92 57.53 39.74 177.31 19.21
859 45.03 16.29 30.13 97.07 12.06
860 45.25 51.03 40.10 188.79 19.66
861 45.27 63.31 39.89 192.26 18.87
862 45.26 70.07 53.11 191.44 17.28
863 45.50 83.93 128.35 146.54 15.53
864 45.49 21.83 29.15 131.82 12.17
865 45.53 48.96 39.12 180.76 18.36
866 45.56 80.77 120.04 158.77 15.02
867 45.60 25.61 29.70 143.19 13.13
868 45.59 65.66 56.74 195.17 17.85
869 45.49 94.05 81.20 110.06 10.03
870 45.52 33.97 35.14 175.82 15.69
871 45.62 29.94 31.41 162.44 15.37
872 45.61 75.56 88.78 168.51 15.79
873 45.72 13.42 22.88 103.32 10.65
874 45.56 53.32 39.62 199.45 19.38
875 45.60 61.02 45.82 188.69 18.99
876 45.68 42.83 36.93 186.27 18.18
877 45.83 45.31 37.23 190.35 20.09
878 45.85 68.00 75.26 200.70 18.42
879 45.92 40.47 36.82 173.46 17.18
880 45.85 56.08 47.35 197.96 19.86
881 45.92 58.56 50.32 192.78 19.24
882 45.89 72.84 112.77 198.51 18.21
883 46.20 86.04 144.61 126.67 14.55
884 45.93 19.12 26.79 118.74 11.70
885 46.07 9.29 23.11 105.69 10.07
886 46.04 5.56 13.67 84.16 7.13
887 46.16 38.20 41.96 186.14 17.54
888 46.13 36.04 37.32 180.56 16.58
889 46.33 90.39 158.62 134.63 12.68
890 46.14 16.31 24.89 124.95 11.36
891 46.37 31.88 40.46 177.95 14.47
892 46.24 47.40 43.61 196.97 18.69
893 46.30 27.93 32.32 159.08 13.49
894 46.40 78.28 178.18 165.07 15.60
895 46.53 23.66 30.38 152.65 13.14
896 46.29 51.34 57.08 200.98 20.37
897 46.29 63.38 105.29 192.46 19.31
898 46.43 70.30 176.22 198.48 17.17
899 46.70 93.08 142.99 126.99 11.55
900 46.67 88.32 182.23 153.92 14.03
901 46.66 21.11 33.48 141.66 11.60
902 46.64 81.80 187.57 155.95 14.57
903 46.79 7.22 30.04 113.13 8.64
904 46.68 33.94 54.73 198.89 15.15
905 46.55 53.97 108.74 200.32 20.62
906 46.62 60.40 158.57 210.48 19.43
907 46.77 25.99 39.15 181.38 13.76
908 46.75 44.05 63.50 203.04 18.03
909 46.82 12.20 30.24 117.54 10.32
910 46.74 66.36 162.51 201.01 17.77
911 46.76 75.16 160.30 181.84 17.12
912 46.91 29.88 59.04 178.95 14.36
913 46.90 41.79 74.95 190.14 18.08
914 46.88 49.37 88.16 197.20 18.89
915 46.87 56.31 126.62 213.72 19.77
916 47.19 58.36 205.61 200.91 19.09
917 47.14 72.15 191.93 186.33 17.09
918 47.10 18.24 35.10 148.33 11.24
919 47.16 39.39 101.81 202.97 16.97
920 47.31 68.33 216.58 191.75 17.56
921 47.19 14.88 35.61 134.86 11.10
922 47.24 62.28 198.03 200.12 18.62
923 47.24 36.00 98.65 186.26 16.04
924 47.27 46.17 111.47 208.19 19.46
925 47.45 64.49 210.21 195.07 18.32
926 47.34 5.23 38.23 99.53 8.21
927 47.43 9.28 55.33 128.41 8.71
928 47.32 51.99 193.82 196.14 19.58
929 47.57 83.41 207.28 151.52 15.20
930 47.75 27.57 127.46 189.11 14.49
931 47.64 77.59 206.19 174.53 16.63
932 47.81 31.75 147.24 186.39 13.97
933 47.91 37.60 179.77 200.95 17.05
934 47.86 80.26 198.90 158.87 16.25
935 47.73 22.71 95.11 173.15 13.14
936 47.76 54.22 214.52 197.10 20.32
937 47.99 85.95 163.19 123.78 14.30
938 47.83 25.13 114.75 185.26 14.10
939 47.82 33.86 160.11 203.76 15.45
940 47.86 74.41 206.68 182.14 16.46
941 47.98 47.92 182.04 203.11 19.70
942 47.89 91.20 154.19 134.26 12.34
943 48.08 11.35 87.12 143.98 10.99
944 47.97 20.06 109.63 162.08 12.16
945 47.89 43.90 168.31 203.61 19.03
946 47.94 60.50 224.39 195.96 18.83
947 48.04 70.13 211.44 199.48 18.41
948 48.20 93.99 95.62 121.24 10.69
949 48.17 16.83 84.47 149.83 12.00
950 48.05 50.14 201.08 200.21 19.12
951 48.16 66.14 220.70 192.25 18.65
952 48.09 29.61 156.14 198.83 14.58
953 48.10 41.28 184.41 209.64 19.45
954 48.12 56.40 230.94 195.01 19.26
955 48.41 6.75 84.59 127.23 8.07
956 48.46 13.94 105.84 136.54 10.78
957 48.49 72.54 212.24 188.21 17.14
958 48.47 97.92 14.42 44.62 2.24
959 48.42 58.48 230.61 191.32 19.26
960 48.45 62.76 228.03 198.46 19.28
961 48.61 35.47 196.88 205.38 16.51
962 48.68 39.11 208.00 205.28 16.93
963 48.59 76.36 191.96 198.61 16.64
964 48.51 52.16 230.34 194.43 19.49
965 48.66 88.21 132.82 139.94 13.66
966 48.69 45.89 211.13 208.90 18.48
967 48.76 68.12 202.61 201.79 18.39
968 48.76 83.49 170.26 143.92 16.07
969 48.86 8.75 94.15 123.86 8.42
970 48.90 21.85 143.65 175.90 12.63
971 49.09 78.45 171.09 180.86 15.56
972 48.81 95.99 26.80 70.76 7.88
973 49.03 24.16 154.70 186.90 12.82
974 49.04 26.48 169.44 188.91 14.01
975 48.94 43.21 200.99 208.10 19.54
976 48.93 54.11 231.18 203.43 18.95
977 48.99 4.34 63.57 96.31 6.63
978 49.05 33.09 169.45 202.97 16.09
979 49.12 18.54 151.12 158.11 11.58
980 49.36 11.36 103.44 137.36 9.53
981 49.19 28.60 169.86 199.11 14.24
982 49.13 30.90 183.30 200.78 15.07
983 49.06 48.85 214.44 199.21 18.74
984 49.08 64.59 219.09 206.19 19.47
985 49.08 60.56 225.51 198.45 19.51
986 49.22 81.12 166.34 169.58 16.90
987 49.21 91.86 77.63 136.73 12.16
988 49.24 70.23 189.54 210.57 18.21
989 49.22 56.32 227.83 202.33 19.35
990 49.41 75.09 123.74 201.00 17.14
991 49.36 37.04 192.88 215.76 16.82
992 49.40 40.80 212.83 208.90 17.10
993 49.66 86.77 82.74 148.70 14.17
994 49.51 15.67 105.23 144.12 10.98
995 49.56 66.52 154.26 215.91 19.20
996 49.43 51.28 214.53 199.35 20.20
997 49.53 58.53 214.95 208.00 20.12
998 49.45 89.52 69.00 141.76 14.19
999 49.57 94.09 33.43 102.88 9.78
1000 49.58 62.56 174.93 215.74 20.20
1001 49.98 97.28 9.36 53.26 3.96
1002 49.78 47.09 203.22 212.91 19.45
1003 49.64 72.60 173.42 194.68 18.14
1004 49.84 44.72 179.57 218.65 19.60
1005 49.84 6.19 66.63 121.88 7.22
1006 49.88 20.48 155.53 191.04 13.12
1007 49.88 34.73 164.87 210.10 15.94
1008 49.99 38.86 164.08 215.03 17.80
1009 49.94 54.33 150.56 208.82 19.07
1010 50.05 68.58 112.12 220.94 19.13
1011 50.05 83.62 89.83 155.01 14.72
1012 50.11 25.50 150.84 199.39 14.14
1013 50.09 42.50 152.21 223.97 18.52
1014 50.10 9.01 70.71 134.83 9.99
1015 50.19 22.83 142.40 178.38 13.47
1016 49.97 13.04 74.71 140.33 10.71
1017 50.14 30.19 125.44 210.94 15.41
1018 50.16 60.26 136.66 216.68 19.55
1019 50.22 64.72 116.68 213.28 18.49
1020 50.29 18.10 97.40 177.27 12.00
1021 50.33 32.51 108.81 209.78 15.51
1022 50.19 49.48 187.25 198.77 19.04
1023 50.16 56.72 138.00 213.43 17.61
1024 50.31 79.80 84.22 174.61 15.78
1025 50.38 27.89 123.57 206.47 14.06
1026 50.42 76.92 77.24 188.04 16.14
1027 50.41 13.81 85.77 148.89 11.32
1028 50.44 71.01 86.11 209.31 18.16
1029 50.37 51.80 130.83 211.35 19.07
1030 50.51 36.73 131.97 216.46 16.03
1031 50.61 74.13 79.61 205.37 17.47
1032 50.73 40.62 98.27 227.97 19.33
1033 50.86 94.46 22.47 115.00 9.27
1034 50.86 45.64 96.33 214.51 18.64
1035 50.73 62.33 90.42 212.46 18.92
1036 50.89 66.96 73.44 211.52 18.23
1037 50.68 12.37 76.71 146.47 10.65
1038 50.87 15.72 65.00 161.27 11.00
1039 50.97 86.28 47.25 151.03 14.54
1040 50.91 47.99 100.47 218.04 18.23
1041 51.00 53.60 69.41 214.75 19.09
1042 50.97 58.36 78.54 208.03 19.19
1043 51.11 10.54 42.63 136.81 9.99
1044 51.07 89.75 34.78 143.19 12.77
1045 51.13 5.50 29.49 121.74 7.17
1046 51.00 20.79 67.26 182.27 12.82
1047 51.07 24.14 68.49 192.66 13.12
1048 51.08 34.54 106.39 219.58 15.81
1049 51.09 55.93 77.72 211.44 18.93
1050 51.22 82.41 51.13 166.33 15.53
1051 51.63 97.72 6.22 56.32 3.14
1052 51.25 38.53 61.83 214.68 17.37
1053 51.15 43.06 88.51 218.14 18.59
1054 51.28 7.72 33.75 156.02 8.11
1055 51.33 26.63 60.68 204.43 14.32
1056 51.16 29.85 76.89 204.84 14.92
1057 51.28 50.69 75.72 210.84 19.55
1058 51.29 69.44 53.87 217.08 18.49
1059 51.33 60.33 67.70 218.12 18.86
1060 51.40 64.26 71.44 213.11 19.62
1061 51.50 72.40 49.69 205.82 18.13
1062 51.59 80.21 44.78 172.92 15.33
1063 51.52 17.95 43.13 167.00 10.93
1064 51.55 32.40 46.25 216.33 15.60
1065 51.66 77.74 43.43 183.88 16.97
1066 51.59 13.02 39.74 158.09 10.02
1067 51.78 3.72 15.41 98.09 5.56
1068 51.74 75.09 40.77 207.92 17.46
1069 51.97 92.45 22.65 133.58 11.03
1070 51.82 36.45 49.28 218.68 15.92
1071 51.96 22.30 42.30 181.56 12.30
1072 51.94 40.54 50.51 217.43 18.27
1073 52.00 46.99 54.12 224.28 18.53
1074 51.95 66.19 46.96 217.28 18.99
1075 51.97 49.21 51.90 222.08 19.07
1076 51.94 52.66 44.40 207.89 18.89
1077 52.17 88.18 27.48 132.24 13.69
1078 51.99 61.98 46.19 214.63 19.64
1079 52.09 19.90 32.14 175.05 11.47
1080 52.20 28.23 38.15 210.58 14.14
1081 52.11 44.87 49.26 220.54 19.81
1082 52.05 57.24 45.38 204.86 18.34
1083 52.15 15.35 30.50 165.08 11.02
1084 52.14 84.12 33.97 159.13 15.31
1085 52.55 95.12 12.15 102.32 8.84
1086 52.17 24.60 35.96 198.01 12.75
1087 52.19 30.45 39.62 217.26 15.05
1088 52.18 55.08 37.63 197.77 17.67
1089 52.37 68.25 38.29 204.86 18.15
1090 52.22 85.95 27.35 150.95 14.02
1091 52.35 34.18 37.86 212.82 16.58
1092 52.34 42.59 44.33 215.57 17.93
1093 52.32 70.75 37.63 203.99 17.26
1094 52.40 10.56 24.92 162.60 9.66
1095 52.40 59.57 41.12 207.94 19.69
1096 52.70 6.46 16.29 144.69 7.82
1097 52.51 8.60 20.51 138.64 9.79
1098 52.58 38.41 39.54 214.90 16.15
1099 52.56 63.90 40.29 213.86 19.80
1100 52.66 51.06 38.55 213.43 18.49
1101 52.82 26.36 26.65 198.32 13.13
1102 52.98 81.88 28.56 149.24 15.35
1103 52.87 13.11 23.05 154.90 10.13
1104 52.89 17.50 24.00 160.01 11.09
1105 52.73 73.31 34.40 205.26 16.96
1106 52.87 76.34 31.52 186.98 16.22
1107 52.91 79.17 32.46 174.88 15.41
1108 52.94 31.99 36.50 206.64 14.80
1109 53.01 53.40 35.90 206.89 18.41
1110 53.06 4.34 11.74 116.23 7.02
1111 53.04 36.32 35.25 206.78 16.35
1112 53.06 48.96 40.72 209.93 19.14
1113 53.22 90.74 24.08 143.93 12.08
1114 53.17 22.19 32.20 196.31 12.45
1115 53.11 65.92 42.61 205.79 17.38
1116 53.34 39.88 49.63 206.85 17.14
1117 53.25 44.42 47.01 214.41 17.59
1118 53.27 46.62 45.66 215.10 18.53
1119 53.16 57.82 36.64 196.00 19.71
1120 53.11 61.60 37.89 215.97 18.99
1121 53.23 19.87 25.61 177.33 11.73
1122 53.27 29.50 34.92 203.44 14.34
1123 53.22 55.66 40.61 206.98 18.03
1124 53.32 24.32 29.49 195.82 13.03
1125 53.36 70.23 39.76 199.55 16.87
1126 53.47 85.54 26.25 148.53 13.41
1127 53.45 42.08 54.37 204.39 16.96
1128 53.47 34.54 44.65 213.68 15.50
1129 53.46 88.38 23.89 124.06 13.54
1130 53.67 15.39 24.32 154.31 10.24
1131 53.72 68.20 47.28 197.03 17.76
1132 53.74 27.57 43.59 199.83 13.67
1133 53.62 10.50 19.58 161.08 9.59
1134 53.72 51.47 56.27 201.71 17.58
1135 53.80 59.51 55.04 205.08 19.12
1136 53.83 63.73 55.71 200.42 18.33
1137 53.91 37.62 79.30 198.87 17.00
1138 53.89 72.38 43.21 201.37 17.60
1139 53.85 74.76 43.04 191.34 16.69
1140 53.90 8.34 21.29 125.27 9.48
1141 54.04 77.72 42.52 168.79 14.77
1142 54.15 5.99 20.48 122.32 8.04
1143 54.09 12.61 23.41 160.06 9.95
1144 54.08 32.89 70.29 205.91 15.49
1145 54.14 30.82 68.51 201.22 13.85
1146 54.13 48.31 92.84 207.57 18.49
1147 54.26 25.58 62.81 194.35 13.30
1148 54.09 54.60 69.74 208.49 18.85
1149 54.35 80.16 59.07 158.13 14.76
1150 54.37 82.72 37.78 146.98 15.17
1151 54.25 94.72 14.34 86.48 9.01
1152 54.41 3.69 12.40 104.47 5.76
1153 54.25 61.59 79.38 201.70 19.41
1154 54.20 65.97 58.90 193.68 17.62
1155 54.36 17.59 46.48 148.75 10.13
1156 54.29 20.61 47.58 176.71 11.32
1157 54.35 23.09 61.71 193.36 12.19
1158 54.34 43.94 107.07 192.85 18.00
1159 54.28 57.27 75.69 204.80 19.12
1160 54.52 35.28 92.41 198.33 15.76
1161 54.49 46.21 108.84 188.36 17.01
1162 54.45 41.07 127.94 191.14 17.59
1163 54.60 50.29 130.64 186.07 18.16
1164 54.81 92.72 28.89 108.11 10.44
1165 54.68 28.64 85.34 198.47 13.68
1166 54.75 52.75 132.22 193.70 16.96
1167 54.81 90.19 46.59 146.46 11.53
1168 54.74 70.56 75.54 172.53 17.51
1169 54.79 38.76 133.54 191.21 14.64
1170 54.76 86.95 43.87 131.27 13.84
1171 54.94 14.24 51.31 135.28 9.25
1172 54.93 76.25 108.09 175.61 15.25
1173 55.08 67.76 138.54 165.36 18.66
1174 55.09 62.88 150.58 171.09 18.30
1175 55.08 7.79 46.41 124.62 7.77
1176 55.06 73.47 102.00 175.50 16.02
1177 55.24 60.00 162.47 158.18 18.56
1178 55.29 26.73 125.99 178.83 12.99
1179 55.11 55.27 150.94 185.64 19.00
1180 55.13 10.58 50.63 135.81 8.46
1181 55.22 32.74 121.23 188.22 14.44
1182 55.42 36.55 173.13 180.30 15.63
1183 55.27 30.31 129.13 184.76 13.62
1184 55.33 65.36 158.10 176.14 18.02
1185 55.41 84.37 102.79 128.59 14.78
1186 55.39 19.65 102.89 158.52 11.76
1187 55.43 24.47 113.07 174.43 11.55
1188 55.44 48.51 182.93 182.43 17.43
1189 55.43 22.16 117.70 166.25 11.19
1190 55.45 57.85 174.88 176.96 18.36
1191 55.46 5.13 41.30 107.79 7.05
1192 55.37 43.36 174.01 159.73 16.70
1193 55.65 78.79 156.46 141.01 15.25
1194 55.55 16.89 101.30 141.47 9.79
1195 55.80 95.15 46.81 83.24 8.16
1196 55.64 40.50 159.83 176.63 15.83
1197 55.74 46.46 159.51 166.29 17.55
1198 55.71 81.30 123.42 139.33 13.68
1199 55.77 50.81 193.73 161.78 17.42
1200 55.93 34.43 185.58 172.55 14.00
1201 55.59 93.79 45.62 101.77 9.15
1202 55.93 69.27 180.85 167.60 17.15
1203 56.11 38.13 191.59 174.57 15.38
1204 56.14 71.89 150.04 163.59 15.74
1205 55.97 75.12 154.36 167.93 16.29
1206 56.11 28.26 155.11 169.30 12.89
1207 56.04 53.27 188.43 151.43 16.91
1208 56.02 88.02 112.97 127.52 12.43
1209 56.26 7.15 69.89 118.51 7.33
1210 56.24 90.95 95.11 99.75 10.98
1211 56.14 14.53 106.33 142.47 9.21
1212 56.19 56.05 192.90 144.59 17.82
1213 56.14 9.39 81.65 126.00 8.59
1214 56.20 11.90 95.66 124.83 9.37
1215 56.21 63.86 195.72 156.62 18.94
1216 56.32 61.45 172.86 151.92 18.10
1217 56.33 86.24 132.16 94.06 14.51
1218 56.33 30.62 134.78 157.16 13.93
1219 56.36 44.45 171.88 151.36 16.10
1220 56.25 82.11 127.96 124.81 14.15
1221 56.58 25.31 137.96 154.05 12.78
1222 56.53 32.71 153.32 174.14 13.58
1223 56.54 18.48 133.44 142.37 10.25
1224 56.65 23.01 131.13 152.66 11.51
1225 56.56 42.03 165.20 153.45 15.08
1226 56.64 20.74 135.39 137.00 11.11
1227 56.58 66.57 181.67 141.54 17.61
1228 56.49 83.84 119.66 114.78 13.72
1229 56.61 59.23 186.11 149.59 18.56
1230 56.80 77.05 182.36 139.11 15.62
1231 56.72 48.64 179.14 143.43 18.29
1232 56.75 4.95 51.24 89.44 6.34
1233 56.85 35.88 172.50 153.32 15.47
1234 56.83 51.37 161.28 139.95 17.84
1235 56.92 39.66 146.52 154.98 15.15
1236 57.02 74.07 165.26 142.59 15.68
1237 57.12 79.68 179.80 121.02 15.09
1238 57.03 16.26 101.02 131.44 9.95
1239 57.06 46.07 180.08 142.93 17.32
1240 56.99 93.39 93.41 91.66 9.16
1241 57.05 69.77 189.79 147.07 17.28
1242 57.11 26.89 118.60 160.12 11.71
1243 57.10 54.45 154.23 138.14 16.99
1244 57.35 88.91 141.40 110.28 12.03
1245 57.26 57.15 175.31 141.55 17.28
1246 57.39 29.09 113.82 141.72 12.22
1247 57.27 63.22 174.79 153.74 17.24
1248 57.33 9.31 86.91 117.40 9.63
1249 57.35 13.99 85.05 116.78 8.67
1250 57.38 31.39 120.22 151.65 13.50
1251 57.47 34.01 139.66 151.27 14.62
1252 57.42 37.65 142.78 147.86 13.48
1253 57.53 6.90 75.86 98.62 6.72
1254 57.45 43.53 136.06 128.33 15.56
1255 57.61 82.41 157.65 102.19 13.59
1256 57.53 85.55 149.88 101.76 13.51
1257 57.55 11.60 83.33 129.36 9.44
1258 57.62 72.06 163.23 141.91 14.87
1259 57.64 41.29 136.91 157.09 15.26
1260 57.70 18.73 100.58 124.91 10.24
1261 57.68 61.23 167.44 135.93 17.93
1262 57.76 65.39 183.48 142.46 16.73
1263 57.93 91.33 115.35 89.64 10.98
1264 57.70 49.76 116.60 129.43 16.17
1265 57.66 52.50 112.96 137.79 16.19
1266 57.80 67.83 167.58 147.78 16.14
1267 57.90 47.44 103.53 129.57 16.88
1268 57.83 59.23 150.46 148.32 17.40
1269 57.83 20.87 85.48 122.08 9.95
1270 57.88 23.16 90.61 129.94 10.73
1271 57.95 25.20 61.10 128.18 10.76
1272 57.96 75.86 185.73 142.26 14.42
1273 58.05 35.94 105.69 136.47 14.66
1274 58.06 55.60 123.79 131.28 17.46
1275 58.31 78.06 166.58 116.82 13.63
1276 58.17 16.26 65.74 115.89 9.49
1277 58.21 44.97 77.92 127.29 15.94
1278 58.23 27.23 58.28 140.03 10.37
1279 58.24 39.27 62.91 129.68 15.25
1280 58.28 69.99 163.90 138.75 15.28
1281 58.26 32.54 72.19 134.21 12.79
1282 58.50 74.04 156.32 132.87 15.35
1283 58.45 30.39 50.28 132.91 12.91
1284 58.50 53.59 67.12 123.33 16.95
1285 58.50 63.34 155.96 131.62 18.17
1286 58.53 8.14 43.91 98.74 8.28
1287 58.39 42.47 54.93 115.27 15.09
1288 58.59 51.15 54.33 109.62 16.76
1289 58.56 57.94 90.08 134.20 17.11
1290 58.71 80.45 155.76 105.50 15.06
1291 58.64 13.29 47.26 105.62 9.09
1292 58.70 10.38 43.84 111.76 7.95
1293 58.71 88.79 123.75 96.45 11.57
1294 58.83 34.16 54.93 118.62 13.12
1295 58.75 60.92 131.38 139.64 17.85
1296 58.76 19.16 40.07 109.49 9.23
1297 58.77 66.73 138.49 134.48 16.97
1298 58.88 21.69 37.16 98.48 10.17
1299 58.97 28.42 29.95 104.69 11.98
1300 59.18 48.64 41.24 95.81 16.05
1301 58.97 71.82 111.78 131.63 15.63
1302 59.08 83.46 118.96 97.12 13.29
1303 59.02 85.94 147.33 96.16 13.77
1304 59.02 6.11 30.62 74.52 6.53
1305 59.05 36.76 39.19 111.97 13.49
1306 59.09 46.24 42.88 104.49 16.46
1307 59.10 23.89 27.94 105.23 9.71
1308 59.23 41.20 38.04 102.10 15.54
1309 59.11 55.72 50.80 116.94 17.22
1310 59.32 25.81 27.26 106.38 12.07
1311 59.23 43.51 35.43 89.79 14.94
1312 59.30 69.04 102.30 121.98 15.43
1313 59.30 16.15 28.20 95.61 9.61
1314 59.33 38.93 34.98 105.68 14.52
1315 59.35 64.99 96.11 135.25 17.32
1316 59.55 76.21 125.36 102.26 13.43
1317 59.40 31.86 32.41 105.99 12.23
1318 59.33 91.59 60.87 69.33 10.07
1319 59.52 78.76 118.61 111.65 14.70
1320 59.69 59.79 56.03 116.35 17.49
1321 59.67 8.57 20.06 74.75 7.06
1322 59.64 53.48 38.87 98.13 16.54
1323 59.73 63.06 58.84 117.52 16.69
1324 59.62 51.14 33.78 85.45 15.73
1325 59.74 57.62 47.09 105.66 17.42
1326 59.70 73.81 82.34 132.69 14.93
1327 59.78 35.28 30.04 97.77 13.98
1328 59.79 29.74 24.72 80.02 11.44
1329 59.70 89.45 90.04 101.88 11.70
1330 59.96 13.55 20.19 82.41 9.01
1331 59.88 18.17 20.00 86.41 9.94
1332 59.92 20.30 22.71 84.72 9.85
1333 59.85 11.02 19.15 78.56 8.00
1334 59.97 67.11 60.15 117.45 15.78
1335 60.03 44.54 33.07 66.17 15.03
1336 60.07 87.74 105.09 82.12 11.17
1337 60.11 22.50 21.24 79.40 9.67
1338 60.04 27.40 23.28 77.60 11.48
1339 60.03 71.45 65.42 107.38 14.01
1340 60.11 37.42 33.37 84.44 13.49
1341 60.14 81.59 70.12 94.72 13.51
1342 60.22 33.46 29.66 76.73 12.97
1343 60.25 46.56 34.16 81.05 15.57
1344 60.10 85.25 81.73 89.58 12.38
1345 60.31 55.35 32.15 85.99 17.32
1346 60.26 6.28 11.10 55.47 6.13
1347 60.35 39.77 54.73 73.55 14.83
1348 60.37 42.26 51.01 69.59 14.40
1349 60.37 49.78 39.48 73.53 15.21
1350 60.40 61.64 37.00 102.05 15.21
1351 60.51 24.37 21.77 64.63 10.03
1352 60.57 92.38 39.32 74.17 8.64
1353 60.61 52.08 32.65 75.86 15.56
1354 60.57 65.13 39.66 99.52 15.14
1355 60.58 69.31 42.83 102.35 14.92
1356 60.62 16.49 17.60 66.26 8.64
1357 60.61 31.25 32.33 74.72 11.82
1358 60.55 78.93 55.92 96.24 13.93
1359 60.68 74.51 42.48 93.22 13.84
1360 60.83 8.14 13.10 70.95 7.24
1361 60.87 28.87 37.37 61.88 12.07
1362 60.89 57.79 32.08 86.43 16.34
1363 60.82 59.73 32.32 88.25 16.68
1364 60.99 89.56 46.62 74.22 11.17
1365 60.99 26.12 30.38 67.54 10.95
1366 60.89 10.02 13.79 61.87 8.10
1367 60.93 35.41 45.52 72.25 15.07
1368 61.01 19.22 19.36 62.16 9.80
1369 61.08 47.75 82.54 63.79 15.55
1370 61.09 84.29 47.02 94.33 12.69
1371 61.06 12.01 14.99 61.85 8.93
1372 61.30 76.65 39.31 82.78 13.77
1373 61.19 37.73 78.83 60.91 13.58
1374 61.24 44.83 118.63 56.43 14.56
1375 61.23 63.30 30.97 90.62 15.94
1376 61.17 72.08 36.95 88.43 13.91
1377 61.31 86.94 39.80 78.47 11.37
1378 61.46 14.44 19.03 54.84 8.72
1379 61.24 21.89 24.50 59.21 9.81
1380 61.27 67.25 30.54 87.82 14.92
1381 61.35 53.90 40.56 67.44 15.41
1382 61.36 40.32 93.01 54.01 15.66
1383 61.48 33.10 89.99 50.48 12.86
1384 61.55 56.13 41.18 69.34 16.53
1385 61.53 42.46 120.65 48.20 16.43
1386 61.67 50.00 124.70 50.98 16.34
1387 61.72 61.36 29.18 70.69 14.60
1388 61.86 79.34 31.11 76.41 12.93
1389 61.63 30.57 74.12 52.69 12.44
1390 61.72 69.59 30.95 85.72 14.49
1391 61.86 23.73 72.67 45.77 10.81
1392 61.82 65.25 29.30 70.97 15.79
1393 61.74 10.13 14.39 49.12 8.46
1394 61.79 16.72 40.92 49.28 8.56
1395 61.83 27.62 74.47 48.06 11.32
1396 61.95 59.16 32.80 73.13 16.24
1397 61.95 74.44 28.94 74.73 13.31
1398 62.14 91.39 29.05 68.33 8.71
1399 62.09 36.17 134.32 46.91 14.99
1400 62.10 52.07 131.94 52.72 17.35
1401 62.14 7.83 14.13 38.13 6.94
1402 62.24 19.96 67.86 41.71 9.20
1403 62.30 45.89 162.96 44.97 18.14
1404 62.24 17.81 52.57 37.31 8.31
1405 62.24 38.86 129.92 42.14 15.24
1406 62.32 48.01 165.16 41.81 17.20
1407 62.35 25.66 102.44 43.50 11.74
1408 62.30 88.56 23.06 54.24 12.22
1409 62.47 29.38 119.04 40.63 12.44
1410 62.56 34.00 142.03 40.15 14.41
1411 62.48 72.16 27.14 69.38 14.01
1412 62.53 85.59 28.09 66.40 11.80
1413 62.49 43.73 164.28 41.99 18.07
1414 62.55 63.10 52.84 66.37 15.78
1415 62.38 12.04 30.56 43.34 8.07
1416 62.61 31.78 132.40 39.81 14.91
1417 62.68 41.29 160.38 39.17 17.94
1418 62.56 67.47 28.56 70.94 15.66
1419 62.64 54.29 144.76 50.03 18.27
1420 62.62 9.90 39.72 40.87 8.37
1421 62.72 22.05 88.05 35.07 12.14
1422 62.73 76.77 28.45 63.41 13.19
1423 62.93 82.87 27.46 55.27 12.23
1424 62.88 14.11 69.31 34.16 9.51
1425 62.79 69.89 27.78 62.97 14.38
1426 62.67 81.39 28.48 59.67 12.67
1427 63.36 15.98 82.09 26.18 10.75
1428 62.99 60.80 109.25 52.23 15.12
1429 62.91 65.24 59.54 61.60 15.93
1430 62.90 93.03 12.73 39.81 8.15
1431 62.76 11.11 41.00 37.56 9.44
1432 63.14 27.46 118.61 34.49 12.79
1433 63.08 50.08 158.86 41.74 21.28
1434 63.04 80.31 25.41 59.56 13.38
1435 63.19 58.29 143.75 48.85 17.26
1436 63.22 24.28 107.10 31.89 12.07
1437 63.26 37.56 133.68 38.53 19.78
1438 63.31 35.58 159.92 36.81 18.90
1439 63.26 74.33 35.29 64.75 13.34
1440 63.32 52.12 181.13 41.33 21.52
1441 63.40 18.26 104.24 32.82 11.00
1442 63.33 78.92 32.13 60.39 12.81
1443 63.39 47.36 174.70 35.73 23.03
1444 63.46 39.46 144.16 34.72 20.76
1445 63.57 55.91 170.33 44.76 18.74
1446 63.71 88.11 23.11 48.89 9.76
1447 63.81 90.82 18.57 46.60 9.15
1448 63.55 30.08 124.60 30.56 16.75
1449 63.60 43.14 146.01 35.71 24.12
1450 63.76 20.43 115.08 26.24 12.26
1451 63.66 71.63 55.88 60.72 14.90
1452 63.70 12.33 81.60 29.88 10.59
1453 63.82 45.31 149.40 33.71 24.56
1454 63.79 32.17 143.99 31.33 21.06
1455 63.83 63.84 145.50 47.62 16.15
1456 63.82 69.12 87.71 51.21 14.58
1457 63.72 85.16 26.97 43.97 11.55
1458 63.91 66.75 90.00 46.49 15.74
1459 64.01 10.27 71.04 22.65 8.29
1460 64.02 22.42 99.36 25.73 16.51
1461 64.16 26.10 119.10 28.52 17.84
1462 64.05 53.62 176.12 37.69 24.75
1463 64.10 61.78 167.71 43.33 17.61
1464 64.11 76.08 81.85 50.48 13.44
1465 64.17 34.14 136.22 29.27 25.38
1466 64.26 49.42 146.27 33.29 26.33
1467 64.15 59.60 181.88 40.06 19.77
1468 64.12 81.60 35.80 48.25 12.60
1469 64.35 41.40 140.26 31.19 27.48
1470 64.37 28.19 110.64 28.18 19.36
1471 64.49 73.38 100.87 53.32 14.23
1472 64.51 36.60 116.54 27.20 29.16
1473 64.56 47.40 146.63 32.45 30.48
1474 64.63 78.62 99.52 44.20 13.64
1475 64.48 57.40 176.48 37.31 24.97
1476 64.61 24.18 93.12 26.09 17.39
1477 64.50 39.17 111.20 27.66 30.90
1478 64.50 51.54 157.82 33.32 31.32
1479 64.63 14.12 83.01 23.52 11.91
1480 64.84 16.49 86.39 20.78 14.03
1481 64.67 30.12 101.65 26.98 23.75
1482 64.89 44.11 104.43 29.74 34.61
1483 64.82 65.16 142.57 45.29 18.11
1484 64.79 85.90 47.93 40.58 11.36
1485 64.87 55.18 150.71 34.39 28.17
1486 64.95 71.13 143.46 46.43 14.33
1487 64.89 68.84 136.81 40.68 16.67
1488 64.95 19.20 82.42 21.24 16.93
1489 64.99 32.02 79.40 25.52 33.32
1490 65.13 11.75 59.26 17.36 11.72
1491 65.07 9.17 52.64 16.80 9.41
1492 65.06 90.88 29.70 31.27 8.77
1493 65.31 63.02 164.11 38.04 21.02
1494 65.24 83.30 89.20 36.12 11.87
1495 65.42 88.46 58.75 32.78 10.34
1496 65.29 60.67 193.30 33.21 24.89
1497 65.25 21.89 68.79 20.04 23.89
1498 65.22 34.02 77.35 24.46 37.02
1499 65.48 66.93 175.59 37.98 18.84
1500 65.39 75.02 134.65 42.86 15.04
1501 65.35 46.05 80.24 28.84 44.80
1502 65.41 58.61 166.75 34.89 28.61
1503 65.39 38.06 77.02 26.38 40.11
1504 65.42 53.07 115.42 30.89 37.86
1505 65.45 26.95 69.26 21.67 31.15
1506 65.81 50.95 87.95 29.75 54.51
1507 65.43 42.64 75.23 28.40 44.60
1508 65.82 80.57 117.10 33.16 13.71
1509 65.78 13.96 55.23 15.12 19.58
1510 65.65 24.49 55.36 21.45 39.00
1511 65.60 29.47 62.23 22.81 40.23
1512 65.63 48.28 82.28 27.96 44.81
1513 65.64 35.94 69.44 25.27 47.40
1514 65.76 56.55 131.49 30.22 30.60
1515 65.88 77.55 151.12 37.11 15.27
1516 65.93 72.57 152.05 37.09 15.56
1517 66.00 17.19 59.39 18.44 27.11
1518 65.99 31.60 52.60 22.95 63.51
1519 66.10 69.47 159.88 35.22 18.01
1520 66.17 10.48 44.38 15.15 17.24
1521 66.16 19.68 62.35 18.33 36.99
1522 66.27 64.64 157.51 35.30 27.71
1523 66.19 33.68 44.61 24.40 64.68
1524 66.23 39.49 44.49 25.24 80.19
1525 66.17 45.42 42.33 27.92 64.94
1526 66.36 22.01 43.61 19.92 52.87
1527 66.26 54.39 85.52 29.56 46.89
1528 66.57 89.35 73.29 28.82 10.15
1529 66.36 43.18 41.61 28.16 84.67
1530 66.41 28.03 35.09 22.49 56.93
1531 66.50 37.47 38.90 26.60 71.59
1532 66.47 61.76 146.27 32.24 27.79
1533 66.58 26.12 32.58 19.05 75.32
1534 66.49 59.30 124.70 31.09 35.96
1535 66.51 49.79 58.84 25.95 63.76
1536 66.55 15.05 40.52 17.59 38.22
1537 66.67 29.75 35.28 21.61 78.80
1538 66.69 35.53 31.78 23.35 87.31
1539 66.74 85.89 102.67 26.70 11.61
1540 66.64 67.00 175.09 31.78 24.75
1541 66.70 75.50 155.55 32.50 17.96
1542 66.71 23.99 26.63 17.90 57.06
1543 66.82 41.45 34.29 24.95 78.97
1544 66.79 82.61 121.36 31.37 15.87
1545 66.84 12.41 34.81 15.09 30.19
1546 66.74 56.83 93.48 27.71 50.28
1547 67.16 70.87 153.95 31.66 23.60
1548 67.06 44.91 31.94 26.90 93.46
1549 67.13 78.99 140.43 30.00 16.35
1550 67.07 31.74 35.02 20.94 86.35
1551 67.20 72.99 166.29 32.18 20.44
1552 67.09 9.90 23.82 13.54 22.82
1553 67.18 17.25 32.07 15.97 53.13
1554 67.20 52.45 44.54 27.44 82.87
1555 67.35 33.84 36.61 21.22 97.93
1556 67.22 46.96 31.51 24.60 79.66
1557 67.14 54.60 57.91 27.28 72.72
1558 67.33 63.28 134.34 29.73 34.79
1559 67.30 20.18 28.92 16.41 75.03
1560 67.46 68.72 127.40 30.99 25.59
1561 67.37 39.16 31.59 24.28 107.06
1562 67.27 8.69 20.17 12.17 15.00
1563 67.53 50.09 32.68 26.06 87.18
1564 67.63 27.78 41.14 18.39 104.08
1565 67.61 58.61 76.10 27.51 56.76
1566 67.27 89.46 76.61 22.72 9.83
1567 67.55 14.73 23.35 14.29 47.23
1568 67.55 22.68 25.67 19.47 75.08
1569 67.67 43.32 51.34 24.75 126.17
1570 67.59 60.79 95.83 29.03 43.43
1571 67.67 66.19 122.64 28.87 35.55
1572 67.65 36.70 40.00 21.21 93.33
1573 67.74 25.37 37.29 18.00 102.69
1574 67.77 84.51 105.36 28.35 18.36
1575 67.76 56.74 62.00 28.30 76.36
1576 67.96 77.23 147.37 27.69 22.18
1577 67.86 29.98 64.38 18.97 115.10
1578 67.93 74.40 153.32 30.85 24.77
1579 67.94 86.79 91.26 23.26 14.00
1580 67.90 12.11 19.31 13.16 42.38
1581 68.10 41.29 82.21 24.73 133.34
1582 68.02 81.83 125.41 26.80 17.85
1583 68.17 48.20 39.92 25.85 118.46
1584 68.18 18.51 32.95 15.33 88.67
1585 68.13 45.59 55.99 23.99 135.84
1586 68.14 54.88 33.00 26.97 90.92
1587 68.21 9.90 14.56 12.03 27.65
1588 68.53 88.97 84.61 22.15 12.62
1589 68.21 32.19 91.84 20.30 125.59
1590 68.29 64.20 92.63 28.17 36.96
1591 68.09 75.60 146.04 30.96 22.16
1592 68.29 52.44 33.20 26.78 99.88
1593 68.47 34.60 99.19 23.00 127.90
1594 68.50 15.99 30.22 13.43 75.03
1595 68.35 38.68 75.62 22.21 125.16
1596 68.48 21.25 53.42 16.73 96.43
1597 68.45 70.95 87.30 26.77 28.17
1598 68.53 62.16 63.88 27.12 50.25
1599 68.71 79.20 121.76 24.48 27.29
1600 68.55 68.33 68.04 27.14 36.16
1601 68.68 23.94 69.46 16.84 97.41
1602 68.58 60.19 44.59 27.71 64.18
1603 68.84 13.60 38.39 13.97 77.28
1604 68.82 36.56 114.54 22.69 145.61
1605 68.91 50.40 42.21 25.29 127.44
1606 68.69 57.78 37.36 26.62 79.33
1607 68.93 26.29 107.55 18.18 119.27
1608 68.97 28.24 123.48 18.45 130.54
1609 68.92 43.49 104.28 24.45 139.42
1610 68.81 66.00 63.78 27.16 52.69
1611 69.02 73.23 106.53 25.96 32.59
1612 69.09 84.98 85.39 19.07 16.37
1613 69.09 30.45 135.20 18.91 146.03
1614 69.16 40.64 113.85 23.78 153.15
1615 69.15 46.24 124.30 23.95 142.22
1616 69.19 11.09 26.05 11.72 45.40
1617 69.28 76.32 98.17 23.81 34.58
1618 69.14 54.95 48.34 25.68 120.46
1619 69.39 17.39 65.96 14.62 95.30
1620 69.40 32.83 151.49 20.39 132.32
1621 69.16 82.00 94.97 24.54 26.82
1622 69.38 48.49 124.11 25.64 152.94
1623 69.44 19.62 86.13 15.87 99.41
1624 69.53 38.41 135.19 22.91 140.71
1625 69.44 52.39 68.41 24.47 147.48
1626 69.36 64.03 40.82 26.14 69.77
1627 69.55 69.26 44.18 25.57 63.18
1628 69.49 59.49 34.44 26.23 87.88
1629 69.61 62.01 33.73 24.73 71.19
1630 69.57 22.42 98.86 16.25 104.30
1631 69.70 56.97 64.89 26.72 122.61
1632 69.71 66.88 38.30 25.73 71.75
1633 69.67 71.35 60.94 26.38 51.62
1634 69.80 35.18 130.75 21.61 162.53
1635 69.95 14.88 80.55 13.95 99.05
1636 69.90 24.98 119.35 16.40 126.12
1637 69.95 42.20 147.45 24.63 162.20
1638 69.99 44.70 160.12 24.45 166.70
1639 70.04 79.15 67.21 23.37 40.99
1640 69.77 82.05 88.12 22.00 27.10
1641 70.10 29.34 138.39 19.31 141.98
1642 70.06 74.61 58.61 24.48 49.33
1643 70.09 12.66 68.85 13.02 64.44
1644 70.13 54.21 111.80 27.59 134.91
1645 70.33 47.34 186.28 23.38 167.71
1646 70.32 27.40 123.09 17.22 138.05
1647 70.41 49.63 181.08 25.68 156.48
1648 70.40 31.53 150.38 19.18 142.69
1649 70.51 39.74 141.17 22.42 151.48
1650 70.40 84.32 78.95 20.87 29.99
1651 70.45 64.91 34.76 23.48 101.94
1652 70.49 10.67 64.98 10.68 46.47
1653 70.46 37.00 133.32 22.00 137.77
1654 70.48 20.57 114.27 14.81 119.87
1655 70.44 60.55 64.44 25.70 121.01
1656 70.54 72.88 45.76 23.21 65.90
1657 70.61 33.69 134.70 19.67 158.83
1658 70.61 51.68 157.08 26.75 169.03
1659 70.75 77.28 56.90 22.10 45.11
1660 70.57 17.60 85.64 13.84 104.88
1661 70.65 58.00 124.64 25.44 135.73
1662 70.67 70.44 36.28 25.05 88.21
1663 70.65 23.15 110.36 16.95 131.87
1664 70.84 86.31 61.55 19.66 24.61
1665 70.84 81.76 56.28 20.56 35.48
1666 70.93 55.67 156.41 24.28 156.39
1667 70.76 67.69 35.20 25.30 77.01
1668 71.00 62.75 52.78 25.70 105.18
1669 71.02 43.69 157.46 24.14 184.00
1670 71.07 46.02 166.17 24.10 171.47
1671 71.12 41.54 135.39 25.39 179.97
1672 71.17 25.77 91.93 16.48 129.69
1673 71.15 30.02 120.11 17.48 146.51
1674 71.20 35.44 95.51 19.18 154.52
1675 71.31 12.57 80.30 11.37 73.15
1676 71.26 15.01 95.78 13.92 108.44
1677 71.28 53.36 190.75 25.01 153.76
1678 71.14 74.55 39.85 24.90 61.79
1679 71.49 79.86 48.28 20.96 60.02
1680 71.35 37.98 120.93 21.44 164.31
1681 71.46 19.04 79.22 12.94 116.03
1682 71.46 75.68 38.13 22.25 70.10
1683 71.55 59.65 152.41 24.76 134.26
1684 71.62 48.22 154.00 25.21 163.56
1685 71.76 27.66 62.64 16.87 131.57
1686 71.60 32.54 88.05 18.43 150.16
1687 71.55 50.52 163.78 22.44 163.04
1688 71.70 87.26 29.11 15.32 18.81
1689 71.62 21.43 88.76 16.19 129.98
1690 71.72 65.36 67.07 24.47 121.21
1691 71.73 24.00 75.85 15.76 128.87
1692 71.85 57.01 173.19 25.78 164.04
1693 71.74 72.54 31.59 22.00 86.50
1694 71.94 84.64 41.32 18.62 38.27
1695 71.89 16.93 61.03 13.79 110.34
1696 71.81 67.79 31.65 22.40 106.68
1697 71.86 70.04 32.73 23.14 98.36
1698 71.89 39.97 90.42 22.20 151.09
1699 72.08 77.33 33.55 20.94 70.23
1700 72.05 43.01 107.72 22.43 187.36
1701 72.11 45.50 118.90 24.94 176.89
1702 72.19 82.24 34.88 18.57 52.81
1703 72.22 34.83 63.56 20.22 136.00
1704 72.39 61.10 162.98 24.65 135.48
1705 72.16 13.75 61.83 11.28 80.00
1706 72.30 52.10 178.38 25.11 175.08
1707 72.19 54.73 176.58 25.13 170.77
1708 72.23 63.23 128.17 25.32 118.98
1709 72.27 29.85 51.07 18.16 122.25
1710 72.32 37.24 68.83 20.36 148.47
1711 72.56 49.64 124.34 23.58 178.66
1712 72.39 74.62 30.88 23.44 88.65
1713 72.65 25.44 35.76 17.32 104.65
1714 72.66 58.57 162.03 26.03 167.90
1715 72.56 79.66 31.66 18.69 71.69
1716 72.70 32.34 53.57 18.08 126.01
1717 72.73 20.41 47.86 13.25 113.62
1718 72.73 22.94 38.26 15.65 124.79
1719 72.76 47.30 97.23 22.59 165.58
1720 72.86 18.19 39.37 12.75 107.09
1721 72.84 39.60 68.31 20.62 160.58
1722 72.86 41.98 61.94 23.39 169.57
1723 72.90 67.18 106.80 23.60 132.08
1724 72.97 72.36 58.57 21.71 120.93
1725 72.98 86.18 23.22 16.38 28.96
1726 73.07 15.39 32.91 11.79 78.02
1727 73.02 69.85 75.04 22.14 134.14
1728 73.12 27.75 30.58 15.92 117.03
1729 72.99 56.37 143.73 24.40 169.84
1730 73.08 64.59 151.17 24.73 120.85
1731 72.97 75.31 30.77 20.36 93.09
1732 73.13 13.00 29.99 11.05 71.35
1733 73.09 44.53 62.19 23.12 162.54
1734 73.09 53.82 103.89 23.29 186.84
1735 73.04 80.44 29.41 19.29 67.65
1736 73.37 82.94 27.15 17.38 59.29
1737 73.34 34.41 32.42 18.82 124.72
1738 73.41 36.66 38.99 19.44 138.26
1739 73.37 77.47 28.60 20.25 102.63
1740 73.48 29.68 28.15 19.21 115.14
1741 73.45 51.27 77.57 23.75 143.51
1742 73.44 62.19 172.46 24.39 143.40
1743 73.64 60.01 150.28 24.94 156.66
1744 73.75 31.36 24.33 18.24 122.09
1745 73.65 49.04 69.78 23.00 168.44
1746 73.84 26.10 25.71 15.76 105.12
1747 73.73 21.76 24.04 13.80 107.03
1748 73.95 23.88 19.13 14.66 90.30
1749 73.85 38.84 36.79 20.30 148.59
1750 73.92 41.30 36.74 21.25 162.27
1751 73.80 46.26 50.94 22.87 141.51
1752 73.98 16.87 20.00 11.96 79.96
1753 73.97 55.51 95.10 23.47 169.42
1754 73.91 57.94 117.75 24.34 145.00
1755 73.97 74.37 38.11 21.49 97.05
1756 73.94 19.27 23.37 13.29 93.30
1757 73.96 80.12 25.41 18.13 67.04
1758 74.05 43.67 36.65 22.86 155.86
1759 74.09 66.19 159.39 23.24 131.71
1760 74.06 68.80 134.20 22.93 145.63
1761 74.16 84.88 14.73 14.63 35.61
1762 74.23 32.93 25.01 18.69 105.66
1763 74.07 53.16 58.75 23.72 163.69
1764 74.12 71.81 81.58 21.48 123.94
1765 74.30 63.74 176.32 24.62 141.71
1766 74.32 13.24 15.48 9.94 59.23
1767 74.52 35.21 24.10 19.09 108.43
1768 74.47 77.14 38.67 19.52 112.30
1769 74.53 27.98 22.00 15.81 87.55
1770 74.69 37.41 28.21 19.68 106.06
1771 74.62 47.97 35.95 22.59 148.24
1772 74.68 50.40 33.37 23.23 142.10
1773 74.65 61.56 134.59 22.52 162.34
1774 74.82 82.70 28.19 16.55 74.46
1775 75.03 15.32 16.26 12.07 69.44
1776 74.80 30.48 22.32 17.25 85.89
1777 74.80 21.01 19.22 13.63 91.55
1778 74.89 45.08 28.55 22.17 115.92
1779 74.95 56.89 64.13 23.31 139.39
1780 74.85 59.16 73.44 22.90 136.08
1781 74.96 39.99 23.99 20.00 107.82
1782 75.04 52.43 37.12 23.59 144.03
1783 75.04 25.17 24.20 16.18 80.72
1784 75.01 18.09 17.18 12.52 70.01
1785 75.00 42.39 29.42 21.58 115.95
1786 75.13 54.65 42.45 22.12 149.23
1787 75.18 70.42 147.72 22.69 144.65
1788 75.27 73.06 125.14 20.19 133.15
1789 75.19 79.58 40.82 18.38 84.85
1790 75.23 65.36 150.67 22.41 133.95
1791 75.43 75.45 120.32 21.48 151.52
1792 75.53 22.60 39.41 15.41 75.19
1793 75.26 67.94 144.48 21.98 145.80
1794 75.32 33.41 34.69 18.20 77.60
1795 75.48 47.06 27.46 23.35 134.24
1796 75.58 36.03 45.95 20.38 90.64
1797 75.61 63.36 93.89 22.49 142.70
1798 75.66 27.06 55.71 16.45 71.56
1799 75.78 38.41 65.30 21.45 98.58
1800 75.68 60.87 77.79 23.05 133.90
1801 75.75 29.50 60.40 18.37 70.22
1802 75.86 13.38 18.33 11.40 50.19
1803 75.75 49.62 26.01 21.78 117.44
1804 75.82 77.51 92.37 19.40 105.04
1805 75.87 20.05 44.32 14.32 74.58
1806 75.97 43.06 50.40 21.31 107.69
1807 75.94 31.73 72.94 19.11 67.92
1808 76.08 81.61 55.90 17.56 97.22
1809 75.97 84.23 24.49 14.06 50.10
1810 76.01 40.55 54.68 20.73 94.82
1811 76.18 45.23 60.97 23.18 115.61
1812 76.05 51.92 25.85 22.20 114.81
1813 76.08 56.35 35.64 22.91 135.42
1814 76.01 58.81 49.91 22.99 135.42
1815 76.19 17.69 44.45 14.15 73.60
1816 76.25 54.13 27.50 23.06 126.63
1817 76.43 24.24 86.43 15.32 63.53
1818 76.30 66.78 116.20 22.68 148.89
1819 76.41 71.42 163.50 22.13 161.52
1820 76.43 34.65 116.00 20.59 64.04
1821 76.40 15.49 30.44 11.92 58.03
1822 76.58 69.06 102.13 22.73 157.65
1823 76.55 47.44 68.32 23.21 112.71
1824 76.70 78.98 112.07 18.25 99.57
1825 76.54 62.30 49.30 23.32 128.83
1826 76.79 37.19 134.75 21.68 62.73
1827 76.77 64.65 59.33 21.90 130.09
1828 76.89 73.64 152.40 20.07 137.72
1829 76.82 28.45 120.23 18.58 42.97
1830 76.82 49.73 50.58 23.03 96.31
1831 76.80 21.64 74.92 14.22 56.29
1832 76.92 26.35 120.98 16.49 54.24
1833 77.06 30.83 144.84 18.44 49.80
1834 77.13 32.95 138.71 19.56 57.01
1835 77.07 41.58 147.34 22.87 80.35
1836 76.94 76.07 141.99 20.17 130.24
1837 76.98 57.95 26.18 23.97 108.05
1838 77.08 60.52 32.86 21.70 122.99
1839 77.14 83.22 54.21 15.01 58.99
1840 77.19 19.00 76.43 12.66 60.99
1841 77.18 39.63 128.50 23.06 64.44
1842 77.15 51.72 35.38 23.96 119.39
1843 77.23 43.75 142.17 23.46 81.18
1844 77.37 55.92 24.48 21.95 102.51
1845 77.38 53.80 34.66 23.22 107.25
1846 77.43 16.38 61.01 11.46 43.71
1847 77.67 46.07 144.06 22.96 68.65
1848 77.69 80.70 107.05 17.26 102.57
1849 77.58 67.78 77.20 21.51 145.98
1850 77.63 35.54 146.65 19.81 55.01
1851 77.66 48.24 129.38 25.63 87.63
1852 77.80 22.96 117.83 15.81 45.10
1853 77.62 62.87 33.73 22.43 127.41
1854 77.72 71.03 102.20 20.02 151.68
1855 78.02 20.52 101.86 14.00 41.94
1856 77.91 25.17 121.90 16.72 42.05
1857 77.87 65.40 40.24 21.43 134.05
1858 78.09 78.00 94.48 18.23 87.51
1859 78.04 29.62 147.23 19.19 43.14
1860 77.99 38.06 151.27 21.09 53.09
1861 77.93 58.92 27.24 21.89 115.03
1862 78.19 50.04 131.52 23.32 73.01
1863 78.29 27.52 136.28 17.76 36.34
1864 78.21 75.83 120.37 19.61 137.06
1865 78.29 42.27 171.06 23.12 60.74
1866 78.46 73.46 86.20 18.58 124.40
1867 78.42 33.85 152.44 21.84 42.25
1868 78.50 40.13 171.24 23.09 52.81
1869 78.42 61.30 23.34 20.94 103.11
1870 78.30 16.18 76.60 10.93 30.69
1871 78.59 31.92 138.49 19.40 36.73
1872 78.43 52.60 124.11 22.65 80.05
1873 78.60 57.05 57.40 22.73 91.85
1874 78.50 18.35 77.26 12.77 33.41
1875 78.49 44.50 162.95 23.16 52.87
1876 78.75 69.52 58.82 21.38 142.39
1877 78.60 54.87 87.91 22.62 89.49
1878 78.81 36.27 149.43 21.39 37.06
1879 78.73 63.68 28.03 22.02 114.12
1880 78.83 47.76 169.75 24.33 60.39
1881 78.83 66.96 36.85 19.93 110.74
1882 79.08 71.65 66.01 19.52 123.04
1883 79.15 79.90 96.62 17.81 92.32
1884 79.14 23.44 128.74 16.17 30.00
1885 78.99 15.86 84.16 12.47 27.00
1886 79.19 21.00 117.82 14.88 30.22
1887 79.02 59.18 46.37 22.24 84.53
1888 79.22 30.25 126.08 17.68 28.74
1889 79.36 38.66 153.05 21.84 37.14
1890 79.01 64.92 26.25 21.25 106.00
1891 79.32 25.93 125.09 16.64 29.08
1892 79.45 46.18 177.98 22.91 45.54
1893 79.31 51.22 183.78 24.50 56.42
1894 79.49 41.86 184.02 22.02 38.73
1895 79.42 75.60 68.89 18.17 115.49
1896 79.53 77.68 75.18 18.58 98.66
1897 79.53 17.82 106.38 13.73 26.67
1898 79.72 44.11 176.60 22.19 38.67
1899 79.63 34.17 120.78 19.27 30.00
1900 79.79 53.55 149.93 22.33 59.63
1901 79.61 61.12 34.49 22.27 78.65
1902 79.81 28.20 122.88 17.67 25.73
1903 79.81 49.17 175.62 22.86 49.84
1904 79.78 55.81 142.85 22.47 56.75
1905 79.87 66.90 25.83 19.30 99.58
1906 79.87 63.84 24.18 20.10 88.10
1907 80.04 58.10 127.21 23.00 58.00
1908 80.16 73.86 48.85 18.38 121.33
1909 80.05 36.54 118.51 20.68 24.70
1910 80.28 32.45 106.96 19.49 24.78
1911 80.05 69.31 32.51 19.52 108.80
1912 80.06 81.16 41.53 13.12 45.53
1913 80.29 20.05 108.80 13.66 21.81
1914 80.38 24.17 99.08 16.12 24.65
1915 80.44 41.00 134.43 20.72 28.96
1916 80.39 71.61 44.11 19.03 109.20
1917 80.52 30.62 98.00 19.94 21.81
1918 80.44 51.42 190.65 23.22 43.88
1919 80.48 38.73 123.00 20.97 27.54
1920 80.55 47.55 160.42 22.91 37.06
1921 80.60 79.00 42.76 15.64 76.26
1922 80.77 26.42 87.44 16.01 20.21
1923 80.68 61.78 87.36 21.91 65.04
1924 80.90 45.60 154.17 22.13 32.82
1925 80.87 65.99 28.68 19.59 82.46
1926 80.98 17.94 91.76 13.58 18.72
1927 80.85 76.25 44.64 17.11 107.00
1928 80.94 43.50 140.20 21.75 28.13
1929 80.84 34.84 106.64 19.66 23.11
1930 81.00 54.59 162.73 23.15 37.27
1931 81.14 59.46 140.15 22.54 50.87
1932 80.95 22.22 89.71 15.51 19.66
1933 81.14 28.79 98.21 17.94 19.97
1934 81.19 57.10 146.60 21.90 45.40
1935 81.19 49.82 162.03 22.81 32.09
1936 81.30 63.86 52.64 20.83 69.58
1937 81.28 70.47 26.71 18.52 91.82
1938 81.31 37.16 98.14 19.44 22.37
1939 81.49 52.35 160.17 23.58 29.44
1940 81.27 68.41 24.53 19.89 85.38
1941 81.57 39.87 81.19 20.84 25.00
1942 81.75 20.23 73.84 13.90 16.90
1943 81.69 73.39 25.62 17.87 112.29
1944 81.63 24.39 83.66 15.98 18.30
1945 81.67 41.88 99.04 23.48 23.70
1946 81.71 47.74 141.80 23.49 28.08
1947 81.83 31.57 58.44 18.29 17.61
1948 81.83 33.68 63.99 19.58 18.29
1949 81.94 78.19 30.17 15.75 92.33
1950 81.99 61.59 125.06 22.41 46.77
1951 82.16 55.65 151.42 23.32 31.28
1952 82.03 68.25 24.39 18.43 79.16
1953 82.15 45.81 102.77 23.21 23.23
1954 82.19 27.11 65.18 17.58 16.48
1955 82.29 29.76 54.67 17.49 17.23
1956 82.35 35.94 56.27 19.07 17.85
1957 82.28 43.87 97.61 20.57 22.79
1958 82.31 75.74 21.85 16.67 86.74
1959 82.37 38.06 62.32 21.34 21.13
1960 82.25 65.69 77.52 20.26 65.73
1961 82.35 49.75 138.66 22.06 25.65
1962 82.43 58.82 146.86 21.60 34.29
1963 82.43 22.64 63.16 14.85 15.07
1964 82.66 53.62 134.64 22.09 25.00
1965 82.68 70.73 21.03 18.64 91.18
1966 82.60 51.59 139.98 22.65 26.27
1967 82.81 41.64 75.76 22.30 21.75
1968 82.96 63.42 137.39 21.02 44.78
1969 82.88 24.73 51.09 16.92 14.71
1970 82.88 39.81 57.43 20.81 20.44
1971 82.93 47.87 105.44 21.29 20.61
1972 82.91 32.73 45.43 18.76 18.24
1973 83.00 68.19 45.36 18.77 65.16
1974 83.04 21.00 45.94 13.81 14.04
1975 83.12 73.07 19.69 17.84 84.28
1976 83.20 60.90 137.36 22.79 33.81
1977 83.24 56.61 125.50 22.59 27.55
1978 83.38 77.52 14.84 14.94 49.80
1979 83.24 26.71 36.96 17.20 15.28
1980 83.35 28.66 34.72 18.99 16.68
1981 83.36 34.80 39.54 17.99 16.92
1982 83.33 46.03 64.48 20.19 20.00
1983 83.44 43.22 54.09 21.17 17.84
1984 83.67 65.78 131.09 18.95 41.53
1985 83.55 74.92 14.61 15.83 61.72
1986 83.62 38.47 45.59 19.64 17.75
1987 83.55 50.21 84.27 22.00 24.63
1988 83.76 52.39 90.46 21.74 21.45
1989 83.92 23.20 35.05 14.47 13.13
1990 83.75 54.59 99.98 20.29 22.24
1991 83.81 59.22 120.80 22.33 28.20
1992 83.92 36.74 34.33 20.08 16.64
1993 84.12 40.42 33.77 19.68 16.25
1994 84.18 71.05 46.77 18.73 67.92
1995 84.21 25.36 27.19 16.52 15.17
1996 84.02 26.51 26.88 16.56 13.92
1997 84.07 48.19 53.69 21.10 19.03
1998 84.14 62.60 135.50 20.81 31.90
1999 84.30 33.05 25.15 17.04 14.49
2000 84.23 44.78 47.36 21.58 17.34
2001 84.17 68.14 106.25 18.18 41.19
2002 84.40 21.02 25.10 12.58 11.95
2003 84.37 57.40 94.83 20.75 23.58
2004 84.76 75.37 13.98 14.41 41.32
2005 84.52 29.81 23.26 17.53 14.79
2006 84.50 73.05 18.84 16.70 49.45
2007 84.67 27.60 21.93 16.52 14.55
2008 84.59 35.33 26.82 19.18 15.59
2009 84.70 50.82 55.31 20.03 16.85
2010 84.80 46.59 41.12 20.48 16.87
2011 84.81 53.00 61.81 21.16 17.99
2012 84.82 55.29 76.67 21.09 18.99
2013 84.91 66.16 139.14 20.70 32.10
2014 84.68 69.02 94.61 17.57 40.11
2015 84.94 37.16 26.00 18.99 16.56
2016 85.24 39.38 23.46 19.66 14.63
2017 85.12 24.62 20.73 15.41 12.22
2018 85.29 31.68 20.76 17.20 13.08
2019 85.13 48.86 48.44 20.34 16.86
2020 85.23 59.47 91.54 20.97 21.23
2021 85.28 61.67 104.13 20.93 24.31
2022 85.19 41.61 26.91 19.78 15.79
2023 85.26 64.02 141.10 20.82 27.40
2024 85.29 44.45 29.79 18.90 15.50
2025 85.51 22.07 17.85 14.38 11.50
2026 85.70 69.32 112.17 18.73 35.35
2027 85.70 29.32 19.36 17.46 13.79
2028 85.56 34.38 20.47 17.83 14.05
2029 85.85 57.35 58.22 21.07 19.34
2030 85.96 71.57 79.57 18.00 33.90
2031 85.64 27.24 17.75 16.58 12.90
2032 86.00 73.90 50.73 16.28 34.42
2033 85.93 37.34 20.91 18.35 14.46
2034 85.80 46.74 28.44 20.12 15.70
2035 85.83 50.91 31.87 21.53 16.53
2036 85.88 52.95 36.24 21.10 17.74
2037 86.09 43.39 24.72 19.15 13.94
2038 85.99 55.07 43.08 20.73 18.18
2039 86.26 66.93 143.72 19.47 26.69
2040 86.27 24.98 17.10 16.93 12.24
2041 86.16 41.30 22.24 20.02 13.85
2042 86.26 48.83 31.00 20.37 16.08
2043 86.10 32.61 16.50 21.25 11.88
2044 86.55 63.94 111.09 20.51 21.71
2045 86.41 31.45 17.65 17.92 14.88
2046 86.60 39.40 19.18 18.56 13.31
2047 86.57 60.92 70.61 21.46 20.00
2048 86.18 50.04 31.80 22.00 15.00
2049 86.65 33.46 17.57 16.66 13.85
2050 86.80 35.18 17.40 17.93 13.13
2051 86.73 45.35 22.96 20.25 13.81
2052 86.79 28.40 15.02 16.55 11.85
2053 86.89 52.15 26.83 20.57 15.51
2054 86.83 54.06 28.41 21.15 16.08
2055 87.04 56.76 32.51 20.74 16.85
2056 87.14 47.47 21.18 20.99 13.11
2057 86.87 58.90 38.62 18.31 18.12
2058 87.02 72.63 78.00 16.76 22.00
2059 86.91 30.50 16.75 16.39 12.72
2060 87.09 37.70 17.67 19.78 12.67
2061 87.14 68.87 114.64 18.36 21.09
2062 87.18 26.60 14.45 16.23 11.96
2063 87.13 43.48 17.25 20.43 13.30
2064 87.02 50.59 20.50 22.79 13.29
2065 87.33 49.64 21.88 19.61 13.32
2066 87.60 70.73 89.56 16.61 20.62
2067 87.81 24.51 12.43 14.90 10.93
2068 87.58 63.26 59.72 18.88 17.16
2069 87.89 66.17 103.99 18.48 19.27
2070 87.39 42.39 19.29 17.14 11.43
2071 87.72 32.44 15.60 18.17 11.43
2072 87.88 54.26 22.60 20.18 13.74
2073 87.57 25.54 12.56 17.33 11.33
2074 87.84 45.49 15.98 19.81 12.52
2075 87.77 58.78 28.28 19.72 16.78
2076 87.93 60.88 42.74 19.61 18.81
2077 88.20 30.58 13.62 16.38 11.39
2078 87.98 39.09 14.39 17.67 11.20
2079 88.11 52.01 20.04 20.42 14.37
2080 88.24 34.60 13.32 18.05 11.47
2081 88.00 37.02 13.02 19.28 11.31
2082 87.93 33.43 15.67 15.40 12.80
2083 88.24 48.06 17.19 18.53 12.71
2084 88.20 43.93 16.33 18.89 12.84
2085 88.47 26.46 11.46 14.86 10.85
2086 88.17 56.67 22.53 20.04 15.57
2087 88.40 68.75 103.71 17.69 17.00
2088 88.90 63.13 58.70 18.61 15.77
2089 88.49 55.53 23.90 19.40 15.10
2090 88.89 46.51 15.41 19.76 12.50
2091 88.82 57.80 23.55 20.68 16.95
2092 88.81 59.56 26.55 19.65 15.10
2093 89.09 65.37 58.32 17.14 15.66
2094 88.77 28.06 10.92 15.58 10.42
2095 89.12 43.30 13.86 19.99 12.58
2096 89.16 36.81 12.15 17.86 11.72
2097 89.18 28.83 9.27 15.02 10.07
2098 89.22 38.86 12.73 18.27 12.19
2099 89.19 53.34 17.77 20.25 14.51
2100 89.08 49.16 15.79 20.00 13.42
2101 89.20 51.18 16.42 20.50 13.48
2102 89.14 55.65 19.95 20.60 14.57
2103 89.29 34.49 11.64 17.43 11.01
2104 89.43 40.96 12.96 16.89 11.47
2105 89.65 68.23 74.62 17.15 12.58
2106 89.43 31.25 10.21 15.54 10.79
2107 89.69 61.36 26.38 18.78 15.32
2108 89.71 25.81 9.79 12.92 9.02
2109 89.45 58.17 27.30 19.40 15.20
2110 89.60 45.37 11.84 18.81 10.58
2111 89.77 49.09 13.46 19.57 11.35
2112 89.96 29.93 10.86 15.87 10.61
2113 89.92 58.94 20.43 19.86 13.74
2114 90.40 50.77 13.37 18.16 12.25
2115 90.33 66.23 36.49 17.98 12.86
2116 90.30 42.84 11.51 17.62 10.74
2117 90.13 47.72 14.00 18.07 13.21
2118 90.48 63.79 27.53 17.29 13.36
2119 90.23 45.04 13.51 17.03 11.69
2120 90.55 33.49 10.22 18.42 10.87
2121 90.38 35.95 10.77 16.88 11.52
2122 90.23 60.08 19.41 19.86 12.86
2123 90.34 38.91 10.78 17.96 9.19
2124 90.73 40.88 10.13 18.53 11.36
2125 90.64 54.79 13.99 18.73 13.69
2126 90.66 52.65 14.14 19.69 12.52
2127 91.09 46.88 11.73 18.93 11.62
2128 90.71 61.04 19.62 18.17 12.88
2129 90.95 58.69 15.44 19.22 12.00
2130 90.83 38.04 12.06 18.00 10.94
2131 90.91 44.73 11.06 18.47 10.19
2132 91.14 62.27 18.59 18.43 11.09
2133 91.24 37.29 9.80 18.76 10.80
2134 91.49 35.05 9.45 18.32 10.67
2135 91.66 42.69 11.00 20.02 10.92
2136 91.57 51.75 10.19 19.40 11.40
2137 91.49 44.09 10.90 19.35 10.80
2138 91.71 60.03 15.69 17.64 12.46
2139 91.67 32.47 10.40 18.53 9.80
2140 91.81 50.32 11.14 18.37 12.24
2141 91.75 61.50 16.95 18.11 10.95
2142 91.74 57.39 11.82 19.41 10.76
2143 92.37 36.43 10.14 23.27 9.99
2144 91.99 45.45 10.05 18.37 10.77
2145 92.18 30.88 8.18 21.92 9.21
2146 92.17 62.30 13.02 19.51 10.34
2147 92.29 56.60 12.81 19.40 11.66
2148 92.46 29.00 8.76 19.61 8.45
2149 92.46 48.44 10.42 17.63 10.84
2150 92.53 59.10 11.90 19.02 11.66
2151 93.28 33.49 9.45 30.26 9.59
2152 92.80 39.77 10.00 23.59 10.36
2153 92.38 38.43 10.00 24.11 12.22
2154 92.41 43.39 10.50 20.42 11.25
2155 93.02 31.10 9.06 24.01 9.23
2156 92.72 50.50 10.40 19.10 10.58
2157 92.93 44.22 11.05 21.42 9.78
2158 92.72 52.84 9.89 19.22 11.78
2159 93.30 62.13 12.00 17.50 10.22
2160 93.21 51.34 10.98 18.14 10.86
2161 93.04 56.04 12.88 16.88 12.29
2162 93.19 60.30 12.04 16.85 11.20
2163 93.40 53.29 11.09 17.57 10.81
2164 93.44 57.71 10.48 17.43 10.53
2165 93.41 42.26 10.04 22.04 11.31
2166 93.31 45.27 10.07 22.64 10.36
2167 93.79 47.28 10.81 21.17 10.43
2168 93.82 36.49 9.58 28.72 9.73
2169 94.15 40.40 9.68 29.35 10.46
2170 94.00 54.88 10.98 16.63 10.28
2171 94.06 49.10 11.08 21.35 10.15
2172 94.24 41.98 8.64 25.70 10.73
2173 94.49 56.27 10.24 17.32 10.44
2174 94.83 35.40 8.54 24.36 8.86
2175 94.76 38.06 8.00 26.63 8.52
2176 94.90 53.24 9.24 17.52 9.90
2177 94.70 43.74 9.79 20.75 11.06
2178 94.88 47.75 10.41 20.90 10.73
2179 94.87 49.59 10.20 21.95 10.23
2180 95.44 45.31 9.09 26.35 8.58
2181 95.28 51.53 9.62 20.60 10.43
2182 95.53 42.73 9.78 24.14 9.19
2183 95.89 48.24 9.74 22.29 9.00
2184 95.89 50.72 10.58 20.88 9.65
2185 96.43 38.52 8.81 33.20 8.59
2186 96.02 54.04 9.19 18.04 9.78
2187 96.10 41.30 9.08 29.26 9.46
2188 96.54 44.12 8.77 25.80 9.16
2189 96.46 52.56 8.41 19.00 9.41
2190 96.99 49.71 8.15 22.52 8.31
2191 96.86 41.01 8.58 30.61 8.15
2192 97.17 47.21 7.82 19.39 8.08
2193 97.68 41.90 8.16 26.77 8.72

