#<Embryo name> <Cleavage cycle> <Temporal class> <Genes>
pe2 14A 8 even-skipped Kruppel giant

#Quantitative data
#<Nucleus number> <A-P coordinate> <D-V coordinate> <Fluorescence intensity: channel 1 - eve, channel 2 - Kr, channel 3 - gt>
0 2.13 45.69 8.63 10.74 30.60
1 1.69 48.38 7.64 12.16 21.04
2 2.30 48.01 8.97 12.00 24.95
3 2.32 42.26 8.61 10.72 32.95
4 2.81 50.52 8.85 11.60 30.13
5 3.08 53.64 8.21 11.61 17.30
6 3.48 40.94 9.38 10.31 38.57
7 3.41 43.55 9.81 12.39 46.74
8 3.38 55.86 8.46 13.18 12.38
9 3.43 52.44 7.71 11.56 21.07
10 3.64 47.25 9.88 12.07 33.10
11 3.69 44.90 9.11 10.16 46.73
12 4.07 49.82 8.99 13.33 42.95
13 4.13 56.31 9.50 12.45 13.30
14 4.57 53.43 8.80 13.55 35.47
15 4.62 42.20 9.92 12.63 41.53
16 4.64 39.34 10.33 12.53 45.06
17 4.36 44.78 10.09 14.57 44.39
18 4.56 50.77 9.15 12.80 43.17
19 4.66 60.56 7.40 13.71 7.48
20 5.04 36.40 9.76 13.11 34.95
21 4.80 46.03 9.39 11.97 40.70
22 4.90 33.71 10.43 14.57 33.81
23 4.83 58.34 8.66 14.21 11.21
24 5.30 48.00 9.97 15.94 44.52
25 5.22 56.37 9.86 14.85 17.05
26 5.20 44.72 10.20 15.26 40.70
27 5.05 40.56 9.65 16.50 40.80
28 5.29 61.16 7.77 13.97 7.37
29 5.62 50.46 10.78 16.72 42.25
30 5.54 59.51 8.95 14.43 12.57
31 5.74 38.96 9.71 14.06 39.49
32 6.06 34.31 10.64 17.48 28.95
33 6.05 54.11 10.06 15.44 27.85
34 6.03 42.29 10.55 14.94 43.65
35 5.86 51.79 9.66 15.17 38.54
36 6.09 57.99 8.54 16.98 16.68
37 6.38 45.30 10.07 14.81 40.41
38 6.23 60.84 8.35 16.08 7.85
39 6.59 56.29 10.18 14.31 18.56
40 6.81 48.10 10.62 19.31 29.86
41 6.81 62.29 8.61 16.00 8.31
42 6.65 59.07 9.48 18.33 13.22
43 6.93 31.47 9.70 16.33 18.72
44 6.71 50.81 10.23 14.79 30.06
45 7.00 37.03 10.45 15.26 23.69
46 6.84 29.52 9.85 17.38 13.76
47 7.19 40.05 11.47 15.96 26.39
48 7.39 43.14 11.39 18.33 24.35
49 7.45 53.53 11.05 18.64 25.42
50 7.37 33.54 10.66 15.30 20.65
51 7.50 60.88 9.57 16.38 9.69
52 7.45 51.04 10.88 17.86 27.09
53 7.57 56.00 10.33 17.44 16.57
54 7.45 30.00 10.66 17.74 11.92
55 7.87 46.02 10.65 18.55 13.39
56 7.77 64.42 9.45 12.96 9.06
57 7.98 58.80 9.78 17.70 9.68
58 8.15 49.00 11.21 22.12 17.21
59 8.13 35.54 12.16 19.70 15.24
60 8.09 38.42 10.62 18.12 13.26
61 7.92 29.37 10.58 18.00 8.50
62 8.37 41.23 11.64 21.97 12.41
63 8.29 30.51 10.31 20.63 11.98
64 8.69 57.60 11.61 19.56 11.05
65 8.54 52.09 10.84 20.30 13.19
66 8.64 62.56 11.61 16.22 10.21
67 8.62 67.33 7.59 13.79 9.36
68 8.69 33.15 11.86 21.05 11.90
69 8.92 55.19 11.27 20.40 11.74
70 8.96 42.82 11.52 22.48 9.58
71 8.95 44.32 11.02 19.70 9.41
72 8.84 65.45 8.97 16.42 9.18
73 8.70 29.43 10.00 19.77 9.38
74 9.05 46.63 10.26 22.10 10.55
75 9.39 39.74 11.72 24.02 10.09
76 9.30 27.91 10.55 17.78 7.87
77 9.04 36.09 11.00 20.32 11.16
78 9.18 30.79 11.03 21.21 8.97
79 9.34 60.49 10.28 19.60 10.31
80 9.34 50.00 11.58 24.25 10.89
81 9.45 34.00 12.09 22.17 9.30
82 9.80 53.03 11.98 26.91 11.15
83 9.84 67.76 9.88 13.92 12.52
84 9.59 37.46 12.28 20.72 10.33
85 9.80 63.64 10.37 20.43 10.97
86 9.87 58.31 12.07 23.95 11.17
87 10.20 47.84 11.96 29.03 10.62
88 9.91 36.08 11.43 19.97 9.60
89 9.99 31.00 12.79 19.45 8.96
90 10.35 44.84 12.52 24.35 10.37
91 10.31 55.92 12.04 26.77 12.71
92 10.13 33.78 12.40 20.54 8.96
93 10.36 26.33 11.01 17.07 8.60
94 10.15 28.44 12.29 21.43 6.71
95 10.70 38.63 11.43 22.87 10.17
96 10.58 42.41 12.59 23.77 9.69
97 10.73 50.80 12.96 32.65 11.68
98 11.04 61.00 12.18 23.84 13.63
99 10.69 65.60 11.33 16.17 12.79
100 10.58 29.17 11.73 22.25 8.43
101 10.61 34.91 13.06 19.18 8.71
102 11.05 32.37 12.52 21.46 10.24
103 10.96 70.39 9.29 10.15 23.52
104 11.40 36.28 12.48 22.47 11.12
105 11.23 54.06 12.98 33.78 13.64
106 11.52 58.83 12.22 26.96 13.68
107 11.13 67.77 10.45 12.86 14.29
108 11.26 26.70 10.39 19.40 8.86
109 11.28 24.25 9.28 16.31 8.75
110 11.82 42.94 13.07 28.83 12.06
111 11.80 63.27 12.08 22.31 14.97
112 11.88 40.33 12.80 30.60 12.45
113 11.74 48.09 13.70 33.87 13.34
114 11.98 45.32 12.50 29.03 12.95
115 12.04 56.48 12.93 28.56 16.98
116 12.03 25.04 11.80 17.88 9.64
117 12.06 65.95 12.25 15.19 14.44
118 12.26 52.12 12.57 32.17 18.34
119 12.09 23.26 10.65 15.62 9.00
120 12.07 27.40 11.89 21.72 9.87
121 12.22 33.14 12.84 25.47 12.44
122 12.27 37.75 12.26 21.39 10.89
123 12.48 68.54 11.50 11.96 21.73
124 12.27 30.52 13.24 24.54 11.39
125 12.60 71.53 10.82 9.66 40.59
126 12.78 60.67 12.03 22.76 18.75
127 12.57 34.66 13.24 27.62 13.55
128 13.03 49.77 13.89 33.35 32.38
129 12.96 54.90 13.97 26.38 32.82
130 12.72 27.99 11.73 24.39 12.67
131 12.83 63.49 11.80 22.59 17.84
132 13.15 46.88 13.05 30.31 23.63
133 12.91 23.48 11.33 17.27 11.29
134 13.21 35.67 13.35 28.82 14.01
135 13.23 58.07 12.17 24.24 25.70
136 13.36 25.70 13.13 20.28 12.37
137 13.12 40.73 12.33 24.48 16.89
138 13.22 28.56 13.56 23.87 12.80
139 13.14 32.09 11.87 27.40 14.15
140 13.27 43.74 12.47 26.14 20.18
141 13.61 65.73 13.67 16.96 18.22
142 13.55 38.15 14.03 26.75 18.44
143 13.44 63.46 13.12 22.81 20.86
144 13.76 70.52 11.78 11.65 34.72
145 14.04 52.24 12.75 25.61 58.87
146 13.54 29.51 13.79 26.50 12.93
147 14.00 73.42 11.30 10.66 35.47
148 13.90 33.03 14.15 26.71 15.94
149 13.75 68.23 12.33 11.79 22.21
150 14.03 30.35 13.29 23.44 17.91
151 14.01 21.25 10.68 18.44 12.30
152 14.24 23.55 12.91 19.59 17.09
153 13.88 42.90 10.88 24.08 18.00
154 13.86 62.63 13.12 24.71 17.25
155 14.31 61.04 14.41 22.24 32.61
156 14.09 27.35 13.42 22.13 18.12
157 14.43 48.85 13.74 26.05 62.80
158 14.34 45.58 13.30 29.28 52.75
159 14.56 54.98 14.02 24.72 78.81
160 14.43 40.73 13.90 26.53 36.28
161 14.54 35.37 13.67 26.14 29.08
162 14.59 58.48 13.89 23.00 49.09
163 14.56 63.85 14.23 17.40 23.20
164 14.56 37.74 14.05 27.04 35.84
165 14.88 32.38 14.19 22.60 29.17
166 15.21 42.94 13.65 25.37 85.41
167 14.94 26.00 13.86 19.25 23.91
168 14.83 66.48 13.67 14.87 21.70
169 15.07 21.54 11.13 18.84 21.98
170 15.25 71.87 12.19 11.46 28.44
171 15.21 75.05 11.04 9.79 25.96
172 15.28 51.19 14.15 22.06 116.87
173 15.05 68.11 13.46 13.36 21.82
174 15.20 38.25 14.76 27.83 40.48
175 15.26 64.53 14.13 16.10 23.44
176 15.14 69.55 11.91 14.36 22.91
177 15.28 77.45 10.37 9.72 19.30
178 15.52 45.96 15.52 26.67 110.96
179 15.67 29.69 12.71 23.23 38.55
180 15.78 62.42 15.26 19.44 33.08
181 15.68 24.21 13.40 20.27 39.10
182 15.77 34.26 14.24 25.78 64.64
183 15.92 53.59 13.81 18.39 109.59
184 15.64 56.28 14.86 26.79 94.41
185 15.92 40.08 14.71 20.84 98.59
186 15.91 60.03 14.77 22.00 53.18
187 15.62 66.41 13.46 16.06 21.60
188 15.98 48.50 14.33 20.92 133.31
189 15.98 27.19 13.74 21.82 44.62
190 15.90 57.60 14.87 24.11 88.62
191 16.16 37.09 14.05 27.46 90.98
192 15.95 68.54 13.33 11.98 21.33
193 15.94 74.08 10.86 11.55 24.92
194 16.25 21.36 11.23 16.17 57.16
195 15.86 76.94 9.11 11.11 18.44
196 16.61 31.87 14.08 23.34 80.17
197 16.62 64.89 13.43 14.27 32.06
198 16.48 70.20 13.31 13.14 23.62
199 16.25 71.41 12.00 11.09 24.87
200 16.37 76.39 11.21 11.02 18.96
201 16.74 67.15 15.35 14.17 25.00
202 16.71 50.66 14.55 17.06 137.71
203 16.81 42.26 14.53 21.75 125.03
204 16.71 45.12 13.98 19.69 133.77
205 16.75 25.09 13.55 18.11 72.02
206 17.09 29.47 14.67 20.79 98.22
207 16.96 55.26 15.44 19.69 111.32
208 17.04 19.12 10.40 11.81 55.75
209 17.07 58.38 14.60 20.29 90.99
210 16.90 74.20 13.44 12.79 22.97
211 17.04 35.20 14.79 19.58 115.78
212 17.22 61.90 14.01 18.45 51.12
213 17.35 22.64 12.96 14.44 99.71
214 17.10 76.04 10.90 10.78 20.20
215 17.31 27.14 14.75 18.94 93.00
216 17.37 47.79 14.08 16.78 157.02
217 17.36 39.03 14.83 18.02 134.08
218 17.53 52.58 15.60 19.56 136.09
219 17.48 71.55 13.82 12.84 24.46
220 17.53 69.21 14.30 11.98 23.30
221 17.49 24.82 14.61 16.97 89.34
222 17.44 77.59 10.82 9.89 17.43
223 17.90 33.38 15.15 17.15 134.86
224 18.10 20.52 12.50 14.62 98.09
225 18.18 36.72 14.94 19.64 140.08
226 17.98 44.52 14.28 17.64 150.28
227 18.11 66.71 15.36 13.48 28.07
228 18.03 64.04 14.38 14.80 39.92
229 17.80 79.51 10.18 9.30 15.68
230 18.19 50.08 14.79 14.65 151.66
231 18.04 74.82 12.99 11.15 22.66
232 18.12 41.39 15.79 19.58 146.40
233 18.17 54.70 16.33 15.91 121.09
234 18.29 57.13 15.21 15.10 103.97
235 18.31 59.91 14.27 17.77 70.13
236 18.14 77.50 12.42 10.45 17.88
237 18.53 31.03 14.58 16.68 127.15
238 18.25 18.25 10.75 9.91 75.36
239 18.20 71.00 15.33 11.61 21.50
240 18.50 25.69 12.88 13.34 114.06
241 18.53 28.23 14.19 14.97 123.25
242 18.65 23.06 13.29 13.60 125.34
243 18.74 47.21 15.34 20.25 152.90
244 18.69 80.16 10.02 10.02 16.80
245 18.81 39.18 14.22 16.61 131.76
246 18.86 62.24 16.49 15.39 49.58
247 18.96 73.67 13.36 11.83 22.55
248 19.05 52.72 16.17 16.64 129.06
249 18.93 78.56 11.52 10.46 20.00
250 19.08 34.40 15.92 14.77 156.15
251 19.30 75.99 13.35 11.75 22.48
252 18.93 18.54 10.70 10.46 88.04
253 19.18 43.06 15.37 15.40 146.87
254 18.95 69.60 14.20 12.72 24.83
255 19.12 64.49 15.23 13.51 36.92
256 19.34 66.89 14.54 13.95 33.65
257 19.44 55.18 15.76 14.80 100.94
258 19.31 61.07 16.00 15.41 53.09
259 19.57 20.98 13.23 12.23 119.37
260 19.51 50.39 15.49 16.39 134.94
261 19.47 58.25 14.65 15.41 76.70
262 19.65 37.19 15.44 15.59 146.17
263 19.81 45.58 16.56 15.19 153.42
264 19.90 40.84 15.83 15.77 147.11
265 19.75 71.60 14.30 12.91 27.28
266 19.89 24.16 14.27 12.47 134.46
267 19.87 26.88 14.57 12.90 124.34
268 19.89 29.39 15.06 16.39 130.93
269 20.03 31.95 15.72 15.59 145.32
270 19.56 80.43 11.33 8.90 17.24
271 19.66 74.83 13.73 15.07 25.20
272 19.97 17.59 11.60 10.12 80.06
273 20.14 48.03 15.81 15.20 143.30
274 20.16 69.27 14.47 13.65 29.19
275 19.86 81.75 9.21 8.34 17.30
276 19.85 18.79 11.62 9.77 96.69
277 20.19 74.32 14.56 13.31 27.27
278 20.32 34.61 16.47 16.52 152.46
279 20.35 59.64 16.02 13.87 57.01
280 20.34 62.25 15.70 14.41 42.68
281 20.16 78.39 12.88 10.85 25.10
282 20.72 38.96 15.94 15.19 139.99
283 20.48 52.95 15.20 14.38 102.87
284 20.33 72.61 15.42 13.31 27.92
285 20.42 65.04 15.41 13.80 34.58
286 20.54 56.22 17.19 15.17 93.38
287 20.79 43.81 15.76 14.79 158.76
288 20.76 20.10 12.63 12.16 120.72
289 20.75 76.68 14.48 12.26 28.74
290 21.02 81.21 12.86 10.92 24.50
291 20.92 49.96 17.56 15.62 121.04
292 21.12 16.57 11.86 9.08 75.68
293 21.20 22.88 13.88 12.17 107.58
294 21.15 36.36 15.44 15.33 154.38
295 21.24 25.34 14.94 14.07 110.92
296 21.21 67.80 15.13 12.82 36.96
297 21.07 70.30 16.62 14.82 34.41
298 21.31 27.83 15.35 12.95 112.74
299 21.38 46.45 16.31 15.67 136.10
300 20.95 75.51 14.69 12.75 29.25
301 21.37 30.48 16.66 13.32 125.38
302 21.32 41.52 16.67 16.78 137.71
303 21.32 73.70 15.75 13.04 29.78
304 21.61 63.09 17.12 15.92 46.38
305 21.60 33.18 15.68 15.06 128.22
306 21.46 57.37 17.21 14.88 69.52
307 21.60 60.38 17.49 14.43 50.43
308 21.67 54.47 16.54 14.91 75.76
309 21.70 78.26 14.48 12.22 33.95
310 21.65 65.63 15.48 14.42 41.65
311 21.56 52.01 17.70 15.21 87.63
312 21.51 71.25 15.80 13.27 31.27
313 21.84 18.48 13.14 11.41 88.08
314 22.10 38.42 16.70 14.71 137.22
315 22.25 48.94 18.38 15.94 103.67
316 22.23 21.29 14.27 11.51 93.23
317 22.35 43.85 17.78 15.98 116.18
318 22.12 51.20 16.92 15.33 86.83
319 22.17 80.19 14.53 12.18 33.41
320 22.46 35.90 16.14 15.30 110.68
321 22.50 40.80 16.10 15.88 126.03
322 22.41 69.47 16.59 13.35 37.89
323 22.42 75.21 17.53 12.24 35.57
324 22.52 16.17 12.29 9.08 62.94
325 22.46 57.83 16.81 16.43 59.00
326 22.43 72.48 15.39 13.14 37.45
327 22.67 23.99 14.49 11.51 72.72
328 22.69 26.02 15.41 12.61 85.70
329 22.67 28.62 14.74 12.96 100.44
330 22.74 67.14 17.91 14.89 42.50
331 22.87 31.35 17.11 13.85 111.66
332 22.77 53.04 17.67 16.41 78.95
333 22.83 46.44 17.07 15.85 92.79
334 22.95 64.07 18.18 14.10 49.06
335 22.92 55.39 17.84 15.90 62.10
336 22.70 61.99 17.08 13.74 48.81
337 23.07 33.73 16.35 13.78 104.56
338 22.78 80.63 16.76 10.98 36.57
339 22.95 82.80 13.44 10.97 34.10
340 23.09 59.85 18.00 15.19 55.42
341 22.96 77.66 18.67 12.38 37.94
342 23.19 19.07 14.72 10.95 79.69
343 23.03 13.92 12.02 8.90 50.18
344 23.26 50.59 17.80 16.14 75.22
345 23.38 71.10 19.73 14.60 48.96
346 23.44 38.65 17.16 14.97 101.45
347 23.63 41.94 17.60 15.94 94.71
348 23.56 75.49 21.37 12.43 42.43
349 23.62 22.20 15.12 10.89 76.47
350 23.46 62.12 18.39 15.30 48.33
351 23.81 44.17 16.78 15.60 87.86
352 23.87 48.52 18.97 16.08 72.54
353 23.78 73.43 26.13 14.37 50.79
354 23.74 57.58 18.22 16.53 67.55
355 23.80 80.61 22.65 12.45 54.78
356 23.90 35.87 16.33 14.36 98.86
357 23.83 68.27 19.37 14.13 48.77
358 23.68 14.15 11.66 7.93 48.48
359 23.82 16.93 12.62 9.43 53.50
360 23.94 27.65 16.47 13.41 81.83
361 23.83 65.50 18.57 14.01 54.77
362 24.03 24.95 15.72 11.67 71.92
363 23.96 83.94 15.98 10.80 39.90
364 24.12 30.49 15.14 13.50 83.77
365 23.99 52.87 18.89 15.75 70.66
366 24.06 77.84 38.16 13.10 56.56
367 24.16 46.37 18.65 15.15 79.75
368 24.25 55.46 18.18 15.71 62.05
369 24.19 33.07 16.50 15.10 84.24
370 24.28 62.93 21.13 14.78 59.07
371 24.28 60.40 19.41 15.97 60.16
372 24.36 20.02 15.58 10.09 63.48
373 24.50 40.33 18.42 15.58 89.90
374 24.57 50.55 18.67 16.05 76.63
375 24.44 70.53 29.87 14.46 56.44
376 24.62 12.91 10.53 8.66 44.38
377 24.60 15.57 13.95 9.80 46.54
378 24.70 37.87 18.11 14.59 84.28
379 24.71 75.14 79.65 14.12 62.73
380 24.90 22.41 15.25 11.31 63.02
381 24.93 82.52 45.05 10.80 59.78
382 24.78 58.47 19.84 16.55 59.65
383 24.85 65.57 26.63 14.86 70.34
384 25.10 42.62 17.81 15.99 78.49
385 24.72 54.59 19.47 15.29 56.82
386 24.93 57.16 19.25 16.98 65.05
387 25.00 18.04 14.22 10.97 58.55
388 25.09 27.02 16.42 12.89 54.29
389 25.16 45.00 18.18 15.45 78.82
390 25.07 68.00 46.14 14.95 68.61
391 25.11 29.31 16.92 13.42 70.09
392 25.06 34.80 17.62 13.38 78.40
393 25.25 47.53 20.11 16.12 70.30
394 25.26 80.27 112.04 12.81 67.19
395 25.35 72.67 156.88 14.45 70.11
396 25.25 78.16 134.90 14.65 75.98
397 25.25 52.54 19.53 16.00 72.93
398 25.34 24.76 17.90 12.34 70.80
399 25.09 13.66 14.17 8.89 46.00
400 25.36 32.12 17.65 14.18 79.03
401 25.44 60.37 24.23 15.49 77.37
402 25.42 63.11 30.34 15.86 82.29
403 25.53 20.19 17.12 12.10 58.22
404 25.65 40.07 19.19 15.65 78.43
405 25.58 49.66 19.02 16.05 72.70
406 25.61 55.33 22.72 16.16 79.01
407 25.67 70.03 149.96 15.52 73.64
408 25.60 15.55 14.95 9.95 53.00
409 25.75 37.13 19.23 15.62 77.66
410 25.99 57.69 26.73 16.33 89.82
411 26.16 13.33 15.46 8.56 47.60
412 26.15 28.11 18.45 12.07 67.51
413 26.13 65.83 142.62 16.07 83.70
414 26.25 75.09 172.25 16.16 90.96
415 26.18 22.89 18.85 12.30 67.36
416 26.29 30.36 18.53 13.64 73.01
417 26.19 34.42 19.77 13.64 71.84
418 26.27 82.62 92.56 12.66 81.16
419 26.17 17.96 17.42 10.62 59.06
420 26.25 45.39 20.98 15.36 77.56
421 26.32 53.53 25.27 16.69 89.32
422 26.28 42.34 21.27 15.56 76.60
423 26.52 68.10 193.21 16.22 94.89
424 26.43 50.92 25.55 16.72 90.68
425 26.37 85.41 76.37 12.28 69.70
426 26.60 25.98 19.89 13.07 69.89
427 26.44 61.20 46.66 15.61 101.00
428 26.47 63.60 110.09 15.74 106.58
429 26.54 48.15 24.92 16.83 98.40
430 26.35 24.69 15.75 11.25 73.50
431 26.59 79.64 135.72 13.29 83.87
432 26.77 39.53 22.20 15.65 79.80
433 26.90 32.32 20.03 13.52 70.94
434 26.77 37.22 21.78 15.03 78.92
435 26.84 58.61 47.01 17.46 102.03
436 26.89 72.72 168.96 16.72 121.19
437 26.89 55.85 37.56 17.07 111.43
438 26.87 70.32 194.14 17.31 107.41
439 26.72 17.79 18.23 10.33 61.77
440 27.03 15.33 17.31 9.90 59.83
441 27.02 21.11 19.28 11.52 64.21
442 26.97 77.20 130.80 15.59 96.04
443 27.10 43.85 24.61 15.82 85.34
444 27.37 35.06 24.08 14.80 84.30
445 27.20 52.59 43.05 17.98 116.03
446 27.41 84.71 63.16 12.92 126.33
447 27.23 28.60 20.47 13.25 74.58
448 27.37 41.37 28.27 15.70 94.82
449 27.16 23.04 23.19 11.90 78.19
450 27.36 46.84 31.23 16.23 118.79
451 27.45 50.00 42.90 18.39 118.82
452 27.62 62.24 202.75 17.26 140.67
453 27.59 13.52 20.11 9.50 59.86
454 27.50 18.63 23.41 10.49 66.81
455 27.50 65.31 206.13 17.70 128.06
456 27.57 82.15 107.59 13.90 121.69
457 27.58 74.54 109.19 15.98 127.62
458 27.63 23.63 24.78 12.78 79.76
459 27.79 59.56 212.58 19.18 146.96
460 27.59 87.42 27.61 11.33 65.96
461 27.43 16.45 19.39 9.39 61.17
462 27.74 26.15 24.87 13.31 75.33
463 27.64 67.90 185.85 17.22 114.20
464 27.70 79.07 94.17 14.49 103.00
465 27.80 37.61 29.51 15.73 88.47
466 27.76 54.66 170.79 17.83 137.64
467 27.84 30.63 26.55 14.45 81.12
468 27.88 70.85 173.12 17.32 147.76
469 28.07 57.01 213.22 19.30 139.36
470 27.87 76.88 88.24 14.87 111.68
471 27.96 44.83 51.95 16.95 118.29
472 28.13 39.63 44.45 16.17 103.37
473 28.06 33.20 26.24 14.10 92.40
474 28.20 48.40 108.18 18.58 146.09
475 28.21 52.19 201.43 19.30 139.02
476 28.25 42.37 69.01 15.06 115.68
477 28.26 20.98 48.26 11.86 80.67
478 28.37 28.09 33.51 13.81 89.51
479 28.39 15.82 39.98 9.67 72.81
480 28.64 73.17 90.22 16.95 145.07
481 28.67 86.29 26.80 13.40 97.07
482 28.45 35.59 53.67 15.92 99.94
483 28.40 23.38 62.52 12.79 101.62
484 28.78 80.57 51.81 15.23 116.24
485 28.58 18.56 65.52 12.85 91.37
486 28.72 68.20 165.29 17.30 172.70
487 28.82 46.46 185.03 18.15 150.94
488 28.61 60.94 229.98 19.02 154.55
489 28.66 63.48 205.83 18.86 149.12
490 28.62 65.72 188.90 17.61 148.68
491 28.77 83.45 41.32 15.10 122.02
492 28.92 50.42 226.83 20.03 158.48
493 28.71 54.72 221.48 19.58 172.54
494 28.85 12.92 53.11 10.09 71.63
495 29.02 25.93 105.05 13.86 109.04
496 28.90 29.75 71.64 14.07 107.22
497 28.99 78.07 47.16 16.22 103.59
498 29.05 37.43 160.66 18.01 132.76
499 28.89 58.86 207.47 19.36 147.57
500 29.00 32.09 99.00 15.77 121.18
501 29.04 70.51 99.39 17.97 151.73
502 29.19 44.25 217.81 19.80 160.88
503 29.15 40.40 195.19 16.92 130.21
504 29.01 75.71 62.98 16.03 123.35
505 29.05 19.66 90.70 12.57 97.40
506 29.15 56.92 194.71 18.76 175.31
507 29.43 22.06 147.57 13.20 110.01
508 29.29 52.64 226.18 20.46 190.73
509 29.46 34.62 174.69 16.74 135.58
510 29.49 17.30 129.36 11.38 104.55
511 29.57 48.41 229.20 20.52 176.78
512 29.41 61.51 184.05 18.64 186.72
513 29.65 14.75 117.98 9.61 91.86
514 29.64 42.34 225.51 19.16 208.71
515 29.70 66.29 133.69 18.99 179.41
516 29.66 63.77 110.00 19.26 181.86
517 29.71 55.02 200.92 20.90 230.49
518 29.80 27.80 154.08 13.65 118.16
519 29.95 87.70 17.58 12.81 63.26
520 29.91 24.40 186.29 15.91 121.99
521 29.82 59.47 141.15 19.95 211.36
522 30.01 74.04 44.64 17.06 119.10
523 30.11 68.90 72.19 18.71 151.45
524 30.06 84.95 23.05 13.35 86.36
525 30.22 19.89 163.58 13.73 134.57
526 30.05 30.14 186.87 16.64 150.16
527 30.01 38.71 231.08 18.80 178.82
528 30.11 79.43 28.15 16.66 82.79
529 30.14 82.18 27.62 15.45 82.41
530 30.18 76.60 35.20 17.36 86.12
531 30.22 12.18 129.93 9.61 94.07
532 30.27 71.47 45.51 16.74 127.51
533 30.06 45.81 221.41 19.85 163.28
534 30.22 50.46 194.89 20.11 211.99
535 30.23 32.48 218.21 17.46 145.34
536 30.21 57.25 150.23 21.61 222.54
537 30.41 36.35 233.06 19.14 181.62
538 30.26 52.89 195.16 21.25 222.03
539 30.51 40.82 201.10 19.20 227.86
540 30.50 62.00 99.06 21.94 211.89
541 31.22 89.44 17.52 13.93 33.36
542 30.61 17.13 180.96 12.91 123.04
543 30.67 43.36 182.92 18.71 200.48
544 30.60 47.80 190.16 19.66 224.04
545 30.76 64.71 79.95 20.47 183.36
546 30.73 26.00 175.54 16.01 157.92
547 30.79 22.68 187.86 14.16 160.26
548 30.86 34.19 220.87 18.62 181.06
549 30.92 55.00 100.88 20.67 221.43
550 30.93 28.76 204.93 17.12 181.20
551 30.89 67.35 45.34 17.21 125.60
552 30.92 59.13 79.93 19.82 208.91
553 31.18 14.57 148.31 13.03 154.12
554 31.09 45.41 171.86 20.69 219.84
555 31.10 38.50 169.22 19.41 213.96
556 31.16 78.01 21.37 15.42 57.55
557 31.13 86.38 18.30 15.82 55.82
558 31.30 31.18 187.49 17.09 199.94
559 31.22 73.42 28.30 17.51 89.34
560 31.36 80.49 20.83 17.31 60.77
561 31.25 9.89 88.81 9.14 102.83
562 31.31 52.58 103.81 21.20 225.15
563 31.30 70.16 29.55 18.48 97.20
564 31.32 50.00 120.91 21.23 217.10
565 31.45 75.85 23.52 17.91 64.97
566 31.55 56.89 63.20 21.22 187.70
567 31.63 83.22 19.85 15.17 54.16
568 31.50 20.08 136.53 14.70 175.42
569 31.48 11.93 91.07 11.31 114.41
570 31.60 61.21 52.70 20.25 183.01
571 31.63 40.94 127.59 20.54 218.91
572 31.67 35.74 169.07 19.63 214.90
573 31.77 24.81 137.20 16.49 186.91
574 31.72 27.27 125.90 17.04 208.29
575 31.69 47.37 111.30 20.91 218.04
576 31.97 63.52 41.47 20.21 148.44
577 31.82 66.16 39.72 18.38 132.80
578 31.90 43.32 115.95 20.44 221.52
579 31.74 17.59 117.27 13.48 146.21
580 31.86 33.40 168.64 19.49 209.81
581 31.98 68.60 26.62 18.95 97.29
582 31.90 22.34 113.36 14.96 186.25
583 32.11 71.99 23.40 18.03 73.03
584 32.26 59.15 36.09 20.77 178.53
585 32.19 37.76 124.78 19.51 214.99
586 32.31 54.51 54.44 20.73 194.15
587 32.24 85.82 25.85 17.44 39.71
588 32.30 29.26 94.53 18.29 195.32
589 32.37 45.42 87.67 21.96 212.39
590 32.31 14.01 82.21 11.90 142.75
591 32.44 77.48 21.12 17.68 48.76
592 32.45 10.08 62.87 10.45 115.02
593 32.46 49.38 63.10 21.69 208.45
594 32.36 51.80 67.63 21.57 199.40
595 32.45 74.58 21.40 17.93 54.39
596 32.63 31.30 99.89 18.65 198.39
597 32.74 90.87 48.13 13.71 19.93
598 32.54 80.48 24.58 17.41 44.58
599 32.63 18.85 92.35 15.93 169.12
600 32.76 39.67 75.69 20.47 212.01
601 32.77 16.49 80.59 14.51 153.72
602 32.86 24.59 75.12 16.12 175.65
603 33.04 21.57 79.31 15.86 177.44
604 33.00 41.54 60.15 20.76 204.45
605 32.85 57.12 31.16 21.00 155.07
606 32.88 61.26 29.59 20.29 134.47
607 32.65 83.38 26.53 17.70 39.07
608 32.92 26.99 73.03 17.68 185.80
609 32.96 70.31 22.70 20.51 62.00
610 33.25 12.03 63.70 11.57 137.52
611 33.03 35.89 84.79 19.84 219.52
612 32.96 47.23 47.65 22.10 200.36
613 32.93 65.35 25.15 20.43 109.14
614 32.99 88.15 61.60 15.67 22.83
615 33.03 33.68 81.93 19.24 207.76
616 33.01 67.78 22.92 19.41 78.48
617 33.24 43.68 44.62 21.73 200.14
618 33.24 8.05 38.48 9.62 75.67
619 33.42 72.67 26.32 20.86 53.20
620 33.50 63.23 26.82 21.38 118.59
621 33.53 53.06 32.99 22.28 172.71
622 33.51 85.44 99.10 18.98 25.98
623 33.47 50.78 39.83 22.96 178.87
624 33.64 28.95 45.88 15.84 164.60
625 33.55 37.91 53.09 19.85 209.17
626 33.70 14.23 63.73 13.30 155.97
627 33.70 55.32 31.93 22.63 155.47
628 33.65 59.54 26.81 21.68 135.47
629 33.53 75.39 28.38 18.81 43.82
630 33.49 77.97 43.84 20.02 39.03
631 33.54 18.73 63.76 15.48 161.94
632 33.87 81.17 122.39 20.85 28.47
633 33.62 90.51 52.90 14.71 16.68
634 33.52 24.62 61.38 17.25 178.12
635 33.97 48.57 33.53 23.31 172.48
636 33.87 31.90 50.18 19.35 184.94
637 33.93 45.41 39.30 22.78 176.27
638 33.98 10.23 39.65 11.04 91.45
639 34.02 69.13 24.23 23.22 60.34
640 34.13 57.62 26.59 21.59 135.29
641 34.09 66.25 23.78 21.06 76.36
642 34.15 39.86 40.08 21.24 192.82
643 34.14 23.57 43.04 16.81 165.40
644 34.18 34.59 46.09 19.17 185.97
645 34.27 26.21 46.60 18.29 170.16
646 34.23 89.06 93.72 17.10 19.00
647 34.11 16.51 54.32 14.34 153.17
648 34.33 42.46 32.04 22.51 158.41
649 34.38 61.26 24.65 22.92 103.12
650 34.24 84.06 144.77 19.75 22.30
651 34.37 21.23 44.71 15.86 149.07
652 34.49 71.08 32.71 22.47 44.53
653 34.54 36.96 36.72 20.73 189.75
654 34.67 76.74 122.74 22.91 33.76
655 34.66 30.29 37.96 20.65 156.48
656 34.63 63.68 25.89 23.24 81.66
657 34.71 51.26 28.93 23.14 157.50
658 34.74 73.58 109.73 24.97 34.62
659 34.80 12.02 29.55 11.75 93.70
660 35.02 86.77 127.54 24.79 20.04
661 34.91 46.67 30.02 23.61 165.48
662 34.92 53.93 28.35 22.96 123.14
663 34.98 79.40 149.79 23.48 27.66
664 34.98 14.19 31.96 13.76 127.94
665 34.78 16.50 45.79 15.32 153.74
666 35.13 56.20 27.23 24.35 109.92
667 35.15 28.16 28.07 18.79 144.74
668 35.10 58.68 26.63 23.27 87.25
669 34.97 67.89 34.31 26.82 59.43
670 35.03 18.98 35.46 14.79 142.70
671 35.10 32.80 32.17 19.64 158.23
672 35.22 44.36 30.01 23.61 141.29
673 34.93 20.81 35.91 16.09 138.78
674 34.95 84.32 132.25 20.83 20.40
675 35.30 38.57 29.07 21.40 160.12
676 35.21 40.97 28.89 22.20 134.63
677 35.41 48.88 29.20 24.34 135.97
678 35.19 81.92 157.28 26.56 23.92
679 35.27 9.49 20.73 10.33 81.55
680 35.29 23.68 29.93 17.12 130.90
681 35.33 35.33 28.48 20.81 150.73
682 35.24 65.53 38.09 25.21 58.35
683 35.69 25.99 26.84 17.35 125.54
684 35.55 60.53 32.44 24.64 80.32
685 35.49 89.46 97.70 25.18 16.11
686 35.50 62.54 59.90 28.97 63.85
687 35.74 69.82 129.58 27.77 33.95
688 35.86 52.73 29.80 25.68 103.57
689 35.85 30.59 28.03 19.72 128.62
690 36.06 72.39 177.47 29.15 28.40
691 35.98 21.25 27.88 16.02 123.25
692 36.10 42.50 28.38 24.72 107.97
693 36.16 77.92 163.64 28.88 23.84
694 35.80 82.84 141.41 27.55 20.83
695 36.17 10.99 21.58 12.36 103.18
696 36.09 75.26 183.75 30.72 25.38
697 36.22 13.57 22.75 14.33 109.60
698 36.04 16.22 27.41 13.88 133.83
699 36.16 50.67 29.22 26.26 97.38
700 36.13 46.65 28.38 25.52 121.83
701 36.34 64.34 138.75 28.45 47.84
702 36.18 67.28 138.65 28.66 38.22
703 36.20 37.28 25.91 21.78 124.58
704 36.43 80.47 133.99 34.42 19.41
705 36.27 32.70 26.73 22.49 114.41
706 36.17 58.40 44.39 28.78 67.63
707 36.19 56.27 33.16 27.34 81.55
708 36.41 85.05 117.10 31.88 18.35
709 36.17 89.20 89.10 29.27 15.12
710 36.42 18.86 24.44 16.58 117.14
711 36.48 28.62 26.15 20.57 115.05
712 36.39 39.94 29.06 23.91 115.48
713 36.41 54.31 36.90 25.50 74.94
714 36.50 23.49 24.33 16.19 97.22
715 36.44 34.81 25.97 20.99 117.96
716 36.31 92.58 32.06 24.11 12.89
717 36.69 44.81 34.71 23.75 104.06
718 36.72 61.18 168.84 32.23 47.83
719 36.81 87.39 83.59 34.18 14.96
720 36.79 48.96 42.59 26.96 93.31
721 36.82 90.23 43.92 25.56 13.69
722 36.95 26.20 28.03 18.96 99.32
723 37.04 15.65 23.94 16.46 96.26
724 37.11 30.97 28.84 21.81 85.09
725 37.34 71.29 146.38 36.95 22.38
726 37.20 21.57 23.69 17.69 96.30
727 37.05 51.68 71.83 27.77 75.31
728 37.51 59.36 191.68 35.69 38.14
729 37.30 73.90 154.04 35.39 20.40
730 37.27 38.31 54.25 28.03 83.72
731 37.40 56.96 175.54 30.54 48.27
732 37.31 69.11 180.18 37.86 28.66
733 37.15 82.76 102.70 39.87 18.23
734 37.21 92.38 26.62 31.08 11.88
735 37.34 36.13 38.28 23.66 84.76
736 37.15 42.89 48.71 26.56 77.23
737 37.21 17.62 24.85 17.05 88.27
738 37.37 47.08 51.39 28.64 89.76
739 37.40 76.66 112.68 35.29 19.44
740 37.48 9.28 16.25 11.48 55.74
741 37.51 54.42 171.78 30.70 46.57
742 37.48 63.13 205.76 33.70 33.38
743 37.48 11.81 22.45 14.80 75.12
744 37.52 33.44 34.91 24.54 81.62
745 37.40 78.95 97.29 46.42 18.89
746 37.28 13.02 25.96 16.00 82.70
747 37.46 40.68 75.33 29.13 70.18
748 37.45 66.38 191.07 28.53 30.25
749 37.42 20.17 23.04 19.00 89.67
750 37.66 24.04 29.82 20.24 81.02
751 37.64 28.83 33.82 23.04 72.88
752 37.79 91.31 30.47 49.74 12.05
753 37.64 10.52 19.86 13.36 67.36
754 38.18 52.16 187.16 34.15 45.64
755 37.79 84.83 70.48 50.21 16.07
756 37.77 14.06 28.73 17.25 73.07
757 38.00 49.59 166.77 32.60 52.71
758 37.91 87.33 63.78 45.84 14.43
759 38.00 45.31 138.70 31.73 50.88
760 37.84 80.32 86.65 53.81 16.92
761 38.26 90.05 35.25 68.89 12.40
762 37.99 26.77 51.77 21.95 71.02
763 37.99 82.39 77.46 48.67 17.39
764 38.27 43.04 196.44 31.67 53.53
765 38.21 31.20 83.62 26.07 64.79
766 38.52 38.42 180.13 30.45 46.71
767 38.44 61.19 185.57 41.01 28.64
768 38.41 64.94 169.94 40.35 24.36
769 38.32 22.10 54.04 20.82 59.05
770 38.49 67.79 154.94 35.81 22.78
771 38.44 75.20 89.69 47.73 18.17
772 38.41 19.65 50.80 21.65 70.00
773 38.48 72.81 95.87 43.23 20.62
774 38.41 35.96 105.67 28.07 51.87
775 38.65 40.85 202.89 33.54 42.58
776 38.72 70.34 133.14 54.13 21.63
777 38.48 77.50 70.36 51.79 16.85
778 38.47 11.41 50.85 15.87 51.41
779 38.81 47.67 201.46 37.13 38.62
780 38.61 56.37 174.00 41.27 36.84
781 38.71 33.45 153.45 29.87 53.94
782 38.83 58.64 176.71 43.65 28.47
783 38.81 24.29 117.38 22.95 47.95
784 38.72 17.11 85.39 20.46 51.70
785 38.86 29.18 121.20 26.71 48.90
786 38.80 79.89 66.67 73.63 15.78
787 38.87 85.21 48.18 72.29 16.19
788 38.94 54.35 205.86 37.58 31.17
789 38.85 13.78 77.07 17.32 41.53
790 38.87 82.76 52.55 87.56 16.16
791 38.90 62.96 135.97 43.11 25.66
792 39.06 87.94 31.47 83.01 13.92
793 39.16 26.70 147.02 28.59 46.79
794 39.14 50.63 216.64 37.85 32.98
795 39.20 45.02 203.45 36.13 36.98
796 39.29 21.00 112.48 22.69 40.74
797 39.52 9.70 93.44 17.65 28.67
798 39.46 31.11 174.87 29.39 35.74
799 39.38 92.56 15.25 49.36 11.75
800 39.66 7.55 88.65 16.17 23.03
801 39.38 65.85 118.49 43.81 21.42
802 39.44 90.33 22.40 80.56 12.53
803 39.68 35.46 212.25 39.53 33.84
804 39.37 94.47 9.94 34.80 9.94
805 39.58 42.55 219.92 40.46 33.60
806 39.63 11.67 116.25 18.33 25.61
807 39.50 74.32 72.53 65.00 17.30
808 39.53 77.07 46.15 75.97 15.99
809 39.53 71.86 85.35 50.81 18.00
810 39.61 19.51 139.36 25.56 36.94
811 39.67 37.49 185.09 37.77 31.72
812 39.57 61.01 118.32 53.71 23.76
813 39.62 68.40 103.88 48.61 20.39
814 39.73 14.98 117.19 22.19 27.96
815 39.84 17.20 155.19 27.81 32.88
816 39.74 39.77 200.62 38.24 32.68
817 39.77 13.20 128.04 21.14 27.66
818 39.93 22.71 170.42 27.74 31.43
819 39.92 53.48 169.12 53.98 25.52
820 39.79 56.23 144.78 45.24 24.32
821 39.88 83.58 35.53 89.96 15.91
822 39.98 33.29 201.72 37.20 32.91
823 39.80 79.68 42.03 92.62 15.37
824 40.01 58.95 142.64 55.78 24.79
825 39.84 63.29 105.26 50.76 21.64
826 40.05 46.46 171.36 49.35 28.04
827 39.98 48.86 182.69 47.06 27.60
828 40.11 24.94 170.60 33.47 28.83
829 40.07 81.58 37.40 98.43 16.79
830 40.27 27.75 165.78 33.91 28.02
831 40.22 51.38 162.32 52.80 22.69
832 40.26 70.27 76.91 81.82 18.60
833 40.42 29.89 167.94 37.26 29.55
834 40.27 85.82 31.46 101.82 15.40
835 40.49 88.74 22.09 114.87 13.66
836 40.28 65.86 95.41 75.91 18.02
837 40.50 93.61 11.90 57.14 11.38
838 40.54 44.23 153.86 53.00 24.71
839 40.52 72.64 56.43 102.55 17.37
840 40.50 91.40 14.74 81.07 11.01
841 40.45 75.10 41.72 102.36 17.04
842 40.71 19.22 155.89 36.11 24.33
843 40.60 61.09 83.11 88.11 19.66
844 40.66 77.99 33.37 105.22 16.53
845 40.78 38.77 177.36 57.59 25.48
846 40.70 41.43 179.41 55.23 26.11
847 40.68 68.04 63.41 95.44 18.28
848 40.82 13.14 141.10 29.32 22.82
849 40.88 36.51 168.64 54.85 25.44
850 40.72 57.41 114.97 73.22 21.77
851 40.91 10.96 113.55 25.68 18.14
852 41.08 21.37 146.10 42.01 21.56
853 40.69 63.45 78.91 99.49 19.98
854 40.93 32.09 164.77 48.26 23.09
855 40.82 55.07 122.87 64.92 21.75
856 41.16 16.39 130.68 37.83 20.86
857 41.14 83.44 26.64 121.66 16.11
858 41.12 8.22 89.44 22.37 14.84
859 40.93 47.55 118.18 69.35 24.25
860 41.05 80.60 29.54 112.81 16.48
861 41.00 49.91 121.46 76.80 22.33
862 41.05 34.48 137.96 55.04 22.51
863 41.18 5.92 65.56 19.01 11.56
864 41.15 52.84 112.43 78.83 21.97
865 41.05 59.27 88.92 80.95 20.84
866 41.25 86.41 24.77 122.64 15.19
867 41.29 23.75 150.20 49.08 22.02
868 41.20 26.13 159.85 43.41 21.34
869 41.11 9.92 105.20 22.87 15.80
870 41.27 65.56 55.48 123.51 17.90
871 41.60 28.83 152.33 49.73 21.33
872 41.45 70.39 44.16 112.22 17.05
873 41.41 45.61 108.32 91.06 22.65
874 41.41 76.02 27.16 111.48 16.29
875 41.75 91.61 25.15 128.91 11.78
876 41.53 62.72 52.86 135.01 19.26
877 41.52 42.91 115.33 75.40 20.16
878 41.53 30.80 137.17 57.67 21.83
879 41.59 56.57 79.46 108.22 19.52
880 41.66 73.01 36.66 123.41 18.35
881 41.68 95.59 11.53 51.20 9.08
882 41.65 39.96 115.87 82.55 20.99
883 41.70 54.30 74.22 112.14 19.45
884 41.77 51.03 96.18 119.65 20.27
885 41.84 88.93 26.20 140.53 14.22
886 41.80 37.56 114.74 68.79 21.05
887 41.88 67.81 44.23 139.51 18.32
888 41.72 93.81 15.00 74.76 12.29
889 41.93 33.27 138.76 83.87 20.53
890 41.88 48.35 88.07 108.46 20.94
891 41.99 61.01 45.80 131.81 20.00
892 41.81 58.89 56.36 119.66 19.92
893 42.07 14.07 110.39 46.65 17.03
894 42.06 19.79 107.22 59.98 18.62
895 42.07 78.42 26.06 134.12 15.95
896 42.01 84.18 23.48 142.35 16.26
897 42.11 9.67 79.84 36.29 14.68
898 42.06 35.53 113.36 89.61 19.62
899 42.25 11.55 92.15 44.47 13.09
900 42.26 44.05 84.00 121.95 21.15
901 42.15 81.15 24.21 119.44 16.33
902 42.25 26.83 124.70 66.59 18.50
903 42.46 6.82 55.06 35.72 10.13
904 42.34 22.55 111.05 60.50 18.38
905 42.24 65.18 38.45 135.72 18.90
906 42.20 21.30 108.75 65.25 16.25
907 42.40 24.64 108.92 76.57 18.17
908 42.40 46.16 64.88 138.07 20.40
909 42.32 74.92 26.75 141.08 17.11
910 42.40 16.69 93.76 57.12 15.47
911 42.37 41.22 81.95 116.67 20.33
912 42.40 8.46 65.17 31.62 10.59
913 42.48 52.74 59.41 134.86 19.30
914 42.78 87.07 72.68 154.92 15.89
915 42.30 94.52 14.88 74.35 11.38
916 42.59 57.50 43.16 146.75 18.56
917 42.39 18.39 93.42 59.42 16.45
918 42.48 31.11 117.32 84.36 19.93
919 42.56 55.04 51.54 161.63 19.83
920 42.62 38.65 86.15 121.50 20.11
921 42.50 63.21 35.32 132.05 18.30
922 42.62 70.15 30.85 129.79 18.52
923 42.66 50.32 59.51 139.78 20.42
924 42.76 28.33 76.83 93.32 18.05
925 42.80 59.95 36.83 161.56 19.78
926 42.82 72.85 27.54 148.84 16.78
927 42.72 84.37 38.37 136.87 16.60
928 42.87 33.40 78.51 106.12 17.67
929 42.92 47.88 60.40 152.79 19.58
930 43.10 92.86 67.50 105.13 12.50
931 42.83 36.49 67.57 126.14 20.39
932 42.93 67.27 32.15 153.33 19.31
933 43.04 42.61 48.95 133.03 20.14
934 43.30 62.41 30.90 180.12 19.33
935 43.33 81.33 42.55 152.58 16.13
936 43.04 89.75 68.09 129.49 14.93
937 43.22 75.69 27.50 152.85 17.77
938 43.29 78.06 29.59 149.42 16.13
939 43.19 12.99 76.37 74.16 15.25
940 43.16 29.62 73.75 110.54 19.16
941 43.26 20.17 71.03 91.05 16.12
942 43.20 17.83 63.06 76.46 14.37
943 43.26 22.82 63.91 91.52 15.40
944 43.32 26.19 63.44 110.58 16.81
945 43.22 64.72 30.21 155.69 20.05
946 43.45 8.85 34.00 53.68 10.83
947 43.30 15.43 63.39 82.90 15.09
948 43.53 35.18 49.16 131.72 19.55
949 43.45 45.09 42.01 155.38 18.79
950 43.55 51.87 45.24 162.27 20.00
951 43.54 40.12 54.12 141.24 18.29
952 43.57 53.84 39.76 179.18 20.48
953 43.64 55.90 32.69 162.19 19.96
954 43.70 69.16 31.37 162.90 17.50
955 43.60 5.49 34.70 47.42 8.92
956 43.65 31.08 56.64 123.86 18.28
957 43.71 7.29 28.48 50.69 9.98
958 43.68 49.82 39.49 182.62 18.69
959 43.83 37.64 43.22 146.24 21.23
960 43.76 58.17 33.59 168.96 19.72
961 43.83 71.55 31.82 169.21 19.08
962 43.84 60.55 29.70 183.81 18.69
963 43.97 85.02 135.33 143.34 16.44
964 43.97 73.91 43.73 176.65 16.20
965 44.03 90.69 113.30 126.38 13.68
966 44.03 94.39 65.37 88.09 10.16
967 43.83 10.39 36.24 76.61 11.65
968 43.95 28.26 42.14 123.30 17.91
969 43.99 47.79 40.42 184.99 20.72
970 44.06 24.49 41.53 118.53 16.56
971 43.94 66.43 28.88 163.70 18.80
972 44.21 18.79 37.18 115.81 15.38
973 43.96 42.56 41.37 166.03 19.48
974 44.25 88.12 154.24 156.49 15.52
975 44.15 33.27 44.95 137.55 18.52
976 44.30 64.17 34.95 186.02 18.06
977 44.24 13.79 36.93 96.05 13.55
978 44.24 22.11 35.14 98.43 15.48
979 44.42 76.32 115.24 167.56 15.84
980 44.47 46.00 37.49 177.93 18.75
981 44.55 79.65 134.06 177.12 16.84
982 44.63 39.06 38.07 161.12 19.27
983 44.68 43.99 37.80 179.44 21.32
984 44.63 52.64 39.62 200.07 19.64
985 44.77 35.49 36.27 147.24 19.37
986 44.66 54.86 38.65 187.21 20.23
987 44.69 82.50 160.93 152.11 15.30
988 44.73 26.65 35.09 126.98 16.15
989 44.73 41.14 37.16 174.27 19.19
990 44.65 61.64 51.94 195.22 19.13
991 44.85 8.22 21.16 82.91 10.05
992 44.83 15.90 31.20 108.23 15.38
993 44.83 31.13 39.64 158.95 17.60
994 44.72 50.31 40.48 191.16 20.97
995 44.74 67.92 65.22 180.90 17.85
996 44.81 6.19 16.83 60.43 9.62
997 44.78 56.99 34.04 188.81 18.85
998 44.85 92.04 103.48 110.17 13.25
999 44.97 10.86 27.66 105.86 12.66
1000 44.92 59.08 45.82 192.11 18.86
1001 45.19 70.52 158.65 171.54 17.25
1002 44.89 29.00 35.54 137.96 18.54
1003 45.04 72.76 127.25 158.16 18.06
1004 45.07 23.66 31.64 132.51 16.11
1005 45.16 47.99 39.09 191.33 20.27
1006 45.30 65.80 95.99 191.94 18.88
1007 45.25 17.98 29.14 134.59 14.20
1008 45.41 37.68 43.20 174.24 19.67
1009 45.36 13.44 26.00 105.98 13.77
1010 45.27 89.38 138.49 137.37 14.74
1011 45.41 94.14 61.80 96.47 10.63
1012 45.47 20.86 30.62 133.72 15.03
1013 45.50 33.15 45.92 167.72 20.12
1014 45.51 77.95 187.33 164.11 18.07
1015 45.52 63.34 182.13 184.49 18.88
1016 45.78 83.97 169.12 134.43 16.81
1017 45.65 75.09 161.50 160.92 17.15
1018 45.63 42.83 47.12 188.07 20.50
1019 45.57 45.42 44.52 187.83 19.53
1020 45.65 51.77 126.54 207.18 19.97
1021 45.78 54.05 206.20 195.91 20.19
1022 45.81 86.97 163.36 161.41 14.92
1023 45.78 25.69 41.28 161.21 17.18
1024 45.72 55.99 186.17 216.12 19.97
1025 45.66 60.61 105.65 203.55 19.19
1026 45.71 4.48 12.42 64.33 7.76
1027 45.75 40.18 54.26 192.63 20.17
1028 45.91 81.10 196.68 166.94 16.20
1029 45.81 27.95 39.24 162.29 17.75
1030 45.95 49.58 163.47 199.91 20.00
1031 45.86 68.03 191.76 180.12 19.18
1032 45.95 35.24 75.45 167.80 19.69
1033 45.93 6.69 16.89 78.82 10.09
1034 45.97 30.53 60.71 173.12 18.10
1035 46.10 58.07 200.47 196.89 19.88
1036 46.06 91.38 101.26 143.02 13.16
1037 46.00 8.92 23.01 106.45 11.78
1038 46.01 16.20 29.36 127.73 16.64
1039 46.21 23.43 69.63 147.02 17.07
1040 46.57 72.18 190.71 166.61 16.83
1041 46.24 11.53 27.59 120.94 12.68
1042 46.29 18.62 51.07 160.31 15.44
1043 46.39 47.04 183.10 201.79 20.68
1044 46.54 62.35 227.14 201.00 19.58
1045 46.58 14.10 40.45 141.90 14.27
1046 46.61 69.73 215.77 177.10 19.13
1047 46.67 94.13 55.83 116.76 10.88
1048 46.60 37.20 161.38 192.59 19.29
1049 46.49 44.45 113.23 190.96 21.28
1050 46.61 64.86 228.85 195.67 19.07
1051 46.52 77.76 156.15 162.11 16.67
1052 46.77 88.77 109.88 154.92 14.87
1053 46.63 21.22 104.41 162.45 16.93
1054 46.72 33.06 171.95 177.96 19.55
1055 46.67 41.90 182.65 190.66 20.23
1056 46.78 39.49 186.77 191.91 21.15
1057 46.81 5.22 26.08 84.65 9.69
1058 46.88 28.93 151.64 184.24 17.96
1059 46.80 53.65 227.15 200.42 20.12
1060 46.85 56.02 230.58 203.22 21.18
1061 46.90 60.00 233.15 188.81 19.34
1062 46.80 74.68 152.36 175.41 17.20
1063 46.87 51.24 234.72 192.22 19.91
1064 46.85 66.92 198.16 182.93 19.75
1065 46.85 26.21 135.04 179.40 16.87
1066 46.91 83.13 132.72 165.51 17.04
1067 47.08 7.27 33.38 103.13 10.31
1068 46.96 85.61 112.06 138.84 16.55
1069 47.09 16.62 84.38 142.93 15.09
1070 47.23 48.60 222.73 195.83 19.64
1071 47.16 80.28 156.15 176.35 16.31
1072 47.25 9.62 48.34 134.79 12.74
1073 47.35 35.23 215.46 184.91 20.34
1074 47.42 31.10 206.60 180.15 18.37
1075 47.36 58.13 229.88 197.00 19.30
1076 47.42 44.02 218.02 194.11 20.04
1077 47.44 91.93 50.64 147.10 12.08
1078 47.27 18.70 115.60 162.17 16.09
1079 47.36 23.94 170.99 175.11 15.88
1080 47.63 46.32 226.77 192.98 21.09
1081 47.42 12.05 70.78 135.00 14.17
1082 47.57 90.60 59.05 148.61 13.12
1083 47.58 62.05 228.33 211.22 18.62
1084 47.67 72.79 111.62 178.74 17.42
1085 47.60 20.98 174.81 189.62 14.95
1086 47.63 63.92 171.21 196.05 20.05
1087 47.73 68.29 193.08 211.43 19.23
1088 47.64 77.67 95.26 169.93 17.85
1089 47.84 14.93 137.41 151.70 14.24
1090 47.83 37.50 217.67 179.21 20.51
1091 47.75 41.73 233.90 207.21 20.78
1092 47.84 27.55 218.61 190.29 17.63
1093 47.85 52.68 239.91 210.89 20.12
1094 47.77 54.63 226.92 211.98 20.49
1095 47.85 65.80 157.13 210.17 18.76
1096 47.81 75.38 96.18 195.91 18.40
1097 47.93 50.01 225.73 194.79 19.84
1098 47.96 56.74 218.74 216.90 20.46
1099 47.96 6.00 80.86 102.22 8.04
1100 48.05 22.04 205.03 168.03 14.78
1101 48.04 39.70 229.86 181.37 20.01
1102 47.85 70.34 104.72 185.22 18.09
1103 48.00 88.46 43.84 153.75 14.88
1104 48.07 33.32 228.77 179.28 18.35
1105 48.04 82.88 62.27 175.19 16.46
1106 47.97 85.49 49.62 157.43 17.05
1107 48.11 60.11 220.94 198.94 19.03
1108 48.26 94.03 27.24 125.40 10.75
1109 48.13 19.37 194.88 177.78 15.64
1110 48.22 25.66 223.70 177.64 17.25
1111 48.23 29.51 212.63 189.24 18.51
1112 48.30 17.39 185.22 151.82 16.31
1113 48.28 7.93 99.39 126.82 9.65
1114 48.34 79.71 62.68 175.03 16.70
1115 48.42 10.28 112.98 135.49 11.46
1116 48.51 48.03 205.37 198.76 20.58
1117 48.59 12.76 159.31 160.08 14.17
1118 48.55 23.59 208.71 180.93 15.63
1119 48.49 43.65 233.07 195.54 21.15
1120 48.82 97.85 7.06 47.98 6.03
1121 48.57 35.58 218.44 196.13 21.04
1122 48.48 62.39 132.35 209.67 19.26
1123 48.58 58.51 139.51 221.98 19.63
1124 48.71 73.77 58.97 176.26 17.22
1125 48.66 31.40 188.14 190.66 18.63
1126 48.57 50.99 176.22 222.63 21.89
1127 48.82 71.21 64.29 187.30 17.35
1128 48.69 55.26 160.93 222.09 18.87
1129 48.75 91.19 30.24 138.93 13.37
1130 48.75 45.97 188.25 216.59 21.21
1131 48.83 66.92 111.53 221.33 18.87
1132 48.82 76.72 48.80 170.62 17.40
1133 48.84 53.29 121.38 222.47 19.72
1134 48.87 68.94 87.65 199.56 19.89
1135 48.77 41.38 176.42 208.14 18.80
1136 48.95 64.61 78.82 210.39 19.10
1137 48.85 86.59 31.84 143.43 17.50
1138 48.99 5.31 66.14 101.44 9.00
1139 48.93 27.45 190.64 195.29 17.60
1140 49.27 81.70 41.67 186.33 17.98
1141 49.00 16.16 176.10 141.86 14.78
1142 49.03 20.93 197.42 165.34 15.63
1143 49.23 84.39 37.44 185.95 16.69
1144 49.18 57.03 86.13 230.40 20.13
1145 49.41 95.88 12.46 94.83 9.85
1146 49.15 33.63 168.19 212.78 20.23
1147 49.15 60.50 100.33 221.42 18.80
1148 49.23 88.89 29.05 160.81 13.74
1149 49.24 18.47 189.42 173.80 16.03
1150 49.30 25.41 167.63 198.02 16.69
1151 49.31 29.29 130.72 204.40 18.86
1152 49.33 49.33 126.11 211.47 20.28
1153 49.43 39.42 140.64 215.83 19.20
1154 49.33 43.95 130.22 204.62 18.76
1155 49.50 51.55 79.85 228.69 19.14
1156 49.50 62.67 72.88 225.83 19.15
1157 49.59 78.86 32.26 168.88 17.63
1158 49.56 93.06 19.06 135.30 11.98
1159 49.52 14.12 142.75 168.36 16.13
1160 49.48 23.19 134.79 189.86 15.12
1161 49.72 9.91 137.29 145.94 12.90
1162 49.56 36.01 133.24 214.31 19.70
1163 49.77 47.68 78.09 212.20 22.91
1164 49.75 74.62 34.66 185.77 16.07
1165 49.80 42.06 88.42 218.82 19.99
1166 49.69 8.02 78.08 129.02 11.92
1167 49.67 11.83 121.87 153.06 14.96
1168 49.72 31.46 95.31 201.69 17.74
1169 49.98 3.73 33.16 97.82 8.46
1170 49.73 54.88 59.92 220.47 18.53
1171 49.78 58.81 69.90 220.35 18.41
1172 49.84 45.75 107.29 220.46 21.09
1173 49.99 71.99 34.63 175.12 16.69
1174 49.96 69.44 39.15 197.14 18.45
1175 49.88 16.09 129.98 163.82 14.44
1176 49.87 20.59 118.95 177.71 15.85
1177 49.93 66.79 44.83 210.49 18.60
1178 50.03 27.18 91.46 195.63 16.23
1179 50.02 86.38 24.19 145.60 16.08
1180 50.37 6.31 44.23 135.06 9.58
1181 50.01 89.37 25.33 148.76 14.61
1182 50.34 97.74 6.04 45.22 5.32
1183 50.16 33.50 82.44 204.44 19.63
1184 50.22 52.96 54.92 221.58 20.25
1185 50.25 64.00 44.24 207.30 19.23
1186 50.22 76.44 30.17 164.72 16.64
1187 50.25 18.26 91.46 192.98 14.33
1188 50.32 37.97 70.39 212.01 19.65
1189 50.33 22.42 73.74 186.60 16.20
1190 50.29 24.73 77.44 195.09 15.97
1191 50.31 29.23 68.20 195.07 17.31
1192 50.32 61.13 45.32 204.18 20.03
1193 50.35 56.80 45.11 211.84 18.27
1194 50.40 50.36 56.64 224.40 19.29
1195 50.50 13.55 67.01 175.43 14.47
1196 50.46 43.92 62.99 210.65 20.29
1197 50.57 81.72 26.53 178.83 15.80
1198 50.51 84.27 23.15 141.53 17.38
1199 50.57 35.53 55.21 214.08 17.96
1200 50.57 40.28 62.03 220.47 20.69
1201 50.92 94.20 14.00 110.28 11.13
1202 50.65 91.14 17.31 133.29 12.27
1203 50.81 58.79 41.12 212.27 18.72
1204 50.81 31.05 45.66 195.31 18.27
1205 50.96 46.44 48.39 211.51 20.19
1206 50.82 48.53 44.60 212.90 20.74
1207 50.84 54.67 38.75 202.10 18.27
1208 50.81 88.44 19.75 145.46 14.49
1209 51.05 20.83 52.42 180.85 15.42
1210 50.89 65.68 33.48 208.51 18.11
1211 50.86 78.79 25.35 159.49 16.96
1212 50.80 9.10 37.23 118.14 12.37
1213 50.95 11.20 41.55 151.16 12.60
1214 51.07 15.83 54.10 182.60 15.16
1215 51.05 26.18 47.41 204.47 15.78
1216 50.99 70.92 29.00 181.12 16.86
1217 51.04 73.65 27.70 181.22 17.40
1218 51.01 68.52 34.20 188.21 17.81
1219 51.22 42.08 42.90 210.09 20.12
1220 51.56 24.10 41.51 181.86 16.26
1221 51.32 33.00 41.77 193.53 18.33
1222 51.24 52.46 42.22 207.33 19.34
1223 51.25 62.94 33.48 198.42 19.09
1224 51.32 28.49 39.94 191.22 16.31
1225 51.34 76.39 25.88 189.68 16.89
1226 51.40 4.31 20.34 109.47 8.56
1227 51.22 17.87 49.14 176.76 14.11
1228 51.46 37.36 38.29 206.25 20.33
1229 51.45 60.67 35.66 210.32 19.18
1230 51.46 44.60 38.69 206.92 20.03
1231 51.49 56.40 31.21 201.15 19.15
1232 51.48 39.66 41.27 214.27 20.90
1233 51.54 50.30 36.22 212.78 19.49
1234 51.52 6.40 24.57 142.28 9.21
1235 51.49 13.25 30.17 144.12 13.17
1236 51.59 85.87 29.13 144.69 16.71
1237 51.62 35.29 39.14 205.16 19.68
1238 51.71 83.32 29.13 156.16 15.48
1239 51.66 18.87 41.95 174.59 14.78
1240 51.79 90.39 20.27 168.85 13.56
1241 51.84 80.22 33.19 161.44 16.00
1242 51.75 66.97 31.50 182.17 17.89
1243 51.81 8.71 25.28 137.51 11.36
1244 51.87 48.06 35.67 202.88 18.91
1245 51.85 58.31 35.72 214.91 19.18
1246 51.85 30.64 36.33 194.78 19.01
1247 51.97 54.32 34.76 212.61 19.32
1248 51.91 92.52 16.46 114.88 11.46
1249 51.94 64.59 30.33 179.71 19.53
1250 52.00 72.57 38.67 172.00 16.52
1251 52.04 70.50 29.32 170.48 16.91
1252 52.02 10.81 26.11 141.42 13.75
1253 52.26 43.16 47.73 188.76 19.52
1254 52.38 14.08 28.95 168.77 14.84
1255 52.01 16.22 30.06 153.18 15.33
1256 52.10 94.61 11.72 77.63 12.00
1257 52.33 22.45 32.03 189.43 15.83
1258 52.28 26.60 34.48 194.21 16.27
1259 52.36 74.58 37.60 166.55 16.32
1260 52.00 78.11 24.50 157.67 17.67
1261 52.12 88.22 25.20 160.48 14.13
1262 52.38 45.93 45.26 196.73 19.89
1263 52.31 62.59 35.25 203.02 17.90
1264 52.36 52.08 37.61 200.12 19.55
1265 52.30 20.50 31.62 169.56 15.64
1266 52.51 40.78 42.15 194.37 20.89
1267 52.35 68.82 44.45 164.12 17.10
1268 52.53 76.87 29.79 149.04 16.95
1269 52.44 12.23 27.00 149.36 14.67
1270 52.58 28.75 36.66 178.65 16.49
1271 52.55 32.31 49.91 183.71 17.83
1272 52.46 38.54 52.16 186.36 18.91
1273 52.47 18.27 29.52 171.29 15.67
1274 52.59 34.41 49.82 184.92 18.32
1275 52.46 4.45 13.22 84.56 9.18
1276 52.68 6.57 17.56 126.24 9.24
1277 52.62 60.42 33.97 175.71 17.41
1278 52.72 36.57 69.72 178.51 18.09
1279 52.73 56.10 35.75 190.52 18.59
1280 52.71 49.95 46.54 187.51 19.73
1281 52.83 82.04 114.90 145.64 15.24
1282 52.78 66.35 38.45 177.38 17.90
1283 52.98 84.68 105.19 133.56 15.47
1284 52.86 58.20 78.04 193.17 17.83
1285 52.83 87.81 42.54 132.79 14.39
1286 53.08 93.17 41.80 118.11 10.61
1287 52.85 15.78 33.74 171.74 14.14
1288 52.89 8.96 20.72 124.62 11.19
1289 53.05 47.94 97.79 184.76 19.50
1290 53.05 79.16 100.87 144.30 15.89
1291 53.09 24.74 62.49 170.38 15.25
1292 53.13 64.03 42.12 170.52 19.01
1293 53.33 95.65 44.12 77.37 10.76
1294 53.07 53.84 64.75 184.59 18.57
1295 53.08 90.55 42.91 116.87 12.49
1296 53.24 30.77 57.06 174.00 17.28
1297 53.29 71.60 124.00 154.62 15.77
1298 53.35 44.61 70.29 184.48 19.08
1299 53.52 68.40 127.08 152.12 16.66
1300 53.41 11.09 29.14 131.96 12.38
1301 53.23 42.30 64.69 188.53 19.58
1302 53.41 27.02 91.35 163.89 16.22
1303 53.55 38.83 159.30 177.14 19.05
1304 53.57 74.92 82.58 131.36 16.34
1305 53.35 16.60 47.74 142.53 14.74
1306 53.60 22.30 82.47 156.13 15.37
1307 53.51 51.46 137.57 190.12 19.87
1308 53.64 13.48 37.25 151.95 12.41
1309 53.71 35.23 187.54 164.67 17.45
1310 53.82 61.87 157.11 144.08 17.05
1311 53.80 4.84 18.53 94.69 9.26
1312 53.85 33.11 165.34 163.08 18.19
1313 53.89 46.72 204.51 168.53 18.44
1314 53.76 59.71 153.80 153.56 16.83
1315 53.80 86.32 128.40 87.37 16.77
1316 53.81 7.01 28.16 112.70 9.31
1317 53.72 19.60 86.07 175.08 14.89
1318 53.89 28.97 122.76 173.48 16.43
1319 53.98 40.76 176.45 172.63 19.04
1320 53.99 57.56 189.19 142.05 18.84
1321 54.01 55.51 200.59 154.87 20.35
1322 54.05 65.92 152.41 144.02 17.08
1323 54.15 77.39 187.74 119.13 15.02
1324 54.23 83.14 151.10 99.03 15.53
1325 54.30 89.26 149.51 121.18 12.98
1326 53.77 42.79 97.59 188.59 17.59
1327 54.21 37.17 190.00 174.40 19.07
1328 54.07 49.10 160.69 148.91 18.61
1329 53.95 9.04 45.02 125.10 10.23
1330 54.22 80.14 179.31 120.90 14.92
1331 54.08 17.79 89.84 133.80 14.82
1332 54.30 53.43 200.58 148.56 17.76
1333 54.28 24.13 149.53 147.39 14.89
1334 54.36 26.03 155.19 148.38 16.38
1335 54.34 15.85 95.22 140.10 14.25
1336 54.42 31.28 148.47 166.76 17.04
1337 54.55 64.06 213.44 141.07 18.39
1338 54.47 43.25 199.21 143.32 20.81
1339 54.46 73.02 163.89 101.44 16.32
1340 54.66 93.60 108.10 84.30 10.56
1341 54.38 20.05 129.26 158.35 15.03
1342 54.61 70.26 188.26 120.08 14.44
1343 54.74 51.08 212.36 139.52 19.68
1344 54.84 45.29 196.34 138.66 18.08
1345 54.85 11.46 97.15 120.45 12.33
1346 55.24 21.89 153.09 132.23 14.46
1347 54.77 13.76 95.76 129.95 13.85
1348 54.91 28.16 181.00 148.70 15.43
1349 54.81 67.80 185.38 125.77 15.20
1350 54.89 34.91 206.88 135.60 17.30
1351 55.03 39.08 199.49 142.63 18.75
1352 55.00 75.69 176.59 115.65 14.88
1353 54.95 59.72 190.86 120.01 17.34
1354 55.11 47.39 213.30 139.18 19.31
1355 55.17 41.25 207.21 134.13 17.99
1356 55.12 57.24 202.08 125.28 17.93
1357 55.14 62.11 176.88 125.04 17.72
1358 55.32 86.89 158.17 102.27 13.47
1359 55.29 32.88 189.26 135.92 17.55
1360 55.58 9.28 131.51 105.97 10.79
1361 55.08 19.94 169.91 130.33 14.42
1362 55.16 16.97 111.68 118.25 14.08
1363 55.37 81.67 168.85 92.77 15.23
1364 55.43 49.32 212.00 141.91 18.83
1365 55.38 55.16 200.11 123.67 18.02
1366 55.57 30.56 175.01 133.58 16.93
1367 55.41 36.90 196.65 143.76 16.94
1368 55.49 24.33 173.45 114.72 15.05
1369 55.49 77.96 172.42 95.61 15.28
1370 55.60 26.54 192.75 120.08 15.61
1371 55.44 52.83 184.21 125.48 19.12
1372 55.57 66.28 169.76 105.97 17.22
1373 55.55 71.62 180.56 103.01 14.91
1374 55.67 18.88 163.36 110.10 14.11
1375 55.66 43.19 185.08 128.72 19.03
1376 55.62 91.48 93.64 70.47 11.27
1377 55.70 74.15 146.73 103.84 14.36
1378 55.85 7.10 89.63 82.37 9.92
1379 55.72 64.32 173.52 125.91 15.49
1380 55.77 68.69 169.42 97.61 15.74
1381 55.81 89.32 103.98 74.63 13.35
1382 55.78 94.78 73.66 62.38 9.38
1383 56.14 4.76 44.44 59.12 7.56
1384 56.13 15.30 153.81 114.48 13.53
1385 55.98 84.17 124.79 83.54 14.99
1386 55.92 12.95 126.27 102.85 12.79
1387 56.02 45.29 155.32 124.39 18.68
1388 56.08 51.26 200.64 143.16 22.95
1389 55.98 58.39 148.81 110.92 18.36
1390 56.09 28.66 183.77 112.49 15.40
1391 55.99 60.77 147.23 107.81 16.45
1392 56.08 35.10 153.50 125.64 17.11
1393 56.21 37.97 182.97 117.25 17.86
1394 56.16 40.35 137.51 130.81 19.68
1395 56.25 47.77 126.03 139.28 17.99
1396 56.32 75.98 103.60 100.77 13.61
1397 56.29 23.35 133.55 110.88 14.65
1398 56.38 32.47 152.44 127.33 16.08
1399 56.44 53.62 164.76 115.22 18.20
1400 56.40 17.35 139.86 112.76 13.65
1401 56.49 55.88 138.57 103.42 17.03
1402 56.50 72.73 139.68 109.52 15.38
1403 56.58 81.70 123.48 86.66 14.22
1404 56.44 79.73 133.13 88.49 14.67
1405 56.79 86.72 99.81 85.54 13.77
1406 56.63 67.53 132.94 113.16 15.63
1407 56.58 70.14 139.70 103.73 15.31
1408 56.66 78.36 127.02 86.85 14.58
1409 56.87 93.03 92.75 78.54 10.70
1410 56.60 26.03 130.08 112.25 15.62
1411 56.61 42.58 96.12 129.32 18.02
1412 56.67 49.62 94.37 128.02 18.44
1413 56.67 11.05 105.32 86.74 11.36
1414 56.76 65.37 130.11 105.76 15.61
1415 56.69 19.49 115.08 120.93 14.75
1416 56.68 30.51 141.56 103.83 17.20
1417 56.73 8.52 84.31 77.29 9.50
1418 56.94 57.43 116.76 116.66 16.53
1419 56.92 59.45 73.84 117.03 16.30
1420 56.86 61.63 80.62 114.73 15.24
1421 56.86 90.26 83.75 75.41 11.58
1422 56.81 13.57 119.18 91.76 13.66
1423 56.93 21.46 83.28 116.36 13.93
1424 56.96 36.17 78.71 116.07 15.95
1425 57.03 46.24 76.36 116.98 17.77
1426 57.12 83.74 84.25 89.25 13.74
1427 57.08 44.34 66.25 121.55 16.88
1428 57.03 34.03 111.12 112.00 15.24
1429 57.02 38.43 75.10 119.33 17.00
1430 57.11 74.40 79.31 103.38 14.09
1431 57.07 27.98 107.10 120.40 14.29
1432 57.09 40.82 60.62 110.54 16.32
1433 57.13 24.06 107.27 113.83 14.70
1434 57.24 51.77 141.04 119.48 18.25
1435 57.47 77.16 92.61 95.74 13.64
1436 57.39 17.78 58.25 114.63 13.08
1437 57.57 47.92 51.58 104.48 17.71
1438 57.49 69.20 70.50 109.39 15.15
1439 57.52 71.81 81.19 117.53 14.04
1440 57.41 15.29 80.44 104.20 13.16
1441 57.49 30.28 71.58 115.52 15.32
1442 57.50 53.97 84.11 128.61 18.05
1443 57.57 63.18 52.71 101.64 15.66
1444 57.63 32.28 48.90 102.28 16.16
1445 57.51 80.16 79.45 98.85 14.00
1446 57.75 8.05 40.37 79.15 9.79
1447 57.51 10.16 50.57 89.98 10.17
1448 57.61 13.04 60.20 75.97 11.47
1449 57.72 26.08 56.65 101.48 14.86
1450 57.78 56.04 59.78 112.26 17.09
1451 57.85 49.91 42.66 109.49 16.48
1452 57.90 20.46 33.96 87.93 12.46
1453 57.94 36.89 39.49 95.60 15.27
1454 57.96 43.43 38.02 93.18 17.65
1455 57.83 65.19 55.51 110.35 14.78
1456 57.89 38.99 37.29 102.66 16.55
1457 57.90 60.80 40.35 106.35 14.15
1458 57.82 86.40 55.39 85.95 13.37
1459 58.19 24.11 41.55 103.60 14.42
1460 57.92 34.44 45.21 101.22 16.27
1461 57.99 58.17 44.25 90.92 15.65
1462 58.01 88.49 40.71 68.58 13.56
1463 58.01 91.18 50.85 77.83 11.91
1464 58.03 5.08 21.36 52.10 7.68
1465 58.03 28.57 52.44 108.00 15.36
1466 58.52 41.87 34.10 92.21 16.63
1467 58.08 75.30 43.18 89.11 14.02
1468 57.95 22.05 35.70 92.10 14.15
1469 58.16 46.11 41.51 92.37 16.81
1470 58.48 11.48 29.18 76.30 10.32
1471 58.21 73.45 43.12 88.69 13.55
1472 58.50 81.53 45.97 89.73 13.62
1473 58.27 93.65 28.76 54.54 10.31
1474 58.37 15.87 33.29 90.74 12.05
1475 58.41 52.35 45.39 106.61 18.10
1476 58.40 18.36 32.51 91.29 12.95
1477 58.41 68.57 33.45 86.05 16.00
1478 58.55 70.94 39.34 87.43 13.85
1479 58.63 54.36 37.59 98.14 16.48
1480 58.57 78.15 43.21 85.82 14.11
1481 58.74 62.47 33.41 91.31 15.51
1482 58.68 30.26 31.67 83.49 16.12
1483 58.75 27.26 34.59 82.53 14.05
1484 58.68 32.42 29.94 84.85 15.06
1485 58.70 66.64 30.52 84.73 14.25
1486 58.94 85.91 31.15 74.27 13.07
1487 59.01 6.66 18.61 64.42 8.96
1488 59.40 40.83 40.32 72.61 15.30
1489 58.83 48.24 31.24 79.98 16.12
1490 58.90 22.14 26.00 78.81 12.99
1491 58.84 37.92 30.79 84.36 14.79
1492 58.85 59.50 30.92 81.71 15.37
1493 58.72 9.12 26.81 77.16 10.30
1494 58.88 35.10 31.81 84.05 15.95
1495 58.91 64.71 33.30 88.95 14.98
1496 58.92 44.79 29.69 71.20 15.93
1497 59.03 50.65 34.18 83.55 16.51
1498 59.01 56.74 38.72 81.18 16.51
1499 59.15 19.99 25.91 71.76 12.84
1500 59.11 75.79 28.39 86.41 14.36
1501 59.15 89.71 35.96 70.03 10.85
1502 59.23 73.18 27.39 77.40 15.33
1503 59.34 14.50 22.87 64.75 12.10
1504 59.41 68.27 26.54 63.62 14.81
1505 59.50 17.09 23.35 69.63 12.86
1506 59.51 28.74 37.10 70.90 14.83
1507 59.50 46.37 46.25 68.83 16.90
1508 59.56 79.78 29.05 70.44 13.53
1509 59.75 83.39 25.73 72.49 13.35
1510 59.55 9.49 17.13 56.15 9.15
1511 59.48 12.36 18.81 49.08 11.17
1512 59.63 30.92 37.17 65.85 14.52
1513 59.64 52.65 35.30 70.38 16.70
1514 59.66 26.08 30.86 67.55 13.94
1515 59.63 54.68 38.40 72.08 16.90
1516 59.65 70.66 23.50 62.42 15.50
1517 59.71 32.76 31.03 61.75 14.14
1518 59.72 37.02 46.86 67.24 15.80
1519 59.74 39.34 39.82 70.07 16.76
1520 59.72 60.87 30.45 69.32 14.39
1521 59.86 23.91 41.05 64.20 14.89
1522 59.82 43.82 37.48 63.06 16.89
1523 59.74 58.58 33.26 66.85 15.67
1524 59.80 63.39 28.35 72.61 14.96
1525 59.84 66.08 27.51 66.46 15.62
1526 59.87 48.63 65.11 57.18 16.58
1527 60.08 77.36 23.31 63.18 13.99
1528 60.22 11.25 21.33 48.41 10.63
1529 59.93 34.89 32.67 64.43 16.35
1530 60.09 21.85 27.88 57.32 12.79
1531 59.98 50.61 49.86 58.95 14.73
1532 60.20 7.76 17.14 47.52 9.03
1533 60.07 5.69 12.50 38.84 7.03
1534 60.20 74.87 23.43 63.87 14.29
1535 60.16 19.18 34.94 52.52 12.20
1536 60.11 56.55 51.85 64.39 15.52
1537 60.15 85.77 22.83 60.55 12.84
1538 60.44 81.34 23.07 66.02 13.84
1539 60.36 13.76 24.89 54.18 11.38
1540 60.36 88.63 16.79 43.84 13.02
1541 60.33 68.42 22.20 57.86 14.82
1542 60.41 72.74 23.15 62.03 14.54
1543 60.44 29.61 89.53 51.13 14.35
1544 60.43 91.58 19.22 53.21 11.20
1545 60.64 47.33 171.56 46.06 17.26
1546 60.64 26.96 103.20 47.69 13.57
1547 60.69 45.35 131.44 49.62 17.19
1548 60.61 16.20 41.02 53.69 11.42
1549 60.53 61.94 30.80 58.04 14.14
1550 60.62 64.59 27.25 57.32 13.88
1551 60.59 38.52 119.32 49.95 17.09
1552 60.71 33.84 85.48 49.78 15.38
1553 60.84 51.95 169.75 47.64 17.19
1554 60.62 54.32 87.72 57.93 16.07
1555 60.68 70.72 28.53 62.44 14.87
1556 60.82 31.63 119.93 45.69 17.08
1557 60.75 59.57 82.86 52.52 14.46
1558 60.91 36.41 141.81 53.51 17.33
1559 60.92 43.18 134.33 48.97 16.28
1560 61.05 49.48 188.64 42.97 17.57
1561 60.92 9.28 24.48 46.63 9.39
1562 61.06 40.76 180.12 47.58 18.08
1563 60.99 66.79 40.23 55.45 14.48
1564 60.87 24.57 72.46 41.41 14.05
1565 61.05 5.85 21.21 32.41 8.18
1566 61.10 57.19 140.71 52.18 17.10
1567 61.20 79.51 21.95 47.86 14.19
1568 61.24 19.36 83.28 39.62 13.83
1569 61.40 85.78 19.24 57.02 11.67
1570 61.33 22.93 73.16 39.82 15.30
1571 61.24 74.56 31.22 59.95 12.36
1572 61.21 77.03 23.16 51.73 14.82
1573 61.30 12.22 52.40 43.68 10.54
1574 61.41 69.16 45.76 54.99 14.40
1575 61.37 14.24 54.72 43.78 12.91
1576 61.46 63.15 129.42 44.99 16.08
1577 61.40 82.88 20.56 50.95 14.48
1578 61.71 91.38 14.82 38.64 8.73
1579 61.58 29.54 159.70 38.30 15.25
1580 61.63 55.15 195.02 46.58 17.18
1581 61.74 35.19 176.38 39.32 18.17
1582 61.53 38.37 179.88 44.28 17.64
1583 61.73 61.04 162.14 42.07 16.62
1584 61.73 71.73 94.29 35.65 15.13
1585 61.62 27.21 138.24 35.31 15.20
1586 62.04 33.16 161.40 36.93 17.21
1587 61.97 52.81 209.37 39.66 18.58
1588 61.81 24.71 127.13 38.22 14.61
1589 61.83 44.88 177.24 38.64 18.40
1590 61.93 65.27 132.91 44.67 15.66
1591 61.92 8.23 48.61 29.26 9.99
1592 61.80 47.35 177.46 38.09 22.19
1593 61.70 9.60 50.87 32.33 8.93
1594 61.97 58.92 176.70 42.30 17.27
1595 62.18 89.16 18.03 45.38 10.62
1596 62.03 42.34 190.26 40.35 18.49
1597 62.00 50.66 186.97 36.09 17.75
1598 62.14 16.21 100.71 27.37 14.39
1599 62.16 20.61 122.38 33.63 13.22
1600 61.95 12.86 79.57 29.93 12.36
1601 62.39 67.52 142.45 39.80 15.00
1602 62.31 81.62 60.60 43.87 13.33
1603 62.30 11.24 73.08 30.26 11.17
1604 62.25 39.88 182.46 34.78 21.82
1605 62.36 73.61 69.84 47.82 13.72
1606 62.32 76.40 71.53 40.44 13.93
1607 62.43 13.62 86.01 31.62 12.52
1608 62.80 31.63 146.88 31.59 22.89
1609 62.31 79.14 54.62 45.57 12.31
1610 62.41 37.27 179.06 35.21 20.62
1611 62.50 86.75 35.05 42.77 12.92
1612 62.64 70.08 136.72 37.58 15.12
1613 62.62 22.29 149.16 29.48 15.99
1614 62.61 18.28 137.51 29.99 14.78
1615 62.69 26.40 161.94 28.78 18.19
1616 62.58 57.08 166.91 35.17 22.52
1617 62.55 62.96 185.23 38.55 17.34
1618 62.66 83.53 55.58 35.44 13.71
1619 62.68 48.80 158.90 34.34 25.38
1620 62.72 28.87 163.80 26.94 19.54
1621 62.59 54.65 165.14 39.08 22.86
1622 62.79 46.36 153.87 34.78 21.41
1623 63.17 7.34 58.80 18.19 8.84
1624 62.82 43.95 149.00 34.22 23.08
1625 62.87 34.73 129.94 27.69 21.94
1626 62.90 60.07 170.74 36.01 22.40
1627 62.94 24.17 130.14 26.91 18.59
1628 63.00 50.87 132.21 34.33 24.86
1629 62.93 90.99 25.15 31.25 11.80
1630 63.05 41.24 134.25 32.56 27.86
1631 63.23 53.07 168.38 33.98 25.25
1632 63.32 72.25 121.22 33.32 15.64
1633 63.35 10.23 86.41 21.65 12.06
1634 63.32 39.04 131.90 30.08 28.43
1635 63.29 65.26 177.32 35.55 17.38
1636 63.20 16.05 86.83 22.77 15.46
1637 63.39 74.95 129.39 38.28 14.63
1638 63.55 80.46 128.02 34.15 13.46
1639 63.38 36.49 125.70 27.06 26.15
1640 63.49 77.62 136.19 31.94 15.46
1641 63.48 55.43 156.46 31.23 25.54
1642 63.48 19.25 117.45 23.55 18.09
1643 63.48 62.32 167.80 33.81 18.39
1644 63.54 12.82 92.92 22.13 14.67
1645 63.31 17.18 88.77 22.00 20.62
1646 63.55 57.92 129.50 31.69 29.27
1647 63.57 67.81 159.91 34.09 17.62
1648 63.79 85.22 97.07 27.44 13.63
1649 63.74 47.53 135.97 29.21 31.72
1650 63.74 82.91 113.00 29.69 13.64
1651 63.72 21.78 133.79 23.56 19.96
1652 63.64 25.55 115.75 23.42 24.08
1653 63.70 30.10 99.15 27.18 32.98
1654 63.67 42.62 108.00 27.34 33.48
1655 63.74 45.38 99.87 29.13 32.19
1656 64.07 92.61 45.29 22.91 9.89
1657 63.62 90.83 41.44 31.66 9.06
1658 63.86 33.95 98.52 23.87 31.65
1659 63.82 70.22 133.02 31.20 15.39
1660 63.89 27.72 97.63 23.19 30.75
1661 64.03 49.58 119.24 27.51 42.09
1662 63.98 59.83 118.67 30.02 24.97
1663 64.10 51.75 111.06 27.81 47.66
1664 64.18 15.00 89.36 18.79 18.36
1665 64.12 40.55 77.37 26.67 34.14
1666 64.21 24.10 102.94 22.92 23.54
1667 64.55 8.50 54.15 14.54 12.69
1668 64.22 17.13 94.53 19.40 22.62
1669 64.28 38.24 78.49 25.51 39.57
1670 64.32 64.14 114.21 30.39 29.74
1671 64.32 43.85 61.40 24.55 64.13
1672 64.32 73.46 140.16 29.86 17.86
1673 64.51 66.37 120.20 30.36 20.04
1674 64.44 31.86 80.80 24.03 42.19
1675 64.34 35.95 70.50 26.65 44.02
1676 64.54 53.74 95.00 29.19 34.29
1677 64.42 56.06 98.90 30.17 35.55
1678 64.60 19.76 80.19 21.46 29.55
1679 64.43 61.78 91.42 29.24 26.14
1680 64.60 76.04 145.42 29.80 17.04
1681 64.51 18.35 90.07 18.56 21.70
1682 64.75 58.20 89.80 29.44 36.74
1683 64.86 79.13 150.12 25.59 19.88
1684 64.99 90.15 93.14 22.01 10.64
1685 64.70 25.68 62.08 20.83 29.04
1686 64.69 29.51 62.16 22.87 37.45
1687 64.79 68.94 128.47 29.19 21.88
1688 64.83 48.27 72.06 24.71 59.73
1689 64.85 71.46 120.51 27.67 19.36
1690 64.84 22.24 81.37 18.77 32.07
1691 64.77 41.67 43.46 24.59 50.46
1692 64.95 84.78 108.50 27.53 14.36
1693 64.81 46.18 54.67 25.63 60.39
1694 65.02 81.68 144.50 27.97 18.04
1695 64.84 27.30 52.47 22.00 37.75
1696 64.86 33.98 51.48 22.33 62.02
1697 65.22 10.01 55.21 15.08 19.30
1698 65.17 13.74 57.81 16.54 30.33
1699 65.00 36.57 45.15 22.60 64.08
1700 65.10 39.18 38.45 23.95 63.83
1701 65.06 50.94 73.55 25.36 52.67
1702 65.19 60.36 70.15 26.54 35.60
1703 65.16 43.80 37.56 23.86 74.79
1704 65.24 15.51 58.60 17.05 34.62
1705 65.27 16.95 59.08 17.18 35.18
1706 65.39 62.76 83.61 25.47 33.17
1707 65.39 74.20 116.70 26.53 20.94
1708 65.28 55.85 60.68 26.25 49.19
1709 65.43 65.01 62.64 26.78 29.56
1710 65.49 24.11 49.00 21.44 47.61
1711 65.36 31.77 35.53 22.44 65.60
1712 65.48 52.89 47.19 26.22 45.85
1713 65.50 28.78 30.18 21.84 58.54
1714 65.72 67.26 75.05 24.93 32.48
1715 65.69 12.05 39.92 14.97 32.32
1716 65.66 40.90 36.72 22.95 69.87
1717 65.80 47.62 38.14 24.44 92.97
1718 65.63 26.15 34.09 19.62 53.62
1719 65.66 34.45 35.58 22.80 68.05
1720 65.83 77.12 114.29 23.45 21.12
1721 65.75 58.82 43.69 24.53 45.58
1722 66.18 88.04 93.50 21.62 13.78
1723 65.86 36.76 39.00 22.32 95.22
1724 65.94 45.29 32.51 22.65 86.60
1725 65.98 69.87 68.96 22.86 24.45
1726 66.03 72.13 81.53 24.04 25.89
1727 66.04 42.86 32.85 23.97 91.57
1728 66.01 54.70 42.23 25.86 58.91
1729 66.13 85.32 113.46 24.53 19.07
1730 66.08 14.89 31.74 15.18 44.40
1731 66.10 17.53 31.54 15.52 51.41
1732 66.18 22.31 31.98 16.91 68.17
1733 66.18 30.31 32.01 21.90 83.72
1734 66.22 56.92 35.67 24.37 66.96
1735 66.25 79.48 103.48 24.27 22.41
1736 66.21 82.38 100.04 22.06 24.17
1737 66.15 90.22 75.33 20.38 13.28
1738 66.20 38.99 35.27 22.36 84.71
1739 66.20 51.04 30.36 24.24 74.04
1740 66.28 32.83 47.48 21.01 99.70
1741 66.30 19.94 31.31 17.77 65.46
1742 66.28 61.29 48.59 25.53 46.10
1743 66.26 13.60 29.90 15.43 45.00
1744 66.27 64.09 44.79 25.55 42.19
1745 66.31 27.66 29.82 18.39 75.63
1746 66.33 80.72 104.52 21.84 23.36
1747 66.54 74.62 71.44 23.20 39.20
1748 66.48 24.80 35.27 18.20 71.92
1749 66.52 52.92 28.45 24.22 70.82
1750 66.60 66.08 42.41 24.08 36.82
1751 66.66 35.03 60.78 22.56 111.94
1752 66.70 59.41 32.18 23.00 57.08
1753 66.70 11.86 22.68 13.32 40.96
1754 66.86 41.50 87.99 22.14 124.13
1755 66.76 49.09 36.18 21.96 91.75
1756 66.91 15.84 31.45 15.34 70.90
1757 66.77 46.77 55.24 23.08 97.66
1758 66.85 68.43 38.21 23.29 34.44
1759 67.09 37.35 144.05 21.69 107.15
1760 66.90 44.08 75.66 24.30 95.82
1761 67.01 62.93 29.70 22.90 55.45
1762 67.01 77.15 66.96 22.75 30.48
1763 67.21 13.54 24.70 14.70 72.47
1764 67.04 18.03 44.25 14.98 82.37
1765 67.14 29.17 90.80 20.96 110.77
1766 67.17 31.44 113.18 20.71 108.72
1767 67.14 55.17 33.32 23.32 77.30
1768 67.00 70.55 28.34 21.39 36.57
1769 67.10 72.69 38.05 21.65 38.44
1770 67.29 26.48 85.18 19.17 94.71
1771 67.27 84.09 82.66 20.24 32.23
1772 67.14 22.67 64.51 17.15 100.17
1773 67.38 39.69 150.85 21.41 105.89
1774 67.24 57.56 31.69 22.87 82.04
1775 67.36 64.94 29.78 21.19 56.82
1776 67.27 81.86 74.83 21.02 28.28
1777 67.32 50.82 79.53 23.09 106.46
1778 67.42 86.71 64.28 17.94 20.18
1779 67.27 8.87 18.71 11.42 29.42
1780 67.54 61.28 25.39 22.30 68.81
1781 67.50 33.77 167.48 23.76 133.94
1782 67.66 79.92 82.41 22.45 34.62
1783 67.46 20.18 65.29 15.65 91.08
1784 67.44 53.03 70.26 22.85 100.02
1785 67.48 88.97 54.88 18.25 18.56
1786 67.65 10.51 27.99 11.97 44.87
1787 67.68 24.42 109.03 18.28 119.65
1788 67.71 45.57 177.95 23.79 118.25
1789 67.75 47.86 167.82 24.03 129.76
1790 67.71 67.27 23.70 21.82 44.90
1791 67.93 42.99 189.00 22.47 128.35
1792 67.79 74.71 45.85 21.53 50.80
1793 68.04 35.74 189.95 21.44 135.39
1794 68.10 16.86 67.27 14.37 90.41
1795 68.02 59.40 40.16 23.15 91.99
1796 67.89 69.45 21.60 19.58 42.33
1797 67.99 71.58 22.47 21.06 47.23
1798 68.34 11.99 60.91 12.79 64.86
1799 68.06 77.50 40.82 19.17 49.23
1800 68.25 14.62 71.72 13.67 87.21
1801 68.34 56.87 143.04 21.93 110.58
1802 68.36 29.56 171.03 20.34 125.51
1803 68.23 63.28 24.09 20.51 76.44
1804 68.21 8.41 34.15 11.32 35.30
1805 68.29 32.61 181.48 21.85 134.66
1806 68.35 40.70 183.94 21.36 135.00
1807 68.28 54.66 127.65 22.00 109.17
1808 68.38 38.27 179.38 21.51 135.08
1809 68.39 49.57 196.72 23.41 124.07
1810 68.43 22.37 148.13 17.21 113.61
1811 68.42 83.34 45.59 19.66 36.58
1812 68.49 52.16 187.14 23.30 124.82
1813 68.48 85.55 45.85 18.17 27.30
1814 68.62 18.79 100.26 16.02 93.64
1815 68.64 26.27 183.39 18.57 121.73
1816 68.49 65.62 28.88 20.57 67.19
1817 68.57 87.73 39.87 17.00 19.69
1818 68.73 44.55 192.34 23.11 129.95
1819 68.85 73.32 21.70 20.55 70.06
1820 68.82 81.55 29.24 19.10 44.41
1821 68.86 61.26 56.79 22.18 97.74
1822 68.88 68.35 26.35 20.66 74.22
1823 68.91 46.81 179.75 23.08 135.64
1824 69.04 76.40 21.61 18.27 74.27
1825 69.03 9.68 65.06 11.05 45.44
1826 69.10 79.02 24.81 21.48 55.27
1827 69.09 34.34 182.12 21.98 138.09
1828 69.00 70.67 24.49 19.98 61.03
1829 69.15 20.53 117.12 15.82 108.49
1830 69.13 24.35 151.57 17.23 111.72
1831 69.19 36.74 160.73 20.81 154.03
1832 69.13 58.89 156.01 21.66 116.22
1833 69.29 42.02 166.26 21.45 138.58
1834 69.27 54.23 186.14 21.90 143.64
1835 69.41 50.70 197.26 23.60 136.84
1836 69.71 12.10 103.43 12.15 72.60
1837 69.43 16.48 117.57 14.44 93.04
1838 69.33 31.94 139.21 21.74 145.63
1839 69.38 39.45 160.59 20.87 128.91
1840 69.30 63.61 81.77 20.52 89.07
1841 69.45 28.66 146.82 19.90 135.34
1842 69.42 89.13 17.85 13.43 23.67
1843 69.59 48.59 162.51 22.00 148.32
1844 69.53 66.26 99.52 20.01 88.48
1845 69.71 22.60 129.77 16.02 126.94
1846 69.58 56.69 179.74 23.03 124.81
1847 69.66 83.47 18.44 15.66 39.19
1848 69.78 86.56 22.74 16.84 37.68
1849 69.78 26.62 125.45 18.96 125.29
1850 69.72 44.35 164.62 22.04 156.62
1851 69.91 18.46 116.67 14.44 109.21
1852 69.88 72.04 29.04 19.64 90.61
1853 69.84 74.76 30.75 18.90 92.04
1854 69.98 80.83 20.24 16.96 61.90
1855 70.04 52.67 176.32 23.53 155.82
1856 70.03 69.39 77.35 18.76 84.19
1857 70.10 46.58 119.94 22.88 147.04
1858 70.10 24.84 90.89 17.27 125.92
1859 70.02 35.22 105.88 21.48 141.73
1860 70.07 59.48 169.08 22.74 116.00
1861 70.15 62.06 154.56 21.37 86.87
1862 70.22 30.66 102.05 20.20 128.34
1863 70.15 78.28 18.30 17.36 70.83
1864 70.23 33.17 92.78 19.25 146.96
1865 70.28 20.77 91.53 15.77 112.29
1866 70.26 37.44 113.64 19.62 151.82
1867 70.45 64.75 178.69 21.48 106.98
1868 70.34 40.07 106.49 20.18 142.86
1869 70.31 54.82 178.90 21.33 141.19
1870 70.50 28.31 85.57 18.38 127.75
1871 70.44 42.27 106.15 19.97 140.06
1872 70.50 67.20 129.77 19.61 89.94
1873 70.47 50.65 156.92 22.31 172.64
1874 70.59 57.18 181.32 21.80 139.45
1875 70.61 16.18 76.81 12.78 93.42
1876 70.51 14.06 71.82 12.27 73.89
1877 70.79 76.49 70.75 17.78 99.20
1878 70.78 48.36 120.31 21.26 154.25
1879 70.68 44.29 99.93 20.64 132.57
1880 70.89 73.95 123.32 19.28 120.94
1881 70.81 23.39 66.18 15.14 113.74
1882 70.81 83.35 17.34 17.40 60.13
1883 71.00 85.50 15.44 14.15 41.33
1884 70.80 88.12 11.47 12.58 26.24
1885 70.97 70.94 128.85 19.85 102.92
1886 70.98 18.68 83.25 13.79 116.89
1887 71.06 25.83 67.17 17.19 112.99
1888 71.12 61.03 168.19 23.01 109.66
1889 71.03 35.36 58.04 20.09 120.52
1890 71.08 52.64 105.85 18.47 143.60
1891 71.04 81.16 36.14 17.60 87.32
1892 71.11 58.99 142.42 22.60 126.85
1893 71.30 30.54 49.47 17.59 112.04
1894 71.26 45.96 66.39 19.93 127.29
1895 71.44 78.48 59.08 17.84 104.35
1896 71.26 32.84 56.59 21.12 124.46
1897 71.20 38.16 61.15 20.71 136.66
1898 71.36 40.75 73.77 20.76 134.65
1899 71.51 68.34 152.02 19.92 82.45
1900 71.10 20.85 55.71 15.14 105.14
1901 71.24 55.30 133.65 22.22 142.72
1902 71.44 63.48 134.43 21.89 139.78
1903 71.39 12.46 58.56 11.73 64.04
1904 71.52 21.70 61.43 16.30 102.88
1905 71.61 14.83 50.64 11.30 87.80
1906 71.49 50.27 87.57 23.00 140.87
1907 71.55 28.07 57.75 16.41 105.87
1908 71.63 43.38 59.32 20.42 115.60
1909 71.61 65.74 142.55 20.52 104.09
1910 71.70 57.55 117.59 21.12 145.02
1911 71.79 87.73 11.71 11.92 39.13
1912 71.78 81.14 47.99 16.09 90.37
1913 71.89 23.86 34.49 15.06 94.23
1914 71.94 47.93 57.24 20.32 126.69
1915 72.00 53.91 75.56 20.14 146.56
1916 72.16 36.63 39.64 18.47 110.37
1917 71.95 73.36 160.59 18.82 108.78
1918 72.08 34.22 37.40 19.69 110.36
1919 71.92 17.10 34.78 12.78 81.32
1920 72.02 19.32 42.68 14.95 105.95
1921 72.16 83.47 34.47 14.19 73.50
1922 72.26 51.82 69.48 20.64 138.43
1923 72.20 59.65 94.85 21.03 137.28
1924 72.23 70.60 153.98 18.76 101.74
1925 72.24 76.42 135.18 18.78 113.52
1926 72.30 39.10 33.37 19.86 119.31
1927 72.52 85.95 24.99 13.39 72.95
1928 72.24 31.83 36.53 19.22 112.84
1929 72.30 62.00 132.25 20.89 142.06
1930 72.22 26.06 34.08 16.85 97.00
1931 72.31 41.48 40.19 20.85 109.81
1932 72.41 45.69 45.86 21.28 126.66
1933 72.45 12.76 28.43 10.36 66.30
1934 72.41 56.05 62.28 20.12 115.77
1935 72.47 29.30 33.19 16.47 98.86
1936 72.66 66.87 122.69 20.49 112.08
1937 72.53 21.68 27.07 14.57 91.37
1938 72.66 49.81 42.48 20.35 112.95
1939 72.64 64.58 107.89 21.18 122.94
1940 72.78 79.71 118.23 18.00 109.40
1941 72.86 43.76 37.24 19.64 105.73
1942 72.92 14.92 32.18 12.06 80.50
1943 72.88 68.72 114.45 20.65 99.69
1944 73.03 18.75 26.86 12.62 82.84
1945 73.10 26.99 27.18 16.20 90.35
1946 73.16 58.53 78.76 22.06 119.73
1947 72.99 72.75 157.61 19.54 124.28
1948 73.24 33.06 27.02 18.57 105.32
1949 73.02 20.70 25.92 13.56 89.92
1950 73.30 24.77 26.35 16.01 81.38
1951 73.22 47.67 29.43 19.00 102.79
1952 73.29 35.17 25.91 18.54 100.68
1953 73.22 75.16 145.36 18.99 118.94
1954 73.31 41.93 29.33 18.10 94.85
1955 73.26 53.80 52.86 18.57 114.83
1956 73.19 82.14 99.30 14.79 91.70
1957 73.63 16.81 25.36 11.76 84.67
1958 73.31 37.34 30.71 18.23 97.86
1959 73.34 60.94 48.11 18.85 99.66
1960 73.44 31.33 24.92 17.66 90.80
1961 73.41 63.14 57.67 19.36 107.69
1962 73.60 77.61 126.64 18.21 113.51
1963 73.58 39.75 26.56 19.79 89.19
1964 73.54 56.20 48.33 19.82 129.07
1965 73.47 70.43 123.64 19.95 121.16
1966 73.37 28.34 24.97 17.27 77.83
1967 73.51 51.75 37.86 18.71 87.98
1968 73.58 84.31 74.48 14.44 73.29
1969 73.75 45.82 25.93 19.23 95.88
1970 73.67 65.96 53.37 18.13 97.43
1971 73.71 12.73 19.75 10.57 55.26
1972 73.75 29.49 26.60 17.49 75.31
1973 73.77 49.67 31.62 19.01 105.52
1974 74.05 86.60 68.29 12.61 53.79
1975 73.96 22.18 30.57 14.18 73.20
1976 74.00 68.21 84.17 19.91 106.99
1977 74.14 43.91 29.62 19.79 83.63
1978 74.15 72.99 121.13 18.55 130.23
1979 74.32 79.96 129.73 16.22 99.30
1980 74.26 19.45 33.96 12.88 70.51
1981 74.35 82.45 119.34 16.35 97.05
1982 74.29 26.61 47.51 16.36 67.72
1983 74.40 35.59 44.22 18.56 75.88
1984 74.41 37.88 46.33 18.52 76.94
1985 74.38 60.10 38.47 19.88 102.60
1986 74.50 64.49 43.74 20.32 97.32
1987 74.37 57.77 34.81 20.01 97.41
1988 74.44 62.51 39.01 19.84 93.83
1989 74.50 75.62 117.86 17.77 130.14
1990 74.52 33.56 71.61 19.21 64.17
1991 74.42 52.82 29.64 19.88 87.65
1992 74.43 41.83 34.92 20.26 81.57
1993 74.47 14.79 19.10 10.80 53.70
1994 74.49 55.12 28.03 19.28 99.11
1995 74.57 47.78 27.16 20.11 81.46
1996 74.58 24.32 62.02 15.68 77.62
1997 74.60 31.23 87.14 17.78 61.06
1998 74.66 70.62 79.29 18.67 123.43
1999 74.68 50.59 27.37 20.66 86.75
2000 74.90 66.88 49.78 17.47 107.42
2001 74.94 77.86 104.73 17.17 119.73
2002 74.86 12.79 24.20 9.84 46.15
2003 74.81 28.82 68.79 16.29 59.34
2004 74.82 17.05 39.16 12.54 63.08
2005 74.93 40.25 88.10 19.85 71.93
2006 75.13 84.98 101.28 13.44 78.39
2007 74.95 45.40 30.66 18.88 71.98
2008 74.99 21.53 75.86 14.16 53.59
2009 75.39 68.91 43.14 17.96 109.01
2010 75.33 43.20 103.53 20.87 57.32
2011 75.34 37.00 111.96 17.78 57.13
2012 75.44 56.70 24.30 19.68 87.49
2013 75.43 59.19 22.18 19.84 88.75
2014 75.48 61.66 22.51 19.55 85.34
2015 75.38 73.23 70.92 18.21 120.28
2016 75.64 27.08 131.56 17.12 56.32
2017 75.51 54.15 24.08 19.02 93.70
2018 75.56 19.35 80.37 13.76 50.04
2019 75.71 82.33 98.91 16.23 120.11
2020 75.67 23.81 122.54 16.55 48.42
2021 75.57 51.87 58.97 20.13 77.87
2022 75.62 32.61 139.70 19.24 45.96
2023 75.53 49.25 46.33 18.62 70.69
2024 75.77 35.02 157.15 18.99 46.17
2025 75.74 65.65 32.49 18.00 92.41
2026 75.62 15.09 40.60 10.82 29.87
2027 75.78 39.05 160.58 19.92 54.73
2028 75.73 46.93 107.81 20.43 63.33
2029 75.57 80.13 93.19 17.46 104.14
2030 75.80 30.02 156.57 18.35 49.42
2031 75.82 63.56 20.00 16.96 64.06
2032 75.90 16.96 65.94 13.03 45.79
2033 76.04 70.84 45.33 18.56 103.84
2034 76.10 41.60 153.52 19.65 48.96
2035 76.25 77.87 99.66 16.71 121.93
2036 76.21 21.34 124.57 14.90 35.09
2037 76.22 44.22 148.18 21.28 48.84
2038 76.03 75.63 67.96 16.89 112.94
2039 76.28 79.99 99.48 16.06 100.15
2040 76.49 50.77 78.07 20.17 66.59
2041 76.42 58.13 34.00 18.88 70.04
2042 76.52 68.31 26.13 17.87 91.73
2043 76.49 55.45 38.51 19.32 74.72
2044 76.51 60.83 26.76 18.17 76.62
2045 76.61 84.20 55.11 12.98 60.06
2046 76.80 15.77 90.93 11.91 27.50
2047 76.60 37.39 194.17 20.46 40.77
2048 76.70 48.63 130.00 19.12 50.97
2049 76.76 73.72 48.17 17.05 112.82
2050 76.75 46.20 179.13 20.46 48.23
2051 76.70 25.87 159.72 16.04 35.24
2052 76.75 53.15 88.39 19.01 54.45
2053 76.65 18.63 102.38 13.62 31.98
2054 76.75 31.04 173.91 19.00 41.72
2055 76.73 33.48 193.08 19.44 35.41
2056 76.95 63.30 20.00 19.21 73.58
2057 76.71 65.80 19.58 18.00 69.02
2058 76.91 13.54 73.65 10.70 22.65
2059 76.98 39.84 185.90 19.80 38.72
2060 76.90 81.38 80.50 14.63 88.33
2061 76.95 28.30 186.87 17.66 39.91
2062 77.00 23.57 169.44 16.81 35.93
2063 77.19 42.26 178.16 20.22 41.01
2064 77.74 34.98 171.79 20.24 30.43
2065 77.06 70.67 25.48 16.65 101.03
2066 77.16 19.26 114.83 13.78 26.26
2067 77.17 21.31 124.50 12.79 30.29
2068 77.38 56.78 90.36 19.68 50.78
2069 77.32 76.18 44.29 16.20 88.20
2070 77.42 44.39 184.31 20.24 42.97
2071 77.50 59.42 89.52 21.36 52.96
2072 77.72 32.46 187.17 18.89 30.76
2073 77.56 51.43 158.61 20.06 45.92
2074 77.55 67.92 19.69 17.47 82.81
2075 77.63 78.64 56.48 16.29 114.55
2076 77.51 72.01 28.69 16.92 108.36
2077 77.75 61.54 75.32 19.61 60.79
2078 77.79 54.60 148.63 20.78 44.02
2079 77.74 65.33 21.95 19.12 68.04
2080 77.84 37.88 170.55 21.37 30.97
2081 77.81 49.10 188.57 20.70 38.14
2082 78.05 17.95 135.37 14.16 24.77
2083 77.89 46.76 194.72 20.83 44.39
2084 78.02 25.12 165.43 16.24 25.20
2085 77.91 27.14 157.59 16.13 26.72
2086 78.01 29.83 181.04 18.35 29.56
2087 78.11 15.51 117.96 10.77 20.69
2088 78.05 74.02 27.57 17.41 99.07
2089 78.13 20.19 150.55 14.01 24.47
2090 78.18 40.28 177.80 19.85 29.15
2091 78.20 70.66 23.27 16.95 96.35
2092 78.16 22.63 147.68 15.35 23.95
2093 78.30 57.95 143.70 19.67 39.95
2094 78.38 63.14 64.78 18.57 61.25
2095 78.53 42.60 167.94 19.89 28.55
2096 78.44 52.58 191.80 20.65 32.94
2097 78.57 67.20 31.14 17.47 78.54
2098 78.29 80.71 44.28 13.70 87.15
2099 78.49 44.73 180.97 22.03 29.00
2100 78.48 76.49 23.05 14.90 74.81
2101 78.71 36.07 133.40 19.03 25.28
2102 78.85 56.19 173.73 21.07 37.52
2103 78.91 78.78 25.47 15.31 89.73
2104 78.90 48.30 194.76 19.72 26.46
2105 78.91 50.44 181.75 21.84 32.99
2106 78.80 60.59 123.43 20.58 39.60
2107 79.06 69.55 26.53 18.78 78.68
2108 79.02 28.41 153.41 17.26 24.08
2109 79.05 38.21 132.68 20.11 24.69
2110 79.16 64.97 95.93 19.48 61.09
2111 79.05 73.55 23.87 16.15 90.82
2112 79.04 32.02 137.81 18.75 24.63
2113 79.11 26.53 114.26 16.21 22.71
2114 79.18 46.48 164.34 20.41 27.64
2115 79.26 24.15 121.51 15.63 20.43
2116 79.28 54.10 182.42 19.89 29.37
2117 79.28 81.50 22.46 13.40 68.66
2118 79.32 16.94 104.80 12.37 16.23
2119 79.36 19.28 113.17 13.29 17.61
2120 79.24 21.65 108.88 14.18 19.82
2121 79.40 58.44 149.81 19.29 31.74
2122 79.54 34.39 107.35 19.34 22.28
2123 79.62 40.32 141.29 19.01 23.28
2124 79.52 44.59 132.16 21.14 22.31
2125 79.70 76.41 21.32 14.63 79.95
2126 79.74 62.68 128.18 19.21 39.70
2127 79.77 71.85 35.42 16.24 73.61
2128 79.78 42.70 123.09 18.98 22.18
2129 79.73 30.30 113.49 18.51 22.23
2130 79.85 67.61 105.15 19.02 64.86
2131 79.85 51.67 149.93 18.93 25.61
2132 80.11 36.37 80.80 19.11 20.24
2133 80.13 60.42 163.03 19.82 32.73
2134 80.00 49.20 133.44 19.97 23.87
2135 80.10 56.37 151.21 20.56 26.41
2136 80.33 32.81 87.58 17.64 20.26
2137 80.30 79.06 24.38 13.96 79.09
2138 80.24 38.38 87.29 18.64 20.45
2139 80.27 28.06 103.89 16.66 19.42
2140 80.29 46.75 141.00 18.59 21.76
2141 80.30 73.92 21.93 16.94 81.47
2142 80.31 20.67 82.09 12.65 15.97
2143 80.55 70.06 115.08 18.65 62.97
2144 80.40 23.11 96.92 15.83 18.85
2145 80.34 25.76 82.94 16.32 18.85
2146 80.45 65.25 137.08 17.37 38.59
2147 80.32 18.43 63.45 12.05 14.81
2148 80.49 54.01 145.64 17.55 23.66
2149 80.64 44.27 103.46 18.45 20.17
2150 80.80 58.34 136.92 21.02 25.57
2151 80.86 30.68 61.86 16.98 18.50
2152 80.76 74.96 21.39 16.56 87.25
2153 80.96 35.22 59.88 17.88 20.41
2154 80.86 41.77 69.03 19.74 19.72
2155 81.02 50.32 88.75 20.36 20.48
2156 81.11 39.68 66.93 18.51 18.74
2157 81.05 52.15 107.81 20.56 20.84
2158 81.15 67.60 137.80 19.40 40.57
2159 81.17 48.41 89.97 18.59 19.58
2160 81.11 76.49 17.67 14.36 65.49
2161 81.33 19.82 54.51 11.64 13.87
2162 81.27 61.50 146.91 20.38 26.98
2163 81.22 72.26 92.47 17.96 64.18
2164 81.26 56.08 108.23 18.32 20.85
2165 81.47 37.62 46.82 17.87 18.78
2166 81.48 24.47 62.53 15.49 17.77
2167 81.16 27.21 62.00 16.17 18.67
2168 81.41 22.16 63.07 14.04 16.34
2169 81.46 26.12 65.14 17.55 18.39
2170 81.35 28.67 50.11 17.63 17.85
2171 81.39 32.88 46.14 18.07 18.81
2172 81.45 78.62 17.62 12.76 46.70
2173 81.51 46.18 78.50 19.60 19.40
2174 81.62 59.53 108.15 20.63 23.85
2175 81.78 43.78 61.84 18.16 19.25
2176 81.81 54.03 102.43 18.80 18.71
2177 81.83 65.48 123.28 19.38 31.66
2178 81.78 74.42 41.84 15.16 65.97
2179 81.97 70.02 151.72 19.19 40.80
2180 82.02 34.10 36.63 17.93 16.99
2181 81.97 41.40 57.06 18.69 17.42
2182 81.81 29.49 40.11 16.20 17.83
2183 82.21 31.23 34.31 16.00 17.14
2184 82.22 57.87 93.45 19.21 18.21
2185 82.28 52.00 69.20 20.22 15.84
2186 82.23 26.91 40.81 14.88 16.08
2187 82.24 50.02 54.64 18.00 17.88
2188 82.30 77.09 42.69 15.11 57.43
2189 82.35 21.66 44.71 12.31 13.53
2190 82.35 47.79 54.23 18.85 18.81
2191 82.53 63.06 110.63 18.95 23.31
2192 82.54 72.59 125.37 16.50 45.22
2193 82.54 39.54 37.53 18.80 17.18
2194 82.56 60.71 92.26 18.96 21.05
2195 82.71 67.86 153.89 18.84 29.80
2196 82.48 18.96 37.63 11.08 13.48
2197 82.40 23.66 37.35 13.73 15.57
2198 82.60 55.70 71.58 18.05 18.52
2199 82.57 45.45 47.28 18.94 16.46
2200 82.72 20.56 40.05 11.43 13.18
2201 82.67 28.84 34.68 16.82 17.91
2202 82.58 35.88 27.46 17.81 15.12
2203 82.89 42.96 37.26 18.83 17.56
2204 83.25 74.65 100.16 15.51 38.67
2205 83.00 33.83 27.77 14.85 16.50
2206 83.23 65.40 142.35 18.67 22.17
2207 83.17 53.99 44.08 18.32 17.33
2208 83.00 23.77 26.89 12.47 15.32
2209 83.25 49.36 32.03 18.12 15.17
2210 83.17 35.98 22.24 17.00 14.76
2211 83.67 70.81 161.34 17.89 28.73
2212 83.32 26.83 24.34 16.75 15.82
2213 83.50 46.99 32.13 18.07 17.02
2214 83.46 51.51 35.51 18.45 16.81
2215 83.60 39.39 24.14 17.83 16.56
2216 83.45 57.32 52.71 19.31 18.29
2217 83.47 59.36 48.50 17.98 18.26
2218 83.57 76.67 70.89 14.04 31.55
2219 83.65 44.68 29.99 16.95 15.82
2220 83.65 41.72 27.75 18.43 15.28
2221 83.68 61.32 49.00 18.78 18.89
2222 83.67 20.02 18.94 12.94 12.15
2223 83.76 24.37 20.44 14.48 13.59
2224 83.73 28.92 22.55 16.31 14.96
2225 83.65 37.77 22.80 17.40 13.45
2226 83.90 63.33 56.23 19.10 20.10
2227 84.05 67.58 137.22 18.44 22.21
2228 84.16 32.57 22.09 17.16 16.87
2229 84.08 36.57 21.44 17.82 15.26
2230 84.26 56.02 29.82 18.72 16.23
2231 84.19 53.30 28.23 18.92 15.64
2232 84.24 48.81 22.44 17.16 14.69
2233 84.22 26.05 18.52 15.18 14.50
2234 84.23 73.07 134.04 16.07 24.14
2235 84.23 28.11 20.64 15.29 16.00
2236 84.59 43.58 22.25 17.86 14.98
2237 84.44 20.82 14.86 12.52 10.06
2238 84.50 58.77 29.01 20.13 14.76
2239 84.31 69.47 134.13 18.73 23.87
2240 84.46 51.32 21.90 19.06 14.20
2241 84.69 74.58 110.66 15.94 23.86
2242 84.51 46.54 23.44 17.95 14.05
2243 84.52 45.38 22.27 18.73 13.64
2244 84.76 65.07 67.87 18.68 18.26
2245 84.67 41.37 21.06 18.05 15.24
2246 84.57 23.07 16.82 13.64 13.03
2247 84.66 39.04 19.95 18.23 14.51
2248 84.89 61.62 33.39 18.83 17.60
2249 84.51 34.09 19.44 16.78 18.56
2250 85.01 76.63 69.85 13.10 20.84
2251 84.70 27.12 18.44 15.28 16.78
2252 84.93 31.05 20.27 15.66 15.00
2253 84.87 69.95 139.48 16.42 21.45
2254 85.16 34.33 18.34 17.87 14.38
2255 85.19 55.31 22.96 18.35 13.95
2256 85.15 25.85 15.14 15.61 13.98
2257 85.14 48.91 19.26 17.64 13.17
2258 85.27 53.00 21.74 18.64 12.83
2259 85.49 71.88 143.61 16.37 18.05
2260 85.44 46.96 20.65 18.14 14.31
2261 85.34 57.36 23.20 18.84 16.22
2262 85.77 28.03 14.65 16.03 14.09
2263 85.51 36.90 16.62 16.28 14.07
2264 85.60 50.78 19.21 17.49 14.23
2265 85.55 32.33 16.32 18.32 15.22
2266 85.47 59.12 21.43 19.92 17.00
2267 85.51 67.11 89.68 18.55 18.34
2268 85.68 63.83 34.52 18.04 17.28
2269 85.92 74.15 92.55 14.20 15.94
2270 86.00 38.66 16.60 17.03 13.89
2271 85.98 40.83 16.41 17.57 14.85
2272 86.33 69.51 99.18 18.02 16.63
2273 85.86 25.58 14.62 14.48 14.33
2274 85.93 30.43 15.16 16.23 14.84
2275 86.07 42.99 16.68 16.65 14.21
2276 85.82 24.56 12.38 16.00 12.50
2277 86.19 35.89 14.32 16.51 16.08
2278 86.20 54.79 19.07 17.51 14.35
2279 86.28 48.91 15.55 18.15 13.16
2280 86.26 56.35 17.08 19.26 13.92
2281 86.36 52.88 16.94 18.69 12.50
2282 86.02 58.42 20.00 22.82 15.27
2283 86.10 22.83 12.61 13.17 9.78
2284 86.20 45.60 16.67 18.75 13.46
2285 86.35 23.98 13.11 13.11 11.18
2286 86.34 66.28 42.77 17.88 17.21
2287 86.48 32.64 15.26 16.62 15.33
2288 86.36 34.44 14.72 17.06 14.74
2289 86.48 46.81 17.60 18.58 13.42
2290 86.56 63.18 23.82 17.74 14.52
2291 86.74 26.55 12.22 14.44 14.38
2292 86.66 59.02 18.29 18.03 15.81
2293 86.44 61.76 23.00 18.45 17.00
2294 86.58 57.70 18.66 19.94 14.69
2295 86.56 27.92 11.85 15.35 12.50
2296 86.62 30.55 12.58 16.70 13.11
2297 86.81 50.85 18.54 17.90 12.89
2298 86.76 65.26 33.07 19.10 16.14
2299 86.93 39.48 12.55 17.72 12.60
2300 86.75 38.30 11.85 19.31 15.08
2301 86.93 44.89 13.42 18.03 13.68
2302 87.03 36.93 13.52 15.24 15.24
2303 87.08 73.14 70.29 13.18 13.49
2304 87.02 41.73 16.83 17.28 13.44
2305 87.24 60.58 18.31 18.03 15.12
2306 87.08 67.16 44.09 17.63 15.85
2307 87.01 56.55 16.24 17.65 16.59
2308 87.26 29.02 12.76 13.49 13.20
2309 87.28 64.45 26.45 16.97 14.91
2310 87.16 30.75 12.60 16.90 12.80
2311 87.39 25.49 9.26 13.42 13.03
2312 87.64 31.35 11.02 14.37 14.58
2313 87.68 33.23 12.38 15.48 11.89
2314 87.58 34.98 12.71 17.20 13.82
2315 87.66 52.74 13.23 19.21 12.27
2316 87.57 68.86 50.49 16.82 15.44
2317 87.61 38.01 13.53 16.50 15.11
2318 87.57 58.18 13.83 20.71 13.75
2319 87.81 42.11 13.38 17.67 12.20
2320 87.93 50.62 13.54 19.33 12.68
2321 87.81 44.74 12.69 17.62 13.52
2322 88.25 66.30 27.48 17.17 14.17
2323 88.07 40.17 13.35 16.98 14.55
2324 88.04 47.68 11.71 16.93 12.78
2325 88.20 70.74 46.60 15.42 12.85
2326 88.34 28.08 10.23 16.61 11.10
2327 88.04 26.04 8.75 14.44 11.81
2328 88.07 58.89 16.50 18.18 14.47
2329 88.14 36.41 12.53 15.97 13.59
2330 88.26 38.33 12.04 15.59 12.52
2331 88.37 30.10 10.38 16.59 11.45
2332 88.27 63.82 19.54 17.62 12.77
2333 88.46 34.83 11.57 16.49 14.46
2334 88.71 32.46 11.04 14.50 14.96
2335 88.67 41.40 12.13 17.93 14.76
2336 88.67 49.37 10.07 19.14 11.93
2337 88.77 68.62 30.92 16.73 11.98
2338 88.86 51.06 10.48 17.70 12.91
2339 88.89 55.64 13.48 17.74 13.03
2340 88.56 59.52 12.67 17.83 17.83
2341 88.77 26.15 9.48 16.55 9.76
2342 88.71 36.95 10.29 16.41 11.47
2343 89.09 39.22 10.66 17.31 12.45
2344 88.93 46.58 11.11 17.67 12.97
2345 88.92 57.45 12.53 17.85 13.06
2346 89.27 64.20 18.07 16.58 13.77
2347 89.24 44.04 10.86 18.07 11.76
2348 89.15 47.73 13.86 19.14 12.14
2349 89.23 59.67 13.67 18.21 11.92
2350 89.39 35.53 10.50 20.41 12.22
2351 89.23 27.24 9.49 22.59 11.24
2352 89.18 34.05 9.85 19.65 13.85
2353 89.28 62.21 16.49 18.05 13.10
2354 89.36 29.05 10.72 18.94 12.53
2355 89.72 48.38 11.18 21.22 11.69
2356 89.58 66.89 25.00 17.37 11.60
2357 89.43 30.32 9.83 16.79 13.12
2358 89.70 31.80 9.17 17.52 12.48
2359 89.57 51.19 10.86 14.59 12.27
2360 89.64 49.84 12.33 19.17 12.11
2361 89.86 33.77 10.23 19.43 11.55
2362 89.93 45.85 10.41 18.41 11.91
2363 90.06 55.46 11.78 16.75 12.67
2364 89.99 58.60 12.75 18.36 11.47
2365 90.03 43.10 10.87 21.52 13.06
2366 90.07 28.38 8.62 25.79 10.90
2367 89.91 37.19 10.76 19.42 11.16
2368 90.12 26.85 7.84 29.75 9.72
2369 90.09 53.05 10.76 17.40 11.11
2370 90.13 68.29 22.61 14.24 11.68
2371 90.23 40.90 10.39 22.82 12.61
2372 90.28 30.07 10.31 21.98 10.20
2373 90.53 65.97 16.00 15.57 9.36
2374 90.43 35.87 9.67 22.70 12.88
2375 90.76 49.42 9.81 23.78 12.03
2376 91.08 38.06 10.18 31.77 12.08
2377 90.59 57.34 11.27 17.54 12.78
2378 90.52 59.82 10.80 18.00 12.70
2379 90.69 31.42 9.14 20.31 11.69
2380 90.60 43.67 8.50 20.75 10.88
2381 90.86 34.96 10.78 23.48 10.30
2382 90.88 41.85 10.02 26.94 11.47
2383 90.90 45.85 10.40 26.19 11.10
2384 91.07 47.89 10.30 28.31 12.39
2385 91.03 52.52 9.22 16.18 10.19
2386 90.99 54.99 10.65 17.18 10.70
2387 91.19 64.16 12.71 15.79 10.83
2388 91.10 59.42 10.15 16.96 11.45
2389 91.10 61.30 10.42 15.36 12.31
2390 91.30 56.73 11.21 17.19 11.42
2391 91.85 44.07 10.26 32.95 11.51
2392 91.48 30.38 8.61 20.29 10.10
2393 91.79 40.87 8.76 30.34 12.07
2394 92.07 50.00 9.58 22.00 11.09
2395 92.10 62.37 9.66 14.33 10.34
2396 92.12 34.71 9.33 31.35 11.46
2397 91.85 59.92 9.18 15.95 10.45
2398 92.19 52.33 8.81 18.01 9.98
2399 92.15 57.08 8.80 16.17 8.80
2400 92.32 38.44 10.03 34.98 11.89
2401 92.34 29.14 7.73 18.39 8.94
2402 92.40 47.39 9.62 20.32 10.82
2403 92.57 41.05 9.43 29.51 10.51
2404 92.85 56.24 9.36 15.52 9.84
2405 93.12 31.32 7.55 27.77 8.84
2406 92.91 43.05 8.76 23.09 11.18
2407 93.33 33.64 8.23 30.56 9.16
2408 93.21 45.71 9.60 26.46 10.84
2409 93.05 54.41 8.84 17.13 10.64
2410 92.99 51.84 9.00 17.31 11.62
2411 93.06 62.09 8.94 14.34 10.34
2412 93.42 48.60 8.73 18.13 8.73
2413 93.52 36.67 8.42 34.30 10.24
2414 93.23 58.72 8.72 15.62 10.67
2415 93.58 40.08 8.73 35.16 10.18
2416 93.48 50.90 8.77 19.87 9.13
2417 93.61 43.52 9.22 20.61 10.44
2418 93.79 54.79 9.00 16.90 10.90
2419 94.28 41.47 9.86 28.37 11.18
2420 93.98 45.36 8.71 27.29 10.90
2421 94.15 53.12 9.61 20.17 9.00
2422 94.10 58.50 8.65 16.77 10.35
2423 94.05 46.87 8.53 16.47 12.94
2424 94.23 51.80 8.63 21.63 9.24
2425 94.68 49.80 8.15 17.77 9.91
2426 94.98 37.95 8.48 29.19 10.05
2427 94.78 45.09 9.10 25.53 9.64
2428 94.37 55.27 8.77 16.00 9.25
2429 94.63 34.53 7.04 20.46 9.11
2430 94.54 47.78 8.83 15.14 8.80
2431 94.79 42.51 9.10 28.98 10.31
2432 94.93 59.57 7.42 16.74 9.26
2433 94.82 54.27 8.94 17.67 10.61
2434 95.01 47.03 8.30 19.60 10.50
2435 95.45 52.70 8.16 19.62 8.62
2436 95.42 40.25 8.60 28.47 9.44
2437 95.49 54.64 8.44 16.73 10.22
2438 95.81 47.88 8.02 20.91 9.75
2439 95.82 42.50 8.97 27.61 10.08
2440 96.44 50.42 8.18 22.79 9.46
2441 96.18 56.85 6.45 17.31 8.53
2442 96.27 40.71 9.14 25.45 10.93
2443 96.40 53.92 8.17 19.72 8.83
2444 96.36 46.09 6.72 23.76 7.88
2445 96.41 43.21 9.57 26.95 9.29
2446 96.46 52.56 7.17 20.54 8.11
2447 96.71 55.41 6.82 17.92 9.35
2448 96.73 44.88 8.20 25.13 9.33
2449 96.80 39.32 7.29 25.90 8.96
2450 97.08 47.17 7.98 19.40 10.23
2451 97.37 53.19 6.65 14.90 8.74
2452 97.69 45.02 7.01 22.48 9.08

