#<Embryo name> <Cleavage cycle> <Temporal class> <Genes>
ra6 14A 8 even-skipped Kruppel giant

#Quantitative data
#<Nucleus number> <A-P coordinate> <D-V coordinate> <Fluorescence intensity: channel 1 - eve, channel 2 - Kr, channel 3 - gt>
0 2.06 47.48 10.83 7.37 4.53
1 2.34 43.57 11.01 7.71 17.51
2 1.90 49.71 10.17 6.29 4.17
3 2.68 49.85 11.34 7.86 3.79
4 2.69 51.23 11.78 5.82 4.15
5 2.79 41.20 10.02 7.57 11.84
6 3.08 46.80 13.05 9.34 10.20
7 3.16 53.21 11.61 5.76 4.03
8 3.22 48.23 12.08 6.35 5.46
9 3.58 50.28 11.18 6.04 6.49
10 3.68 52.38 11.89 6.44 5.30
11 3.88 43.95 11.58 8.63 19.98
12 4.10 38.66 10.92 9.40 20.51
13 4.38 46.71 11.42 9.12 19.71
14 4.02 55.53 13.15 6.50 4.18
15 4.59 41.35 12.34 10.52 29.94
16 4.44 49.69 13.34 8.42 8.95
17 4.64 52.70 13.56 10.16 7.58
18 4.79 55.88 12.70 11.89 3.63
19 5.39 44.29 12.15 12.02 29.62
20 5.58 37.25 11.05 9.94 27.68
21 5.67 47.14 11.74 12.85 27.52
22 5.79 49.79 12.23 10.80 18.45
23 5.85 53.89 13.01 11.96 4.64
24 5.99 40.29 11.66 12.57 32.04
25 6.07 57.42 13.28 10.78 3.60
26 5.92 59.65 12.32 6.16 3.32
27 6.81 44.96 13.86 14.65 31.26
28 6.41 34.85 11.95 13.52 27.06
29 7.04 42.44 13.99 18.96 30.88
30 7.01 60.25 13.07 8.10 3.15
31 7.22 39.16 12.97 14.08 26.40
32 6.78 54.24 14.47 8.32 5.89
33 7.54 36.64 12.15 15.71 24.61
34 7.47 49.59 13.07 12.05 22.44
35 7.09 34.67 12.19 14.11 22.98
36 7.30 55.12 14.31 11.69 5.79
37 7.55 46.56 14.47 15.87 23.25
38 7.58 62.35 12.36 5.79 3.30
39 7.64 32.94 14.00 15.85 17.35
40 7.86 58.95 13.12 8.06 4.85
41 8.26 52.55 13.07 13.28 15.64
42 7.71 60.81 15.00 6.25 4.00
43 8.06 47.34 12.88 16.24 20.00
44 7.89 54.94 14.80 7.73 5.93
45 7.96 56.91 13.65 10.47 3.86
46 8.21 34.04 12.33 15.07 14.03
47 8.48 41.77 13.06 21.54 27.34
48 8.72 44.38 14.36 20.26 18.76
49 8.21 64.14 11.29 7.07 2.39
50 8.31 60.99 12.51 8.18 2.79
51 8.25 57.94 18.38 7.88 4.12
52 8.69 38.99 14.53 23.48 15.02
53 8.83 55.79 13.20 12.87 5.02
54 9.02 36.17 14.94 19.62 9.24
55 9.03 58.00 12.91 9.92 4.05
56 9.23 50.18 14.20 14.61 13.45
57 9.23 47.19 14.05 17.59 14.63
58 9.02 63.68 13.17 6.42 2.96
59 9.33 33.09 13.02 18.51 7.31
60 9.03 49.07 16.67 14.17 12.50
61 9.27 61.99 13.57 8.52 4.43
62 9.55 53.70 14.20 22.55 9.86
63 9.57 31.83 13.08 19.13 5.82
64 9.36 60.23 14.62 9.00 3.25
65 9.80 40.87 15.51 23.77 8.54
66 10.07 38.00 15.53 25.71 7.83
67 9.93 64.49 11.86 6.12 3.82
68 10.00 60.64 14.38 12.10 4.60
69 10.27 35.28 14.41 20.51 7.19
70 10.38 45.72 14.50 19.13 7.60
71 10.36 43.28 15.08 22.99 7.02
72 9.97 57.31 14.70 14.05 5.57
73 10.14 58.82 13.58 10.04 4.94
74 10.49 51.46 15.11 23.88 7.10
75 10.28 55.87 14.48 12.51 5.22
76 10.59 48.63 15.24 21.50 7.84
77 10.74 32.86 14.35 25.84 6.14
78 10.61 29.83 12.06 19.50 5.52
79 10.49 61.96 13.53 8.47 5.24
80 10.72 67.71 12.84 6.16 5.70
81 11.14 62.40 13.63 12.10 4.96
82 10.68 57.76 14.69 10.80 4.94
83 10.65 59.66 15.23 7.77 4.85
84 10.64 42.26 14.00 23.18 6.36
85 11.04 39.95 15.19 25.21 7.13
86 11.06 54.58 14.84 16.67 5.26
87 10.71 60.91 0.00 0.00 0.00
88 11.20 60.09 13.57 12.90 5.94
89 11.14 66.63 12.87 6.97 4.10
90 11.58 37.33 14.98 29.68 7.10
91 11.91 41.91 15.82 30.75 7.18
92 12.00 44.49 15.86 28.97 7.18
93 11.73 47.26 14.54 34.60 8.32
94 11.70 64.72 14.36 8.60 9.04
95 11.94 34.64 14.83 26.58 7.19
96 11.92 52.79 14.19 18.88 6.25
97 11.79 57.65 14.56 14.87 6.05
98 12.05 68.15 12.63 7.08 17.11
99 12.19 50.05 15.88 24.57 6.83
100 11.83 60.69 14.28 11.03 5.88
101 12.12 31.18 14.81 24.49 6.27
102 12.01 62.47 15.11 7.30 6.67
103 12.29 63.84 15.28 11.90 9.48
104 12.57 55.57 15.36 16.33 6.63
105 12.19 65.62 14.82 9.53 7.82
106 12.86 39.34 14.81 28.10 8.30
107 12.48 46.46 15.73 32.70 6.52
108 12.89 58.94 14.82 17.87 6.91
109 13.05 36.30 15.84 28.06 8.49
110 12.98 27.58 12.72 19.91 5.99
111 12.71 62.34 15.61 10.12 8.51
112 13.25 65.49 13.29 9.89 24.32
113 13.32 33.28 15.26 30.57 8.42
114 13.41 48.04 16.42 33.70 9.32
115 13.18 61.57 15.15 10.88 9.07
116 13.39 52.28 15.26 22.25 8.75
117 13.36 42.42 15.78 31.05 8.69
118 13.48 30.16 13.40 22.59 7.25
119 13.80 45.44 16.51 34.40 10.50
120 13.46 62.74 15.36 12.64 9.00
121 13.98 55.00 16.06 21.06 8.71
122 14.10 68.51 13.82 7.10 28.33
123 13.99 57.64 17.02 17.98 9.60
124 14.10 49.80 17.27 33.46 11.76
125 14.33 37.73 16.22 34.50 11.07
126 13.94 62.92 14.35 7.27 7.73
127 14.34 71.88 12.68 6.40 24.31
128 14.47 40.25 16.96 37.50 11.27
129 14.39 26.56 12.33 19.37 6.68
130 14.32 60.52 16.80 13.11 8.67
131 14.39 35.04 15.30 30.29 13.12
132 14.74 23.41 9.98 16.79 6.47
133 14.62 28.19 13.28 24.55 8.86
134 14.74 32.38 15.37 34.69 10.57
135 14.83 43.19 17.49 38.61 14.87
136 14.57 51.01 15.70 28.62 9.94
137 14.47 65.28 13.50 9.78 21.80
138 15.09 30.08 14.24 30.06 10.03
139 14.97 62.71 14.72 11.04 14.94
140 14.84 25.09 11.96 18.22 6.25
141 15.15 47.97 17.86 35.73 16.72
142 15.29 53.74 17.21 22.77 13.10
143 15.00 66.03 15.46 9.34 20.51
144 15.48 56.69 17.24 18.58 12.12
145 15.21 35.29 14.78 30.71 10.98
146 15.61 45.67 18.12 31.99 24.68
147 15.25 60.43 17.41 14.09 12.55
148 15.44 68.07 16.74 8.09 19.66
149 15.73 50.76 17.93 32.23 20.76
150 15.90 70.58 16.35 7.25 26.72
151 15.60 37.72 14.25 30.65 18.20
152 15.76 40.68 17.35 34.57 23.38
153 16.04 27.27 13.91 28.63 11.09
154 15.72 59.79 18.00 13.12 10.12
155 16.11 24.31 13.04 20.16 11.88
156 16.19 65.67 16.74 8.71 23.48
157 16.19 73.83 13.60 6.42 25.70
158 16.11 32.95 15.09 36.55 16.79
159 16.16 36.50 16.42 36.85 19.44
160 16.18 43.34 16.98 26.62 49.61
161 16.02 61.01 19.06 9.94 13.65
162 16.47 30.14 15.55 27.07 15.81
163 16.72 48.57 19.78 28.69 44.39
164 16.79 52.21 18.06 27.57 33.33
165 16.76 55.17 18.73 24.91 19.62
166 16.50 58.66 17.70 13.68 15.57
167 16.82 38.71 16.75 33.94 39.88
168 16.74 61.03 17.65 11.44 13.77
169 16.97 68.47 14.92 8.75 22.10
170 16.83 43.91 18.92 30.35 54.60
171 17.08 34.62 18.02 38.68 33.97
172 17.14 22.37 12.99 20.20 21.36
173 17.20 41.14 17.25 27.18 73.38
174 17.27 46.03 17.85 24.08 77.76
175 17.29 71.66 15.21 7.35 22.03
176 17.11 63.50 17.23 10.72 13.56
177 17.21 74.65 14.25 6.79 18.59
178 17.17 57.90 15.54 16.20 17.07
179 17.88 37.11 16.56 29.31 79.78
180 17.58 30.97 15.49 22.95 33.73
181 17.57 28.46 16.25 24.75 24.47
182 17.45 32.40 16.89 25.05 28.05
183 17.80 65.71 16.97 9.60 19.91
184 17.65 25.11 13.87 22.18 20.24
185 17.91 50.31 17.36 24.55 62.95
186 17.74 75.51 14.67 6.22 13.66
187 18.15 43.05 17.09 23.54 104.06
188 18.15 53.46 18.20 20.64 50.14
189 18.09 56.49 18.10 18.59 29.43
190 18.06 60.06 18.03 13.11 19.10
191 18.55 47.91 19.35 23.08 102.99
192 18.14 69.50 16.24 8.12 14.67
193 18.42 20.51 11.87 15.75 39.40
194 18.53 39.87 17.40 18.36 106.18
195 18.50 34.84 16.25 25.29 72.82
196 18.30 63.64 20.12 10.10 15.10
197 18.69 23.98 13.69 17.46 42.91
198 18.74 72.87 15.05 7.53 23.67
199 18.88 26.52 15.30 18.45 53.80
200 18.87 29.11 17.09 20.75 63.94
201 18.80 45.19 18.10 20.53 108.26
202 18.83 31.98 16.05 21.62 70.99
203 18.62 67.64 16.66 8.73 18.36
204 18.70 75.75 15.23 6.94 14.33
205 19.15 58.21 18.12 14.25 30.75
206 19.03 64.70 18.24 11.44 22.48
207 19.22 51.38 18.21 16.83 73.03
208 19.41 61.24 17.41 11.27 23.75
209 19.22 66.93 17.45 9.42 16.52
210 19.48 54.82 18.18 15.31 52.16
211 19.39 78.00 15.18 6.99 10.78
212 19.66 38.68 17.68 17.33 124.15
213 19.64 42.12 16.36 19.05 121.51
214 19.38 69.50 18.32 8.11 15.02
215 19.45 21.09 13.61 13.61 71.78
216 19.49 63.72 17.25 10.09 21.42
217 19.91 36.10 16.96 19.08 110.37
218 19.29 76.00 0.00 0.00 0.00
219 19.81 22.16 14.06 14.54 79.89
220 20.03 33.49 17.74 20.17 117.42
221 20.07 48.90 18.86 17.15 121.28
222 19.37 75.91 0.00 0.00 0.00
223 20.04 46.15 18.43 16.85 114.92
224 19.82 75.31 17.00 6.95 12.29
225 20.26 19.12 11.97 11.97 82.19
226 19.85 70.77 17.51 7.60 14.96
227 20.07 24.60 14.78 13.66 92.33
228 20.16 65.55 17.46 10.51 18.03
229 20.16 30.25 16.49 16.63 99.56
230 20.10 73.25 17.77 7.92 13.92
231 19.89 78.27 16.18 6.18 10.55
232 20.51 27.44 16.95 16.00 96.51
233 20.37 57.24 19.29 15.65 50.05
234 20.50 52.24 19.06 17.10 91.55
235 20.75 59.87 18.68 13.16 34.32
236 20.71 43.93 19.72 16.46 124.55
237 20.62 62.73 18.22 10.56 25.12
238 20.43 68.67 18.93 9.95 17.13
239 20.58 71.73 18.29 8.98 15.86
240 20.97 40.63 18.45 17.40 149.31
241 20.97 54.86 18.33 14.47 59.12
242 20.72 75.18 18.57 7.66 12.09
243 21.20 77.65 16.29 7.02 16.57
244 21.04 37.68 18.90 19.12 147.91
245 20.66 66.53 17.79 9.57 10.64
246 21.04 21.82 13.73 12.82 97.15
247 21.25 32.19 17.17 16.43 128.14
248 21.29 70.34 19.39 9.18 19.04
249 21.31 49.84 19.80 17.25 110.81
250 21.52 35.05 17.38 16.74 129.30
251 21.55 67.56 18.41 9.90 21.98
252 21.24 73.84 19.09 7.83 14.46
253 21.42 47.65 19.93 16.37 120.55
254 21.54 24.52 14.51 14.59 104.46
255 21.60 64.91 18.41 10.72 22.94
256 21.66 29.57 17.75 15.14 122.31
257 21.45 75.64 19.30 8.28 15.13
258 21.60 18.33 13.34 11.52 88.34
259 21.70 46.49 20.57 14.57 118.73
260 21.75 57.90 19.18 13.34 48.04
261 21.94 52.47 20.63 16.89 83.65
262 21.85 62.13 20.60 12.98 35.82
263 22.03 72.45 17.59 8.47 17.43
264 21.97 43.38 19.79 16.81 135.69
265 22.19 27.23 16.43 14.64 119.96
266 21.68 81.18 14.50 7.06 9.07
267 21.99 19.86 13.10 13.22 92.28
268 22.22 55.40 21.48 14.17 55.85
269 22.28 38.25 18.37 16.47 141.09
270 22.48 41.00 19.30 17.11 153.77
271 22.32 80.13 15.76 6.69 10.43
272 22.76 59.62 20.93 13.85 42.82
273 22.45 75.16 17.62 8.42 17.61
274 22.66 78.34 17.53 7.38 16.44
275 22.74 16.57 10.54 9.90 58.49
276 22.85 22.12 14.42 12.64 94.23
277 22.60 32.26 18.07 15.56 140.12
278 22.78 45.05 20.96 16.79 129.03
279 22.63 69.94 18.06 9.66 24.02
280 22.61 49.92 21.97 15.98 112.69
281 22.52 76.79 17.78 7.88 17.10
282 22.93 35.13 19.32 16.14 156.48
283 22.93 64.51 20.89 11.09 32.12
284 22.93 67.25 20.86 10.67 27.69
285 23.02 24.96 15.62 14.29 105.19
286 23.16 47.36 21.32 16.92 121.87
287 22.75 72.86 22.06 7.31 15.62
288 23.14 19.19 13.75 12.83 81.79
289 23.31 54.08 20.08 15.48 65.94
290 23.24 57.07 19.62 14.23 44.78
291 23.34 29.59 17.06 15.42 118.41
292 23.25 61.87 21.22 13.32 40.09
293 23.42 74.18 18.88 8.46 20.54
294 23.68 51.81 21.78 16.65 78.06
295 23.54 37.52 19.58 16.82 127.87
296 23.61 71.74 20.25 9.68 24.67
297 23.81 40.16 19.18 16.10 127.63
298 23.89 42.69 21.17 17.70 118.45
299 23.89 27.17 17.83 15.02 94.44
300 23.94 77.43 20.46 8.06 19.59
301 23.68 81.40 16.45 5.89 13.40
302 23.97 49.43 21.57 16.11 86.77
303 23.99 69.08 19.61 11.16 31.10
304 24.01 32.38 17.19 16.56 116.69
305 23.90 79.81 17.53 7.77 15.66
306 23.87 20.69 14.48 13.45 83.91
307 24.23 45.15 21.73 17.29 104.79
308 24.16 66.35 20.57 10.68 35.14
309 24.34 58.30 22.38 14.82 52.69
310 24.16 15.35 11.15 10.04 59.40
311 24.46 17.96 14.42 12.27 75.34
312 24.36 24.28 15.87 14.03 84.23
313 24.33 60.78 22.62 12.87 45.17
314 24.29 63.73 20.79 12.85 40.13
315 24.49 35.08 18.90 15.44 128.33
316 24.49 55.60 22.24 16.59 60.87
317 24.71 21.34 14.77 12.99 77.30
318 24.60 75.24 20.12 9.12 25.93
319 24.72 72.63 20.87 9.51 31.56
320 24.90 47.33 21.59 16.00 84.45
321 24.79 29.88 17.85 16.61 100.49
322 24.78 80.88 18.22 7.17 23.25
323 24.87 53.06 20.96 15.93 58.93
324 24.84 38.36 19.73 17.80 112.64
325 25.16 70.38 21.84 11.16 35.56
326 25.23 50.19 21.47 16.73 74.47
327 25.24 67.91 21.21 11.14 35.90
328 25.30 41.47 20.96 16.95 85.46
329 25.34 27.15 16.51 14.80 86.43
330 25.33 77.09 22.93 9.37 30.01
331 25.52 32.53 19.28 16.05 104.26
332 25.51 44.58 21.58 16.80 84.07
333 25.40 65.16 23.01 12.28 41.75
334 25.50 62.39 23.29 13.84 46.61
335 25.53 57.01 23.00 13.66 56.93
336 25.53 59.72 22.99 13.69 49.16
337 25.73 24.22 16.12 14.55 75.26
338 25.74 36.36 20.17 16.63 106.78
339 25.86 15.87 12.96 10.74 55.22
340 25.88 18.79 13.68 11.89 57.63
341 25.86 54.44 23.85 16.15 59.23
342 25.90 79.17 22.49 8.18 33.20
343 25.81 73.75 23.08 10.01 37.56
344 26.06 81.75 24.27 7.81 37.86
345 26.11 39.25 21.70 17.87 91.22
346 26.17 21.75 14.95 12.81 72.04
347 26.19 29.58 18.00 17.12 79.70
348 26.15 51.72 22.58 16.11 61.85
349 26.10 47.89 23.11 17.46 65.40
350 26.37 69.14 26.28 10.81 40.63
351 26.47 43.13 22.99 17.65 80.52
352 26.41 66.61 26.27 12.83 50.97
353 26.47 71.25 29.37 11.71 51.36
354 26.55 34.29 20.03 17.43 93.69
355 26.48 76.09 29.74 9.75 45.77
356 26.64 83.81 23.16 6.73 41.68
357 26.62 63.67 26.20 14.46 53.88
358 26.64 58.42 26.14 15.36 58.23
359 26.64 61.00 26.62 13.90 56.56
360 26.69 26.78 17.05 16.14 64.61
361 26.82 45.78 23.27 17.77 74.57
362 26.82 55.81 24.76 16.89 61.10
363 26.99 31.76 19.75 16.76 86.08
364 26.95 40.99 21.51 18.57 71.21
365 26.80 50.08 22.81 17.72 50.38
366 27.04 36.89 20.72 17.04 82.54
367 26.98 73.34 41.61 10.91 59.61
368 27.12 52.96 25.32 16.65 64.58
369 27.05 78.59 30.91 9.15 49.61
370 27.21 24.14 17.19 14.50 63.48
371 27.17 20.10 15.16 12.10 57.72
372 27.39 48.19 24.50 16.71 68.67
373 27.52 67.60 44.86 12.67 73.31
374 27.40 16.73 14.73 11.34 50.81
375 27.57 29.14 18.88 15.69 68.71
376 27.50 65.02 37.52 14.25 62.22
377 27.51 81.00 37.69 8.28 57.65
378 27.73 38.91 22.75 17.43 81.91
379 27.67 43.82 24.79 18.71 74.93
380 27.65 69.73 70.45 11.86 70.22
381 27.75 59.94 29.88 15.86 61.56
382 27.65 13.65 14.15 10.50 52.73
383 27.74 62.54 33.72 14.01 61.56
384 27.88 57.37 28.00 15.13 61.86
385 27.86 75.35 130.41 10.34 54.54
386 27.85 34.27 20.19 16.74 67.34
387 28.00 26.80 18.48 15.28 66.97
388 27.96 50.76 26.37 17.44 69.26
389 27.92 54.86 27.98 16.20 66.20
390 28.11 71.92 170.99 12.53 58.95
391 28.09 21.73 17.56 13.32 59.45
392 28.17 41.16 25.79 19.41 77.52
393 28.19 46.06 26.08 18.63 67.50
394 28.33 82.86 115.32 7.91 60.52
395 28.26 31.17 20.28 17.86 69.80
396 28.07 78.30 69.69 9.38 72.55
397 28.42 36.80 22.74 17.68 78.79
398 28.53 19.14 17.93 12.73 60.59
399 28.49 52.88 31.75 17.49 71.55
400 28.63 65.48 175.20 14.45 65.45
401 28.42 16.02 16.14 11.99 56.73
402 28.59 24.27 17.80 14.67 59.97
403 28.70 85.80 69.30 7.96 76.75
404 28.54 48.61 27.41 18.72 73.93
405 28.75 12.40 14.31 9.84 50.95
406 28.86 67.92 198.59 13.47 80.83
407 28.84 43.13 24.55 17.38 72.67
408 28.60 61.12 39.32 15.18 70.77
409 28.89 58.46 43.08 16.40 79.85
410 28.93 33.09 20.77 18.44 74.54
411 28.95 79.59 109.22 9.21 70.78
412 29.08 29.00 21.24 15.96 70.95
413 28.92 55.82 33.99 16.23 81.62
414 29.12 63.16 196.37 14.60 78.00
415 29.13 38.88 25.45 17.96 75.87
416 29.16 35.29 22.82 17.97 71.12
417 29.15 73.73 213.28 11.78 88.31
418 29.22 76.64 160.34 11.00 88.70
419 29.27 70.39 216.32 12.71 89.21
420 29.28 45.22 26.14 17.44 70.42
421 29.23 26.66 21.28 15.00 68.17
422 29.59 17.57 20.18 13.01 63.82
423 29.40 50.61 31.22 17.29 73.72
424 29.35 22.03 20.93 14.17 64.65
425 29.55 41.10 25.38 18.23 77.89
426 29.65 31.20 22.03 16.42 67.41
427 29.67 47.39 30.53 17.63 82.67
428 29.67 52.82 37.40 18.72 92.57
429 29.69 60.23 191.50 17.07 91.68
430 29.63 87.03 60.28 7.52 81.34
431 29.84 14.81 18.86 10.94 63.83
432 29.65 81.60 96.69 9.51 87.10
433 29.94 54.84 47.92 17.69 96.10
434 30.02 24.83 22.25 14.26 71.72
435 30.05 36.86 26.44 17.08 77.80
436 30.11 20.09 28.79 13.34 76.92
437 29.93 57.40 81.22 17.70 106.40
438 30.09 65.41 225.73 15.33 103.82
439 30.14 43.60 30.89 17.67 76.82
440 30.17 68.11 211.74 14.19 94.92
441 30.12 34.02 25.93 17.58 74.71
442 30.20 72.27 192.37 13.03 101.44
443 30.16 84.60 46.36 7.35 89.50
444 30.32 12.04 30.33 10.25 69.88
445 30.29 78.50 127.60 11.05 104.17
446 30.35 27.45 25.40 16.23 80.17
447 30.44 74.75 175.14 12.57 111.75
448 30.28 39.12 29.38 18.99 82.38
449 30.36 49.24 36.41 18.41 89.32
450 30.49 29.65 23.88 16.59 71.25
451 30.43 62.60 227.29 16.74 105.64
452 30.61 45.89 34.78 18.82 91.50
453 30.63 22.80 32.54 15.05 83.73
454 30.84 82.00 52.45 9.64 100.37
455 30.77 41.51 31.40 16.91 91.99
456 30.92 55.34 187.86 18.99 113.98
457 30.65 52.06 60.33 18.85 105.79
458 30.83 70.02 152.12 14.04 115.39
459 30.87 32.21 29.80 16.02 86.80
460 30.77 59.88 231.44 17.52 120.79
461 30.79 9.88 67.11 9.63 67.22
462 31.22 57.91 216.95 18.56 117.12
463 31.03 17.81 38.18 12.65 82.10
464 31.16 14.56 50.16 13.55 90.26
465 31.17 87.71 32.79 8.38 82.99
466 31.16 34.93 31.83 18.23 99.80
467 31.24 66.94 133.17 14.64 118.06
468 31.26 47.70 50.32 19.32 104.45
469 31.31 37.17 35.57 18.58 103.10
470 31.34 76.37 94.35 12.10 111.21
471 31.21 50.30 82.22 18.54 121.67
472 31.29 63.88 192.67 17.00 122.28
473 31.30 25.73 37.05 15.83 90.34
474 31.40 20.37 100.95 14.56 92.78
475 31.26 39.44 41.25 19.09 104.46
476 31.47 43.53 57.41 19.63 103.13
477 31.42 72.42 115.83 14.91 125.03
478 31.46 28.20 43.11 16.95 100.83
479 31.39 85.46 32.80 9.02 78.00
480 31.61 79.01 55.49 11.33 91.74
481 31.56 10.38 92.84 11.27 72.97
482 31.71 53.37 226.69 17.86 129.02
483 31.73 30.74 44.47 16.89 106.17
484 31.64 23.33 102.61 15.02 105.44
485 31.71 61.11 208.30 17.38 128.96
486 31.71 12.68 107.11 11.96 97.19
487 31.86 45.56 71.09 19.97 119.96
488 31.94 84.18 30.32 8.97 73.95
489 32.01 41.22 152.93 19.21 108.63
490 31.94 69.61 77.95 15.17 132.08
491 32.22 51.76 229.33 20.28 136.19
492 32.01 33.30 60.18 18.55 123.71
493 31.97 55.87 220.37 20.22 152.50
494 31.85 66.02 84.21 15.83 143.62
495 32.17 74.40 63.35 13.38 115.89
496 32.25 49.34 208.05 21.05 119.65
497 31.91 81.61 29.77 10.42 79.50
498 32.41 19.05 164.23 15.08 120.65
499 32.21 35.51 97.06 20.08 129.86
500 32.20 38.65 79.54 18.43 142.15
501 32.28 65.22 107.61 16.68 142.59
502 32.37 15.38 145.74 13.34 109.49
503 32.42 58.64 216.46 20.68 171.32
504 32.60 21.76 163.61 15.85 114.95
505 32.39 82.49 26.80 9.22 66.13
506 32.56 26.60 187.83 17.44 129.51
507 32.49 87.95 26.11 9.65 59.09
508 32.69 47.10 214.72 20.50 140.30
509 32.53 62.93 123.62 17.83 156.01
510 32.70 67.59 47.20 16.82 120.97
511 32.46 12.81 128.16 12.98 98.70
512 32.77 29.10 208.74 18.36 138.73
513 32.74 24.27 189.89 16.89 134.96
514 32.71 71.80 45.38 14.69 117.05
515 32.73 43.38 207.29 19.99 142.80
516 32.65 80.46 35.74 12.81 90.23
517 32.88 76.80 39.95 12.74 91.54
518 32.63 10.27 123.49 10.61 102.96
519 32.69 78.96 40.33 11.96 94.24
520 32.89 60.86 132.17 20.27 169.48
521 32.96 31.75 198.95 19.28 122.47
522 32.91 54.04 204.22 20.06 167.90
523 33.20 37.02 207.17 19.82 144.15
524 32.90 56.34 200.76 18.96 167.14
525 33.29 39.59 226.98 20.83 166.81
526 32.91 85.13 25.68 9.92 60.56
527 33.34 34.56 206.16 19.14 145.75
528 33.26 45.24 223.96 20.58 151.75
529 33.20 11.05 126.37 12.53 104.21
530 33.46 69.43 38.34 16.03 114.38
531 33.29 73.73 35.88 14.04 109.00
532 33.47 49.26 234.02 21.92 182.05
533 33.41 64.76 58.63 17.39 141.78
534 33.66 90.44 51.35 10.01 23.01
535 33.47 52.01 217.35 21.81 184.59
536 33.31 12.40 125.25 11.56 113.50
537 33.66 41.80 226.73 21.19 176.18
538 33.42 82.65 24.26 10.84 54.79
539 33.63 14.20 102.54 13.44 119.99
540 33.61 17.43 127.92 13.27 130.02
541 33.73 59.14 101.74 18.93 165.11
542 33.57 84.99 28.12 10.58 49.90
543 33.75 20.20 169.80 16.59 154.54
544 33.68 74.61 31.15 13.95 99.92
545 33.90 23.13 162.08 17.36 154.89
546 33.93 27.77 205.66 18.16 159.47
547 33.95 62.24 54.99 19.27 144.20
548 33.78 56.44 124.51 20.43 191.36
549 34.06 66.85 35.42 16.55 116.49
550 33.93 25.54 160.62 16.86 133.10
551 33.96 78.86 30.27 13.01 72.47
552 34.10 30.26 192.89 18.68 165.19
553 34.25 54.49 113.94 22.99 203.25
554 34.15 71.58 30.85 17.15 103.20
555 34.11 32.69 212.24 21.01 180.01
556 34.09 44.25 206.56 20.74 194.46
557 34.16 46.90 215.71 21.75 196.99
558 34.07 12.44 101.46 13.00 126.14
559 34.38 10.34 67.83 11.38 108.32
560 34.39 76.10 30.60 14.04 76.60
561 34.42 36.64 192.67 20.87 192.54
562 34.35 49.77 141.50 21.09 188.68
563 34.64 16.01 120.05 15.51 145.94
564 34.34 85.68 36.31 12.73 33.98
565 34.45 39.58 225.31 21.86 188.32
566 34.41 52.15 92.24 20.53 192.25
567 34.62 64.58 40.71 18.46 123.92
568 34.58 83.43 29.65 12.24 45.93
569 34.86 73.73 30.92 16.32 83.95
570 34.81 34.42 162.91 21.61 204.01
571 34.84 68.62 32.77 17.58 92.38
572 34.87 80.96 32.70 14.74 58.73
573 34.80 42.60 208.35 22.64 202.41
574 34.86 56.60 60.72 21.40 161.45
575 34.68 57.93 58.06 18.34 144.41
576 34.94 18.84 117.55 16.46 151.55
577 34.99 21.54 106.62 17.20 162.12
578 34.98 87.80 98.38 11.88 22.14
579 35.06 24.17 104.10 18.64 178.90
580 35.11 26.71 116.74 19.06 183.36
581 35.31 13.83 67.54 13.91 138.16
582 35.52 90.85 112.46 12.37 15.66
583 35.25 29.30 136.73 21.08 188.59
584 35.23 31.73 134.68 20.52 193.76
585 35.14 45.45 130.48 23.19 202.05
586 35.22 47.97 136.00 23.77 200.26
587 35.30 50.93 67.83 21.89 184.23
588 35.25 38.28 154.68 21.31 205.37
589 35.48 53.62 52.45 21.33 175.16
590 35.43 62.83 37.14 19.72 122.22
591 35.37 78.23 34.20 15.64 53.81
592 35.29 8.94 33.72 11.26 86.28
593 35.43 71.12 28.28 18.57 76.07
594 35.49 40.76 134.05 23.40 198.49
595 35.58 65.70 32.09 19.27 94.79
596 35.63 36.16 101.05 22.89 200.82
597 35.74 11.25 48.97 13.57 123.61
598 35.83 82.99 83.89 14.04 28.12
599 35.77 75.80 36.30 17.91 58.41
600 35.75 58.53 40.24 22.33 148.54
601 35.70 87.05 123.10 11.26 19.30
602 35.92 8.07 35.67 12.41 90.78
603 35.88 43.79 85.48 23.50 201.64
604 35.87 56.11 41.32 21.48 148.16
605 36.00 17.18 61.23 15.40 147.05
606 36.04 33.39 85.00 21.77 185.70
607 36.02 68.43 29.99 18.66 66.42
608 36.14 21.13 48.72 16.85 128.33
609 36.20 60.70 37.51 21.71 131.41
610 36.18 73.40 33.44 18.16 59.92
611 36.20 27.71 62.54 19.48 169.27
612 36.20 80.39 72.25 15.24 36.08
613 36.24 24.15 57.64 18.78 154.49
614 36.29 48.98 56.31 22.65 178.35
615 36.46 39.25 61.77 21.97 183.60
616 36.45 30.68 59.28 22.48 183.50
617 36.41 46.26 56.62 24.66 186.24
618 36.67 85.65 136.95 15.30 18.12
619 36.54 83.86 126.95 13.53 19.53
620 36.41 52.05 37.07 22.03 143.67
621 36.57 88.30 118.57 14.20 13.68
622 36.58 41.72 51.82 22.82 191.21
623 36.58 63.37 32.19 22.71 98.30
624 36.68 77.85 109.51 16.44 32.18
625 36.90 37.06 52.20 24.60 193.90
626 36.60 54.57 37.92 22.04 136.97
627 36.70 14.75 39.42 14.33 132.69
628 36.63 70.83 37.70 19.62 50.44
629 36.75 66.23 33.24 20.53 66.79
630 36.91 34.93 55.40 23.58 191.91
631 36.78 57.86 35.54 22.86 125.16
632 37.05 12.17 31.79 13.98 118.67
633 36.99 19.14 36.71 17.35 131.88
634 37.00 25.89 41.67 20.06 166.28
635 37.07 7.04 15.10 10.85 58.37
636 37.06 9.42 21.33 13.72 98.95
637 37.18 43.93 42.64 25.19 171.69
638 36.81 51.16 39.12 24.17 151.79
639 37.17 75.33 122.42 19.07 37.68
640 37.63 80.85 164.24 18.63 19.46
641 37.12 68.51 43.13 22.22 53.65
642 37.39 28.40 37.97 21.24 152.89
643 37.17 89.10 108.43 14.50 9.57
644 37.48 21.48 28.46 19.22 132.74
645 37.54 32.86 37.04 22.31 154.81
646 37.37 50.38 37.91 24.01 125.66
647 37.32 60.69 34.49 22.54 93.84
648 37.55 90.88 94.50 18.18 8.28
649 37.57 16.99 27.60 16.08 118.20
650 37.60 48.10 36.51 25.34 117.71
651 37.54 72.87 110.15 19.68 36.42
652 37.48 64.29 40.34 22.36 68.48
653 37.68 23.73 32.31 18.41 135.94
654 37.49 55.77 36.46 25.48 115.75
655 37.50 83.25 128.98 16.19 14.91
656 37.64 52.97 37.47 24.32 113.88
657 37.74 30.48 35.53 22.34 150.02
658 38.04 46.05 37.92 26.73 136.16
659 37.95 70.26 161.43 23.16 32.46
660 37.82 38.61 38.40 26.28 159.88
661 37.82 41.43 37.71 24.77 155.92
662 37.88 58.32 37.28 24.56 102.39
663 37.85 86.61 107.84 18.09 11.58
664 38.01 62.32 41.40 23.42 73.14
665 37.64 84.31 112.08 17.50 11.83
666 38.09 67.30 129.65 23.74 38.93
667 38.10 14.46 24.02 15.94 105.62
668 38.22 77.38 197.55 21.59 21.01
669 38.16 35.78 36.54 26.80 146.71
670 38.34 93.19 46.55 21.33 4.79
671 38.32 8.69 16.67 12.88 69.72
672 38.26 26.41 29.99 20.28 130.76
673 38.27 10.89 21.24 14.02 92.84
674 38.61 12.19 18.61 15.36 85.81
675 38.66 19.14 23.05 18.84 89.58
676 38.54 43.66 37.84 25.71 126.51
677 38.68 75.01 204.17 23.58 20.16
678 38.56 50.57 42.32 30.57 100.30
679 38.53 60.10 45.43 25.30 71.93
680 38.60 65.31 119.05 25.27 40.50
681 38.67 53.66 47.63 27.36 84.35
682 38.47 56.02 45.50 26.09 85.03
683 38.71 89.27 92.64 25.16 7.67
684 38.82 21.59 25.72 19.96 101.40
685 38.91 28.94 29.94 24.32 122.14
686 38.82 39.79 35.57 26.19 114.71
687 39.01 31.26 31.25 23.09 113.17
688 38.86 33.70 32.89 25.39 128.64
689 38.98 85.37 102.50 28.06 10.36
690 38.93 16.66 23.13 18.34 102.08
691 38.95 72.46 198.27 22.93 21.34
692 39.07 24.17 26.23 20.71 109.08
693 38.91 48.07 38.51 29.32 89.82
694 39.21 37.46 35.64 27.73 119.41
695 39.18 62.96 194.90 27.44 37.35
696 39.13 79.29 149.29 23.63 13.71
697 39.16 58.01 106.06 26.93 65.36
698 39.11 81.90 119.70 24.94 12.07
699 39.28 41.86 42.46 28.46 97.14
700 39.23 69.53 211.08 26.38 24.58
701 39.52 14.15 22.92 16.86 73.71
702 39.20 45.69 44.11 26.31 93.00
703 39.64 67.21 209.06 30.22 24.05
704 39.59 51.27 102.77 32.29 63.69
705 39.62 60.80 181.22 29.81 40.88
706 39.48 26.70 31.14 23.83 99.91
707 39.67 35.44 39.99 27.51 100.85
708 39.54 55.88 138.78 28.06 51.10
709 39.68 90.42 73.05 31.78 5.98
710 39.57 10.02 20.05 15.75 65.69
711 39.75 7.40 16.63 14.61 45.66
712 39.89 65.05 207.10 29.53 24.91
713 39.53 92.28 51.82 41.87 5.28
714 39.86 77.32 161.21 29.40 12.89
715 39.80 43.86 67.93 31.23 81.18
716 40.23 53.25 196.55 30.40 37.52
717 40.18 48.31 151.77 31.88 49.48
718 40.05 86.81 85.66 34.26 7.25
719 40.08 19.86 28.42 20.58 72.25
720 40.04 74.50 169.19 32.35 14.75
721 40.12 22.43 30.02 22.87 79.35
722 40.19 17.30 29.48 19.41 66.50
723 40.08 32.87 46.26 28.53 91.50
724 40.34 59.19 218.36 33.81 33.61
725 40.17 71.41 167.77 31.23 16.92
726 40.32 12.07 25.17 16.52 52.98
727 40.33 30.42 42.19 26.34 76.94
728 40.09 39.29 54.59 31.03 81.57
729 40.28 84.02 90.55 31.42 8.12
730 40.36 28.10 38.20 26.00 74.14
731 40.51 45.82 180.98 29.90 44.38
732 40.23 80.66 108.26 35.34 11.03
733 40.11 93.61 29.23 45.61 4.35
734 40.45 25.19 40.19 24.95 76.24
735 40.51 41.41 106.01 31.38 61.77
736 40.51 57.29 215.53 33.88 33.98
737 40.61 68.59 161.89 38.19 16.13
738 40.69 37.12 105.82 30.40 67.81
739 40.73 63.17 200.39 35.64 21.84
740 41.09 55.12 190.00 36.56 26.86
741 41.03 43.53 190.98 34.57 41.81
742 40.85 9.71 52.31 18.11 39.92
743 40.77 14.50 37.70 19.97 56.35
744 40.74 89.81 46.73 56.97 6.58
745 40.84 34.55 127.89 32.26 62.71
746 41.05 6.15 58.53 15.89 24.55
747 40.57 93.69 29.00 44.67 4.17
748 40.73 92.62 36.03 47.67 5.08
749 40.95 50.28 170.83 35.28 31.98
750 41.10 65.96 182.44 36.03 17.63
751 41.14 61.01 192.48 38.50 22.24
752 41.19 72.96 97.82 44.66 13.28
753 41.20 78.12 119.41 45.98 10.26
754 41.12 75.59 115.65 39.08 11.73
755 41.46 39.64 178.14 33.76 41.42
756 41.34 20.84 102.88 24.81 43.94
757 41.27 86.78 50.43 55.88 7.67
758 41.48 32.52 171.91 33.16 46.40
759 41.35 81.19 80.86 62.37 9.10
760 41.63 18.63 108.01 25.55 39.09
761 41.44 23.49 92.28 27.48 49.98
762 41.51 70.50 110.51 48.09 13.52
763 41.65 16.18 114.55 23.65 36.16
764 41.64 25.95 125.74 28.51 49.74
765 41.66 28.22 149.84 30.33 48.09
766 41.47 84.07 57.87 53.46 8.34
767 41.58 94.43 16.34 51.81 3.77
768 41.61 49.31 185.22 40.78 30.81
769 41.54 91.70 29.97 62.41 5.38
770 41.73 11.66 90.63 21.94 29.21
771 41.87 51.93 187.97 43.70 25.37
772 41.75 30.41 190.04 34.58 44.33
773 41.74 47.36 177.68 37.15 27.52
774 41.91 35.37 200.47 37.40 36.06
775 41.95 58.86 153.11 50.55 19.88
776 42.06 37.53 197.05 39.24 30.71
777 41.90 68.14 113.00 53.21 13.75
778 42.05 42.14 190.68 36.62 29.44
779 41.89 56.81 164.59 43.73 22.38
780 42.16 8.45 87.26 20.52 18.69
781 41.99 63.54 165.34 47.55 16.30
782 42.19 44.86 183.63 44.30 27.62
783 42.03 88.70 38.60 67.68 6.64
784 42.27 60.96 168.74 52.14 16.79
785 42.47 14.02 115.83 25.32 21.72
786 42.18 73.85 76.10 58.54 11.53
787 42.32 65.77 148.87 53.51 14.36
788 42.36 76.82 63.86 77.29 9.37
789 42.51 79.13 55.72 75.14 8.89
790 42.45 82.75 42.92 71.83 9.17
791 42.56 21.96 140.83 33.26 25.23
792 42.51 53.90 159.33 52.92 19.75
793 42.38 55.14 155.71 51.12 20.68
794 42.38 92.25 26.53 71.71 4.92
795 42.67 85.52 38.33 71.45 7.61
796 42.84 5.97 69.67 21.51 11.16
797 42.86 24.60 155.66 33.15 25.21
798 42.58 70.19 82.82 69.20 12.69
799 42.87 33.94 180.48 41.64 25.44
800 42.89 49.73 142.70 52.68 20.41
801 42.65 89.73 33.13 67.94 6.25
802 42.93 29.06 163.84 38.88 23.65
803 42.99 31.34 188.03 43.48 25.97
804 43.01 38.86 184.48 50.67 22.70
805 43.19 19.62 131.62 34.70 19.33
806 43.09 26.72 143.47 40.04 22.98
807 42.84 57.33 126.77 54.82 17.51
808 43.17 16.86 123.52 29.84 17.18
809 43.19 41.00 190.40 47.46 22.21
810 43.08 72.21 55.49 89.11 10.49
811 42.95 62.62 115.16 66.35 14.19
812 43.03 67.86 90.20 78.56 12.10
813 43.15 11.26 104.84 30.25 14.07
814 43.20 75.14 47.14 98.65 9.74
815 43.37 36.58 174.69 50.78 20.31
816 43.36 52.60 126.69 71.35 17.04
817 43.27 59.58 116.35 83.23 15.41
818 43.43 45.17 161.59 58.45 20.63
819 43.41 81.32 38.24 88.91 8.67
820 43.50 43.01 135.71 61.63 20.06
821 43.29 47.77 124.09 53.42 18.70
822 43.53 8.41 76.61 27.34 10.82
823 43.35 64.98 88.53 86.62 13.09
824 43.36 85.94 37.33 75.37 7.56
825 43.58 55.28 127.84 82.46 17.11
826 43.77 77.95 40.91 95.98 8.60
827 43.69 88.39 38.56 76.38 7.08
828 43.75 69.93 47.64 108.52 11.11
829 43.76 90.39 50.41 74.31 5.93
830 43.64 91.86 31.12 74.92 5.25
831 43.75 22.61 132.01 42.47 15.06
832 43.89 32.65 156.32 57.32 16.82
833 43.96 14.24 92.87 38.41 10.95
834 43.95 5.45 52.10 33.07 6.24
835 43.90 57.52 115.92 88.72 16.50
836 43.79 62.31 68.26 102.94 13.26
837 44.16 34.95 147.96 67.89 16.48
838 44.10 49.56 94.91 98.39 17.22
839 44.02 67.04 54.17 116.05 12.52
840 44.16 28.00 122.89 49.62 15.09
841 44.13 72.73 37.69 109.25 10.33
842 44.44 30.57 129.71 66.79 14.75
843 44.17 60.02 72.18 109.16 14.49
844 44.39 18.14 98.52 49.07 11.42
845 44.36 25.52 102.41 57.52 14.35
846 44.19 38.93 125.63 79.25 16.61
847 44.31 46.88 111.77 82.14 17.62
848 44.42 83.82 44.76 86.04 8.14
849 44.16 51.28 99.77 87.92 15.88
850 44.36 75.37 40.98 109.91 9.68
851 44.41 64.52 52.86 122.53 13.31
852 44.48 11.45 75.55 43.86 8.82
853 44.36 53.17 99.49 98.01 17.33
854 44.57 86.51 47.64 92.11 7.86
855 44.53 41.72 126.65 86.68 17.67
856 44.46 80.79 44.14 114.90 9.89
857 44.66 20.72 102.79 53.84 12.26
858 44.75 93.26 84.99 80.72 4.66
859 44.67 55.64 70.61 119.40 16.11
860 44.54 7.77 56.18 37.96 7.39
861 44.67 9.28 58.40 42.00 7.51
862 44.54 6.17 49.26 32.22 4.87
863 44.70 44.36 94.80 92.38 16.87
864 44.83 37.25 99.66 97.13 15.76
865 44.84 62.24 42.91 124.46 13.91
866 44.82 23.30 107.43 67.74 12.19
867 44.87 71.03 38.56 131.78 10.73
868 44.94 57.92 57.43 127.30 14.95
869 44.88 68.58 44.01 149.48 12.17
870 44.91 90.34 86.92 90.06 6.12
871 45.04 32.88 82.07 104.89 14.31
872 45.16 50.80 54.29 129.88 16.44
873 45.18 66.10 42.44 155.09 12.57
874 45.23 60.04 44.93 147.62 15.24
875 45.29 78.95 62.77 121.89 9.40
876 45.22 28.95 101.84 90.01 13.34
877 45.25 40.15 72.12 128.77 15.30
878 45.27 34.97 81.25 117.86 14.18
879 45.34 73.46 45.22 143.32 11.03
880 45.27 47.92 55.45 136.68 17.91
881 45.57 27.13 61.36 97.16 11.32
882 45.42 53.44 50.54 143.40 15.11
883 45.49 76.06 51.22 136.41 10.29
884 45.54 6.95 35.12 59.91 6.00
885 45.64 24.86 60.02 100.15 10.25
886 45.60 63.66 42.46 159.74 13.70
887 45.72 87.34 166.39 90.69 7.42
888 45.59 19.09 58.12 80.02 9.55
889 45.56 81.85 101.14 108.49 8.93
890 45.70 96.08 68.20 70.66 3.07
891 45.51 13.07 57.42 79.38 8.10
892 45.66 42.86 57.12 140.09 15.29
893 45.76 31.36 62.64 125.64 13.08
894 45.74 45.37 47.96 148.33 15.84
895 45.76 11.66 37.94 80.96 7.55
896 45.76 56.05 47.29 155.86 15.73
897 45.74 9.64 39.27 77.52 7.26
898 45.79 22.23 56.15 99.06 10.28
899 45.86 69.75 51.26 156.14 11.91
900 45.99 38.61 53.25 152.84 14.68
901 45.99 36.34 58.37 151.66 14.33
902 46.02 84.50 170.28 91.17 8.29
903 46.05 92.98 136.67 87.58 5.30
904 46.03 16.64 39.66 91.20 8.46
905 46.08 67.48 43.90 163.45 12.18
906 46.08 61.28 45.19 170.19 13.15
907 46.20 58.48 46.46 163.74 13.80
908 46.43 33.92 44.62 143.95 13.46
909 46.35 71.75 70.34 162.55 11.04
910 46.11 90.79 146.17 93.11 6.28
911 46.20 49.36 47.10 161.35 16.62
912 46.40 65.21 50.54 178.58 13.94
913 46.13 88.89 162.46 84.09 7.24
914 46.25 52.09 43.58 150.94 15.28
915 46.46 29.14 44.37 138.74 12.30
916 46.44 41.16 45.03 160.91 15.69
917 46.48 14.27 29.96 96.90 8.34
918 46.49 77.15 135.42 145.59 10.10
919 46.56 79.75 185.45 114.70 9.81
920 46.65 46.64 52.38 183.90 16.34
921 46.66 21.05 36.36 115.72 8.86
922 46.62 26.22 36.85 126.37 10.13
923 46.66 73.86 114.59 151.49 10.71
924 46.64 54.22 47.35 168.88 16.00
925 46.69 95.52 87.74 67.15 4.11
926 46.71 7.98 22.15 80.25 5.56
927 46.86 18.53 29.52 114.82 8.83
928 46.82 63.04 56.67 186.38 13.91
929 46.85 43.80 47.44 182.86 15.69
930 47.02 82.43 200.05 102.42 9.08
931 46.93 23.63 33.11 127.92 9.21
932 46.86 31.70 40.89 157.91 12.63
933 46.86 10.65 25.16 96.90 6.22
934 47.06 56.25 68.90 172.91 15.20
935 46.89 90.36 179.29 91.85 6.60
936 47.05 50.89 49.71 182.06 15.13
937 47.05 12.33 26.86 95.06 6.78
938 47.03 36.68 43.53 177.12 13.59
939 47.17 39.17 43.11 181.93 13.44
940 47.12 69.32 165.82 166.62 11.31
941 47.23 87.66 189.09 87.90 7.60
942 47.30 58.74 105.56 201.45 14.36
943 47.12 60.93 79.86 182.20 13.39
944 47.21 66.91 151.35 178.30 11.38
945 47.32 92.93 153.42 89.02 5.20
946 47.40 48.34 66.73 192.29 15.75
947 47.24 94.83 106.90 73.20 4.40
948 47.49 16.02 27.53 125.98 8.25
949 47.61 27.91 39.87 162.99 11.46
950 47.58 75.10 217.96 137.43 10.30
951 47.39 85.22 213.14 112.38 7.50
952 47.65 41.39 56.48 202.42 15.48
953 47.65 52.75 79.67 174.60 14.49
954 47.81 30.33 43.76 168.29 12.06
955 47.67 64.48 165.23 192.93 14.45
956 47.72 8.99 24.64 105.57 6.43
957 47.75 25.59 39.80 159.60 9.79
958 47.82 34.84 50.15 173.91 13.44
959 47.80 71.19 210.17 167.89 11.69
960 47.85 77.59 217.31 122.91 9.33
961 47.76 20.07 34.14 134.39 9.12
962 47.81 45.58 125.36 200.10 15.31
963 47.85 80.30 215.66 111.98 10.02
964 47.85 6.00 18.65 99.89 5.19
965 47.64 13.16 28.30 117.90 6.45
966 48.00 32.64 58.69 185.86 13.27
967 48.08 22.32 38.61 143.90 8.87
968 47.90 62.01 207.38 204.01 14.54
969 48.00 54.74 149.48 186.36 15.80
970 48.15 14.03 29.40 125.55 8.08
971 48.12 43.24 106.59 201.04 14.51
972 47.92 90.59 170.30 102.42 6.79
973 48.16 37.26 97.97 198.49 13.83
974 48.17 84.90 194.93 90.58 7.64
975 48.43 73.14 231.38 151.76 11.28
976 48.26 59.54 221.75 182.39 14.59
977 48.29 66.56 233.54 178.82 12.97
978 48.25 95.00 87.16 91.40 4.13
979 48.36 18.01 38.96 143.14 8.34
980 48.31 39.49 95.18 209.47 13.62
981 48.21 50.29 140.92 191.11 16.13
982 48.43 68.92 235.93 171.83 11.59
983 48.53 11.11 40.29 125.34 7.60
984 48.51 56.89 226.81 189.01 15.71
985 48.58 47.02 199.70 188.14 14.20
986 48.51 87.67 136.06 96.92 8.58
987 48.69 24.46 88.43 177.75 9.77
988 48.49 93.43 100.31 77.53 4.58
989 48.69 81.99 200.67 111.61 9.45
990 48.51 88.98 144.76 101.34 7.58
991 48.79 29.13 100.54 185.88 11.74
992 48.61 91.43 129.66 90.78 5.45
993 48.77 63.02 231.28 195.94 13.28
994 48.75 52.99 216.94 189.57 15.56
995 48.87 7.84 40.24 115.70 5.73
996 48.93 75.72 206.76 147.57 10.72
997 49.01 26.85 131.10 173.90 10.75
998 49.11 4.92 37.07 111.29 4.51
999 49.01 16.23 105.06 153.80 7.84
1000 49.11 33.53 198.85 194.52 13.48
1001 49.14 40.97 219.57 195.98 16.13
1002 49.14 64.91 232.67 175.82 13.15
1003 49.00 20.60 93.89 170.86 8.85
1004 49.10 35.77 182.48 204.29 13.85
1005 49.16 43.83 222.30 192.08 14.93
1006 49.18 60.96 237.53 177.36 14.36
1007 49.16 70.80 201.10 169.37 11.92
1008 49.36 31.18 188.97 188.48 12.70
1009 49.24 48.58 237.39 193.22 15.35
1010 49.26 78.49 178.63 125.83 9.66
1011 49.37 13.24 106.32 138.44 7.55
1012 49.49 86.66 126.69 107.98 8.56
1013 49.37 38.30 202.94 202.10 14.05
1014 49.49 51.01 233.76 180.98 15.35
1015 49.39 54.86 232.19 181.17 15.47
1016 49.39 67.32 231.86 184.85 12.26
1017 49.79 57.60 233.09 200.88 14.58
1018 49.36 84.60 140.74 111.39 8.94
1019 49.49 93.13 47.70 94.42 4.67
1020 49.61 23.19 143.27 173.44 8.93
1021 49.53 90.08 65.54 100.30 6.55
1022 49.73 18.25 132.93 158.66 8.59
1023 49.85 83.41 154.14 107.93 8.79
1024 49.63 73.37 202.41 163.16 10.63
1025 49.79 80.86 157.20 118.96 9.20
1026 49.83 10.06 121.81 127.51 6.58
1027 49.77 45.72 215.25 189.78 15.03
1028 50.11 25.77 187.77 174.65 10.65
1029 50.09 52.93 217.71 197.26 15.21
1030 50.10 68.73 173.99 185.47 11.59
1031 50.10 6.92 117.76 120.29 5.80
1032 50.07 28.80 184.34 183.46 11.51
1033 49.98 63.28 192.83 188.67 13.33
1034 50.04 76.35 147.49 151.42 9.73
1035 50.13 36.24 228.28 201.77 14.03
1036 50.22 20.96 163.87 174.68 9.31
1037 50.14 41.89 237.78 210.05 15.94
1038 50.21 71.37 128.01 191.99 12.08
1039 50.32 4.14 81.06 108.41 4.71
1040 50.30 15.34 116.06 153.54 8.62
1041 50.22 33.56 206.41 190.06 12.87
1042 50.30 48.53 226.67 184.66 15.51
1043 50.24 61.07 193.00 187.42 13.71
1044 50.28 65.81 165.34 209.31 13.32
1045 50.43 38.99 216.67 206.01 15.20
1046 50.63 79.18 113.87 129.45 9.45
1047 50.62 88.91 48.30 98.64 6.76
1048 50.60 95.05 25.80 84.73 3.58
1049 50.70 31.14 203.71 208.34 13.03
1050 50.74 43.74 220.22 210.17 15.39
1051 50.66 92.48 36.80 110.64 5.29
1052 50.64 74.24 91.64 167.80 10.10
1053 50.64 85.95 79.04 118.04 8.41
1054 50.66 12.10 121.58 134.86 7.51
1055 50.69 14.12 141.75 142.64 8.52
1056 50.71 58.91 186.39 201.01 13.93
1057 50.80 51.10 189.28 208.05 15.91
1058 50.71 54.86 194.98 191.75 14.95
1059 50.85 23.52 150.62 184.66 9.70
1060 50.80 46.19 230.91 189.97 14.82
1061 50.89 82.42 80.32 122.84 9.27
1062 51.14 19.15 147.02 165.74 8.61
1063 50.92 63.89 128.68 194.73 13.41
1064 51.06 69.60 76.08 181.22 12.01
1065 51.09 8.92 126.76 137.72 6.27
1066 51.26 5.98 125.52 129.70 5.51
1067 51.12 27.72 204.47 197.31 10.90
1068 51.13 41.05 185.21 212.15 14.16
1069 51.14 66.99 97.30 204.08 13.10
1070 51.21 76.96 65.77 153.69 9.57
1071 51.13 36.23 182.57 212.75 14.44
1072 51.21 57.09 119.59 205.55 15.34
1073 51.15 61.13 105.88 201.32 13.55
1074 51.31 25.69 147.07 197.00 9.90
1075 51.21 33.58 130.29 216.05 12.96
1076 51.33 72.28 70.66 171.65 11.20
1077 51.42 53.07 104.99 210.12 16.14
1078 51.36 48.63 124.92 214.31 15.61
1079 51.63 3.73 60.78 117.90 4.00
1080 51.53 21.80 87.39 178.49 8.95
1081 51.73 29.52 115.59 211.20 13.01
1082 51.52 38.94 158.31 221.02 15.47
1083 51.81 84.38 54.35 123.24 8.09
1084 51.88 90.57 31.49 107.76 5.92
1085 51.83 15.69 91.81 171.46 8.45
1086 51.71 45.83 124.09 199.38 15.37
1087 51.69 11.68 82.11 149.30 7.50
1088 51.78 13.41 96.06 147.72 8.06
1089 51.76 87.71 40.63 100.63 7.48
1090 51.86 80.44 57.57 120.69 8.39
1091 51.82 93.22 21.92 85.29 4.65
1092 51.89 43.24 114.29 212.45 15.20
1093 51.79 55.11 102.75 211.67 15.72
1094 51.97 65.07 70.66 192.85 13.09
1095 51.89 74.58 49.81 149.12 9.93
1096 51.94 50.66 83.18 215.51 15.92
1097 51.84 59.39 79.00 207.42 14.94
1098 51.88 62.70 66.87 198.14 13.19
1099 52.05 31.58 71.91 213.89 13.21
1100 52.13 24.41 67.09 192.23 10.36
1101 52.23 36.50 84.17 219.48 14.18
1102 52.24 68.95 46.10 187.41 11.63
1103 52.09 10.66 66.92 145.40 7.16
1104 52.24 70.99 47.33 176.70 11.24
1105 52.21 34.06 73.05 216.72 13.72
1106 52.46 67.18 48.67 187.33 12.41
1107 52.34 20.32 55.97 185.14 8.13
1108 52.41 27.34 68.55 201.60 11.36
1109 52.45 40.98 78.01 215.85 15.27
1110 52.26 77.32 39.27 146.09 9.47
1111 52.40 8.59 50.24 138.12 6.46
1112 52.57 18.01 51.32 160.38 8.61
1113 52.51 57.01 60.15 201.21 14.60
1114 52.55 5.79 37.10 120.55 4.92
1115 52.44 48.03 78.51 207.26 16.01
1116 52.65 38.60 70.61 214.25 13.74
1117 52.81 61.29 44.14 188.52 14.08
1118 52.73 52.40 57.48 209.20 15.98
1119 52.86 45.64 63.72 199.38 15.77
1120 52.88 22.63 43.71 184.91 9.42
1121 53.00 72.51 39.06 158.00 10.72
1122 52.95 79.85 45.74 131.25 8.89
1123 52.71 86.57 31.83 107.44 8.08
1124 53.07 94.63 22.59 89.10 4.16
1125 52.93 59.04 51.24 199.56 14.27
1126 52.80 54.70 61.89 214.68 14.97
1127 52.88 85.10 37.81 108.94 8.45
1128 53.03 29.77 48.46 201.54 11.32
1129 52.97 63.73 45.54 194.96 13.55
1130 52.95 75.22 39.51 169.42 10.21
1131 53.01 3.38 21.01 99.54 3.88
1132 53.01 12.05 37.44 147.06 7.12
1133 53.02 15.61 37.57 147.40 7.65
1134 53.06 43.32 57.35 207.03 14.67
1135 53.10 82.78 42.80 124.63 8.25
1136 53.04 88.85 27.11 85.79 7.15
1137 53.14 49.48 49.66 185.69 15.47
1138 53.21 25.18 40.78 189.98 10.45
1139 53.24 32.38 45.01 216.06 13.06
1140 53.23 91.98 28.36 89.72 5.09
1141 53.19 34.79 49.93 222.67 12.79
1142 53.32 65.83 52.07 189.89 13.17
1143 53.43 69.74 42.82 184.69 11.57
1144 53.56 77.58 37.98 149.85 9.64
1145 53.72 36.71 44.74 207.76 14.73
1146 53.54 20.28 33.18 178.45 8.58
1147 53.41 5.81 20.95 129.34 4.50
1148 53.50 8.78 28.47 130.30 5.98
1149 53.61 27.47 41.86 201.09 11.03
1150 53.74 39.25 50.93 205.92 13.76
1151 53.89 41.84 47.49 205.42 15.00
1152 53.86 47.00 52.69 191.34 14.67
1153 53.89 50.87 49.88 187.48 15.39
1154 53.79 55.26 48.54 187.76 15.00
1155 53.89 13.86 31.16 151.30 7.41
1156 54.01 18.05 31.72 162.33 8.15
1157 53.99 57.81 48.52 179.27 13.83
1158 54.00 67.44 52.61 183.41 11.83
1159 54.02 85.35 47.32 110.83 8.34
1160 53.96 53.00 52.50 201.61 15.65
1161 53.97 60.16 50.30 188.41 14.44
1162 53.91 62.71 46.49 184.79 13.05
1163 54.03 22.83 36.40 199.66 9.94
1164 53.98 74.52 37.09 145.66 10.33
1165 54.13 89.51 49.50 91.70 6.04
1166 54.18 31.51 45.14 202.05 12.89
1167 54.20 44.65 48.74 207.07 15.53
1168 54.11 80.72 52.04 129.04 8.74
1169 54.12 5.43 22.29 132.34 4.79
1170 54.33 29.37 44.34 205.89 12.25
1171 54.21 72.02 90.78 174.07 10.95
1172 54.29 34.25 46.83 205.42 12.80
1173 54.34 25.23 38.95 195.86 10.37
1174 54.49 64.80 70.39 172.33 12.11
1175 54.51 10.62 27.94 145.99 6.81
1176 54.58 92.62 66.44 78.63 4.57
1177 54.58 48.58 96.40 186.72 14.75
1178 54.63 69.37 59.04 163.39 10.77
1179 54.66 7.78 24.15 130.86 5.89
1180 54.75 20.48 47.04 182.66 8.82
1181 54.64 77.19 58.92 146.81 9.64
1182 54.88 37.72 56.78 195.45 13.93
1183 54.83 40.39 81.65 192.38 13.84
1184 54.82 16.38 36.66 151.05 8.16
1185 54.87 27.28 58.38 198.38 11.37
1186 54.87 56.27 78.25 180.83 14.45
1187 54.90 61.80 72.34 171.54 13.32
1188 55.03 82.05 104.79 110.46 8.25
1189 54.97 53.77 115.66 185.05 15.29
1190 55.01 74.36 92.69 148.50 10.14
1191 55.09 86.61 119.21 86.23 7.04
1192 55.09 43.23 74.28 189.18 14.67
1193 55.09 50.77 139.00 178.81 14.41
1194 55.22 13.53 35.55 146.40 7.34
1195 55.19 23.06 66.25 186.02 9.22
1196 55.24 59.00 125.20 159.79 13.71
1197 55.25 33.12 95.64 190.48 12.78
1198 55.33 35.49 113.44 190.66 13.52
1199 55.37 45.90 137.86 183.69 15.62
1200 55.21 66.66 130.44 161.91 11.46
1201 55.30 5.94 30.68 125.62 4.39
1202 55.32 79.19 122.40 116.98 8.84
1203 55.35 90.30 117.07 75.96 5.62
1204 55.47 31.02 144.35 189.86 12.80
1205 55.29 71.72 109.51 141.39 10.10
1206 55.65 18.50 71.31 157.56 8.24
1207 55.51 25.32 93.89 187.36 10.43
1208 55.67 28.85 132.99 187.31 11.64
1209 55.65 63.90 179.03 154.82 12.61
1210 55.74 10.59 42.92 141.52 7.19
1211 55.72 8.47 34.42 133.07 6.46
1212 55.86 47.80 171.44 149.29 14.23
1213 55.78 69.28 184.94 150.98 10.74
1214 55.75 76.44 133.20 123.46 8.50
1215 55.98 84.08 185.14 86.42 7.99
1216 55.95 39.01 146.18 172.25 13.08
1217 55.76 92.95 93.91 60.66 4.62
1218 55.98 21.00 88.04 165.12 9.35
1219 55.96 41.49 162.16 179.87 13.55
1220 55.94 51.93 197.06 143.10 13.96
1221 56.00 15.80 94.86 136.48 7.71
1222 56.09 54.07 201.35 140.86 13.76
1223 56.10 56.55 196.02 142.12 13.65
1224 55.97 61.88 189.11 147.63 12.49
1225 56.15 73.71 197.26 110.60 9.25
1226 56.42 36.63 177.68 153.61 13.06
1227 56.34 81.14 188.16 94.14 8.23
1228 56.40 26.73 144.52 157.52 10.75
1229 56.34 43.88 162.82 174.10 14.84
1230 56.34 67.38 214.28 137.14 11.09
1231 56.14 60.42 213.16 125.28 13.00
1232 56.37 86.51 200.28 72.69 7.15
1233 56.45 65.32 220.19 143.36 11.71
1234 56.43 23.83 113.97 157.70 9.14
1235 56.63 34.27 177.76 152.29 12.39
1236 56.51 49.74 203.63 152.84 14.79
1237 56.42 5.43 56.45 108.35 4.85
1238 56.52 89.76 175.90 73.24 5.46
1239 56.44 92.54 126.07 70.41 4.07
1240 56.63 32.06 187.66 166.85 12.55
1241 56.57 59.12 210.60 124.37 13.31
1242 56.63 71.13 201.05 116.60 10.19
1243 56.65 78.45 198.49 99.94 8.22
1244 56.53 12.50 89.64 125.42 7.73
1245 56.77 94.67 82.20 54.61 3.37
1246 56.79 29.62 191.18 142.95 11.06
1247 56.95 75.80 197.80 96.66 8.68
1248 57.09 19.38 133.41 129.04 7.54
1249 57.12 7.26 91.16 112.87 5.26
1250 57.04 9.99 98.68 120.49 6.73
1251 57.17 45.18 189.80 139.14 14.46
1252 56.97 14.99 122.92 136.65 7.75
1253 57.31 16.99 135.59 115.20 7.96
1254 57.13 21.94 137.16 149.23 8.80
1255 57.22 68.95 218.98 116.03 10.15
1256 57.21 47.27 192.70 141.12 14.25
1257 57.29 63.52 210.52 125.67 11.73
1258 57.21 38.69 192.48 144.07 13.09
1259 57.11 41.35 196.67 148.18 13.90
1260 57.07 52.16 215.10 127.00 14.12
1261 57.12 61.14 219.20 130.54 12.58
1262 57.22 57.29 204.93 128.12 12.52
1263 57.41 82.80 187.44 74.12 8.22
1264 57.38 54.68 200.15 118.68 13.20
1265 57.39 73.01 187.60 90.95 8.74
1266 57.53 85.21 188.94 66.31 6.46
1267 57.38 13.62 136.45 114.57 7.64
1268 57.44 25.60 169.63 154.32 10.04
1269 57.62 27.89 146.97 155.52 10.38
1270 57.66 91.62 135.82 60.39 4.26
1271 57.60 4.78 64.95 86.86 4.38
1272 57.63 65.96 171.33 112.50 10.62
1273 57.77 35.87 124.64 135.94 11.95
1274 57.80 80.26 188.71 77.23 7.59
1275 57.70 88.23 153.98 62.71 6.33
1276 57.75 49.81 199.51 132.24 13.15
1277 57.89 33.04 142.78 140.84 11.94
1278 57.93 30.51 157.11 136.85 10.87
1279 57.91 43.33 171.67 134.84 13.52
1280 57.91 77.72 160.00 89.88 8.03
1281 57.78 12.23 109.40 102.68 7.40
1282 57.96 23.58 156.58 148.38 9.18
1283 58.09 58.96 173.91 111.88 12.56
1284 58.17 94.57 79.95 51.36 3.07
1285 58.22 70.50 172.77 103.59 9.19
1286 58.00 6.44 69.97 95.06 4.30
1287 58.33 8.67 100.26 99.37 5.40
1288 58.18 68.02 134.60 105.71 10.54
1289 58.15 75.30 153.42 96.44 8.28
1290 58.19 20.89 109.07 123.22 8.36
1291 58.20 40.89 123.51 131.96 13.19
1292 58.15 52.15 165.26 105.60 13.14
1293 58.31 61.84 192.03 107.87 11.90
1294 58.26 38.08 123.40 135.48 11.08
1295 58.33 56.56 128.96 107.92 12.15
1296 58.31 14.75 87.94 106.33 6.63
1297 58.44 18.27 109.19 109.22 7.45
1298 58.48 45.37 98.41 135.93 13.27
1299 58.46 47.99 137.06 114.01 13.90
1300 58.58 64.15 153.83 109.47 11.02
1301 58.50 73.00 134.27 87.77 9.09
1302 58.64 26.12 106.00 129.37 9.56
1303 58.71 28.91 72.39 122.98 9.96
1304 58.66 86.23 118.07 63.99 6.56
1305 58.62 6.21 60.71 87.21 5.39
1306 58.72 11.56 75.84 92.01 6.86
1307 58.80 82.34 134.15 61.30 7.11
1308 58.73 89.61 88.60 54.43 6.07
1309 58.92 66.35 126.76 101.39 10.04
1310 59.08 92.53 83.82 54.15 3.80
1311 58.93 34.26 76.20 126.69 11.28
1312 58.98 50.85 81.64 114.02 13.10
1313 58.99 77.19 142.62 72.03 7.79
1314 58.97 23.62 63.18 113.02 8.25
1315 59.08 31.49 63.82 125.45 10.34
1316 59.14 16.19 60.93 96.51 6.60
1317 59.31 37.02 50.64 109.33 12.55
1318 59.17 43.61 56.28 113.22 12.15
1319 59.08 60.26 121.54 100.11 12.29
1320 59.23 79.73 120.55 64.40 7.81
1321 59.19 39.32 69.84 114.87 11.78
1322 59.36 41.60 47.48 108.46 12.44
1323 59.26 68.59 90.66 108.82 10.09
1324 59.25 20.65 60.33 97.29 6.74
1325 59.29 58.24 66.49 106.05 12.08
1326 59.40 46.60 68.59 115.12 13.21
1327 59.32 71.90 88.01 92.03 8.63
1328 59.53 74.56 79.84 73.58 8.22
1329 59.47 53.49 55.84 104.28 12.34
1330 59.61 13.12 42.09 84.45 6.34
1331 59.64 27.62 47.54 122.24 9.98
1332 59.59 62.29 86.96 101.83 11.42
1333 59.55 88.38 61.32 54.55 5.57
1334 59.59 56.25 57.86 101.94 13.17
1335 59.73 18.15 32.92 83.72 6.99
1336 59.68 49.06 56.99 95.14 11.94
1337 59.75 6.74 25.85 72.82 4.08
1338 59.73 86.68 67.74 43.60 6.29
1339 59.65 84.67 84.04 57.35 7.06
1340 59.76 10.33 27.79 67.89 5.45
1341 59.74 64.51 77.06 100.87 10.44
1342 59.94 25.69 35.28 105.17 8.38
1343 59.94 29.66 38.32 95.09 9.26
1344 59.94 70.40 53.41 91.96 8.65
1345 59.96 90.92 47.96 51.96 4.68
1346 59.95 23.07 34.44 90.09 7.28
1347 60.09 32.89 42.21 100.89 11.22
1348 60.04 35.54 45.32 98.62 11.69
1349 60.10 83.23 84.00 51.51 6.67
1350 60.12 59.69 51.58 96.88 10.97
1351 60.12 66.62 59.00 87.95 10.30
1352 60.06 76.95 57.21 72.43 7.47
1353 60.14 51.83 41.49 80.61 12.50
1354 60.29 44.84 38.82 79.85 12.29
1355 60.23 81.05 73.45 48.76 7.46
1356 60.34 19.85 29.08 80.60 7.42
1357 60.29 39.82 41.05 86.85 12.45
1358 60.33 15.68 29.69 77.35 6.61
1359 60.36 9.48 24.15 62.69 5.54
1360 60.44 42.49 40.26 87.09 11.99
1361 60.49 47.23 43.05 84.45 11.97
1362 60.47 54.80 39.62 78.09 12.80
1363 60.45 73.29 46.47 71.70 7.56
1364 60.53 57.45 50.60 80.57 11.57
1365 60.60 68.58 36.88 79.79 9.05
1366 60.59 78.83 53.38 61.69 7.04
1367 60.46 93.42 22.14 33.28 2.94
1368 60.66 61.73 37.14 77.81 10.39
1369 60.84 30.68 32.71 75.69 9.06
1370 60.90 37.89 39.24 69.63 11.33
1371 60.54 86.51 37.44 48.07 5.67
1372 60.67 89.11 34.27 44.69 5.55
1373 60.79 49.95 36.90 73.86 12.39
1374 60.79 64.21 34.61 75.15 9.46
1375 60.83 12.82 21.71 58.68 6.06
1376 60.86 21.95 26.27 71.21 7.81
1377 60.93 7.37 16.67 53.41 4.29
1378 60.92 27.69 36.78 71.30 9.17
1379 61.02 24.61 43.68 65.35 7.78
1380 60.96 76.09 38.60 58.12 7.73
1381 61.01 91.73 24.94 35.01 3.70
1382 61.08 71.11 34.91 63.18 7.90
1383 61.05 11.12 22.09 50.94 5.21
1384 61.19 52.44 64.43 58.28 12.41
1385 61.18 66.57 35.38 68.66 9.03
1386 60.97 84.10 39.02 47.30 6.77
1387 61.12 86.37 34.14 45.32 6.49
1388 61.14 35.40 44.51 83.51 11.41
1389 61.29 17.33 23.80 53.80 6.10
1390 61.22 33.01 43.88 70.68 10.90
1391 61.31 59.75 37.93 62.94 10.43
1392 61.33 43.29 76.04 67.36 13.10
1393 61.33 40.50 61.08 64.41 12.34
1394 61.38 80.01 52.55 41.03 7.49
1395 61.44 81.89 44.40 49.50 7.30
1396 61.58 14.30 24.44 45.89 6.46
1397 61.55 45.63 87.35 53.69 12.12
1398 61.38 48.14 58.41 67.02 11.92
1399 61.42 55.21 46.43 61.56 12.40
1400 61.53 19.63 31.58 55.18 7.07
1401 61.59 10.31 20.62 45.07 5.72
1402 61.51 57.52 42.14 62.07 11.09
1403 61.57 73.96 32.45 54.71 7.21
1404 61.60 62.42 36.34 63.27 10.99
1405 61.76 88.58 25.18 32.04 5.30
1406 61.70 69.03 28.29 55.34 8.56
1407 61.91 29.27 71.66 52.70 9.55
1408 61.95 77.85 30.45 45.43 7.22
1409 61.69 83.97 33.49 40.05 6.40
1410 61.77 22.16 41.21 48.78 8.12
1411 61.89 25.30 57.54 54.71 8.78
1412 61.86 64.78 40.15 55.13 9.03
1413 62.03 93.68 14.60 25.64 2.66
1414 61.84 8.64 20.54 43.42 4.85
1415 62.00 50.45 109.40 49.78 13.58
1416 61.82 86.13 28.51 37.29 5.60
1417 62.16 31.39 92.36 44.79 10.69
1418 62.12 91.52 22.24 31.43 3.55
1419 62.16 27.29 92.95 44.32 9.74
1420 62.14 36.82 126.69 51.17 13.10
1421 62.14 6.49 21.61 36.17 3.22
1422 62.20 53.36 128.72 43.82 13.27
1423 62.42 41.56 163.98 43.22 13.63
1424 62.24 34.08 96.56 46.67 11.98
1425 62.19 71.47 39.60 49.79 8.54
1426 62.44 39.23 136.94 45.34 12.47
1427 62.42 43.89 169.48 42.28 13.81
1428 62.22 67.28 40.20 53.82 8.18
1429 62.36 60.55 90.86 44.08 11.00
1430 62.42 48.09 155.76 42.49 13.04
1431 62.51 55.61 138.06 41.05 12.08
1432 62.59 57.99 150.25 40.07 11.94
1433 62.57 17.23 68.10 32.80 6.98
1434 62.39 80.14 36.52 36.21 7.02
1435 62.54 14.47 60.00 35.95 7.45
1436 62.77 23.35 86.91 33.98 8.48
1437 62.66 62.85 147.98 41.40 10.61
1438 62.57 82.71 54.98 27.12 6.69
1439 62.64 20.19 75.20 33.91 8.35
1440 62.47 85.89 31.52 29.30 6.88
1441 62.65 73.99 44.85 37.01 7.39
1442 62.67 88.39 25.73 28.68 5.21
1443 62.93 9.43 52.91 26.98 5.38
1444 63.00 45.92 155.66 37.19 14.34
1445 62.92 69.51 111.03 39.98 8.64
1446 62.99 65.40 119.69 38.41 9.10
1447 63.17 25.78 111.14 30.78 10.45
1448 63.06 52.21 179.20 37.83 15.28
1449 63.10 77.92 67.83 29.53 6.80
1450 63.42 28.31 114.59 31.45 13.76
1451 63.29 30.37 136.25 31.82 12.58
1452 63.29 50.09 181.84 36.17 16.07
1453 63.33 35.48 143.32 34.32 17.11
1454 63.30 32.81 136.99 34.25 14.83
1455 63.19 83.30 79.71 27.48 6.39
1456 63.04 93.42 27.38 17.23 3.62
1457 63.44 92.16 34.05 20.55 4.07
1458 63.53 72.07 110.73 31.52 8.28
1459 63.48 37.94 141.38 35.49 17.52
1460 63.59 67.62 158.17 34.45 9.54
1461 63.53 80.36 105.12 24.94 6.81
1462 63.44 16.08 97.17 28.16 8.29
1463 63.56 54.32 180.91 35.11 16.09
1464 63.67 61.37 195.28 32.70 11.37
1465 63.67 75.18 139.38 27.65 7.50
1466 63.65 43.44 152.64 31.81 16.22
1467 63.62 59.13 179.63 33.90 11.84
1468 63.88 21.77 93.83 24.92 14.08
1469 63.67 40.75 134.44 35.68 16.84
1470 63.60 48.06 151.74 31.18 17.27
1471 63.67 19.25 71.88 23.92 11.75
1472 63.86 11.91 61.81 19.72 7.06
1473 63.78 14.56 86.99 22.66 7.91
1474 63.68 87.03 67.48 20.88 5.96
1475 63.86 89.35 69.34 22.17 4.12
1476 63.79 63.74 192.54 33.64 11.72
1477 63.90 56.41 161.79 36.24 15.92
1478 64.11 82.72 141.60 21.63 6.46
1479 63.94 17.29 85.11 24.76 12.29
1480 64.13 46.39 125.50 28.86 20.92
1481 64.24 69.92 161.46 29.14 9.02
1482 64.22 24.44 75.07 23.82 14.78
1483 64.26 8.89 55.98 16.35 6.63
1484 64.18 52.33 150.06 31.10 20.40
1485 64.38 65.97 185.04 29.81 12.11
1486 64.35 33.88 101.94 25.74 23.12
1487 64.32 78.23 156.00 24.92 7.93
1488 64.55 26.86 69.72 23.11 20.61
1489 64.42 31.07 83.24 26.84 21.57
1490 64.49 49.57 141.72 28.91 27.52
1491 64.44 84.93 135.61 21.54 6.00
1492 64.54 36.47 95.89 26.18 26.99
1493 64.66 38.70 110.18 27.74 26.34
1494 64.77 42.58 102.50 26.78 26.98
1495 64.53 91.79 66.76 13.41 3.28
1496 64.60 58.26 164.20 29.90 16.60
1497 64.76 73.26 162.39 24.05 9.43
1498 64.61 17.46 74.01 21.93 11.68
1499 64.81 28.92 62.62 23.81 33.12
1500 64.67 60.48 168.47 28.54 16.40
1501 64.89 75.92 167.04 21.44 8.59
1502 64.83 44.89 98.38 29.84 27.38
1503 64.91 54.52 117.67 28.71 25.04
1504 64.82 63.41 157.82 26.55 15.85
1505 64.80 87.25 110.04 16.74 6.16
1506 65.07 40.71 94.85 27.48 28.61
1507 64.72 79.60 160.39 21.30 7.88
1508 65.15 10.74 48.30 16.10 11.84
1509 65.05 15.39 67.39 16.99 13.50
1510 65.00 19.90 59.77 20.32 19.23
1511 65.12 68.40 159.12 25.39 13.01
1512 65.27 81.75 149.22 19.22 8.22
1513 64.99 85.99 118.97 16.66 6.55
1514 65.26 12.99 50.78 17.77 16.46
1515 65.23 88.92 123.24 16.12 4.61
1516 65.11 22.74 59.24 20.64 25.72
1517 65.18 47.37 84.36 26.20 40.29
1518 65.15 51.98 90.02 26.55 33.66
1519 65.30 56.76 103.02 26.60 29.04
1520 65.27 71.16 132.53 23.85 11.74
1521 65.29 32.59 63.41 23.68 39.35
1522 65.42 25.53 38.05 20.79 28.45
1523 65.45 34.88 57.54 21.78 38.72
1524 65.21 80.11 160.59 21.71 8.18
1525 65.47 8.28 40.11 15.71 12.56
1526 65.53 61.59 130.07 23.80 26.49
1527 65.49 65.82 107.69 23.45 17.84
1528 65.48 77.81 168.04 19.44 11.95
1529 65.58 30.41 43.38 22.19 53.11
1530 65.65 49.33 72.86 25.40 40.04
1531 65.80 37.21 43.77 23.76 66.01
1532 65.84 59.35 106.25 24.70 23.74
1533 65.71 91.46 78.04 10.40 4.16
1534 65.82 17.93 41.75 16.87 26.63
1535 65.91 27.86 31.47 20.92 46.26
1536 65.96 43.49 58.56 26.16 50.87
1537 65.77 84.59 134.66 16.45 7.71
1538 66.01 39.23 56.12 26.37 54.61
1539 65.91 45.68 62.32 24.04 50.96
1540 66.01 53.59 61.85 24.33 51.62
1541 66.01 63.58 100.08 22.75 27.33
1542 66.08 73.42 144.17 19.72 13.11
1543 66.04 20.99 33.31 18.12 41.17
1544 66.05 51.38 63.85 25.63 57.90
1545 66.19 76.06 135.65 19.14 18.08
1546 65.98 78.56 167.10 18.03 12.03
1547 66.15 23.70 30.25 19.34 49.98
1548 66.17 41.51 47.86 26.21 57.78
1549 66.29 67.87 107.73 19.94 18.71
1550 66.20 79.99 161.30 16.31 14.11
1551 66.32 86.80 129.78 13.57 7.13
1552 66.21 55.71 58.84 24.90 60.13
1553 66.23 70.54 121.19 19.60 19.26
1554 66.32 14.86 31.81 15.58 31.84
1555 66.33 12.01 28.00 14.69 30.57
1556 66.32 32.67 35.96 21.90 62.22
1557 66.57 47.53 43.55 24.96 79.29
1558 66.44 57.64 70.95 22.19 37.38
1559 66.65 9.66 20.13 12.36 25.98
1560 66.61 35.22 37.27 22.29 70.56
1561 66.82 25.72 43.13 17.99 65.39
1562 66.53 81.76 139.93 15.78 11.20
1563 66.63 30.09 32.22 19.76 67.16
1564 66.61 65.70 79.87 21.69 28.70
1565 66.63 89.62 86.07 11.18 5.91
1566 66.64 61.41 70.12 21.85 33.64
1567 66.75 49.75 43.67 25.89 75.53
1568 66.91 83.77 129.12 14.25 10.48
1569 66.86 17.48 27.00 16.01 51.21
1570 66.94 37.64 38.14 23.22 72.19
1571 66.96 20.20 27.98 16.07 59.09
1572 66.93 45.26 39.20 23.50 76.71
1573 67.03 52.04 39.12 22.60 72.59
1574 67.11 54.39 40.53 23.79 65.78
1575 67.03 78.00 115.87 14.12 21.97
1576 67.14 40.13 38.17 23.51 80.43
1577 67.15 27.69 60.20 19.80 78.71
1578 67.22 23.28 57.09 16.51 71.33
1579 67.12 42.84 36.71 23.05 77.26
1580 67.11 63.86 67.28 20.51 38.90
1581 67.34 72.57 90.40 16.20 22.78
1582 67.18 59.67 49.23 20.84 57.20
1583 67.28 75.30 127.34 14.98 21.60
1584 67.19 69.40 70.64 18.02 34.16
1585 67.24 13.77 24.09 13.99 46.15
1586 67.39 32.64 54.16 19.86 80.77
1587 67.44 56.84 39.01 22.53 71.20
1588 67.53 80.70 108.52 13.52 16.66
1589 67.54 86.47 104.32 12.10 12.26
1590 67.54 66.84 51.75 17.01 35.25
1591 67.68 35.38 78.70 21.56 87.04
1592 67.78 47.02 46.05 22.76 90.36
1593 67.93 88.68 103.12 10.41 13.33
1594 67.87 10.31 26.15 11.52 40.56
1595 67.97 15.86 45.47 13.61 59.79
1596 67.79 29.40 96.30 19.33 83.63
1597 67.72 62.06 46.31 19.78 56.60
1598 67.80 49.59 43.57 23.17 89.36
1599 67.98 18.74 80.78 14.80 67.22
1600 68.11 37.74 125.70 21.37 97.54
1601 68.08 52.54 57.26 20.94 93.46
1602 68.05 21.52 87.55 15.66 74.94
1603 68.12 44.69 72.28 22.95 109.64
1604 68.10 71.17 51.47 16.51 36.91
1605 68.06 84.70 102.65 12.74 17.02
1606 68.16 42.27 83.80 22.72 113.36
1607 68.14 58.52 32.92 19.49 83.43
1608 68.27 54.98 56.69 21.80 85.88
1609 68.06 64.77 41.46 19.20 50.18
1610 68.35 26.54 119.57 17.06 84.63
1611 68.31 77.55 70.53 13.41 31.92
1612 68.27 68.97 40.19 17.69 49.73
1613 68.43 31.42 143.15 19.12 95.58
1614 68.34 40.03 122.98 23.52 123.12
1615 68.43 60.65 34.65 19.95 64.29
1616 68.41 74.42 69.70 15.40 32.47
1617 68.68 23.99 119.26 17.12 84.23
1618 68.51 83.35 102.40 11.59 15.96
1619 68.61 33.82 131.76 20.29 94.71
1620 68.56 80.24 60.13 12.45 23.03
1621 68.45 13.56 63.63 12.42 58.07
1622 68.74 67.14 36.37 16.16 54.55
1623 68.80 62.87 31.60 17.39 71.33
1624 68.77 48.18 120.62 21.80 114.09
1625 68.90 56.78 81.94 21.45 89.92
1626 68.95 50.88 170.18 23.53 115.52
1627 68.90 12.24 71.09 11.53 57.29
1628 68.94 29.25 131.40 17.66 92.05
1629 69.04 36.16 156.52 20.93 112.53
1630 69.25 89.67 47.99 7.98 15.53
1631 69.00 17.66 98.24 14.09 77.26
1632 69.14 45.88 128.32 22.94 129.08
1633 69.12 73.02 43.39 14.97 46.25
1634 69.17 86.56 50.35 9.08 20.39
1635 69.13 65.06 39.05 16.67 69.73
1636 69.15 70.85 32.00 15.44 51.70
1637 69.56 9.97 79.28 10.34 49.01
1638 69.51 14.65 89.38 12.92 73.92
1639 69.28 20.75 108.01 14.34 76.07
1640 69.32 53.18 149.52 21.62 122.05
1641 69.39 38.80 177.37 21.31 119.45
1642 69.47 43.53 158.01 21.72 119.58
1643 69.52 41.33 174.35 20.84 112.79
1644 69.35 76.62 38.38 12.93 48.54
1645 69.49 82.85 50.65 10.42 27.54
1646 69.36 59.02 89.36 20.04 96.03
1647 69.47 79.19 37.79 11.42 46.35
1648 69.82 25.61 128.63 16.21 97.35
1649 69.65 32.28 166.38 19.65 110.26
1650 69.67 68.88 26.96 15.64 59.21
1651 69.73 27.71 132.10 18.87 102.80
1652 69.81 55.08 182.27 21.38 111.19
1653 69.68 61.24 104.20 19.27 90.37
1654 69.93 34.72 159.81 21.55 128.52
1655 69.83 49.37 186.86 21.63 130.58
1656 69.96 74.76 30.34 12.88 55.98
1657 70.14 23.50 104.70 15.29 89.88
1658 70.08 63.67 129.28 17.15 89.46
1659 69.98 66.59 46.21 16.95 76.01
1660 70.06 47.20 170.63 20.77 133.33
1661 70.14 30.19 107.54 17.75 117.12
1662 70.29 16.85 103.99 12.87 81.21
1663 70.25 37.38 176.92 19.28 113.97
1664 70.22 57.10 174.50 20.42 103.30
1665 70.41 12.11 78.48 11.55 61.29
1666 70.28 51.63 193.90 20.99 122.99
1667 70.20 71.79 27.19 13.71 59.51
1668 70.23 86.10 30.08 9.39 33.26
1669 70.46 88.83 25.23 8.27 25.93
1670 70.21 80.59 32.00 10.47 43.20
1671 70.52 19.41 75.64 13.63 79.38
1672 70.58 45.00 192.66 22.23 126.30
1673 70.54 59.61 193.71 18.58 110.87
1674 70.44 21.51 88.81 15.82 95.66
1675 70.61 40.33 152.49 19.90 120.68
1676 70.48 77.77 28.44 11.87 52.79
1677 70.56 82.52 28.83 11.68 50.98
1678 70.86 14.66 86.44 11.54 72.06
1679 70.96 42.71 140.77 21.25 122.74
1680 70.71 69.49 49.31 15.72 71.83
1681 70.84 33.20 97.20 18.69 114.99
1682 70.86 53.74 212.98 20.84 119.19
1683 70.98 61.95 182.08 17.59 102.00
1684 70.79 84.55 30.06 9.75 41.43
1685 71.09 10.37 53.94 10.36 53.26
1686 70.91 27.93 87.05 16.79 97.88
1687 70.96 49.22 181.67 21.73 128.61
1688 70.98 67.07 105.68 16.08 96.75
1689 71.02 73.50 42.50 13.32 72.37
1690 71.02 35.88 109.52 19.53 112.33
1691 71.10 25.09 69.45 16.09 96.72
1692 70.97 79.30 27.42 10.07 58.05
1693 71.36 64.34 171.28 16.23 89.33
1694 71.29 75.72 46.87 11.92 65.47
1695 71.47 55.73 207.42 20.58 120.65
1696 71.15 30.64 87.85 19.06 109.51
1697 71.33 38.88 98.15 18.59 109.28
1698 71.41 17.73 59.51 13.67 79.53
1699 71.40 47.01 163.88 20.69 129.50
1700 71.37 57.85 201.16 19.05 129.55
1701 71.46 71.17 75.41 14.05 84.40
1702 71.48 51.62 175.25 21.18 121.10
1703 71.47 21.78 42.87 13.55 84.02
1704 71.71 12.91 47.47 11.64 72.54
1705 71.44 83.75 22.82 8.58 46.72
1706 71.64 77.20 35.51 11.22 71.41
1707 71.90 59.99 202.00 16.85 112.79
1708 71.79 44.80 104.81 20.31 122.60
1709 71.94 40.89 75.77 20.25 107.74
1710 72.03 85.39 21.13 8.88 57.39
1711 71.95 32.39 56.99 17.95 105.29
1712 71.99 34.67 60.95 20.95 112.24
1713 72.05 68.68 142.68 14.59 95.72
1714 71.96 26.85 63.74 17.14 91.20
1715 71.99 37.29 57.76 18.89 98.11
1716 71.81 14.92 39.58 11.42 69.88
1717 72.07 29.54 49.08 17.45 101.34
1718 72.04 79.05 27.38 9.93 74.92
1719 72.00 49.49 119.57 21.31 131.20
1720 72.11 54.02 172.59 20.01 115.22
1721 72.04 66.24 162.99 16.78 91.93
1722 72.20 24.01 30.59 15.44 88.91
1723 72.32 62.16 189.10 16.75 106.72
1724 72.20 73.59 91.33 13.06 67.99
1725 72.30 15.76 36.33 11.44 68.24
1726 72.39 18.79 28.70 13.42 75.89
1727 72.56 42.99 51.31 19.58 92.24
1728 72.52 82.26 26.77 9.31 62.32
1729 72.56 21.45 24.48 13.98 72.11
1730 72.51 57.86 165.44 17.49 138.81
1731 72.60 47.57 71.81 19.25 121.12
1732 72.58 51.99 101.57 19.96 126.26
1733 72.64 70.85 148.98 13.20 77.96
1734 72.75 76.55 116.71 12.75 77.62
1735 72.93 38.89 36.16 17.90 95.04
1736 72.91 64.46 167.70 16.54 98.98
1737 72.87 12.96 21.59 9.97 54.24
1738 72.90 87.39 17.58 7.52 47.11
1739 72.89 45.41 47.72 19.45 111.42
1740 72.98 28.42 29.63 16.56 80.49
1741 72.99 35.81 40.24 18.82 94.63
1742 73.01 31.42 32.62 17.06 94.37
1743 73.18 56.13 117.96 19.09 133.86
1744 73.00 25.74 27.66 14.69 75.38
1745 73.03 50.02 78.96 18.70 127.29
1746 73.14 66.90 173.04 15.34 92.48
1747 73.21 33.73 32.82 17.99 96.31
1748 72.99 14.30 21.40 10.60 59.06
1749 73.33 40.86 39.33 19.08 88.93
1750 73.22 60.30 154.80 16.07 107.09
1751 73.21 79.51 88.44 11.11 99.22
1752 73.31 16.55 21.71 11.59 59.93
1753 73.30 54.07 94.68 19.49 143.51
1754 73.11 84.40 32.00 8.38 66.71
1755 73.60 72.61 165.82 12.74 84.73
1756 73.58 22.69 22.92 14.08 64.16
1757 73.63 75.09 178.30 11.78 102.77
1758 73.52 62.61 154.01 15.80 110.34
1759 73.60 19.48 21.39 12.73 58.22
1760 73.74 68.74 166.43 13.70 94.42
1761 73.61 58.51 79.49 16.01 118.29
1762 73.56 82.22 50.20 8.05 63.43
1763 73.82 37.25 30.57 19.09 92.08
1764 73.96 47.14 32.95 18.79 93.03
1765 73.93 44.74 32.94 19.00 91.65
1766 73.86 52.43 49.61 18.63 114.10
1767 73.62 85.14 40.31 8.05 63.05
1768 73.78 12.05 16.46 9.54 46.57
1769 74.03 42.34 33.03 20.18 89.16
1770 73.96 49.22 41.00 19.27 99.90
1771 73.94 30.31 27.65 16.63 80.11
1772 74.02 27.48 34.64 15.89 72.00
1773 74.04 25.06 32.77 14.90 65.38
1774 74.10 70.56 151.90 13.30 82.61
1775 74.10 14.79 18.38 10.96 52.74
1776 74.35 32.81 36.15 17.06 73.80
1777 74.49 35.12 40.40 17.97 76.57
1778 74.29 66.55 108.01 15.31 97.28
1779 74.19 77.71 153.76 10.42 94.22
1780 74.40 64.15 116.42 15.84 97.02
1781 74.55 79.73 148.91 9.15 77.82
1782 74.44 55.09 45.19 18.55 103.23
1783 74.54 57.11 49.54 17.82 110.28
1784 74.41 61.54 82.47 15.73 107.12
1785 74.71 40.19 41.83 18.92 78.50
1786 74.69 84.90 72.78 7.40 72.23
1787 74.62 51.17 32.22 18.54 97.59
1788 74.46 12.43 19.88 10.54 46.30
1789 74.64 17.29 25.88 11.85 42.27
1790 74.62 20.66 46.45 13.45 51.42
1791 74.88 82.78 114.22 8.93 89.58
1792 74.72 38.02 37.83 19.00 65.56
1793 74.76 59.40 45.89 16.31 95.26
1794 74.61 76.56 152.76 10.29 75.05
1795 74.72 81.28 145.85 8.72 89.78
1796 74.86 74.31 135.14 11.57 82.48
1797 74.81 23.06 48.33 15.03 61.10
1798 74.89 28.94 57.46 17.01 66.68
1799 74.91 43.75 35.64 19.54 82.17
1800 75.18 53.68 34.17 17.78 95.98
1801 75.14 46.34 34.19 18.62 81.09
1802 75.03 71.51 94.64 12.25 83.42
1803 75.23 31.23 99.73 16.16 59.24
1804 75.31 48.91 31.11 18.08 87.73
1805 75.22 68.82 86.72 12.82 89.95
1806 75.17 26.34 81.99 14.73 50.50
1807 75.18 13.80 29.55 10.29 36.69
1808 75.33 65.84 77.08 13.93 86.51
1809 75.61 18.65 82.66 12.14 37.43
1810 75.58 41.75 98.33 18.84 68.64
1811 75.48 63.47 46.79 14.22 89.89
1812 75.69 78.27 158.20 9.83 83.51
1813 75.77 33.74 129.10 18.26 58.54
1814 75.67 51.60 33.74 18.38 92.45
1815 75.60 61.10 38.01 15.94 82.83
1816 75.70 36.05 84.38 19.01 61.47
1817 75.81 55.81 32.63 16.39 87.18
1818 75.90 38.37 106.06 18.31 58.84
1819 75.84 24.38 107.72 14.94 45.75
1820 75.76 58.21 30.64 15.51 77.96
1821 76.07 21.26 105.12 13.25 36.71
1822 75.94 84.61 112.15 7.60 57.54
1823 76.12 74.65 109.61 10.97 83.65
1824 76.02 81.45 141.15 8.45 76.64
1825 76.02 29.00 131.14 15.92 41.87
1826 75.98 44.41 107.96 19.16 62.63
1827 76.08 13.38 53.28 10.10 27.43
1828 76.22 71.28 60.32 13.38 77.08
1829 76.33 11.84 54.37 8.89 22.07
1830 76.35 16.10 86.03 10.21 30.23
1831 76.24 47.35 99.91 18.74 63.37
1832 76.57 40.37 143.06 19.94 52.43
1833 76.37 64.80 35.83 14.61 69.76
1834 76.47 67.23 38.56 12.19 74.91
1835 76.53 26.52 143.55 15.86 34.81
1836 76.45 53.57 41.66 17.73 77.94
1837 76.53 31.53 149.10 17.40 41.69
1838 76.37 50.54 41.27 19.00 70.22
1839 76.62 69.59 53.70 13.09 83.05
1840 76.62 60.24 28.49 15.56 72.35
1841 76.67 62.60 27.51 13.06 62.37
1842 76.92 42.57 145.17 19.07 51.99
1843 76.86 35.96 148.48 17.79 44.83
1844 76.82 57.89 29.93 16.32 61.25
1845 76.97 18.65 120.51 12.68 27.66
1846 76.95 45.27 152.92 19.45 53.86
1847 77.09 49.01 131.48 17.46 52.95
1848 76.87 86.78 68.80 6.19 30.06
1849 77.04 83.60 120.98 7.86 74.04
1850 77.00 55.85 43.14 16.20 68.56
1851 77.07 78.21 122.73 9.94 89.70
1852 77.02 23.64 141.72 14.57 30.32
1853 77.27 33.59 170.86 19.03 34.92
1854 77.05 73.58 66.91 10.88 77.39
1855 77.21 80.99 112.35 8.83 68.12
1856 77.39 38.85 173.48 18.35 36.94
1857 77.43 51.36 129.14 17.70 51.69
1858 77.30 28.85 150.74 16.93 30.19
1859 77.50 14.04 92.40 10.44 19.87
1860 77.54 21.03 131.61 13.49 23.90
1861 77.55 16.47 118.01 11.49 23.75
1862 77.68 53.56 150.73 16.90 46.08
1863 77.44 65.29 25.12 13.34 59.73
1864 77.73 47.05 170.92 18.82 39.50
1865 77.59 71.13 43.47 10.77 67.41
1866 77.67 68.30 27.50 11.66 68.67
1867 77.61 60.61 36.71 14.91 57.11
1868 77.83 26.04 135.90 14.99 25.49
1869 77.83 31.43 161.58 16.54 27.00
1870 77.90 76.29 75.71 10.11 83.29
1871 77.86 62.82 29.75 14.63 53.94
1872 78.13 41.32 183.02 18.48 34.99
1873 77.96 58.09 85.68 14.61 47.58
1874 78.06 37.43 173.22 19.01 35.85
1875 77.95 43.83 181.86 20.51 39.73
1876 77.94 73.60 56.81 10.27 86.49
1877 78.18 55.60 152.51 16.86 50.35
1878 78.27 35.51 172.57 17.49 29.44
1879 78.14 82.91 99.12 7.52 78.64
1880 78.38 79.63 109.09 8.85 77.28
1881 78.50 18.53 117.07 11.41 17.58
1882 78.40 23.12 146.71 14.47 21.22
1883 78.43 49.37 185.94 17.92 36.71
1884 78.41 29.32 144.51 15.44 23.05
1885 78.58 64.74 41.57 12.79 52.23
1886 78.61 66.75 23.91 13.06 57.59
1887 78.71 33.59 153.48 17.72 23.45
1888 78.75 45.82 190.85 18.16 29.27
1889 78.76 60.78 122.31 14.66 36.94
1890 78.74 69.79 22.99 11.02 65.89
1891 78.89 15.68 100.28 11.10 14.43
1892 78.87 72.21 26.13 10.41 69.65
1893 78.92 39.54 170.53 18.01 26.70
1894 78.95 51.78 185.97 17.25 30.70
1895 78.66 74.54 48.42 9.04 88.17
1896 79.14 20.76 103.15 12.96 14.47
1897 79.04 27.25 146.84 16.11 20.09
1898 79.01 53.69 204.02 16.27 37.13
1899 79.20 43.78 159.03 18.85 24.28
1900 79.08 57.36 175.09 15.91 42.45
1901 79.13 24.96 118.38 13.92 19.14
1902 79.33 63.16 117.69 15.10 41.63
1903 78.82 73.43 34.56 10.22 78.78
1904 79.22 31.40 122.86 15.63 18.96
1905 79.16 76.32 47.61 9.20 82.72
1906 79.39 47.78 178.74 18.57 30.05
1907 79.31 81.62 83.93 8.24 67.32
1908 79.40 37.51 139.33 17.70 22.56
1909 79.66 41.99 156.38 17.58 22.85
1910 79.75 35.53 133.69 17.26 20.33
1911 79.49 78.83 56.53 7.91 79.76
1912 79.68 59.35 161.53 13.99 38.10
1913 79.75 29.20 114.69 15.39 15.54
1914 79.72 49.72 190.62 17.36 23.73
1915 79.73 55.15 191.36 15.91 31.63
1916 79.62 14.15 76.41 9.38 9.70
1917 79.96 18.36 87.58 12.39 13.34
1918 79.78 65.55 57.16 12.93 42.93
1919 79.77 68.34 29.91 11.61 60.84
1920 79.90 70.71 22.73 11.16 66.42
1921 79.97 22.79 103.26 12.77 13.92
1922 80.08 46.19 164.25 16.10 23.08
1923 80.07 33.36 108.61 14.50 15.32
1924 80.09 74.61 27.73 9.30 66.86
1925 79.95 72.53 24.75 10.17 68.56
1926 80.00 15.69 67.54 8.65 9.84
1927 80.24 61.44 181.24 13.94 32.26
1928 80.15 39.89 145.51 17.36 20.88
1929 80.27 25.70 97.87 13.98 12.21
1930 80.32 57.47 168.27 16.30 27.23
1931 80.44 51.25 184.24 17.90 21.49
1932 80.64 53.22 171.65 17.52 23.83
1933 80.55 77.49 34.05 9.08 72.83
1934 80.45 81.62 36.64 6.77 61.58
1935 80.55 44.16 120.41 17.12 18.81
1936 80.54 30.93 85.25 15.44 13.87
1937 80.56 16.47 68.33 10.73 10.04
1938 80.66 63.91 132.70 13.52 34.20
1939 80.73 37.50 94.29 17.19 15.88
1940 80.97 20.32 66.48 11.91 10.03
1941 80.92 28.49 78.03 13.65 11.50
1942 80.80 69.12 85.84 11.22 51.60
1943 80.97 48.92 143.98 17.47 18.17
1944 80.92 55.34 176.54 15.39 25.79
1945 80.98 66.62 108.17 11.53 40.97
1946 81.05 59.49 172.56 15.21 25.15
1947 81.08 42.12 102.26 17.28 15.80
1948 80.87 71.79 24.89 10.49 58.43
1949 81.36 35.78 78.51 15.93 11.85
1950 81.23 79.97 24.65 6.82 56.11
1951 81.17 23.15 62.40 13.76 10.49
1952 81.31 39.78 109.30 15.77 15.05
1953 81.22 33.49 80.62 16.66 12.66
1954 81.16 73.18 24.92 9.73 60.39
1955 81.35 46.94 125.55 18.04 17.15
1956 81.54 75.53 21.38 9.04 61.17
1957 81.34 25.83 64.41 13.57 11.37
1958 81.67 18.03 47.29 10.33 7.26
1959 81.57 61.96 182.02 14.63 28.06
1960 81.55 57.23 155.66 15.05 21.01
1961 81.38 70.02 92.26 11.63 51.26
1962 81.75 31.62 56.77 14.75 11.62
1963 81.53 51.49 127.16 15.77 16.51
1964 81.66 44.79 109.38 17.03 15.65
1965 81.94 64.40 162.67 12.74 30.75
1966 81.97 54.40 148.40 16.02 18.58
1967 82.02 37.96 58.26 16.57 12.53
1968 82.18 68.99 134.00 11.42 39.79
1969 82.16 27.51 48.58 13.68 9.64
1970 82.26 29.78 38.90 13.66 10.23
1971 82.13 71.82 63.22 10.35 43.94
1972 82.18 21.24 37.75 11.35 7.75
1973 82.40 66.60 158.32 11.28 31.24
1974 82.17 49.17 94.95 15.98 14.21
1975 82.33 43.37 63.90 16.47 11.86
1976 82.12 78.33 19.02 7.29 55.84
1977 82.24 59.39 134.85 14.61 20.12
1978 82.51 24.29 40.26 12.45 8.30
1979 82.35 40.79 53.21 16.94 12.41
1980 82.45 34.05 33.17 15.04 10.91
1981 82.57 46.58 77.54 16.66 12.74
1982 82.53 51.95 103.50 15.70 14.23
1983 82.64 56.70 123.23 14.62 15.18
1984 82.84 62.54 153.32 13.30 21.07
1985 82.71 74.56 24.06 10.18 42.91
1986 82.86 36.23 36.22 15.45 10.40
1987 83.07 76.99 19.07 7.74 47.33
1988 83.12 32.26 24.54 14.46 8.72
1989 83.09 38.75 43.68 15.92 10.15
1990 83.23 54.51 97.57 14.41 12.62
1991 83.19 48.00 52.69 15.39 11.89
1992 83.32 65.11 138.87 11.57 21.24
1993 83.41 19.47 26.52 10.92 6.26
1994 83.23 42.72 42.31 16.11 9.62
1995 83.26 71.26 98.89 10.75 33.22
1996 83.08 21.07 30.91 12.27 6.55
1997 83.47 26.93 30.31 13.36 7.63
1998 83.42 50.40 61.37 14.61 12.56
1999 83.42 59.60 114.41 14.36 15.50
2000 83.39 22.46 26.96 11.78 7.35
2001 83.41 30.25 25.00 13.36 8.49
2002 83.50 45.07 39.15 16.74 10.48
2003 83.47 68.50 157.80 10.71 26.82
2004 83.59 52.42 57.70 15.56 10.72
2005 83.73 25.02 25.50 12.45 7.85
2006 83.76 40.91 32.19 14.14 10.14
2007 83.87 74.67 54.07 9.33 39.07
2008 84.00 78.52 15.48 6.99 37.82
2009 84.07 36.82 23.30 15.66 9.76
2010 84.13 57.12 73.62 13.13 11.60
2011 84.28 62.24 103.46 11.44 16.29
2012 83.97 34.64 23.08 14.20 8.89
2013 84.26 46.81 33.00 13.47 9.16
2014 84.21 48.84 44.61 15.26 9.46
2015 84.31 39.08 24.33 14.00 8.17
2016 84.36 43.05 26.40 15.41 9.11
2017 84.49 66.79 151.48 11.34 17.82
2018 84.34 32.99 18.61 14.26 8.73
2019 84.43 28.63 19.92 13.86 8.48
2020 84.50 20.14 16.84 10.58 5.36
2021 84.48 64.29 111.19 11.73 17.09
2022 84.60 70.42 144.93 10.44 22.60
2023 84.48 55.05 54.50 14.12 10.99
2024 84.50 30.63 19.36 13.98 8.10
2025 84.63 52.89 43.69 14.91 9.60
2026 84.59 59.74 60.95 12.00 11.90
2027 84.72 45.12 23.07 14.12 8.76
2028 84.85 50.57 27.62 13.85 9.65
2029 84.99 73.41 109.09 9.36 29.25
2030 84.89 76.39 42.77 7.45 29.73
2031 84.86 24.17 19.41 11.89 7.09
2032 85.11 35.30 20.79 13.45 7.99
2033 85.04 41.64 20.94 15.17 8.50
2034 85.19 38.23 19.91 14.03 7.42
2035 85.46 26.12 16.90 12.92 7.50
2036 85.32 56.59 40.90 12.84 9.53
2037 85.29 48.47 24.54 14.59 8.92
2038 85.52 43.37 18.27 15.38 7.91
2039 85.63 62.83 77.04 12.07 13.40
2040 85.52 58.72 47.26 14.09 9.88
2041 85.55 68.47 157.50 10.53 16.59
2042 85.60 32.83 15.84 13.37 7.27
2043 85.61 52.14 27.59 13.59 8.06
2044 85.76 65.29 127.07 11.12 12.93
2045 85.72 21.78 13.98 11.08 5.32
2046 85.76 60.85 39.97 10.95 10.38
2047 85.51 23.35 13.68 13.94 6.10
2048 85.83 45.44 18.40 13.52 7.16
2049 85.81 54.81 29.46 13.06 8.70
2050 85.69 30.81 16.16 15.07 8.24
2051 85.85 77.42 44.57 7.21 19.75
2052 85.78 41.14 17.44 14.06 7.75
2053 86.08 47.49 19.67 14.33 7.43
2054 85.84 24.24 15.00 11.29 5.79
2055 86.26 74.74 100.11 7.99 17.95
2056 86.27 36.95 16.90 13.62 7.25
2057 85.84 49.71 21.23 12.69 6.23
2058 85.85 70.04 140.10 10.70 18.30
2059 86.22 71.46 122.03 9.36 17.21
2060 86.20 34.75 16.18 14.03 7.68
2061 86.20 39.58 15.94 15.00 7.26
2062 86.24 42.04 16.80 15.13 7.87
2063 86.38 24.75 13.63 10.96 6.28
2064 85.99 50.77 22.56 14.33 8.22
2065 86.32 29.45 15.39 14.17 6.46
2066 86.43 27.83 14.31 13.60 6.96
2067 86.53 57.25 28.45 12.37 8.40
2068 86.68 67.07 122.18 10.22 11.96
2069 86.52 49.46 18.93 12.67 7.50
2070 86.66 52.99 22.97 12.51 7.96
2071 86.82 69.82 147.26 9.65 12.69
2072 86.42 50.90 20.38 10.83 6.92
2073 86.76 43.97 15.21 13.28 7.48
2074 86.66 61.92 45.06 12.09 9.16
2075 86.91 59.56 32.12 12.51 9.20
2076 86.91 22.58 12.03 10.41 4.83
2077 86.88 30.58 15.85 12.54 6.74
2078 86.81 32.00 14.36 14.07 6.64
2079 86.70 26.44 13.91 14.55 6.91
2080 86.97 64.37 70.52 11.77 9.81
2081 87.02 46.68 16.04 13.82 6.79
2082 87.11 62.81 48.09 11.59 9.61
2083 87.02 38.41 15.05 13.94 5.79
2084 87.11 73.11 113.07 8.62 12.30
2085 87.19 55.60 19.99 11.78 7.79
2086 87.12 33.84 13.34 13.06 6.51
2087 87.16 35.64 14.00 12.91 6.57
2088 87.10 60.89 37.92 12.92 8.04
2089 87.58 51.24 15.55 11.78 6.46
2090 87.35 25.87 13.07 12.93 6.38
2091 87.12 49.23 16.25 10.92 7.33
2092 87.49 24.35 10.67 12.48 4.94
2093 87.33 41.29 13.89 14.24 6.95
2094 87.70 75.34 85.18 7.75 10.83
2095 87.66 27.93 13.50 12.55 6.22
2096 87.51 72.22 113.12 8.65 10.65
2097 87.65 48.87 16.82 12.16 7.34
2098 87.59 64.94 57.54 9.73 7.43
2099 87.97 33.50 13.52 13.94 6.03
2100 87.66 58.20 21.23 11.36 7.45
2101 87.44 45.05 16.00 8.50 6.00
2102 87.71 69.69 129.76 9.39 9.63
2103 87.65 31.02 12.07 13.62 6.76
2104 87.78 53.65 18.53 11.73 7.41
2105 87.87 67.20 86.79 9.68 9.37
2106 87.61 35.09 15.50 9.00 7.50
2107 88.05 45.55 13.19 12.82 6.18
2108 87.98 37.69 15.37 13.65 6.75
2109 87.99 23.02 10.22 11.33 3.96
2110 88.19 47.39 14.58 12.53 6.97
2111 88.02 61.76 28.12 11.18 7.44
2112 88.35 63.43 31.87 10.43 7.56
2113 88.26 55.68 17.59 11.14 6.36
2114 88.84 71.10 96.95 8.75 8.29
2115 88.32 39.75 13.28 13.34 6.67
2116 88.30 60.52 22.16 11.27 7.89
2117 88.34 36.00 13.09 14.25 6.13
2118 88.38 42.02 13.68 13.31 5.86
2119 88.37 26.30 11.32 11.78 5.32
2120 88.35 31.57 11.56 15.53 6.46
2121 88.52 73.37 84.33 7.87 7.50
2122 88.60 29.53 11.89 14.91 6.00
2123 88.70 65.49 40.88 9.31 7.91
2124 88.66 52.95 15.96 11.22 6.69
2125 88.84 57.99 17.91 11.17 6.78
2126 88.61 24.65 9.67 11.74 4.43
2127 88.91 44.31 13.91 12.33 5.33
2128 89.05 68.16 74.76 9.39 7.73
2129 88.67 54.04 17.12 10.12 6.75
2130 89.00 37.80 12.96 14.25 6.25
2131 89.19 59.66 18.63 11.23 7.32
2132 89.18 33.11 12.65 18.14 6.39
2133 89.34 55.57 15.44 11.83 6.27
2134 89.46 27.20 12.07 13.80 5.00
2135 89.21 28.59 12.13 16.07 5.87
2136 89.45 61.58 19.79 11.31 7.37
2137 89.51 40.54 12.38 15.44 5.66
2138 89.32 46.69 13.26 11.98 5.86
2139 89.65 51.67 14.30 11.13 5.93
2140 89.58 31.51 12.56 17.25 6.49
2141 89.54 42.76 12.16 13.36 5.43
2142 89.63 25.46 10.53 13.09 4.42
2143 89.80 53.54 14.79 11.44 5.84
2144 89.93 30.27 11.77 17.43 5.30
2145 90.03 49.56 12.55 10.82 5.77
2146 90.04 65.62 28.01 9.54 6.07
2147 90.08 58.09 16.25 10.96 6.17
2148 89.99 44.36 11.75 13.05 5.60
2149 90.16 37.90 12.22 22.73 6.54
2150 90.11 24.47 8.26 14.87 3.45
2151 90.25 28.85 10.76 18.05 5.55
2152 90.39 69.42 50.70 8.34 4.99
2153 90.34 54.84 14.02 11.76 5.80
2154 90.34 47.10 12.52 11.67 5.67
2155 90.48 33.32 11.12 26.09 5.73
2156 90.41 62.41 21.07 9.68 5.91
2157 90.73 42.24 11.63 22.65 5.82
2158 90.23 51.02 12.91 9.27 5.27
2159 90.77 39.77 12.38 22.10 5.02
2160 90.71 63.59 22.11 9.64 5.00
2161 91.04 35.66 11.81 24.37 5.54
2162 90.77 45.14 12.26 11.91 6.39
2163 91.11 31.05 10.45 23.63 5.09
2164 90.88 50.82 13.21 10.86 5.79
2165 91.19 57.64 13.96 10.22 6.21
2166 90.89 28.33 9.50 19.80 4.60
2167 90.98 55.74 14.14 9.81 6.14
2168 91.12 65.07 20.10 8.92 5.12
2169 91.61 37.86 12.90 25.68 5.50
2170 91.31 62.62 18.19 8.69 5.31
2171 91.46 27.54 10.04 22.17 4.50
2172 91.41 54.65 12.82 9.03 5.85
2173 91.41 68.35 25.52 9.14 4.84
2174 91.58 26.05 8.10 21.35 3.47
2175 91.39 46.66 12.76 13.07 5.41
2176 91.65 50.30 12.47 14.35 5.53
2177 92.08 29.32 10.32 27.38 4.71
2178 91.94 33.39 11.65 26.93 5.41
2179 91.52 44.57 14.94 12.29 4.88
2180 91.90 40.60 12.32 27.21 5.28
2181 91.71 64.20 17.00 9.62 4.82
2182 92.15 43.03 12.20 18.96 4.98
2183 91.76 52.86 12.70 12.14 5.53
2184 91.84 66.84 22.26 7.67 4.39
2185 91.69 47.79 13.53 13.59 5.24
2186 91.97 56.20 12.85 10.69 5.34
2187 91.91 45.69 13.60 12.80 5.94
2188 92.14 62.93 14.48 8.36 4.48
2189 92.58 35.93 12.47 26.97 5.86
2190 92.63 48.36 12.18 18.80 5.58
2191 92.35 53.63 13.75 9.89 4.77
2192 92.27 64.17 14.44 8.33 3.67
2193 92.70 51.14 13.35 13.19 5.14
2194 92.95 31.44 11.01 21.06 5.04
2195 92.61 56.82 13.57 8.54 5.03
2196 92.97 38.68 11.73 30.72 5.52
2197 92.78 64.85 11.93 7.70 4.42
2198 92.78 61.87 12.95 8.55 4.11
2199 92.91 52.88 13.33 11.75 5.58
2200 93.26 41.32 11.68 18.09 4.88
2201 93.37 43.84 10.70 19.54 5.12
2202 93.20 58.40 12.57 9.46 4.56
2203 93.24 63.36 10.95 8.51 4.84
2204 93.42 46.11 11.29 15.85 4.90
2205 93.35 34.21 11.12 19.43 5.01
2206 93.75 28.98 8.02 19.41 3.54
2207 93.90 54.27 11.60 13.00 4.46
2208 93.83 61.86 10.47 8.28 3.99
2209 93.81 47.23 12.41 15.02 5.10
2210 93.83 49.66 12.08 16.31 5.28
2211 93.71 56.82 12.70 10.76 5.03
2212 93.67 59.79 12.05 9.05 4.19
2213 93.83 30.29 9.44 17.56 4.47
2214 93.92 33.03 9.11 20.50 4.50
2215 94.29 39.00 11.22 25.37 5.06
2216 94.06 36.34 11.55 22.64 5.09
2217 94.08 52.26 10.93 14.40 5.00
2218 94.69 41.56 11.35 14.81 4.95
2219 94.68 31.64 9.24 22.53 4.35
2220 94.36 50.88 11.98 13.39 5.05
2221 94.57 44.54 11.17 14.50 5.33
2222 95.01 34.25 10.20 28.46 4.41
2223 94.48 56.63 11.08 12.10 3.67
2224 94.85 47.29 11.46 17.12 5.23
2225 94.79 52.46 12.29 11.52 4.51
2226 95.60 36.92 11.52 21.35 4.62
2227 95.34 55.06 10.98 13.29 4.15
2228 95.54 49.93 11.32 17.84 4.70
2229 95.44 57.38 10.70 10.97 4.12
2230 95.15 39.39 10.40 17.20 5.60
2231 95.57 40.05 10.91 15.57 4.77
2232 96.01 42.51 10.28 16.53 5.04
2233 95.75 45.87 9.33 14.00 4.47
2234 96.00 53.21 9.97 12.00 4.36
2235 96.46 46.97 10.58 13.58 5.05
2236 96.21 40.66 9.56 15.11 4.17
2237 96.36 55.54 10.37 9.43 3.57
2238 96.58 43.71 10.40 15.74 4.91
2239 97.06 51.01 9.29 20.92 4.23
2240 96.76 54.18 10.35 10.35 3.90
2241 97.23 41.05 8.95 16.02 4.16
2242 97.48 43.78 10.02 16.01 4.09
2243 98.14 45.71 8.43 12.23 3.41

