#<Embryo name> <Cleavage cycle> <Temporal class> <Genes>
ra7 14A 8 even-skipped Kruppel giant

#Quantitative data
#<Nucleus number> <A-P coordinate> <D-V coordinate> <Fluorescence intensity: channel 1 - eve, channel 2 - Kr, channel 3 - gt>
0 2.00 47.91 13.91 10.91 13.28
1 2.26 45.96 14.73 12.01 20.98
2 2.68 43.42 14.11 12.51 43.09
3 2.55 49.59 15.28 11.17 11.76
4 2.95 51.75 15.66 11.91 10.52
5 3.36 49.62 15.23 11.77 23.19
6 3.71 47.39 15.42 11.71 35.94
7 3.84 52.65 15.09 12.92 12.91
8 4.19 44.59 15.26 13.02 63.69
9 4.19 49.80 15.52 14.66 30.75
10 4.06 54.95 16.36 13.08 8.91
11 4.35 56.63 15.76 15.03 6.24
12 5.13 51.58 16.41 14.87 35.76
13 5.15 45.98 15.33 14.37 60.86
14 5.05 54.07 14.89 12.47 23.30
15 5.27 42.52 16.35 15.07 55.03
16 5.28 48.44 16.37 16.54 49.42
17 5.12 37.00 13.30 15.30 50.46
18 4.99 56.84 15.06 15.84 8.18
19 5.37 39.72 16.83 15.86 51.27
20 6.13 58.05 16.88 14.13 7.35
21 5.89 37.84 16.73 19.20 42.62
22 6.24 45.06 15.57 16.33 60.80
23 6.36 50.16 16.24 15.99 47.02
24 6.36 55.78 16.54 14.91 11.32
25 6.34 59.92 14.30 13.30 6.40
26 6.67 40.01 17.00 19.60 42.12
27 6.76 47.54 17.31 17.63 60.30
28 6.47 37.14 16.25 16.75 30.54
29 6.76 42.45 15.72 18.16 54.68
30 6.70 53.76 14.16 17.83 33.61
31 6.95 33.02 14.30 16.65 18.20
32 7.53 51.56 16.82 22.60 41.45
33 7.30 58.67 15.40 18.07 7.64
34 7.30 34.93 16.64 20.09 22.22
35 7.43 37.99 16.51 18.75 27.41
36 7.51 44.79 16.69 21.26 46.72
37 7.71 54.05 18.42 16.18 22.03
38 7.81 60.75 14.60 14.67 7.21
39 7.95 49.18 17.79 24.62 52.45
40 7.69 56.70 13.98 18.55 10.55
41 7.71 36.27 17.00 22.45 22.48
42 7.94 40.36 17.32 24.25 20.80
43 8.13 31.83 15.32 22.70 15.90
44 8.09 42.62 16.85 23.55 27.32
45 8.27 46.67 17.61 18.79 42.73
46 8.45 34.62 14.35 21.72 13.95
47 8.31 61.51 16.33 11.33 6.42
48 8.62 57.59 16.80 16.68 10.12
49 8.70 63.38 14.01 14.57 6.84
50 8.72 37.45 17.66 24.47 12.09
51 8.89 39.26 16.65 22.38 11.52
52 8.98 44.33 16.55 23.42 18.72
53 9.13 50.60 17.98 23.81 34.88
54 8.96 59.62 14.69 14.87 9.16
55 9.20 55.69 16.94 19.88 13.84
56 9.11 41.68 17.05 24.47 14.63
57 9.34 48.30 19.16 32.46 23.20
58 9.36 52.97 18.20 22.79 29.25
59 9.87 60.87 15.03 15.81 8.45
60 9.65 32.66 16.43 23.14 9.98
61 9.49 58.64 16.81 14.50 7.62
62 9.78 35.40 17.38 24.67 10.46
63 9.83 46.05 17.76 30.56 15.02
64 9.66 28.96 14.93 20.62 7.78
65 9.86 37.80 16.82 24.75 9.69
66 10.04 40.52 16.30 27.68 10.72
67 9.92 27.24 13.88 18.09 7.44
68 10.24 57.35 17.52 19.20 9.31
69 10.32 43.51 17.25 25.36 12.18
70 10.29 63.20 14.66 13.21 8.68
71 10.57 51.57 17.32 26.03 13.04
72 10.52 54.31 18.89 26.76 15.18
73 10.52 48.87 17.52 24.42 12.11
74 10.99 33.04 15.43 23.26 9.35
75 11.04 38.62 16.26 28.42 9.33
76 11.09 35.82 17.18 23.34 10.19
77 11.16 61.77 16.81 15.97 9.71
78 11.12 46.22 18.39 31.03 10.22
79 11.27 41.35 17.92 28.56 10.85
80 11.52 31.16 15.18 22.86 8.96
81 11.15 58.03 17.44 19.44 12.78
82 11.46 29.73 14.88 22.95 9.30
83 11.52 56.17 19.46 25.00 10.76
84 11.43 59.41 16.26 20.34 10.38
85 11.71 43.57 17.97 33.06 11.66
86 11.82 51.02 17.02 32.83 12.69
87 11.75 48.70 17.72 28.65 11.52
88 11.74 53.68 18.37 31.07 11.77
89 11.63 65.46 12.45 11.52 18.70
90 12.07 26.10 14.88 16.34 8.96
91 11.95 63.76 15.59 16.20 11.18
92 12.36 36.95 17.53 29.17 11.77
93 12.16 66.79 12.58 11.65 20.02
94 12.23 39.39 17.16 29.31 10.87
95 12.49 45.37 17.67 44.05 12.02
96 12.27 33.30 17.14 23.22 10.78
97 12.42 57.73 18.29 29.19 13.13
98 12.07 60.79 18.44 16.50 13.19
99 12.39 34.94 16.76 25.02 11.74
100 12.28 28.36 12.98 18.53 10.70
101 12.54 62.02 16.67 17.17 11.18
102 12.78 41.62 17.39 31.76 12.09
103 12.35 59.94 19.73 15.64 12.27
104 12.94 47.53 17.47 39.75 13.36
105 12.70 30.39 16.04 22.58 11.35
106 13.08 55.03 18.26 37.09 14.57
107 13.16 52.45 17.94 37.78 15.14
108 13.27 23.58 12.03 16.20 9.87
109 13.25 49.87 17.90 39.44 15.22
110 13.26 59.79 17.40 26.90 15.77
111 13.31 68.15 12.71 10.42 22.71
112 13.24 25.19 14.64 16.56 10.87
113 13.11 31.92 18.68 29.75 12.19
114 13.20 65.42 15.86 12.63 19.07
115 13.56 43.62 18.86 37.82 14.65
116 13.56 39.48 16.92 33.52 13.50
117 13.52 63.91 16.47 16.02 15.69
118 13.81 27.39 16.72 20.96 14.72
119 13.28 62.52 19.15 16.23 13.23
120 13.66 36.70 16.74 29.25 13.27
121 13.34 66.48 14.75 13.75 21.62
122 13.84 34.60 18.42 29.80 14.42
123 13.94 57.34 18.50 35.19 20.48
124 14.11 30.08 17.34 25.13 14.75
125 13.93 32.17 17.47 28.82 12.45
126 14.08 62.06 17.50 22.19 17.78
127 14.13 46.20 17.13 35.63 20.33
128 14.56 41.51 18.16 39.57 17.62
129 14.40 22.76 12.57 14.45 13.46
130 14.74 48.48 18.51 43.99 33.51
131 14.53 50.92 18.66 42.87 32.74
132 14.51 69.10 14.39 11.90 31.31
133 14.62 53.18 18.78 42.51 33.18
134 14.62 25.04 14.71 17.72 18.89
135 14.72 38.06 19.69 32.07 17.29
136 14.89 55.48 19.57 36.52 35.89
137 14.69 59.90 17.19 26.05 20.71
138 14.79 64.66 14.97 13.36 19.12
139 14.75 28.48 15.87 25.09 17.51
140 14.93 44.16 18.68 46.40 23.10
141 15.26 67.18 14.62 11.90 22.26
142 15.06 33.40 19.36 28.87 19.95
143 15.09 35.54 17.97 27.64 22.12
144 15.67 70.49 13.16 10.47 39.22
145 15.38 31.28 18.67 32.27 19.49
146 15.46 58.11 19.77 28.70 39.32
147 15.60 39.76 19.52 33.30 25.37
148 15.35 27.15 16.86 22.20 27.02
149 15.69 46.46 18.29 43.84 53.88
150 15.59 22.07 13.53 12.05 22.68
151 15.85 24.33 15.36 18.65 33.39
152 16.00 63.52 17.26 14.94 22.08
153 16.00 53.96 18.63 28.80 80.26
154 15.85 61.06 17.32 21.01 27.09
155 15.94 51.23 18.28 29.02 105.75
156 16.09 37.15 18.28 33.64 33.43
157 16.30 41.74 18.06 35.45 44.12
158 16.03 27.14 14.82 21.41 28.74
159 16.23 44.07 18.88 40.73 58.36
160 16.52 48.51 19.28 33.96 115.93
161 16.46 56.72 17.80 25.48 88.94
162 16.28 34.87 17.30 25.03 39.56
163 16.45 66.07 17.10 11.90 21.07
164 16.44 33.34 18.97 23.85 40.18
165 16.69 74.02 12.05 10.04 23.48
166 16.57 20.61 11.77 10.47 30.92
167 16.52 28.81 15.68 18.66 34.91
168 16.57 31.71 16.76 21.36 42.29
169 16.87 59.21 18.79 31.45 49.81
170 17.17 70.68 12.98 10.45 28.55
171 16.93 23.23 14.49 15.70 71.32
172 16.89 39.04 19.51 33.84 49.07
173 16.93 72.02 14.16 10.67 26.76
174 17.21 45.78 19.38 31.54 115.52
175 17.24 61.69 18.06 18.22 38.60
176 17.12 26.03 15.44 16.67 62.82
177 17.47 52.81 18.09 23.85 148.32
178 17.39 50.50 18.71 24.84 163.82
179 17.42 29.90 16.84 21.26 76.81
180 17.42 55.17 18.60 28.39 123.62
181 17.41 36.67 18.19 34.01 81.76
182 17.62 33.87 17.59 21.86 83.32
183 17.66 43.25 18.01 26.68 120.23
184 17.57 64.10 18.66 14.76 30.13
185 17.76 40.76 16.98 25.11 114.14
186 17.90 21.46 13.94 12.36 88.59
187 17.73 73.26 13.97 9.42 21.87
188 18.19 47.46 18.92 20.61 189.12
189 18.20 57.23 20.39 18.99 123.58
190 17.61 67.44 12.00 9.50 23.75
191 18.09 31.85 18.58 21.41 113.28
192 18.07 28.04 15.77 16.88 99.67
193 18.20 67.00 17.18 12.12 22.31
194 18.19 69.18 17.43 10.92 21.79
195 18.38 59.90 19.67 21.11 69.31
196 18.31 24.43 16.02 12.88 110.58
197 18.49 38.66 18.74 24.60 139.84
198 18.62 26.22 17.10 14.69 130.36
199 18.62 49.58 19.36 20.27 195.97
200 18.46 73.03 15.03 10.26 20.49
201 18.61 35.53 18.57 21.21 150.11
202 18.72 62.29 17.63 14.50 43.85
203 18.74 44.91 19.27 22.07 190.22
204 18.77 64.93 17.52 13.18 29.26
205 18.79 54.57 18.69 19.21 142.91
206 19.10 71.21 16.50 10.42 18.37
207 18.96 51.97 19.55 21.88 183.59
208 19.03 29.86 17.34 16.31 145.18
209 19.05 42.16 17.64 22.91 181.73
210 19.18 19.40 13.26 10.39 109.30
211 19.26 33.10 19.13 17.43 161.30
212 19.30 21.65 14.67 11.83 125.75
213 19.49 58.31 18.88 16.22 122.11
214 19.45 74.25 15.37 9.25 17.66
215 19.54 37.12 16.91 18.88 174.25
216 19.73 69.00 17.32 11.43 24.82
217 19.71 66.38 16.84 11.58 27.38
218 19.51 24.02 16.55 15.12 139.56
219 19.64 47.12 19.39 19.38 194.20
220 19.83 39.62 18.50 25.49 190.88
221 20.05 56.12 18.67 15.96 131.62
222 19.87 27.12 17.38 14.86 149.75
223 19.94 60.68 18.03 14.79 68.74
224 19.94 63.23 19.34 12.04 44.49
225 19.96 50.12 19.46 17.26 193.42
226 20.17 34.99 19.46 20.27 184.87
227 20.11 44.51 18.90 16.09 191.34
228 20.11 53.63 18.72 17.48 175.01
229 19.93 25.17 16.12 15.71 134.62
230 20.18 31.45 16.99 16.38 179.04
231 20.45 41.87 19.58 18.15 196.18
232 20.06 75.01 13.19 10.43 18.00
233 20.52 19.66 13.51 9.81 137.30
234 20.44 71.71 16.70 10.93 21.26
235 20.46 76.46 14.76 10.38 17.31
236 20.59 29.34 17.35 15.14 163.00
237 20.54 22.66 16.12 11.03 153.65
238 20.27 70.50 18.00 7.00 22.25
239 20.97 48.02 18.97 15.94 191.46
240 20.89 58.78 18.22 14.12 101.37
241 20.84 67.33 19.21 12.41 29.76
242 20.87 37.44 18.47 15.86 182.68
243 21.11 52.20 19.95 17.66 187.98
244 20.97 64.62 17.76 13.08 38.37
245 21.01 33.10 18.45 14.92 177.62
246 21.00 74.38 15.46 10.65 22.21
247 21.01 24.68 17.70 12.66 171.97
248 21.35 46.00 18.96 14.76 201.61
249 21.17 61.96 18.62 13.07 59.86
250 21.42 69.50 17.19 12.15 28.01
251 21.22 17.25 12.51 9.06 98.92
252 21.47 39.44 18.35 16.93 184.97
253 21.40 50.09 21.13 17.83 200.81
254 21.43 27.42 17.59 13.36 177.84
255 21.54 43.81 20.75 16.09 196.94
256 21.40 56.40 20.46 14.29 131.08
257 21.75 54.02 18.54 15.34 157.39
258 21.66 35.51 17.69 17.24 184.94
259 21.67 72.40 19.07 12.05 27.48
260 21.85 21.68 15.72 11.02 147.98
261 21.99 31.34 17.92 15.16 166.65
262 21.86 19.03 14.99 9.88 132.65
263 21.93 41.61 19.52 16.28 208.62
264 21.94 66.28 19.36 12.71 40.83
265 22.09 60.51 17.99 13.51 71.68
266 22.03 75.94 15.02 10.55 24.08
267 22.07 79.10 13.44 10.40 22.46
268 22.24 24.94 15.33 12.33 142.00
269 22.39 57.91 18.99 14.12 101.68
270 22.37 63.41 18.87 12.82 51.03
271 22.64 38.03 18.50 14.59 162.68
272 22.54 29.07 17.42 12.52 160.65
273 22.52 48.24 19.46 15.32 172.49
274 22.66 33.59 19.08 17.89 155.90
275 22.69 51.16 20.23 14.68 161.58
276 22.81 55.51 20.17 14.85 114.94
277 22.81 17.46 14.69 8.78 97.86
278 22.83 45.59 20.97 16.48 174.73
279 22.85 70.93 20.76 11.51 36.34
280 22.75 73.79 18.79 11.90 35.52
281 22.75 78.27 16.80 10.49 30.63
282 22.89 68.51 19.25 12.95 38.79
283 23.06 26.64 17.14 12.07 152.00
284 23.06 43.11 18.93 16.87 185.11
285 22.83 24.03 16.21 11.21 141.74
286 23.09 35.88 18.39 15.49 156.88
287 23.10 40.60 19.39 14.48 181.98
288 23.17 22.23 15.36 11.42 136.07
289 23.05 66.06 20.20 12.00 42.81
290 23.33 53.17 20.68 14.65 131.43
291 23.20 80.57 15.00 10.08 29.84
292 23.24 19.97 14.52 10.93 116.60
293 23.27 59.58 20.11 14.65 76.99
294 23.33 76.33 19.01 10.79 39.85
295 23.55 61.78 19.90 13.60 62.52
296 23.68 30.85 16.91 13.35 128.15
297 23.74 49.20 20.12 14.70 145.99
298 23.81 64.31 20.90 13.51 51.15
299 23.75 57.15 20.44 14.91 97.23
300 23.93 15.87 12.85 8.60 80.82
301 24.00 46.91 20.18 15.47 144.61
302 23.85 32.86 18.94 14.28 133.56
303 23.94 72.33 23.31 11.40 50.19
304 24.05 28.55 18.56 11.92 128.03
305 24.01 39.11 19.47 15.28 146.67
306 24.00 69.72 22.38 12.38 44.53
307 24.13 78.76 18.50 10.24 41.49
308 24.01 24.20 16.68 11.41 106.18
309 24.34 74.66 23.45 11.07 51.40
310 24.19 44.46 20.23 16.43 152.45
311 24.27 51.15 20.73 14.71 104.42
312 24.23 54.75 19.64 15.21 103.94
313 24.25 66.65 18.72 12.45 53.21
314 24.23 18.84 15.40 9.30 78.28
315 24.31 34.88 18.74 13.71 131.49
316 24.60 37.10 19.51 13.90 142.65
317 24.43 41.65 20.90 15.58 132.61
318 24.49 26.44 18.88 11.84 99.23
319 24.46 59.19 19.26 14.34 77.12
320 24.51 21.39 15.50 10.29 85.15
321 24.75 62.84 20.81 13.52 61.72
322 24.99 68.35 21.93 11.92 61.68
323 25.09 52.48 21.63 15.22 95.61
324 24.99 56.64 21.13 13.68 84.58
325 25.08 77.02 25.61 10.21 55.99
326 24.81 14.45 12.92 7.63 49.29
327 25.11 32.62 18.48 13.18 111.45
328 25.06 48.66 20.23 14.23 100.62
329 25.17 24.37 17.62 11.38 94.99
330 25.27 60.69 22.75 14.65 75.73
331 25.01 30.33 17.43 12.38 93.66
332 25.17 16.88 15.12 9.40 75.10
333 25.34 70.49 29.41 12.34 67.60
334 25.17 72.54 34.60 11.29 72.05
335 25.31 80.34 25.84 9.95 60.36
336 25.39 38.86 19.37 14.46 118.42
337 25.39 46.22 21.19 14.25 118.86
338 25.44 43.65 20.04 14.92 126.45
339 25.43 65.11 23.29 13.34 69.93
340 25.29 18.78 16.92 9.43 77.73
341 25.36 29.00 18.54 13.24 106.06
342 25.53 35.31 19.51 14.40 113.58
343 25.59 54.40 20.32 15.00 82.70
344 25.50 20.01 16.06 10.45 76.21
345 25.73 27.46 18.36 11.54 92.92
346 25.64 41.02 20.79 15.29 109.60
347 25.69 74.44 66.14 10.78 76.74
348 25.76 58.46 21.79 14.43 85.27
349 25.77 22.30 16.33 10.98 80.53
350 25.90 14.75 14.75 8.39 67.78
351 25.97 50.34 20.68 14.59 91.60
352 25.75 66.71 22.75 13.46 65.64
353 26.00 62.31 22.86 13.96 75.39
354 26.20 30.92 18.77 12.98 91.92
355 26.01 78.17 137.71 12.11 76.62
356 26.32 37.11 21.73 13.65 100.25
357 26.25 56.29 23.54 14.43 94.17
358 26.27 47.85 22.65 15.39 101.21
359 26.29 68.26 29.80 13.34 82.88
360 26.33 33.94 19.54 13.62 100.68
361 26.30 17.49 14.71 9.17 67.24
362 26.35 24.51 17.40 10.95 78.72
363 26.42 52.90 21.57 14.09 93.48
364 26.60 70.93 129.01 13.07 87.55
365 26.58 76.22 196.33 13.20 86.95
366 26.54 45.18 21.45 14.47 104.29
367 26.62 42.52 21.31 13.20 96.29
368 26.63 59.86 22.29 13.45 86.31
369 26.66 80.92 109.38 11.25 72.81
370 26.62 28.97 18.69 12.37 76.04
371 26.75 39.69 21.39 13.35 101.43
372 26.33 63.22 20.75 13.25 78.25
373 26.65 20.31 16.49 10.48 78.24
374 26.73 65.85 28.98 12.63 87.37
375 26.78 26.60 17.62 9.93 71.60
376 26.72 78.81 158.73 11.92 76.48
377 27.07 63.70 26.15 13.52 92.60
378 27.00 12.98 13.48 8.34 62.04
379 26.98 15.03 16.19 9.43 75.51
380 26.99 51.26 22.60 14.62 98.53
381 27.24 55.18 24.24 14.67 98.32
382 27.21 16.38 16.03 8.79 77.74
383 27.14 32.42 20.00 11.97 97.95
384 27.21 49.00 23.95 15.11 105.36
385 27.25 57.66 25.26 14.96 96.42
386 27.25 73.97 227.56 13.02 116.71
387 27.23 61.44 25.86 14.21 88.07
388 27.38 83.10 118.13 11.13 113.82
389 27.41 35.27 22.01 13.49 90.63
390 27.42 37.65 20.59 13.39 98.99
391 27.38 46.59 23.60 14.20 89.41
392 27.38 18.55 18.21 9.67 77.33
393 27.57 27.94 20.04 12.19 83.69
394 27.62 41.54 23.16 13.96 91.75
395 27.53 67.44 48.97 12.30 108.35
396 27.70 44.06 22.22 14.77 99.10
397 27.51 53.22 23.76 15.10 98.76
398 27.81 30.26 20.13 12.39 93.41
399 27.78 71.22 215.04 14.02 117.89
400 27.91 25.61 19.87 11.38 83.74
401 27.74 77.66 191.13 11.59 104.22
402 27.79 20.84 18.54 10.08 84.30
403 27.69 51.34 23.08 15.97 99.61
404 28.11 80.36 150.01 12.22 126.81
405 27.98 59.64 29.34 14.22 97.12
406 27.91 65.14 51.87 12.83 121.68
407 28.15 12.01 16.70 7.28 58.69
408 28.15 39.75 24.11 14.20 100.73
409 28.14 14.43 18.62 8.44 77.51
410 28.17 32.90 22.28 13.24 104.00
411 28.16 62.49 43.82 14.74 112.03
412 28.11 76.00 202.92 12.36 136.53
413 28.20 49.39 24.95 15.07 108.05
414 28.36 68.83 223.34 14.71 126.11
415 28.21 16.89 20.18 9.82 98.76
416 28.44 47.32 24.16 15.19 110.05
417 28.18 53.48 24.81 13.68 108.32
418 28.37 55.67 27.13 14.59 102.71
419 28.31 57.69 32.76 15.40 95.62
420 28.41 23.81 21.79 11.41 89.68
421 28.52 74.79 206.47 13.07 123.66
422 28.61 45.16 25.78 14.19 101.69
423 28.49 51.27 24.42 14.07 97.55
424 28.62 19.04 23.51 10.36 93.45
425 28.56 35.29 23.14 13.42 105.54
426 28.50 37.55 22.26 14.16 102.70
427 28.73 42.40 25.92 15.67 107.09
428 28.88 83.07 90.05 11.73 144.60
429 28.72 28.90 23.75 12.75 96.03
430 28.81 66.50 220.18 15.37 136.41
431 28.72 72.56 194.14 12.65 110.84
432 28.93 21.72 27.03 10.84 97.81
433 29.00 26.76 28.07 11.98 98.97
434 28.95 77.98 174.42 12.24 149.53
435 28.92 30.99 23.94 12.62 102.61
436 29.10 61.14 203.91 15.56 151.50
437 28.99 63.92 203.40 15.35 151.53
438 28.95 53.11 29.52 14.55 103.04
439 29.08 59.12 78.74 16.38 147.49
440 29.18 15.74 33.02 8.73 104.34
441 29.22 70.30 204.34 13.72 167.31
442 29.31 33.39 29.73 12.01 108.48
443 29.14 40.33 25.55 15.08 99.31
444 29.31 48.98 29.86 15.58 118.78
445 29.36 57.23 67.22 14.04 137.19
446 29.39 54.93 39.58 15.10 137.10
447 29.50 13.29 49.10 8.33 84.91
448 29.51 24.80 37.44 10.93 109.06
449 29.53 38.27 31.18 13.04 119.52
450 29.70 85.40 51.37 11.88 137.08
451 29.60 46.64 35.87 14.87 130.20
452 29.61 35.88 36.27 14.61 125.51
453 29.58 51.17 39.35 13.76 124.03
454 29.63 75.54 149.95 13.72 162.32
455 29.87 19.98 88.83 10.78 119.78
456 29.56 44.00 29.06 13.49 112.86
457 29.54 31.30 35.70 13.50 115.60
458 29.89 22.93 86.73 10.81 120.73
459 29.89 68.23 212.71 14.87 196.71
460 29.87 72.64 153.12 16.18 149.76
461 29.86 29.13 36.05 11.84 113.53
462 29.90 65.59 228.41 16.69 168.12
463 30.08 42.27 44.11 14.84 134.20
464 30.00 62.75 228.83 16.26 168.93
465 30.07 31.77 41.46 12.91 118.87
466 30.06 53.25 107.33 14.58 156.23
467 30.17 40.30 46.25 14.04 144.83
468 30.05 17.74 91.19 9.51 129.44
469 30.13 27.06 106.14 12.78 123.78
470 30.18 60.11 221.39 15.60 175.61
471 30.24 78.01 85.89 12.75 166.89
472 30.26 11.39 99.16 8.30 102.34
473 30.42 15.13 124.74 9.40 127.50
474 30.42 82.82 50.98 12.89 133.11
475 30.27 34.04 58.89 12.67 113.78
476 30.49 55.54 233.40 16.59 155.24
477 30.32 70.62 169.93 14.85 161.17
478 30.44 44.89 60.63 15.60 157.40
479 30.29 48.54 63.89 15.26 153.36
480 30.57 57.88 233.58 17.13 190.02
481 30.55 36.31 128.58 15.69 145.41
482 30.69 24.66 164.88 12.32 138.74
483 30.67 38.43 148.70 14.90 160.42
484 30.68 50.92 222.53 16.57 185.76
485 30.72 74.48 89.91 14.98 156.25
486 30.86 30.39 189.11 13.78 158.14
487 30.68 46.82 134.60 16.86 152.51
488 30.88 64.44 191.80 15.47 211.86
489 31.00 67.01 135.43 15.41 219.32
490 31.01 22.07 164.23 11.13 133.48
491 31.13 17.00 145.43 10.47 170.91
492 31.26 19.62 155.23 11.37 159.50
493 31.16 69.35 108.36 15.21 201.60
494 31.22 32.87 192.99 14.07 148.79
495 31.10 42.91 205.12 15.37 154.48
496 30.99 62.04 189.46 17.80 184.04
497 31.33 28.38 189.58 12.74 180.05
498 31.15 53.23 227.11 16.68 154.86
499 31.30 79.79 39.47 13.90 140.21
500 31.27 40.57 205.59 16.55 172.04
501 31.23 59.82 211.03 16.73 227.97
502 31.42 71.98 92.24 15.51 178.23
503 31.45 85.17 24.58 13.36 112.80
504 31.33 26.21 187.79 12.66 172.11
505 31.42 76.94 46.57 13.33 150.13
506 31.41 87.84 15.19 10.16 56.81
507 31.34 11.44 104.87 9.03 142.85
508 31.55 35.19 197.21 14.67 181.61
509 31.48 49.08 233.83 17.82 203.90
510 31.57 44.82 217.52 17.40 186.94
511 31.78 82.23 31.52 12.96 113.04
512 31.71 37.70 208.57 16.48 197.09
513 31.47 55.32 224.10 15.31 165.28
514 31.75 46.91 236.36 17.19 200.51
515 31.84 56.91 205.59 17.82 192.46
516 31.85 63.28 136.68 16.89 218.68
517 31.86 51.32 234.00 18.93 203.14
518 31.98 13.30 108.60 10.45 167.52
519 31.98 74.45 48.76 14.71 151.34
520 32.07 65.46 103.01 16.23 216.89
521 32.16 15.51 106.65 10.18 181.29
522 32.12 24.40 171.48 13.58 206.28
523 32.04 30.91 199.12 14.96 215.27
524 32.13 61.32 126.85 16.99 232.10
525 32.19 58.94 163.16 16.18 235.85
526 32.21 67.56 67.29 18.00 192.75
527 32.15 42.60 223.41 16.13 222.83
528 32.17 53.72 217.97 18.03 233.99
529 32.17 22.16 173.99 11.39 200.35
530 32.33 17.90 122.59 11.68 189.86
531 32.40 40.05 220.86 16.77 224.78
532 32.38 69.71 52.29 14.94 182.60
533 32.50 33.17 201.76 14.75 211.08
534 32.68 10.57 57.41 9.43 162.41
535 32.59 28.93 180.48 14.80 216.22
536 32.73 20.23 132.84 12.21 203.84
537 32.52 26.72 158.98 11.92 193.85
538 32.59 87.17 19.39 12.87 56.65
539 32.62 76.81 28.94 15.94 117.54
540 32.76 79.25 26.25 14.12 97.54
541 32.72 72.23 39.52 16.78 151.64
542 32.67 48.46 199.28 18.34 230.00
543 32.75 35.64 188.87 16.83 221.51
544 32.72 50.63 161.53 18.13 230.53
545 32.83 55.47 176.49 17.88 235.17
546 32.79 46.16 194.44 17.68 226.79
547 32.89 38.13 183.03 16.50 221.00
548 33.04 84.64 26.47 15.28 79.23
549 33.02 44.21 211.44 17.40 237.92
550 33.04 81.63 26.75 13.83 87.38
551 33.08 63.01 52.65 16.38 207.33
552 33.09 52.61 152.06 19.47 224.92
553 33.09 57.76 81.51 17.91 229.51
554 33.19 41.77 177.35 17.01 228.58
555 33.20 60.42 54.82 17.44 223.56
556 33.25 65.47 51.55 17.18 205.67
557 33.34 74.57 29.99 15.40 110.82
558 33.32 13.30 62.24 9.51 172.75
559 33.32 16.36 78.00 10.45 187.24
560 33.36 22.95 110.17 13.34 211.06
561 33.32 31.00 185.48 16.06 226.13
562 33.36 67.78 41.23 17.13 188.01
563 33.44 25.49 129.74 13.26 214.01
564 33.60 18.44 89.68 11.76 186.06
565 33.61 70.14 32.32 16.20 152.03
566 33.63 47.83 156.54 19.28 235.08
567 33.71 33.72 159.47 15.97 232.37
568 33.68 50.03 125.63 17.37 241.53
569 33.77 28.13 131.54 14.87 214.70
570 33.77 36.68 125.56 15.42 235.42
571 33.86 54.31 94.96 18.02 240.52
572 33.94 77.05 29.78 16.38 87.64
573 34.14 87.92 104.12 18.95 38.55
574 33.84 39.30 133.26 16.24 202.68
575 34.06 72.64 29.27 16.38 110.50
576 34.06 20.69 74.97 12.71 202.95
577 34.09 45.95 120.00 17.86 233.47
578 34.05 56.60 50.59 18.31 228.47
579 34.15 59.03 44.31 18.04 228.08
580 34.09 86.08 97.16 19.52 43.84
581 34.16 43.58 119.26 17.94 239.22
582 34.22 79.37 27.74 16.55 68.00
583 34.12 10.23 31.22 8.76 108.74
584 34.18 41.06 134.48 17.59 237.44
585 34.20 61.78 40.91 17.72 211.46
586 34.27 51.65 78.77 18.39 234.98
587 34.31 64.00 33.98 18.36 187.09
588 34.22 81.99 31.06 17.47 60.92
589 34.27 15.00 50.80 11.34 177.05
590 34.33 31.87 137.66 16.17 216.48
591 34.43 66.30 30.56 18.51 157.72
592 34.38 84.40 76.85 15.77 42.77
593 34.47 24.00 73.93 14.07 210.16
594 34.61 29.90 89.26 15.29 223.03
595 34.56 12.49 35.41 10.25 164.11
596 34.56 68.51 29.77 17.81 122.62
597 34.45 89.99 71.60 15.29 14.74
598 34.77 26.23 59.33 14.16 209.89
599 34.71 74.89 29.86 15.95 76.76
600 34.71 35.24 70.22 16.79 220.33
601 34.79 17.40 61.91 12.29 187.72
602 34.67 48.50 104.21 21.10 228.58
603 34.78 37.64 72.77 16.90 223.87
604 34.90 70.70 28.31 18.36 95.91
605 34.97 53.45 48.16 19.51 237.45
606 35.16 55.47 38.25 19.16 212.08
607 35.10 22.14 53.19 12.06 197.41
608 35.11 60.32 29.47 17.59 194.76
609 35.22 39.95 72.74 17.05 227.20
610 35.24 33.12 89.09 16.72 218.12
611 35.14 45.17 58.32 17.81 234.20
612 35.11 57.67 34.21 17.90 190.03
613 35.25 19.79 39.96 11.80 183.09
614 35.16 42.49 63.40 17.45 236.98
615 35.37 28.11 46.35 14.94 204.89
616 35.20 10.16 21.43 8.94 102.38
617 35.34 79.80 114.00 18.80 42.30
618 35.37 15.04 36.67 11.73 168.15
619 35.49 76.83 74.23 19.16 49.95
620 35.36 62.60 29.67 18.58 152.94
621 35.47 72.53 31.26 18.18 72.87
622 35.53 83.05 196.12 21.73 32.29
623 35.70 88.96 156.73 23.32 17.56
624 35.48 51.67 37.40 19.32 209.16
625 35.48 65.17 31.14 19.68 128.66
626 35.71 85.99 175.36 22.03 22.82
627 35.81 46.87 46.64 19.20 217.54
628 35.65 49.29 49.35 20.00 204.34
629 35.63 67.65 31.72 19.72 104.05
630 35.58 11.33 24.50 9.34 140.93
631 35.76 31.03 54.33 17.47 206.12
632 35.75 24.74 39.50 13.65 208.35
633 35.89 12.95 25.99 10.76 157.10
634 35.87 37.75 47.06 17.63 224.78
635 35.98 35.15 46.70 17.11 203.49
636 35.91 74.27 66.59 22.49 59.49
637 36.15 17.57 27.92 11.95 170.41
638 36.04 70.11 36.18 21.00 79.58
639 36.06 43.83 41.86 18.96 219.92
640 36.12 58.69 32.26 19.83 145.46
641 36.12 54.12 31.38 20.22 182.16
642 36.20 41.39 41.32 18.26 203.35
643 36.29 56.53 33.36 18.83 167.17
644 36.26 60.96 31.43 20.11 125.65
645 36.23 22.52 31.09 14.14 197.01
646 36.29 26.79 28.42 14.85 160.27
647 36.35 63.59 30.98 19.11 125.82
648 36.38 20.13 25.22 13.22 157.14
649 36.43 29.04 37.21 15.71 177.44
650 36.34 78.51 190.42 19.05 27.40
651 36.49 32.99 33.91 17.86 198.51
652 36.55 50.94 33.00 21.20 175.24
653 36.70 81.82 198.75 24.91 26.61
654 36.60 15.42 24.44 12.26 158.71
655 36.61 39.25 33.22 17.79 192.57
656 36.65 65.80 38.60 20.83 93.11
657 36.70 10.93 17.36 9.90 113.55
658 36.91 76.63 213.25 23.85 29.59
659 36.82 79.74 214.56 26.78 30.12
660 36.63 67.94 85.17 23.32 71.22
661 36.75 71.73 110.19 21.04 49.99
662 36.76 48.94 32.03 20.62 159.18
663 36.91 45.12 31.94 19.58 186.61
664 37.14 8.65 16.20 10.13 86.68
665 37.09 52.94 31.30 20.27 159.91
666 37.02 24.47 26.75 14.31 169.01
667 36.92 36.76 31.95 17.48 169.47
668 36.95 13.56 19.59 10.87 136.21
669 36.94 47.02 30.16 19.78 153.94
670 37.07 74.04 184.29 23.65 33.38
671 37.13 84.39 192.19 29.47 17.93
672 37.08 87.40 157.14 35.60 12.76
673 37.12 31.01 28.37 15.87 161.15
674 37.11 90.08 74.92 25.06 9.85
675 36.97 92.43 36.08 17.04 6.62
676 37.12 42.60 32.41 19.83 186.94
677 37.33 55.07 38.50 20.95 123.00
678 37.15 61.70 45.83 21.95 98.97
679 37.12 59.18 41.62 22.56 102.89
680 37.32 34.78 28.80 17.20 166.98
681 37.36 18.82 22.29 12.82 141.00
682 37.45 69.58 197.86 23.48 38.71
683 37.31 21.67 22.53 14.15 141.73
684 37.44 26.78 29.52 16.07 164.28
685 37.48 40.33 27.50 19.95 147.96
686 37.51 57.16 38.49 22.04 123.09
687 37.63 16.83 22.40 11.82 109.25
688 37.61 28.93 29.41 17.67 150.41
689 37.74 67.18 191.67 24.30 43.60
690 37.73 50.99 36.68 22.90 126.25
691 37.83 64.96 174.94 27.95 55.41
692 37.93 32.47 28.13 18.45 138.29
693 37.97 11.50 22.91 13.07 90.16
694 37.86 48.76 33.56 21.80 136.59
695 37.77 81.02 144.56 27.04 17.27
696 37.98 14.46 22.52 12.63 112.90
697 38.07 78.61 190.06 34.60 19.59
698 38.04 43.90 30.77 20.42 163.73
699 37.95 46.34 32.88 20.93 123.93
700 38.23 73.20 200.14 27.50 24.81
701 38.14 91.49 40.07 31.88 7.22
702 38.05 59.35 160.43 25.61 68.46
703 38.17 7.54 16.60 9.73 46.30
704 38.26 36.67 31.93 20.19 140.30
705 38.26 23.07 25.59 15.14 131.30
706 38.22 25.20 26.81 16.31 130.79
707 38.29 61.62 195.33 26.52 56.50
708 38.39 70.98 198.56 29.25 27.55
709 38.40 75.90 187.84 36.25 20.11
710 38.40 41.49 33.47 20.75 135.06
711 38.46 83.04 169.10 33.55 14.03
712 38.37 86.13 112.53 38.63 11.57
713 38.48 89.07 93.94 42.41 9.54
714 38.46 20.53 26.87 14.80 110.69
715 38.55 34.25 30.08 19.37 136.87
716 38.40 52.62 101.07 24.08 90.24
717 38.29 54.67 58.77 25.54 91.00
718 38.54 39.10 36.94 23.39 105.24
719 38.81 63.59 222.16 28.20 40.28
720 38.61 30.36 35.50 19.74 114.80
721 38.65 27.47 35.56 17.86 108.55
722 38.70 17.94 31.32 14.81 97.25
723 38.74 9.84 29.79 11.72 60.21
724 38.79 57.27 176.92 28.63 60.76
725 38.92 68.56 213.04 30.04 27.18
726 38.83 15.69 26.71 14.24 87.44
727 38.82 47.72 80.29 24.24 106.60
728 38.83 50.03 124.78 23.28 95.54
729 38.93 65.97 211.49 30.46 28.45
730 38.91 45.10 55.35 24.25 105.52
731 39.01 80.14 130.34 39.84 15.29
732 39.09 13.01 43.29 14.89 68.14
733 39.21 42.68 72.81 29.14 102.47
734 39.24 32.57 49.39 23.54 95.58
735 39.38 60.32 231.78 33.09 38.97
736 39.41 54.21 200.68 26.21 54.33
737 39.29 22.62 42.10 18.06 106.73
738 39.29 37.44 58.43 25.16 98.94
739 39.49 51.68 200.66 27.79 65.28
740 39.30 77.61 110.41 39.20 13.93
741 39.27 24.77 58.67 19.37 86.40
742 39.38 28.82 92.59 20.41 86.43
743 39.40 72.78 160.28 43.91 17.63
744 39.66 75.05 125.58 51.55 16.40
745 39.59 85.24 94.24 66.06 10.33
746 39.76 7.79 60.25 13.41 35.27
747 39.43 40.17 84.27 26.85 88.69
748 39.63 90.91 37.11 61.56 8.08
749 39.49 34.96 67.33 26.30 98.22
750 39.63 19.58 103.72 18.62 73.36
751 39.77 70.57 167.17 41.29 19.02
752 39.85 81.53 119.37 50.85 11.94
753 39.74 46.34 165.53 28.61 61.99
754 39.87 62.33 225.55 37.47 29.74
755 39.62 88.09 52.05 69.85 10.31
756 39.79 26.45 99.78 20.26 69.41
757 39.78 15.13 81.88 15.88 50.38
758 39.97 30.72 142.62 25.46 53.71
759 40.31 48.31 212.64 35.04 48.46
760 40.03 56.18 225.04 36.61 37.83
761 39.86 17.05 110.23 18.49 57.67
762 40.02 43.62 179.09 28.67 54.01
763 39.99 66.69 172.04 42.88 20.85
764 39.94 10.28 91.06 16.02 44.63
765 40.01 58.58 224.44 34.59 36.75
766 40.17 64.61 176.01 43.48 24.42
767 40.26 38.49 159.11 29.33 55.84
768 40.24 79.33 117.85 63.83 12.93
769 40.06 11.77 89.90 15.25 47.81
770 40.27 35.97 152.14 27.95 54.66
771 40.40 68.63 170.66 47.98 18.69
772 40.46 40.89 197.73 33.03 46.88
773 40.28 21.88 138.01 20.28 56.59
774 40.47 32.92 159.02 30.01 39.50
775 40.30 76.85 88.13 62.36 14.54
776 40.47 24.10 157.18 21.09 47.09
777 40.50 13.59 101.62 17.16 36.43
778 40.63 28.48 160.44 26.36 45.56
779 40.54 53.16 219.75 33.68 35.71
780 40.64 83.29 88.41 77.68 10.93
781 40.55 72.95 111.20 67.01 13.81
782 40.84 89.38 33.35 83.66 8.76
783 40.75 60.44 189.35 42.55 25.72
784 41.00 26.12 147.94 28.92 38.36
785 40.92 50.88 223.54 41.57 35.66
786 40.95 19.30 137.42 23.82 31.16
787 40.80 87.01 41.48 91.71 9.85
788 40.80 6.68 63.43 14.53 17.42
789 41.03 45.08 217.94 37.95 34.45
790 40.81 15.26 123.60 19.14 30.66
791 41.04 91.30 23.89 71.36 8.68
792 41.10 8.75 95.75 18.53 23.82
793 40.96 57.74 202.97 44.29 24.27
794 41.16 75.42 72.67 81.02 14.04
795 41.07 16.58 129.92 21.46 28.76
796 40.98 62.75 183.58 46.01 19.24
797 41.07 70.64 117.63 67.00 14.50
798 41.06 66.39 120.18 52.08 17.17
799 41.22 10.78 113.67 21.04 26.49
800 41.28 30.48 173.61 30.75 30.78
801 41.22 81.24 57.51 80.84 12.24
802 41.30 34.50 173.94 35.52 36.26
803 41.32 42.55 204.51 37.64 29.52
804 41.38 77.90 57.58 93.39 11.40
805 41.17 79.44 52.39 96.32 11.92
806 41.64 48.77 204.45 46.11 29.60
807 41.52 22.27 152.94 31.79 31.25
808 41.52 36.88 181.73 39.92 29.71
809 41.62 38.95 198.70 43.75 29.07
810 41.58 64.55 113.83 65.45 15.92
811 41.78 52.72 210.42 51.08 25.18
812 41.71 68.65 116.40 85.10 13.77
813 41.63 73.05 79.09 93.15 13.38
814 41.66 86.71 36.65 93.73 9.46
815 41.76 83.98 43.50 107.10 11.01
816 41.92 54.75 173.01 52.41 20.19
817 41.86 59.64 143.99 51.52 15.53
818 42.03 13.51 101.66 24.87 16.40
819 41.91 24.61 135.44 33.71 21.00
820 41.77 27.96 153.62 33.90 27.98
821 41.99 32.25 160.63 43.37 23.40
822 41.90 56.85 167.58 61.92 19.14
823 41.95 15.47 113.25 28.41 18.91
824 42.09 46.86 164.70 44.17 24.61
825 42.03 62.13 142.44 64.09 15.33
826 42.15 40.85 167.83 56.65 21.65
827 42.30 7.42 69.92 24.59 13.30
828 42.18 20.16 134.55 33.34 20.84
829 42.09 44.60 187.32 40.75 29.69
830 42.11 50.57 186.64 49.54 23.74
831 42.12 66.75 83.53 94.71 14.14
832 42.30 87.51 30.73 95.30 8.53
833 42.21 71.05 68.80 104.10 13.39
834 42.33 76.79 41.04 115.01 11.08
835 42.21 79.44 34.24 102.72 10.19
836 42.43 91.44 21.94 82.94 6.87
837 42.33 35.19 139.75 40.52 21.62
838 42.33 81.48 30.64 98.96 10.94
839 42.48 9.87 69.56 22.83 13.25
840 42.50 29.81 160.07 44.85 19.86
841 42.71 73.95 48.28 118.56 11.95
842 42.67 27.06 135.79 46.42 18.11
843 42.60 64.66 79.68 107.22 14.38
844 42.82 42.83 151.39 56.72 19.99
845 42.59 22.52 107.24 32.96 17.98
846 42.73 37.60 141.56 50.92 20.43
847 42.90 12.22 79.02 36.05 11.57
848 42.54 16.95 99.28 33.56 16.56
849 42.68 58.04 107.02 88.17 15.04
850 42.93 33.48 129.46 59.12 16.98
851 42.89 83.82 35.06 112.24 10.20
852 42.92 69.25 53.53 123.74 12.72
853 43.19 15.29 83.59 40.72 12.00
854 42.90 48.55 144.32 57.88 19.78
855 42.84 60.54 95.50 90.89 14.91
856 43.01 24.75 114.34 50.66 15.02
857 42.94 39.82 138.31 59.92 17.18
858 43.08 53.23 141.24 72.05 16.73
859 43.11 17.90 87.97 47.59 12.92
860 43.02 51.24 137.53 74.00 17.47
861 42.97 55.50 131.81 86.06 16.14
862 42.99 45.54 155.06 58.88 16.52
863 43.24 87.57 37.12 130.99 10.24
864 42.99 14.10 87.15 32.85 10.27
865 43.16 62.79 71.10 122.24 15.07
866 42.91 79.98 34.10 132.25 11.55
867 43.13 66.76 49.78 125.18 13.36
868 43.30 20.33 95.15 52.72 14.25
869 43.37 31.30 125.39 57.34 14.70
870 43.35 71.60 39.84 127.24 13.15
871 43.52 59.12 58.85 115.27 14.42
872 43.50 75.10 39.29 123.16 12.16
873 43.50 28.86 120.57 64.93 14.76
874 43.51 35.82 112.41 72.42 17.08
875 43.47 79.80 37.15 144.58 10.98
876 43.61 81.87 36.08 121.84 11.93
877 43.57 22.91 86.76 61.00 12.78
878 43.62 77.34 38.34 134.50 11.47
879 43.62 7.93 51.69 45.47 9.28
880 43.55 89.61 33.23 108.02 8.79
881 43.68 91.75 35.17 108.75 8.20
882 43.64 57.07 82.30 115.10 14.96
883 43.65 41.54 123.66 87.47 16.24
884 43.77 64.83 41.06 131.03 13.04
885 43.69 26.58 94.00 76.20 13.39
886 43.69 38.85 96.77 101.44 15.95
887 43.74 46.99 89.38 94.59 17.16
888 43.66 49.71 99.43 93.96 18.14
889 43.77 44.38 98.32 103.93 17.95
890 43.89 61.04 59.62 144.22 14.79
891 44.02 68.61 37.90 142.65 13.45
892 44.14 93.89 55.72 83.44 6.74
893 43.93 13.28 56.14 52.64 10.22
894 43.99 84.54 53.31 132.70 10.49
895 43.95 33.65 88.63 87.02 14.98
896 44.09 54.49 71.66 126.10 16.07
897 44.06 52.14 79.09 115.06 16.00
898 44.20 73.32 35.43 135.79 13.04
899 44.27 24.85 65.73 88.37 10.65
900 44.28 19.29 67.29 79.85 11.77
901 44.30 37.23 79.75 126.22 14.51
902 44.39 62.96 43.14 171.09 14.91
903 44.32 66.54 38.02 147.73 13.20
904 44.44 29.73 79.66 106.27 13.88
905 44.46 31.90 70.50 99.95 13.61
906 44.47 71.08 36.71 156.99 12.20
907 44.53 87.56 132.73 130.53 9.92
908 44.46 40.86 74.73 121.46 14.88
909 44.56 79.20 73.13 150.69 11.56
910 44.42 10.92 30.29 56.22 8.36
911 44.51 27.58 58.63 95.62 13.72
912 44.50 49.60 59.06 135.81 15.30
913 44.61 43.34 60.20 124.75 14.40
914 44.66 5.67 17.24 55.01 6.24
915 44.63 56.43 47.70 131.13 14.41
916 44.59 58.80 44.58 139.88 14.65
917 44.60 76.34 55.51 148.89 11.53
918 44.76 89.84 146.39 111.24 8.89
919 44.76 47.57 53.51 120.74 14.64
920 44.76 34.74 61.56 114.80 15.05
921 44.81 45.55 49.50 136.63 15.08
922 44.85 8.13 22.75 70.22 8.28
923 44.87 81.59 169.59 144.13 11.23
924 44.97 21.07 45.87 94.21 11.05
925 44.90 14.53 37.30 79.87 10.16
926 45.01 39.10 48.89 126.83 14.37
927 45.01 60.99 39.66 169.53 15.03
928 45.14 51.09 40.67 162.10 15.87
929 45.15 53.06 42.81 147.70 15.45
930 45.06 64.92 38.13 175.40 13.83
931 45.15 23.43 37.38 106.00 10.61
932 45.15 84.21 191.68 132.46 10.44
933 45.27 74.24 69.26 166.76 12.44
934 45.04 75.53 54.45 176.35 10.30
935 45.32 18.63 28.35 93.19 9.67
936 45.30 25.85 35.03 114.58 11.53
937 45.29 67.06 41.56 159.92 12.82
938 45.56 92.11 147.40 102.53 7.27
939 45.54 95.05 65.65 58.15 5.16
940 45.36 36.57 40.35 130.84 14.28
941 45.46 54.99 39.00 138.69 15.54
942 45.34 69.31 37.97 164.17 12.82
943 45.39 10.79 23.79 89.42 8.08
944 45.40 41.88 40.09 133.11 14.20
945 45.50 30.33 42.29 123.27 12.89
946 45.52 32.59 41.05 128.27 12.22
947 45.56 71.93 65.53 152.07 12.38
948 45.64 28.08 38.51 122.44 11.44
949 45.63 57.36 42.18 176.92 14.81
950 45.56 63.04 41.02 186.76 14.95
951 45.74 49.00 41.68 166.06 15.67
952 45.63 59.36 35.84 155.74 13.86
953 45.76 44.50 37.39 154.36 13.73
954 45.86 76.82 214.90 147.32 12.19
955 45.80 79.51 211.43 149.99 11.71
956 45.98 34.67 35.53 153.36 13.53
957 45.99 86.37 220.97 141.64 10.10
958 45.99 6.29 19.26 88.41 7.24
959 45.96 15.85 27.36 110.61 9.57
960 46.02 46.85 37.53 175.52 15.15
961 46.09 40.32 39.40 159.00 13.97
962 46.00 89.18 177.73 104.89 8.89
963 46.09 38.16 35.76 156.72 13.96
964 46.11 82.24 227.32 142.68 11.02
965 46.02 21.53 28.87 116.61 10.94
966 46.10 65.60 53.64 176.33 13.33
967 46.19 24.23 29.45 127.85 10.27
968 46.19 61.11 55.17 168.39 14.15
969 46.28 8.96 20.13 90.61 7.86
970 46.33 12.23 22.08 103.43 8.55
971 46.29 51.34 40.86 178.74 14.34
972 46.27 68.35 101.08 182.27 11.93
973 46.39 53.60 45.41 176.52 15.28
974 46.31 73.98 175.26 165.80 11.39
975 46.43 42.81 36.55 175.20 14.13
976 46.57 19.57 29.72 119.12 10.51
977 46.54 26.45 30.18 132.90 11.15
978 46.59 30.92 33.20 139.09 11.14
979 46.56 56.04 47.48 176.08 14.89
980 46.55 63.36 96.18 190.09 14.66
981 46.66 94.18 89.11 89.40 5.99
982 46.66 33.01 33.60 152.13 12.97
983 46.75 36.24 43.26 161.30 13.92
984 46.77 28.67 37.56 153.02 12.25
985 46.86 4.30 24.76 81.65 6.72
986 46.64 58.60 93.03 174.08 15.28
987 46.80 71.65 217.89 159.65 12.02
988 46.86 78.53 220.33 142.58 12.15
989 46.94 91.06 167.33 115.90 8.11
990 46.93 22.32 32.06 125.24 10.46
991 46.87 45.39 57.19 189.82 15.14
992 46.89 17.31 33.55 121.30 9.75
993 46.82 49.52 48.31 181.06 15.37
994 46.87 69.71 179.33 175.15 13.44
995 47.08 75.74 226.95 143.96 11.98
996 47.07 84.16 226.30 135.70 10.33
997 47.10 80.91 223.73 143.54 11.12
998 47.18 47.74 71.25 200.15 15.08
999 47.08 87.02 205.76 115.12 9.59
1000 47.14 40.83 43.97 180.22 14.72
1001 47.20 65.01 209.15 205.65 14.51
1002 47.18 67.05 235.46 178.37 13.08
1003 47.37 7.08 58.85 101.45 7.21
1004 47.19 38.48 44.83 173.20 13.39
1005 47.26 14.10 51.75 115.21 9.01
1006 47.15 61.04 161.34 188.98 14.06
1007 47.23 88.53 185.95 119.26 8.69
1008 47.35 24.69 64.99 146.31 10.94
1009 47.33 54.64 178.43 188.72 14.77
1010 47.34 52.03 130.24 189.27 15.54
1011 47.44 10.61 49.23 118.06 8.73
1012 47.57 34.35 63.51 164.24 13.04
1013 47.41 43.24 102.82 191.54 14.25
1014 47.57 56.74 184.92 170.63 14.93
1015 47.59 73.45 218.60 165.81 11.47
1016 47.60 30.08 68.87 155.78 12.24
1017 47.61 20.73 51.02 132.14 9.46
1018 47.69 59.10 230.28 182.60 13.70
1019 47.75 26.78 90.24 152.59 11.63
1020 47.73 32.29 78.81 166.85 12.81
1021 47.77 62.60 237.04 174.35 14.05
1022 47.82 68.72 234.76 165.28 13.58
1023 47.85 49.96 170.06 167.27 14.63
1024 47.96 77.42 224.58 159.45 11.81
1025 47.98 70.87 223.60 162.62 12.50
1026 48.00 93.70 93.36 101.50 7.11
1027 47.94 16.39 86.68 133.77 10.06
1028 48.01 18.61 110.70 130.36 9.87
1029 47.89 36.29 118.33 177.77 13.60
1030 48.02 44.68 161.46 200.78 14.91
1031 48.10 46.44 167.52 191.17 14.83
1032 48.10 82.41 215.37 140.08 11.24
1033 48.17 79.70 161.71 161.58 11.74
1034 48.13 85.72 194.62 149.43 9.43
1035 48.26 4.96 90.21 91.07 6.87
1036 48.11 22.72 132.70 148.61 9.10
1037 48.13 41.16 121.72 195.68 15.07
1038 48.22 91.25 105.33 125.20 8.59
1039 48.34 28.55 143.34 168.87 12.11
1040 48.25 38.76 124.62 185.47 14.13
1041 48.29 53.58 232.43 182.60 15.72
1042 48.25 64.42 237.85 184.02 13.66
1043 48.25 88.98 100.43 122.93 9.85
1044 48.37 66.72 238.79 157.60 13.41
1045 48.50 48.21 223.26 183.49 14.42
1046 48.46 75.36 220.19 169.18 12.68
1047 48.49 11.75 141.89 115.42 8.79
1048 48.55 13.88 151.17 120.79 9.77
1049 48.54 24.78 150.50 161.38 10.63
1050 48.68 51.44 237.45 175.26 15.23
1051 48.65 55.81 239.23 175.86 14.40
1052 48.52 60.88 235.27 162.33 14.84
1053 48.67 9.23 120.65 107.35 7.39
1054 48.64 58.28 241.20 170.30 14.26
1055 48.73 30.43 158.88 170.42 12.02
1056 48.73 73.14 215.46 159.40 12.01
1057 48.59 7.00 104.07 105.11 6.70
1058 48.83 42.62 209.96 186.78 14.57
1059 49.04 19.54 163.94 132.86 10.83
1060 48.86 32.52 175.25 170.37 13.15
1061 48.87 34.49 197.68 176.16 13.61
1062 48.91 36.73 207.15 180.25 14.55
1063 48.90 94.98 26.23 68.78 4.86
1064 49.06 26.68 193.01 158.42 11.63
1065 48.99 69.07 221.50 178.94 12.81
1066 48.92 3.03 48.37 60.81 4.84
1067 49.28 15.53 151.99 140.06 10.21
1068 49.16 86.77 118.42 151.18 9.87
1069 49.21 63.08 225.19 176.31 13.90
1070 49.15 77.86 180.61 156.18 11.26
1071 49.30 44.82 220.67 183.38 14.73
1072 49.18 65.17 220.94 173.43 11.90
1073 49.09 71.24 205.77 189.27 12.71
1074 49.09 81.11 130.84 158.64 11.78
1075 49.28 39.93 216.72 184.14 14.80
1076 49.19 83.60 141.56 135.06 11.03
1077 49.47 49.51 227.89 178.80 14.80
1078 49.21 7.30 104.51 106.60 8.07
1079 49.37 22.85 171.39 154.34 11.43
1080 49.32 92.40 47.23 106.42 7.79
1081 49.38 5.12 77.08 103.90 7.09
1082 49.37 53.74 220.55 181.66 15.22
1083 49.39 89.80 73.04 128.78 8.99
1084 49.56 47.01 223.31 181.93 14.24
1085 49.54 59.58 228.04 187.46 14.11
1086 49.59 67.20 152.64 200.48 13.49
1087 49.54 57.36 212.36 194.53 15.23
1088 49.69 28.43 193.37 153.66 10.97
1089 49.69 61.52 223.24 175.59 14.03
1090 49.57 75.47 141.63 172.24 13.28
1091 49.73 12.02 102.14 129.48 8.97
1092 49.82 37.66 221.89 171.73 13.60
1093 49.89 9.62 84.72 121.93 7.61
1094 49.83 30.82 197.34 166.61 12.76
1095 49.90 25.38 154.86 170.81 11.48
1096 49.96 35.22 208.93 172.60 13.42
1097 49.87 42.10 216.05 195.18 14.87
1098 49.98 51.96 187.17 188.67 14.58
1099 49.90 55.77 188.04 198.89 15.04
1100 50.01 71.82 138.48 188.04 13.61
1101 50.02 79.61 75.04 168.96 11.10
1102 50.02 32.95 193.82 172.92 12.93
1103 50.19 20.11 143.79 162.75 11.33
1104 49.93 87.65 86.71 152.43 9.33
1105 50.07 16.27 114.31 135.00 10.51
1106 50.23 68.68 120.26 200.47 12.47
1107 50.31 84.26 74.22 152.49 11.17
1108 50.19 65.35 125.55 192.77 12.80
1109 50.30 82.08 85.82 159.33 11.81
1110 50.12 90.95 49.25 114.49 9.09
1111 50.33 44.07 188.36 195.05 14.90
1112 50.41 39.84 216.75 190.16 14.42
1113 50.43 58.70 157.52 208.58 14.76
1114 50.54 63.05 123.17 192.36 13.86
1115 50.59 77.55 73.80 160.81 11.80
1116 50.50 5.25 44.24 105.18 6.76
1117 50.51 23.58 117.39 160.58 10.45
1118 50.51 48.27 139.56 194.52 14.29
1119 50.49 54.12 166.79 202.82 14.88
1120 50.38 86.86 82.32 142.00 8.58
1121 50.45 88.48 53.93 137.74 8.64
1122 50.61 50.48 124.39 200.79 15.16
1123 50.48 7.58 54.20 115.67 6.65
1124 50.55 27.29 118.24 172.85 12.53
1125 50.68 46.13 128.06 197.77 14.55
1126 50.54 75.02 79.01 159.30 12.70
1127 50.76 13.87 61.58 141.02 8.67
1128 50.60 60.77 140.38 194.47 13.83
1129 50.69 29.53 165.03 170.40 12.32
1130 50.81 41.55 189.67 196.71 15.19
1131 50.88 56.92 89.94 197.56 13.67
1132 50.93 36.37 114.06 191.29 14.53
1133 50.78 90.65 41.08 115.56 8.29
1134 50.98 31.65 102.48 190.84 12.62
1135 50.89 34.26 106.93 178.67 12.70
1136 51.01 38.28 140.83 199.52 14.59
1137 51.14 10.14 35.78 119.38 7.65
1138 51.03 67.29 58.72 175.28 12.77
1139 51.08 21.71 75.19 151.39 10.61
1140 51.11 25.53 88.80 163.26 11.14
1141 51.08 17.21 52.01 147.36 10.63
1142 51.11 65.31 77.91 206.53 13.47
1143 51.05 71.75 51.67 149.98 11.90
1144 51.33 93.00 23.03 91.96 6.30
1145 51.41 1.76 10.93 58.70 3.30
1146 51.31 52.74 70.34 202.10 14.64
1147 51.20 69.49 53.10 184.84 12.02
1148 51.29 80.10 39.17 151.44 10.95
1149 51.33 43.58 98.45 203.24 14.80
1150 51.36 73.88 63.78 177.16 12.89
1151 51.32 85.73 63.94 161.45 10.36
1152 51.38 19.60 57.30 145.33 10.89
1153 51.43 4.13 19.82 89.33 6.03
1154 51.48 55.13 64.54 205.97 14.67
1155 51.46 59.41 70.91 205.63 14.54
1156 51.68 82.56 48.87 149.09 10.45
1157 51.47 7.00 28.37 121.56 6.54
1158 51.63 48.88 61.34 198.03 14.46
1159 51.56 61.46 63.11 209.23 14.35
1160 51.52 27.99 62.19 180.40 12.66
1161 51.70 46.96 52.30 190.96 14.86
1162 51.53 88.26 35.75 127.88 9.91
1163 51.70 23.75 56.97 168.85 10.62
1164 51.72 33.25 66.34 186.21 12.69
1165 51.70 76.49 45.14 175.49 11.82
1166 51.80 39.56 70.91 186.74 13.78
1167 51.81 50.92 53.89 196.42 15.03
1168 51.79 63.55 52.68 208.74 12.70
1169 51.79 30.01 51.18 179.29 11.45
1170 51.73 90.52 25.60 113.03 8.07
1171 51.86 41.48 76.86 197.71 13.56
1172 51.97 45.22 60.24 199.72 15.21
1173 52.00 12.46 26.29 129.47 8.16
1174 51.93 15.07 29.49 137.41 9.32
1175 52.04 35.33 63.97 181.68 13.38
1176 52.01 57.68 48.01 197.38 14.47
1177 52.05 78.25 34.69 145.92 11.75
1178 52.02 37.33 55.52 187.48 13.70
1179 52.09 65.85 39.69 183.06 12.32
1180 52.13 72.42 46.71 180.17 12.24
1181 52.15 26.35 49.55 177.29 10.46
1182 52.19 68.06 39.40 183.08 12.65
1183 52.13 17.86 30.24 142.57 9.46
1184 52.23 70.42 38.05 183.68 12.58
1185 52.23 20.92 34.61 151.98 10.12
1186 52.41 32.02 42.41 175.55 11.58
1187 52.28 10.53 21.60 110.32 8.46
1188 52.42 53.61 39.40 188.50 13.85
1189 52.44 85.17 33.59 139.18 9.60
1190 52.44 4.28 14.29 90.51 5.66
1191 52.66 88.13 28.31 144.21 9.17
1192 52.69 92.97 21.53 122.91 7.72
1193 52.51 80.30 33.46 147.66 10.61
1194 52.50 7.96 18.49 121.94 7.48
1195 52.53 22.48 31.84 166.95 10.40
1196 52.56 43.00 42.71 188.51 14.76
1197 52.53 55.83 42.84 200.43 13.76
1198 52.62 74.61 37.19 178.98 12.21
1199 52.66 28.21 32.28 168.68 11.16
1200 52.66 1.48 7.07 39.95 3.05
1201 52.66 59.70 38.54 187.04 12.66
1202 52.63 62.02 42.40 186.92 13.64
1203 52.72 24.58 33.48 159.77 10.37
1204 52.82 49.25 40.81 183.27 14.00
1205 52.87 30.44 37.89 178.32 11.29
1206 52.89 51.49 43.78 190.50 14.71
1207 52.94 40.84 34.09 183.67 12.81
1208 53.00 34.04 37.22 175.28 12.25
1209 52.90 38.54 40.48 187.33 12.85
1210 52.99 47.13 39.67 182.81 13.79
1211 52.87 64.33 36.58 175.29 12.58
1212 53.08 76.79 30.66 158.76 10.90
1213 53.08 82.80 42.68 147.17 10.25
1214 53.02 95.26 13.94 90.15 6.33
1215 53.09 13.95 23.50 126.98 8.59
1216 53.07 19.34 26.87 136.08 8.99
1217 53.12 16.72 25.77 134.21 9.32
1218 53.12 36.25 38.40 175.54 13.22
1219 53.06 45.15 37.26 183.64 13.62
1220 53.17 66.75 37.61 174.67 12.32
1221 53.26 57.70 44.19 191.10 14.75
1222 53.19 69.34 32.96 161.32 10.75
1223 53.24 11.68 22.73 114.77 7.85
1224 53.45 78.72 32.11 146.56 11.06
1225 53.31 9.69 18.24 103.63 7.88
1226 53.44 26.07 39.06 157.47 10.59
1227 53.30 71.97 35.43 155.11 12.41
1228 53.57 21.93 45.51 147.60 9.83
1229 53.65 3.77 15.31 75.82 5.61
1230 53.52 6.60 22.59 116.77 6.54
1231 53.50 55.20 39.24 183.29 13.78
1232 53.67 90.53 23.82 119.69 8.07
1233 53.56 60.85 44.31 176.80 12.67
1234 53.65 32.47 76.17 171.31 11.79
1235 53.73 53.05 37.45 176.84 14.08
1236 53.63 84.96 55.46 129.93 10.93
1237 53.79 29.53 51.47 166.31 11.75
1238 53.77 63.21 47.40 177.03 13.06
1239 53.73 24.04 50.94 152.73 10.45
1240 53.64 43.22 41.87 183.53 13.94
1241 53.75 74.49 50.80 153.27 11.49
1242 53.79 39.47 53.86 188.38 13.75
1243 53.81 80.74 37.12 135.06 9.86
1244 53.86 27.73 57.93 162.38 10.86
1245 53.90 48.66 42.83 163.69 14.19
1246 53.81 86.16 39.04 128.56 9.93
1247 53.95 88.04 41.35 121.24 9.58
1248 54.07 50.92 57.28 182.39 12.96
1249 54.04 65.36 50.41 157.15 11.61
1250 54.12 14.97 58.46 114.22 9.54
1251 54.08 37.40 79.84 177.18 12.47
1252 54.11 35.05 61.11 173.13 12.77
1253 54.19 59.09 48.65 165.97 12.57
1254 54.13 17.61 59.02 128.81 10.77
1255 54.14 19.76 55.35 141.67 10.05
1256 54.13 45.81 58.56 185.69 14.25
1257 54.09 68.26 51.10 168.36 11.50
1258 54.24 41.27 65.38 179.27 13.45
1259 54.32 92.59 26.99 96.34 8.03
1260 54.25 10.52 33.72 115.32 7.61
1261 54.34 70.47 75.55 143.50 11.52
1262 54.31 56.80 78.25 155.00 12.22
1263 54.33 76.81 75.78 138.38 10.38
1264 54.37 83.19 91.42 121.77 9.70
1265 54.46 95.20 19.21 64.91 4.72
1266 54.42 72.59 66.86 139.44 11.81
1267 54.40 8.16 30.85 107.52 7.53
1268 54.45 31.04 106.83 163.12 12.03
1269 54.62 5.55 35.58 91.22 6.11
1270 54.47 12.54 68.51 101.63 8.57
1271 54.66 54.11 117.67 173.65 13.53
1272 54.61 61.53 108.63 180.48 11.77
1273 54.81 78.95 91.99 129.65 10.12
1274 54.65 26.22 117.39 152.45 10.30
1275 54.72 32.94 140.95 155.95 11.00
1276 54.63 43.57 155.48 175.61 13.80
1277 54.72 23.73 102.94 137.25 10.31
1278 54.79 89.45 96.87 93.76 8.06
1279 54.90 21.47 87.68 142.02 9.04
1280 54.82 66.75 120.35 155.28 11.74
1281 54.94 74.66 111.10 128.14 10.63
1282 54.88 86.30 112.12 127.77 9.19
1283 54.93 47.18 176.43 162.20 13.92
1284 54.97 3.50 35.42 54.27 5.09
1285 54.95 28.57 143.59 147.42 10.83
1286 54.91 39.39 146.42 165.81 13.07
1287 55.05 51.85 135.62 146.78 12.51
1288 55.08 80.96 129.44 130.41 10.42
1289 55.13 49.37 163.50 163.60 13.27
1290 55.10 36.79 170.79 151.38 12.82
1291 55.19 14.33 101.83 114.42 8.73
1292 55.34 15.98 111.19 107.30 9.19
1293 55.16 12.09 88.57 97.27 7.72
1294 55.19 17.05 102.50 124.96 10.62
1295 55.29 34.58 186.22 136.46 11.59
1296 55.28 64.91 181.20 125.20 11.87
1297 55.34 68.44 170.66 143.20 12.10
1298 55.26 18.79 119.77 121.86 8.62
1299 55.42 55.39 223.48 137.80 12.52
1300 55.38 57.59 199.65 144.97 11.93
1301 55.40 59.75 205.12 153.04 12.74
1302 55.33 7.08 55.79 89.16 7.18
1303 55.33 9.52 74.40 99.08 7.08
1304 55.47 42.26 207.05 129.71 13.25
1305 55.45 44.88 200.03 148.82 12.82
1306 55.59 70.53 194.21 133.92 11.38
1307 55.57 76.76 172.93 122.52 10.11
1308 55.49 30.87 162.70 146.12 10.64
1309 55.61 83.20 185.74 129.60 9.56
1310 55.43 93.55 57.18 67.98 6.47
1311 55.63 72.60 188.51 138.10 11.54
1312 55.59 24.99 165.51 138.90 9.90
1313 55.79 91.52 121.48 89.19 7.15
1314 55.90 28.93 182.18 125.85 10.46
1315 55.73 62.39 219.78 120.91 12.10
1316 56.02 26.81 161.07 127.03 9.91
1317 55.98 38.25 204.42 139.88 12.38
1318 55.92 40.32 211.36 128.63 12.47
1319 55.95 53.20 228.95 130.80 13.48
1320 55.95 22.63 171.84 128.46 9.10
1321 55.95 88.44 177.35 98.97 8.54
1322 55.98 32.62 173.87 144.98 11.04
1323 56.09 66.64 226.92 131.17 11.40
1324 56.05 4.81 61.95 69.55 6.06
1325 56.18 85.33 186.25 91.71 9.13
1326 56.17 20.26 152.71 103.49 9.46
1327 56.02 47.45 199.40 136.43 13.09
1328 56.09 50.59 207.69 140.20 13.05
1329 56.16 79.50 192.53 114.76 10.21
1330 56.19 12.42 118.97 99.10 8.51
1331 56.26 36.28 204.63 136.34 12.13
1332 56.33 74.35 199.61 108.87 10.13
1333 56.35 7.30 80.06 86.35 6.69
1334 56.41 17.91 141.79 112.85 10.25
1335 56.54 9.71 102.60 90.07 7.09
1336 56.45 15.36 136.22 100.74 9.04
1337 56.52 34.30 192.53 126.12 10.86
1338 56.47 64.53 217.96 110.04 10.76
1339 56.42 45.07 209.36 121.58 11.79
1340 56.53 58.31 231.99 128.52 12.40
1341 56.57 60.47 234.80 129.44 11.90
1342 56.49 55.93 226.47 131.99 12.46
1343 56.57 42.02 214.92 141.06 12.15
1344 56.74 68.78 222.46 122.21 11.61
1345 56.70 81.88 221.56 107.33 9.90
1346 56.65 30.72 173.17 117.19 10.41
1347 56.66 71.24 217.60 122.99 11.33
1348 56.74 77.40 214.07 100.76 9.03
1349 56.74 24.26 168.99 113.93 9.71
1350 56.85 49.08 198.03 115.09 13.06
1351 56.99 94.09 92.29 61.04 5.40
1352 56.89 62.43 235.44 116.18 11.41
1353 57.00 52.48 207.58 111.84 12.53
1354 57.01 39.80 191.44 118.91 11.25
1355 57.16 87.00 205.36 94.26 8.96
1356 57.18 90.54 180.67 78.85 7.32
1357 57.03 22.05 126.18 117.56 8.87
1358 57.03 28.57 144.34 120.69 11.10
1359 57.07 32.70 141.09 110.81 12.00
1360 57.20 43.34 182.42 125.79 11.95
1361 57.19 37.61 155.54 118.82 11.87
1362 57.21 47.16 169.97 117.71 12.63
1363 57.31 26.11 153.99 109.76 9.35
1364 57.44 7.22 67.11 79.56 6.40
1365 57.25 19.86 120.38 109.02 9.37
1366 57.37 54.63 173.66 120.97 12.24
1367 57.30 66.43 221.24 116.03 11.18
1368 57.42 75.28 199.80 100.64 10.20
1369 57.35 12.78 93.58 94.15 8.21
1370 57.45 72.79 216.56 108.90 10.11
1371 57.58 84.53 206.78 83.82 8.79
1372 57.44 35.19 137.32 118.53 10.40
1373 57.67 79.38 197.30 84.10 8.48
1374 57.57 50.64 166.50 99.86 10.30
1375 57.65 59.06 220.69 107.26 11.91
1376 57.51 16.77 115.27 90.18 8.95
1377 57.65 45.18 172.00 129.01 13.12
1378 57.60 56.87 184.67 115.59 12.33
1379 57.63 64.12 215.58 109.34 10.96
1380 57.70 30.86 120.18 106.64 10.65
1381 57.82 81.77 219.70 93.29 9.33
1382 57.82 41.79 131.59 130.89 11.43
1383 57.86 61.43 212.39 103.61 11.60
1384 57.80 70.28 192.63 110.63 10.56
1385 57.78 23.73 79.26 108.59 9.79
1386 57.84 21.41 79.95 108.63 9.27
1387 58.03 77.23 190.43 90.80 9.17
1388 57.95 28.08 90.45 124.69 9.12
1389 58.05 67.90 215.26 112.83 10.49
1390 58.09 33.02 98.06 108.65 9.88
1391 57.95 39.79 107.40 130.44 12.92
1392 58.20 5.05 34.56 55.20 6.07
1393 58.22 37.31 94.86 115.98 10.73
1394 58.27 49.15 103.56 118.55 12.32
1395 58.14 87.99 138.39 58.37 9.01
1396 58.23 53.18 124.30 116.06 12.42
1397 58.39 92.63 105.04 56.87 6.02
1398 58.26 12.45 38.08 79.94 7.04
1399 58.27 14.98 49.49 79.23 8.35
1400 58.28 47.12 74.98 110.50 11.63
1401 58.43 19.84 49.66 93.17 8.05
1402 58.36 35.25 69.28 112.43 10.88
1403 58.41 43.71 75.41 123.76 11.74
1404 58.49 55.35 144.19 102.97 12.75
1405 58.47 26.35 55.30 101.75 8.91
1406 58.51 65.60 196.10 108.34 11.00
1407 58.51 74.27 174.85 97.24 9.59
1408 58.62 71.83 160.35 99.56 10.51
1409 58.65 17.11 40.17 87.37 8.14
1410 58.64 29.99 69.29 106.25 9.71
1411 58.64 63.16 174.46 100.22 11.32
1412 58.67 22.47 35.66 93.14 9.05
1413 58.67 51.52 67.48 107.18 11.95
1414 58.65 60.10 152.21 104.43 11.02
1415 58.63 9.92 25.43 71.54 7.17
1416 58.74 57.67 150.20 102.44 11.13
1417 58.85 83.59 193.74 86.20 9.25
1418 59.01 86.07 157.17 73.73 8.38
1419 58.90 7.70 22.47 70.75 6.61
1420 58.80 24.59 33.02 88.13 8.82
1421 58.78 39.21 58.83 114.50 10.80
1422 59.00 81.01 169.39 78.59 8.65
1423 58.87 41.76 47.94 98.50 11.45
1424 58.89 69.14 153.97 95.15 9.36
1425 59.00 31.89 41.40 102.34 10.62
1426 59.11 78.92 170.51 79.54 9.19
1427 59.02 45.68 42.77 104.39 11.34
1428 59.23 76.70 161.28 86.08 8.89
1429 59.21 88.89 105.74 61.04 7.34
1430 59.29 11.61 21.54 59.50 7.47
1431 59.18 28.20 39.37 92.94 9.03
1432 59.20 33.86 33.54 94.41 10.41
1433 59.38 14.50 21.93 61.92 7.52
1434 59.38 50.08 37.44 88.95 10.92
1435 59.26 66.91 108.96 86.98 10.33
1436 59.34 35.99 42.22 93.85 10.96
1437 59.35 54.34 52.74 101.40 11.12
1438 59.34 47.99 44.18 101.33 11.39
1439 59.40 61.71 117.64 100.39 11.83
1440 59.53 38.02 31.67 89.09 10.32
1441 59.53 19.01 25.82 78.34 8.44
1442 59.56 43.76 34.28 80.20 10.46
1443 59.60 21.36 27.13 80.27 8.88
1444 59.48 56.59 47.35 89.76 10.96
1445 59.50 64.78 81.76 99.16 10.24
1446 59.85 69.40 97.52 90.14 9.45
1447 59.67 91.91 89.98 60.52 6.16
1448 59.54 59.42 76.61 98.03 11.21
1449 59.61 74.56 119.35 83.61 8.72
1450 59.68 25.91 28.79 86.35 9.09
1451 59.70 72.41 80.70 86.92 10.08
1452 59.80 8.75 15.11 53.09 6.15
1453 59.77 40.29 32.39 93.23 11.48
1454 59.71 52.30 39.43 84.23 11.81
1455 59.73 23.57 23.95 76.76 8.54
1456 59.90 30.26 31.63 75.70 9.66
1457 60.09 32.32 35.29 67.34 9.97
1458 60.15 42.17 35.25 67.33 10.05
1459 60.13 83.42 131.35 70.50 8.98
1460 60.28 6.51 12.62 42.75 5.61
1461 60.09 46.11 33.12 80.46 10.92
1462 60.32 80.88 134.11 72.72 8.97
1463 60.21 28.12 38.31 71.22 8.72
1464 60.18 63.03 41.46 94.54 10.22
1465 60.26 34.47 28.90 66.87 10.83
1466 60.26 12.57 17.47 50.24 7.76
1467 60.40 78.57 109.58 81.45 9.53
1468 60.32 86.97 82.99 73.52 7.73
1469 60.41 36.66 33.64 72.29 11.10
1470 60.31 49.08 34.30 74.46 11.34
1471 60.40 56.03 35.01 71.60 11.03
1472 60.37 58.28 40.35 73.92 10.27
1473 60.48 76.29 105.28 81.94 8.31
1474 60.68 10.48 18.65 41.69 7.15
1475 60.51 53.89 33.59 75.53 11.12
1476 60.51 60.75 32.35 71.28 11.10
1477 60.52 14.92 19.58 49.43 8.51
1478 60.58 65.20 36.02 77.40 10.43
1479 60.65 20.25 26.46 54.80 8.30
1480 60.65 90.08 41.60 57.04 5.88
1481 60.71 17.54 28.62 51.53 7.85
1482 60.62 38.65 35.85 60.15 12.02
1483 60.58 73.69 49.97 78.66 9.89
1484 60.70 51.49 32.39 64.69 11.11
1485 60.68 70.98 52.45 75.79 9.04
1486 60.67 22.25 32.36 49.89 8.29
1487 60.72 26.19 55.83 59.04 8.91
1488 60.75 44.43 43.35 59.14 11.00
1489 60.78 24.30 40.52 57.31 9.63
1490 60.86 40.39 36.82 61.00 10.16
1491 60.97 92.18 34.50 50.87 6.00
1492 60.97 47.10 33.59 61.33 10.84
1493 60.99 30.94 66.57 46.51 10.46
1494 61.21 7.36 18.58 31.65 5.84
1495 61.09 68.63 33.93 77.42 9.04
1496 61.07 29.09 55.73 51.13 10.63
1497 61.15 33.15 78.96 45.09 10.54
1498 61.18 62.63 35.58 67.32 10.18
1499 61.28 42.11 76.53 49.89 11.08
1500 61.19 8.60 18.32 37.62 5.26
1501 61.27 13.07 25.74 37.43 7.96
1502 61.26 49.53 43.74 55.63 11.37
1503 61.51 82.98 52.36 71.42 8.54
1504 61.35 35.40 97.68 46.78 11.07
1505 61.31 59.31 33.32 60.34 10.72
1506 61.34 85.57 52.10 70.21 7.16
1507 61.43 27.28 86.29 38.66 9.95
1508 61.54 80.16 73.17 60.13 8.91
1509 61.49 88.13 36.91 59.86 6.32
1510 61.41 55.31 41.88 56.54 10.92
1511 61.51 57.15 48.51 55.12 10.64
1512 61.55 66.76 28.68 62.21 9.81
1513 61.51 72.93 30.05 70.34 9.24
1514 61.51 75.35 35.04 72.40 7.98
1515 61.36 76.71 37.97 80.24 7.79
1516 61.48 78.11 40.22 58.72 9.11
1517 61.67 53.20 76.02 45.71 11.25
1518 62.01 14.30 64.18 30.62 8.08
1519 61.62 38.03 115.90 42.81 10.61
1520 61.73 10.03 42.90 36.06 5.71
1521 61.62 17.92 59.78 28.58 8.44
1522 61.80 22.96 90.19 32.91 9.06
1523 61.71 64.98 34.05 68.32 9.61
1524 61.98 45.58 135.74 40.05 11.70
1525 61.77 20.46 71.38 37.30 9.09
1526 61.82 43.74 119.53 41.88 12.57
1527 61.94 25.24 86.06 36.22 9.67
1528 61.90 51.09 94.97 41.42 11.46
1529 61.91 60.71 66.44 52.18 10.30
1530 61.99 70.53 28.01 62.02 8.91
1531 62.02 92.83 15.28 34.73 4.49
1532 61.79 6.37 19.97 25.03 5.60
1533 62.11 31.52 133.37 36.59 11.36
1534 61.95 47.82 139.11 42.11 12.09
1535 62.13 29.42 122.73 31.15 10.52
1536 62.02 40.15 137.82 37.08 12.33
1537 62.21 33.92 165.25 32.85 12.59
1538 62.20 68.37 29.38 57.19 9.45
1539 62.17 90.13 18.93 35.99 5.73
1540 62.42 36.61 170.04 33.52 13.01
1541 62.34 62.64 86.34 45.49 9.60
1542 62.60 11.62 74.95 23.46 7.46
1543 62.44 58.49 136.09 41.85 10.72
1544 62.45 7.82 50.16 15.75 7.25
1545 62.64 9.69 73.08 21.71 7.18
1546 62.42 76.19 26.48 57.80 9.22
1547 62.49 16.59 100.86 26.26 9.38
1548 62.46 27.28 126.14 27.11 12.04
1549 62.54 42.30 170.68 32.30 13.72
1550 62.52 54.58 135.28 42.82 11.85
1551 62.56 84.97 32.27 60.22 7.36
1552 62.50 72.83 28.23 58.29 8.26
1553 62.67 79.23 42.92 55.04 8.04
1554 62.68 87.69 24.42 51.54 6.76
1555 62.71 49.62 184.74 34.73 12.45
1556 62.92 56.52 184.93 35.78 11.26
1557 62.89 81.89 30.65 56.24 8.15
1558 63.08 22.76 111.18 23.03 11.80
1559 62.97 18.95 100.27 21.11 12.72
1560 62.90 64.68 98.55 41.68 9.49
1561 63.02 38.54 162.51 27.14 15.74
1562 62.97 52.28 169.37 32.75 12.73
1563 62.94 66.81 48.36 45.89 8.95
1564 63.07 44.37 178.25 30.54 15.10
1565 63.10 60.40 157.56 38.51 11.26
1566 63.03 47.45 169.82 32.27 14.94
1567 63.14 25.66 122.59 24.07 13.57
1568 63.14 40.51 176.09 28.26 13.74
1569 63.15 35.07 149.36 24.60 15.27
1570 63.35 71.04 96.69 40.03 9.32
1571 63.50 91.96 18.87 37.75 5.70
1572 63.35 14.14 92.05 16.64 9.93
1573 63.32 32.79 142.66 23.96 15.43
1574 63.37 30.59 135.78 21.71 16.96
1575 63.32 68.90 61.08 40.81 9.20
1576 63.47 28.31 115.15 20.30 14.69
1577 63.47 62.39 163.62 35.31 10.75
1578 63.48 74.00 65.24 39.59 8.34
1579 63.53 77.21 29.72 46.35 8.40
1580 63.67 54.55 196.19 28.85 16.68
1581 63.83 9.08 75.27 14.48 9.69
1582 63.73 16.49 79.19 15.03 10.66
1583 63.74 58.51 204.20 32.00 12.78
1584 63.84 37.07 136.20 20.75 23.87
1585 63.86 46.03 187.76 26.73 15.98
1586 63.78 11.94 87.75 14.66 11.18
1587 63.81 50.45 198.54 28.52 16.65
1588 63.76 85.24 22.51 41.30 7.30
1589 64.02 42.06 149.97 24.46 20.89
1590 63.88 79.54 33.54 43.33 8.19
1591 63.94 88.68 19.41 35.89 5.61
1592 64.08 65.54 191.46 31.90 9.87
1593 63.90 7.35 66.33 12.60 9.47
1594 64.15 67.54 178.23 36.73 10.14
1595 63.97 10.57 80.07 12.19 9.59
1596 64.13 21.08 67.29 16.76 18.71
1597 64.16 48.53 164.53 24.31 18.51
1598 64.05 82.24 27.70 45.98 7.62
1599 64.33 24.14 84.90 16.37 22.62
1600 64.14 34.88 128.43 19.91 24.25
1601 64.32 52.63 173.82 25.81 18.93
1602 64.37 18.94 78.80 15.50 23.07
1603 64.17 39.67 130.85 21.57 24.21
1604 64.25 56.51 182.07 27.04 14.97
1605 64.34 63.54 207.00 28.40 11.36
1606 64.28 43.96 132.56 22.03 24.22
1607 64.39 60.82 207.52 25.64 11.65
1608 64.35 75.59 91.54 37.08 9.14
1609 64.40 31.85 106.87 18.53 25.16
1610 64.35 26.97 82.35 18.33 24.46
1611 64.61 70.62 168.69 27.74 9.91
1612 64.55 73.01 151.98 32.84 9.77
1613 64.52 14.77 59.35 14.67 16.09
1614 64.57 29.12 77.17 16.41 30.74
1615 64.99 77.50 81.80 30.61 8.92
1616 64.74 12.91 57.50 11.44 18.05
1617 64.84 17.05 65.96 11.54 21.01
1618 64.81 54.70 153.62 23.53 20.38
1619 64.89 68.74 178.12 25.69 11.43
1620 64.84 90.70 16.37 24.46 6.26
1621 64.89 46.95 122.32 21.19 26.07
1622 64.82 58.35 172.21 25.80 17.06
1623 64.93 84.93 63.84 29.92 7.57
1624 65.02 87.57 63.81 29.05 6.25
1625 64.98 10.71 47.97 11.01 20.79
1626 64.90 33.86 74.74 18.11 41.09
1627 64.95 38.24 92.28 18.82 44.70
1628 64.96 50.95 123.03 21.45 27.45
1629 65.10 80.07 102.75 31.97 8.24
1630 64.97 8.66 36.76 10.17 14.70
1631 65.20 82.79 86.76 36.97 8.11
1632 65.01 36.41 75.72 16.86 46.03
1633 65.24 42.77 72.93 18.25 43.69
1634 65.16 25.06 62.43 14.28 37.03
1635 65.16 40.86 69.58 19.18 55.76
1636 65.33 44.96 99.45 19.49 34.60
1637 65.22 30.84 53.72 16.18 50.82
1638 65.34 65.01 194.58 24.79 13.03
1639 65.32 27.40 40.57 14.93 63.30
1640 65.37 49.00 83.99 20.37 38.18
1641 65.37 62.49 194.97 22.82 17.49
1642 65.49 19.74 45.42 14.42 39.74
1643 65.52 67.10 181.59 25.23 13.41
1644 65.42 74.53 173.91 27.04 10.74
1645 65.47 15.87 55.59 10.86 34.43
1646 65.57 60.51 151.40 23.53 22.04
1647 65.54 56.16 123.03 20.28 25.10
1648 65.80 29.11 35.49 12.96 78.59
1649 65.69 53.38 89.03 20.65 35.62
1650 65.68 32.75 43.17 15.77 71.99
1651 65.74 35.34 40.52 15.78 84.00
1652 65.75 71.74 195.14 26.20 11.19
1653 65.75 12.81 29.26 10.94 42.07
1654 65.85 18.01 33.05 11.51 47.36
1655 65.92 39.87 47.81 16.83 85.56
1656 65.84 58.44 123.10 19.96 27.84
1657 65.86 7.87 22.38 8.62 18.03
1658 66.07 37.79 48.00 16.17 69.12
1659 66.00 69.25 153.47 22.35 16.51
1660 66.23 90.51 63.96 20.47 6.94
1661 65.99 23.96 32.56 12.91 61.58
1662 66.25 84.59 108.76 21.89 8.51
1663 65.97 10.26 21.93 9.23 30.93
1664 66.05 46.90 69.31 18.17 48.06
1665 66.04 51.30 62.03 20.86 42.28
1666 66.25 76.03 186.15 25.57 9.69
1667 66.36 78.95 181.30 25.55 11.20
1668 66.22 26.50 32.23 13.14 73.96
1669 66.29 42.27 39.26 18.05 70.38
1670 66.38 21.83 30.03 11.79 73.60
1671 66.31 64.06 170.76 22.99 23.96
1672 66.50 87.50 105.71 21.44 7.09
1673 66.42 31.17 31.06 13.46 77.62
1674 66.33 44.62 45.64 17.72 75.11
1675 66.48 81.88 145.27 24.79 8.90
1676 66.45 14.90 23.62 10.35 54.51
1677 66.52 49.12 43.09 17.18 68.62
1678 66.51 55.08 60.71 18.93 47.74
1679 66.60 66.37 144.14 18.89 21.93
1680 66.58 73.29 169.17 22.40 13.44
1681 66.61 57.31 82.49 18.08 45.15
1682 66.60 33.79 37.45 13.40 96.28
1683 66.71 62.01 108.41 19.77 21.77
1684 66.68 12.37 27.97 9.10 51.28
1685 66.70 19.48 28.29 11.23 76.96
1686 66.71 36.26 36.05 15.28 88.34
1687 66.72 59.76 74.70 18.28 37.00
1688 66.72 17.04 23.29 10.21 61.85
1689 66.87 7.85 16.90 7.99 30.77
1690 67.08 53.35 38.21 17.96 82.94
1691 66.91 70.70 133.56 19.40 15.48
1692 66.85 29.02 32.45 12.07 97.72
1693 66.99 10.12 24.90 8.76 50.71
1694 67.20 23.49 40.63 10.68 103.96
1695 66.94 39.77 37.57 15.96 107.60
1696 67.12 68.36 127.36 19.04 24.21
1697 67.09 25.59 39.87 12.36 98.38
1698 67.13 46.92 34.35 17.99 90.67
1699 67.09 51.25 35.56 17.11 74.24
1700 67.43 77.12 163.55 21.43 13.07
1701 67.27 44.24 35.57 17.16 106.27
1702 67.37 41.63 37.52 15.63 95.56
1703 67.44 27.57 57.27 13.41 99.68
1704 67.43 37.83 46.63 14.33 105.70
1705 67.40 64.44 127.68 18.23 34.56
1706 67.55 74.69 131.73 19.98 13.65
1707 67.47 14.12 50.39 8.22 59.43
1708 67.46 30.64 56.35 12.75 111.09
1709 67.59 80.45 180.35 19.40 14.39
1710 67.55 32.82 69.86 13.01 106.08
1711 67.71 84.14 174.11 20.33 10.89
1712 67.67 55.38 40.37 18.60 68.40
1713 67.54 57.26 52.37 18.11 66.31
1714 67.81 87.13 116.42 18.32 7.86
1715 67.76 21.20 66.66 10.47 105.68
1716 67.59 35.42 64.49 14.71 104.90
1717 67.65 61.10 59.98 17.08 49.02
1718 67.65 49.25 33.40 17.32 103.76
1719 67.79 59.27 43.68 17.17 62.46
1720 67.78 72.53 105.36 18.21 19.38
1721 67.68 18.38 72.24 11.21 92.35
1722 67.85 66.33 108.43 17.51 33.33
1723 67.88 11.33 71.14 8.24 64.06
1724 68.05 89.43 63.80 12.33 7.91
1725 68.07 62.91 77.62 17.80 41.09
1726 68.09 70.33 118.20 17.87 23.46
1727 68.09 8.86 56.88 7.40 53.94
1728 68.20 15.98 95.91 9.39 92.63
1729 68.04 39.58 77.07 15.79 107.74
1730 68.15 46.30 64.51 16.27 138.96
1731 68.15 26.48 94.14 12.73 117.22
1732 68.19 51.48 41.24 17.13 116.24
1733 68.28 29.05 100.85 12.69 132.78
1734 68.21 25.28 116.97 12.24 119.57
1735 68.22 43.16 92.80 15.99 131.59
1736 68.25 23.90 98.92 10.48 118.72
1737 68.35 54.01 39.26 16.60 88.47
1738 68.45 77.64 121.56 16.57 25.16
1739 68.47 68.45 84.57 16.06 38.70
1740 68.46 31.24 112.98 11.97 130.11
1741 68.45 34.15 136.27 12.92 111.52
1742 68.69 12.80 99.68 8.97 76.38
1743 68.51 36.78 151.81 14.18 127.57
1744 68.60 48.49 74.66 17.33 129.20
1745 68.67 41.12 141.31 15.50 134.99
1746 68.59 56.99 33.25 16.65 88.51
1747 68.82 79.89 135.18 16.66 24.94
1748 68.70 75.20 82.99 15.78 18.56
1749 68.98 83.53 138.98 17.28 19.13
1750 68.78 22.39 117.20 10.65 124.72
1751 68.77 61.20 40.33 17.00 68.66
1752 68.80 64.64 47.23 17.18 55.61
1753 68.98 44.66 127.45 15.82 157.62
1754 68.92 59.32 32.52 16.80 74.87
1755 68.92 66.86 42.52 16.20 68.31
1756 68.99 72.71 77.93 15.64 26.38
1757 68.96 10.29 88.08 6.68 54.51
1758 69.11 38.93 167.94 13.47 133.57
1759 69.03 87.74 68.14 13.82 12.35
1760 69.15 27.50 149.18 12.17 128.51
1761 69.18 17.54 110.16 9.00 108.67
1762 69.21 25.24 143.03 10.49 125.18
1763 69.18 52.88 67.11 16.49 127.33
1764 69.23 32.59 171.92 12.80 153.49
1765 69.26 50.21 126.38 15.35 137.87
1766 69.36 46.67 162.26 15.95 168.43
1767 69.36 55.42 76.27 16.58 125.97
1768 69.36 62.83 33.25 14.65 95.89
1769 69.33 70.63 57.55 16.44 50.52
1770 69.38 15.24 95.48 8.19 109.00
1771 69.41 20.34 129.78 10.10 114.12
1772 69.47 30.34 164.79 12.34 138.77
1773 69.50 34.94 168.86 13.61 146.69
1774 69.57 42.84 164.83 14.83 154.97
1775 69.59 57.75 60.22 16.32 125.18
1776 69.71 77.60 91.04 15.79 25.04
1777 69.66 85.31 100.52 15.36 14.77
1778 69.69 37.12 152.94 14.22 144.36
1779 69.75 68.80 33.91 15.35 60.71
1780 69.66 13.74 109.55 8.07 94.21
1781 69.89 23.89 146.68 11.07 142.53
1782 69.86 66.33 26.82 14.19 92.24
1783 69.83 74.89 54.71 15.07 30.86
1784 69.85 11.75 95.44 8.09 79.53
1785 69.96 40.94 175.89 13.91 147.78
1786 69.89 60.46 34.30 14.77 102.19
1787 69.90 80.08 70.44 15.47 34.44
1788 70.19 47.94 193.70 16.25 147.67
1789 70.16 64.31 32.61 13.72 108.37
1790 70.05 9.37 71.86 7.64 45.88
1791 69.99 81.30 69.19 16.56 34.44
1792 70.19 22.30 107.72 9.83 132.67
1793 70.21 28.91 138.19 12.38 154.94
1794 70.24 51.97 172.06 16.37 154.34
1795 70.13 72.62 55.42 16.03 48.00
1796 70.25 54.16 146.32 15.75 168.82
1797 70.18 86.98 45.30 11.35 10.98
1798 70.32 18.12 99.45 9.50 119.92
1799 70.38 45.23 170.78 14.63 162.51
1800 70.42 16.13 69.47 8.63 115.20
1801 70.41 39.16 160.40 13.37 151.50
1802 70.28 32.66 173.80 12.17 152.19
1803 70.47 49.92 190.90 16.24 150.86
1804 70.55 83.29 74.90 14.81 27.99
1805 70.32 26.61 135.07 11.25 125.38
1806 70.58 56.20 158.94 15.14 139.16
1807 70.51 58.43 139.81 16.46 138.97
1808 70.53 70.62 28.08 14.53 67.88
1809 70.57 62.26 103.89 15.55 136.27
1810 70.65 13.86 63.06 7.88 91.14
1811 70.60 20.29 95.29 9.71 124.87
1812 70.67 34.90 117.96 13.24 160.00
1813 70.80 37.11 152.89 13.23 155.33
1814 70.76 30.87 110.68 11.33 155.72
1815 70.77 42.64 171.59 14.63 137.79
1816 70.88 68.22 29.73 14.04 103.59
1817 70.84 77.20 53.21 13.98 58.17
1818 71.14 85.37 51.08 11.86 21.91
1819 70.95 75.06 30.68 13.18 72.12
1820 70.88 11.17 60.42 7.60 75.22
1821 70.93 66.00 54.10 11.98 107.38
1822 71.03 80.13 54.64 13.90 38.64
1823 71.11 60.27 166.52 15.03 142.22
1824 71.11 24.13 84.57 10.54 133.34
1825 71.23 22.09 61.28 9.43 116.45
1826 71.29 73.09 28.20 13.68 78.97
1827 71.32 26.24 85.56 11.26 133.66
1828 71.28 47.12 154.70 15.15 169.02
1829 71.36 28.66 90.91 11.73 136.78
1830 71.34 40.76 130.18 14.04 156.50
1831 71.38 32.97 104.50 11.33 154.49
1832 71.43 52.09 188.95 15.14 155.80
1833 71.47 54.34 185.18 14.11 162.86
1834 71.44 63.93 169.04 14.01 119.30
1835 71.45 18.29 67.09 9.14 104.83
1836 71.53 44.81 146.60 14.42 166.01
1837 71.53 49.33 176.11 15.37 170.11
1838 71.63 58.25 203.51 15.07 176.24
1839 71.58 15.84 53.33 8.42 96.29
1840 71.59 38.84 109.11 12.41 145.57
1841 71.61 70.81 30.32 13.92 98.95
1842 71.63 35.83 85.26 12.35 162.82
1843 71.87 56.23 201.32 14.81 164.37
1844 71.88 61.83 178.10 15.82 156.58
1845 71.73 12.41 45.68 7.40 77.84
1846 71.80 30.71 87.20 11.63 145.51
1847 71.93 42.64 118.87 14.86 164.13
1848 71.86 13.95 43.90 7.38 80.97
1849 71.97 77.65 34.29 12.81 68.35
1850 72.01 66.13 168.90 14.98 130.94
1851 71.99 68.80 72.79 14.92 126.83
1852 72.26 80.95 35.08 12.08 62.22
1853 72.19 23.12 47.27 9.43 117.81
1854 72.36 75.32 31.39 13.77 100.80
1855 72.25 34.39 68.79 12.13 137.22
1856 72.35 25.23 40.76 9.92 116.06
1857 72.39 37.71 69.70 12.16 146.75
1858 72.29 46.58 118.42 15.49 168.81
1859 72.28 20.73 43.34 9.68 98.64
1860 72.38 51.09 139.92 15.40 157.13
1861 72.43 59.85 190.56 13.72 159.34
1862 72.47 85.76 25.65 11.87 47.96
1863 72.40 27.53 44.49 10.09 131.61
1864 72.49 72.63 37.53 13.59 115.77
1865 72.56 40.19 75.81 14.34 158.01
1866 72.65 32.04 47.27 11.84 126.92
1867 72.61 48.66 139.18 14.38 160.70
1868 72.62 63.46 199.41 15.30 141.97
1869 72.63 18.46 35.64 7.89 95.40
1870 72.59 53.41 163.26 15.10 170.79
1871 72.68 16.19 34.63 7.42 74.40
1872 72.82 44.53 84.83 13.73 158.94
1873 72.74 14.05 32.82 7.03 74.76
1874 72.79 29.79 47.76 11.66 132.29
1875 72.81 57.65 172.48 14.30 152.58
1876 72.85 12.05 31.37 7.16 66.79
1877 72.89 42.15 66.53 13.19 157.54
1878 72.93 55.37 145.06 13.85 168.10
1879 72.98 70.04 107.53 13.59 123.26
1880 73.19 67.61 173.48 13.53 116.18
1881 73.16 36.34 42.83 12.66 133.23
1882 73.21 79.15 28.68 12.82 89.24
1883 73.23 61.28 189.19 14.08 133.67
1884 73.23 65.55 190.26 13.71 146.41
1885 73.39 83.64 20.92 10.27 65.91
1886 73.18 21.64 26.89 8.66 104.58
1887 73.49 23.68 24.49 9.72 88.70
1888 73.35 50.39 70.75 12.76 178.69
1889 73.35 26.41 29.01 9.77 115.05
1890 73.36 34.09 31.51 11.51 119.90
1891 73.40 46.75 71.96 13.74 150.11
1892 73.56 77.15 28.84 10.82 82.67
1893 73.55 38.62 48.01 12.27 155.92
1894 73.61 52.52 87.86 14.21 170.74
1895 73.59 72.09 130.02 14.47 127.93
1896 73.48 74.92 67.02 12.89 119.89
1897 73.66 58.89 149.54 14.61 154.21
1898 73.71 16.92 22.00 7.86 86.59
1899 73.75 28.89 24.37 9.77 105.02
1900 73.91 81.24 27.46 10.57 94.98
1901 73.76 63.76 185.22 13.85 140.44
1902 73.69 19.65 20.45 8.00 70.18
1903 73.82 31.55 25.88 11.89 107.65
1904 73.92 40.73 37.73 13.34 141.07
1905 73.78 42.81 45.35 13.19 132.83
1906 73.97 48.66 48.37 13.16 145.52
1907 73.92 54.44 92.23 14.81 172.03
1908 73.85 56.69 109.39 14.98 161.13
1909 73.96 12.62 17.50 6.24 59.94
1910 74.07 44.85 47.89 14.10 145.38
1911 73.88 15.48 22.83 7.00 77.67
1912 74.40 25.21 24.06 10.13 94.49
1913 74.20 70.16 168.24 13.85 117.59
1914 74.36 21.29 23.35 7.89 80.01
1915 74.36 36.34 27.40 11.52 109.32
1916 74.38 68.20 181.87 14.24 140.91
1917 74.32 14.61 17.27 6.63 56.88
1918 74.39 60.27 127.77 13.87 157.71
1919 74.43 62.35 129.74 13.82 172.09
1920 74.37 34.04 27.57 11.76 105.77
1921 74.54 66.16 145.64 13.20 123.03
1922 74.58 75.60 126.66 12.16 114.08
1923 74.33 27.15 28.67 10.03 100.42
1924 74.47 50.96 44.08 12.96 146.46
1925 74.66 46.87 34.55 13.55 123.49
1926 74.55 78.56 58.44 10.68 89.90
1927 74.73 18.04 26.45 8.33 69.89
1928 74.70 38.43 29.47 12.07 121.21
1929 74.76 42.94 35.25 12.70 118.88
1930 74.84 72.97 161.29 13.48 127.41
1931 75.04 22.92 36.38 9.93 85.20
1932 74.86 30.53 39.04 11.30 99.30
1933 74.93 53.31 60.09 12.74 140.50
1934 74.90 55.62 77.71 13.21 145.83
1935 74.84 58.04 97.03 12.61 155.72
1936 75.01 82.43 46.79 10.33 81.06
1937 74.85 28.59 31.76 10.62 91.27
1938 74.87 84.70 12.93 8.68 35.39
1939 75.07 40.91 27.10 12.32 114.53
1940 75.07 64.33 121.88 12.99 153.44
1941 75.01 32.62 27.98 10.78 95.44
1942 75.20 49.00 31.15 12.88 115.90
1943 74.96 26.71 28.46 10.15 87.46
1944 75.42 70.66 161.10 13.63 130.96
1945 75.19 15.59 28.89 7.46 57.28
1946 75.41 13.56 25.18 6.95 54.47
1947 75.34 44.98 27.33 13.51 118.03
1948 75.39 34.86 57.42 11.92 89.72
1949 75.52 59.90 78.54 12.53 138.65
1950 75.48 61.94 81.01 12.95 164.81
1951 75.45 20.63 45.76 7.60 62.76
1952 75.45 68.16 115.80 12.83 114.29
1953 75.30 78.35 101.00 11.48 98.31
1954 75.49 51.20 36.07 12.83 115.51
1955 75.48 24.99 69.77 10.53 70.97
1956 75.66 36.87 54.64 12.36 93.79
1957 75.57 19.02 49.50 7.97 57.55
1958 75.84 27.51 77.95 10.24 71.93
1959 75.80 39.22 58.55 12.45 104.56
1960 75.80 56.81 47.50 13.68 116.93
1961 75.81 66.09 100.07 13.40 139.58
1962 75.80 46.98 27.83 13.03 106.53
1963 75.97 76.42 154.48 12.55 136.40
1964 75.93 79.83 121.10 12.05 106.32
1965 75.93 43.32 30.11 13.00 110.42
1966 75.92 31.39 108.99 11.19 81.04
1967 76.10 54.87 39.67 13.49 116.87
1968 75.94 17.40 67.72 8.37 56.26
1969 76.01 73.51 164.65 12.02 141.39
1970 76.18 84.30 28.78 9.15 55.06
1971 76.21 52.89 27.96 12.69 106.36
1972 76.11 23.90 92.51 9.12 67.78
1973 76.21 33.69 88.36 11.75 73.68
1974 76.24 41.45 47.87 12.47 103.25
1975 76.32 58.44 68.96 13.52 133.73
1976 76.22 63.74 76.03 12.54 145.70
1977 76.16 82.01 67.00 10.50 83.98
1978 76.29 21.61 100.06 8.67 57.89
1979 76.27 15.37 63.84 7.61 47.34
1980 76.15 29.39 98.53 10.59 80.12
1981 76.41 48.60 30.76 12.14 96.61
1982 76.47 69.67 115.54 13.14 135.15
1983 76.69 19.29 111.43 8.68 48.56
1984 76.57 35.48 107.33 12.25 74.50
1985 76.56 45.50 28.92 13.46 103.34
1986 76.52 50.71 30.40 13.33 101.00
1987 76.61 61.27 57.20 12.23 136.68
1988 76.62 12.87 51.22 6.51 32.05
1989 76.91 37.45 130.32 11.63 68.68
1990 76.76 67.47 87.79 13.28 143.22
1991 76.80 25.94 135.53 10.46 54.02
1992 76.85 72.18 141.79 12.77 133.79
1993 76.94 30.02 141.85 11.01 57.52
1994 76.98 39.67 155.12 12.48 79.83
1995 77.12 17.01 109.26 8.73 41.62
1996 77.10 32.45 151.57 10.94 53.37
1997 77.13 56.65 38.24 13.03 101.84
1998 77.02 43.00 104.20 13.27 83.48
1999 77.21 74.84 181.62 11.76 129.01
2000 77.17 65.37 61.91 12.35 131.60
2001 77.38 77.64 175.10 10.93 124.57
2002 77.21 23.85 121.64 9.04 47.57
2003 77.39 82.86 90.77 9.01 58.52
2004 77.49 14.28 106.33 7.45 32.65
2005 77.35 47.36 67.10 14.49 87.71
2006 77.25 54.19 28.17 12.39 105.56
2007 77.25 59.23 36.30 12.16 113.69
2008 77.46 21.41 124.81 8.59 44.54
2009 77.43 52.03 32.16 13.08 114.39
2010 77.45 63.23 45.71 12.46 130.57
2011 77.37 80.20 151.75 10.53 116.91
2012 77.27 28.42 145.17 10.92 51.50
2013 77.53 34.58 152.75 11.29 59.84
2014 77.49 49.83 59.85 13.48 89.04
2015 77.68 44.91 118.05 14.33 76.56
2016 77.62 69.00 74.21 12.21 123.32
2017 77.78 40.94 159.33 13.16 67.91
2018 77.79 71.19 110.27 11.97 126.09
2019 77.91 61.29 30.10 12.59 124.29
2020 77.82 26.99 150.72 10.60 41.01
2021 77.99 19.31 113.59 8.33 33.76
2022 78.16 30.39 158.69 10.85 38.41
2023 78.12 67.33 40.80 12.85 115.80
2024 78.11 38.57 174.19 12.52 60.84
2025 78.29 36.41 166.15 12.00 52.63
2026 78.29 42.83 178.20 12.74 58.28
2027 78.20 55.37 28.82 13.05 97.17
2028 78.29 73.81 116.98 11.40 148.06
2029 78.32 57.41 24.76 12.34 75.90
2030 78.36 59.34 25.88 12.72 110.85
2031 78.38 17.13 137.52 8.02 29.81
2032 78.62 21.87 136.39 9.25 30.92
2033 78.29 32.77 166.06 11.05 43.90
2034 78.41 48.60 150.46 13.76 74.47
2035 78.33 53.10 57.09 13.70 87.83
2036 78.34 64.97 33.81 12.11 119.76
2037 78.67 80.83 143.19 10.27 93.55
2038 78.56 46.42 170.84 12.87 70.69
2039 78.59 76.06 138.74 11.18 117.67
2040 78.64 50.68 138.42 13.27 69.60
2041 78.69 14.59 114.14 6.91 22.79
2042 78.91 24.91 144.49 9.58 30.86
2043 78.56 26.54 140.81 11.03 30.97
2044 78.82 69.74 43.82 11.67 118.40
2045 78.91 28.79 157.96 10.67 29.23
2046 78.94 62.75 25.30 12.43 98.17
2047 79.03 78.14 147.98 10.73 115.33
2048 78.98 40.64 185.28 12.66 42.89
2049 79.08 34.48 162.79 11.17 30.59
2050 79.10 44.26 177.88 13.60 52.38
2051 79.28 72.51 78.11 11.75 125.83
2052 79.30 54.19 131.30 11.66 64.57
2053 79.25 60.87 29.34 12.88 91.15
2054 79.30 38.47 180.40 12.01 37.61
2055 79.34 66.51 35.84 12.68 119.76
2056 79.47 52.13 166.96 13.15 45.99
2057 79.35 56.29 99.72 11.91 70.35
2058 79.36 31.85 144.42 11.64 26.92
2059 79.49 58.56 44.44 12.79 86.64
2060 79.71 17.01 121.03 8.39 20.85
2061 79.65 48.10 195.89 13.26 45.29
2062 79.63 68.48 29.00 12.63 100.55
2063 79.72 42.41 179.12 13.60 36.28
2064 79.78 23.27 145.98 9.35 21.83
2065 79.76 75.02 62.82 11.31 99.15
2066 79.75 36.28 166.47 12.25 31.76
2067 79.82 45.94 192.56 12.81 47.78
2068 79.99 49.99 189.26 13.52 44.54
2069 79.96 64.13 26.01 12.55 91.06
2070 80.02 14.66 105.17 6.95 14.48
2071 80.02 29.57 135.32 10.34 21.63
2072 80.05 26.06 135.27 9.62 22.18
2073 80.11 70.78 30.59 11.20 95.92
2074 80.18 77.19 70.45 10.22 98.73
2075 80.16 21.03 132.51 9.35 17.70
2076 80.29 40.44 177.26 13.86 25.84
2077 80.29 79.73 74.51 9.19 74.29
2078 80.26 34.05 130.20 11.52 25.50
2079 80.57 57.02 161.28 13.64 59.65
2080 80.27 60.18 90.72 12.04 75.44
2081 80.45 44.02 180.03 12.81 32.99
2082 80.75 55.19 187.49 13.30 49.91
2083 80.77 31.43 121.26 11.35 18.83
2084 80.68 53.32 192.72 13.16 42.49
2085 80.56 38.23 163.80 12.18 22.82
2086 80.70 62.53 49.30 12.47 77.69
2087 80.57 66.57 22.64 11.49 108.90
2088 80.80 73.57 53.63 11.38 126.06
2089 80.65 18.86 104.66 8.15 15.42
2090 80.84 69.00 22.48 12.28 97.32
2091 80.89 51.62 207.76 13.10 37.21
2092 80.83 36.36 110.69 11.69 19.04
2093 80.98 27.91 114.58 10.14 16.85
2094 80.88 46.57 174.08 12.94 32.18
2095 81.12 48.52 176.88 13.31 27.90
2096 81.07 25.12 108.73 9.24 15.31
2097 81.05 17.04 86.69 7.11 13.36
2098 81.11 22.96 102.46 9.96 14.96
2099 81.11 42.31 161.42 12.64 23.04
2100 81.20 58.72 153.66 12.28 53.76
2101 81.30 20.79 95.22 8.55 13.78
2102 81.54 61.01 147.74 12.59 55.85
2103 81.34 75.83 56.60 9.96 106.69
2104 81.22 64.39 38.23 12.02 79.10
2105 81.40 34.75 104.40 11.21 17.11
2106 81.49 71.36 24.09 10.68 103.10
2107 81.39 78.32 56.68 9.52 87.34
2108 81.61 50.28 184.91 13.46 26.66
2109 81.47 40.09 122.30 12.39 19.22
2110 81.60 44.86 159.13 13.23 21.36
2111 81.82 33.01 101.00 10.14 15.38
2112 81.69 67.04 25.84 12.17 88.12
2113 81.88 38.04 119.42 12.24 17.04
2114 82.07 56.54 159.12 11.96 29.25
2115 82.05 54.43 150.70 10.50 27.09
2116 82.11 47.05 151.50 12.27 20.19
2117 82.19 19.89 50.77 7.62 11.38
2118 82.42 52.50 156.71 11.93 21.76
2119 82.21 26.63 78.29 9.88 14.70
2120 82.20 28.99 66.59 9.16 13.88
2121 82.24 73.55 24.27 9.65 97.00
2122 82.17 17.51 47.74 6.73 10.73
2123 82.20 41.50 122.31 13.62 16.39
2124 82.28 24.35 72.05 8.77 13.58
2125 82.21 69.68 24.77 11.27 88.68
2126 82.34 36.17 83.11 11.81 14.44
2127 82.40 62.57 139.66 11.89 50.11
2128 82.37 65.08 99.67 11.48 61.57
2129 82.40 22.34 55.68 8.85 11.83
2130 82.45 43.65 127.13 13.92 16.66
2131 82.45 58.88 188.25 12.59 37.81
2132 82.51 31.40 81.63 10.69 12.71
2133 82.63 49.75 158.00 11.74 19.09
2134 82.81 76.21 31.95 9.27 84.14
2135 82.89 39.44 93.59 12.35 14.16
2136 82.89 67.38 56.14 11.08 77.66
2137 83.12 45.95 110.11 11.82 15.33
2138 82.99 34.80 59.45 10.72 14.84
2139 83.15 71.61 21.08 10.70 97.05
2140 83.21 48.02 121.04 12.11 16.99
2141 83.24 18.95 32.41 7.90 8.48
2142 83.26 59.91 166.70 11.78 34.84
2143 83.24 27.69 42.52 8.86 11.88
2144 83.35 56.42 136.88 10.62 19.49
2145 83.39 37.34 63.12 11.81 13.20
2146 83.33 63.97 150.41 12.33 51.63
2147 83.50 21.09 41.80 7.09 8.58
2148 83.40 25.66 44.62 9.49 12.33
2149 83.42 29.72 61.67 10.40 12.52
2150 83.37 41.60 88.73 11.56 14.20
2151 83.56 32.95 49.30 10.43 11.35
2152 83.46 23.37 42.16 9.12 11.44
2153 83.55 73.86 19.11 10.10 76.55
2154 83.61 50.93 126.33 13.33 16.28
2155 83.63 43.90 86.21 12.13 13.62
2156 83.43 68.35 66.58 13.00 71.19
2157 83.82 53.01 118.76 12.25 14.71
2158 83.82 62.02 176.80 13.04 35.85
2159 83.84 66.28 130.49 11.66 56.53
2160 84.05 69.45 61.00 11.20 74.84
2161 84.20 39.99 46.21 10.87 10.96
2162 84.10 35.13 31.37 11.68 11.99
2163 84.22 49.27 97.01 12.15 14.30
2164 84.30 57.84 166.54 11.62 23.02
2165 84.35 45.46 72.60 11.74 12.40
2166 84.29 31.11 32.85 9.98 11.92
2167 84.39 54.58 104.28 12.09 17.15
2168 84.43 42.35 51.65 11.53 11.91
2169 84.56 47.34 68.94 12.31 13.96
2170 84.53 71.68 28.25 9.89 79.78
2171 84.39 19.64 22.65 6.43 8.24
2172 84.45 22.36 24.48 8.33 9.36
2173 84.55 26.09 29.74 9.46 9.58
2174 84.27 27.89 31.00 9.65 9.50
2175 84.58 60.18 156.95 12.33 27.31
2176 84.74 64.43 167.78 11.66 39.53
2177 84.72 29.25 25.40 8.75 10.28
2178 85.02 55.96 125.65 11.28 18.03
2179 84.86 33.41 26.63 9.96 10.21
2180 85.05 67.43 151.03 11.65 45.40
2181 85.06 50.88 78.90 12.10 13.67
2182 84.80 20.65 19.21 7.84 8.32
2183 85.05 52.97 109.42 12.60 16.28
2184 85.17 62.25 157.06 12.31 30.47
2185 85.10 39.40 26.69 11.62 10.50
2186 85.17 43.94 32.92 11.94 10.92
2187 85.20 36.31 26.24 11.11 10.96
2188 85.52 69.64 99.62 9.43 46.61
2189 85.45 30.18 22.26 10.45 10.85
2190 85.51 41.67 27.07 10.94 9.79
2191 85.41 48.94 54.24 11.30 10.93
2192 85.46 23.45 20.85 7.92 7.94
2193 85.47 20.84 16.36 7.59 7.03
2194 85.32 31.76 23.25 8.33 9.75
2195 85.67 57.97 136.70 12.00 19.28
2196 85.62 46.25 33.49 10.99 10.28
2197 85.81 27.84 19.76 10.26 9.41
2198 85.81 38.11 23.01 11.32 9.91
2199 85.87 60.08 131.82 12.52 21.32
2200 85.98 72.33 66.44 9.85 61.60
2201 85.85 34.56 21.56 10.49 9.76
2202 86.01 54.20 81.35 11.81 14.40
2203 86.06 31.65 20.91 9.72 9.65
2204 85.92 65.05 165.30 10.85 33.03
2205 86.20 44.47 26.52 12.06 9.66
2206 86.10 21.70 15.50 6.76 6.91
2207 86.20 52.04 52.52 10.73 12.37
2208 86.31 47.83 30.41 10.20 10.12
2209 86.22 25.82 18.03 7.89 8.58
2210 86.36 36.59 20.44 11.39 9.50
2211 86.43 40.23 23.54 11.60 9.40
2212 86.34 62.47 144.28 12.03 21.85
2213 86.48 56.38 76.70 11.85 13.82
2214 86.42 67.28 179.20 10.63 37.78
2215 86.43 49.91 38.30 12.00 12.18
2216 86.60 30.14 18.97 8.79 9.61
2217 86.58 42.53 22.29 10.89 9.29
2218 86.36 34.03 20.33 9.83 9.50
2219 86.91 69.69 148.71 9.91 42.12
2220 86.98 46.14 24.53 10.69 9.55
2221 86.98 32.48 18.49 10.15 9.12
2222 86.82 58.71 71.11 11.77 15.55
2223 87.02 38.60 18.52 9.74 9.00
2224 87.05 64.10 151.32 11.83 22.88
2225 86.98 23.76 14.98 7.82 7.73
2226 87.13 35.16 20.11 11.51 9.51
2227 87.19 71.97 85.00 8.39 34.19
2228 87.26 61.00 79.27 11.04 15.70
2229 87.33 25.50 14.14 7.69 7.14
2230 87.18 54.64 42.99 12.73 12.49
2231 87.31 52.38 35.40 10.94 11.26
2232 87.40 44.00 20.54 11.34 7.97
2233 87.42 50.36 28.76 11.50 10.31
2234 87.57 48.22 28.05 11.31 9.68
2235 87.23 29.37 16.00 8.15 7.77
2236 87.35 40.98 17.08 9.25 8.11
2237 87.56 66.18 165.54 11.43 21.87
2238 87.94 30.45 15.97 10.45 8.52
2239 87.74 42.00 15.66 10.70 8.85
2240 87.59 56.92 38.28 12.69 12.67
2241 87.90 59.16 43.27 10.35 13.28
2242 87.88 37.42 17.79 11.50 9.52
2243 88.01 62.78 112.17 10.36 14.14
2244 87.74 35.55 17.82 8.45 8.00
2245 88.03 40.08 16.52 9.79 8.75
2246 88.24 68.11 140.00 9.45 17.66
2247 88.37 70.92 116.64 9.66 21.85
2248 88.31 24.07 11.54 7.37 6.85
2249 88.08 33.34 16.29 9.93 9.57
2250 88.13 46.06 19.07 10.10 9.36
2251 88.38 55.46 32.66 11.78 10.97
2252 88.31 26.87 13.23 9.12 7.24
2253 88.46 28.58 12.96 7.76 8.46
2254 88.18 32.10 16.83 9.10 8.00
2255 88.41 35.27 15.70 10.37 8.86
2256 88.36 43.68 15.75 10.00 7.80
2257 88.38 51.47 23.36 11.73 10.59
2258 88.39 53.45 27.29 12.16 11.31
2259 88.40 49.55 22.36 10.77 10.45
2260 88.81 65.28 139.73 10.23 13.51
2261 88.71 61.11 49.67 10.34 12.24
2262 88.69 57.79 32.27 11.66 11.73
2263 89.00 37.26 16.29 10.11 7.66
2264 88.90 47.84 18.59 9.89 8.27
2265 88.83 31.55 14.41 9.00 8.61
2266 88.69 42.23 14.79 10.86 8.57
2267 88.75 25.50 13.44 7.78 7.44
2268 88.97 40.56 15.14 10.28 8.68
2269 89.11 45.58 16.82 10.40 8.08
2270 89.18 58.72 31.60 10.82 10.34
2271 89.38 69.68 101.72 8.62 12.97
2272 89.51 50.18 18.40 11.33 8.80
2273 89.50 52.77 20.83 10.49 9.95
2274 89.42 62.95 57.12 9.47 12.19
2275 89.33 24.83 11.37 8.23 7.70
2276 89.32 27.58 11.69 8.96 6.82
2277 89.39 43.80 17.32 10.98 8.43
2278 89.35 30.84 13.04 9.58 7.67
2279 89.75 67.49 117.35 9.33 11.61
2280 89.33 54.28 23.39 11.45 8.58
2281 89.57 55.66 24.64 11.05 10.39
2282 89.74 35.83 14.70 9.57 8.49
2283 89.84 56.98 23.71 12.03 11.08
2284 89.95 42.79 15.97 10.00 7.58
2285 89.76 33.63 12.77 9.57 8.83
2286 89.96 46.70 14.09 10.07 7.69
2287 90.00 60.49 36.60 9.32 10.52
2288 89.88 38.33 14.13 10.40 8.19
2289 89.90 30.49 13.17 9.78 8.44
2290 89.97 32.19 13.09 8.05 9.50
2291 90.31 65.10 65.08 10.93 9.90
2292 90.15 41.56 15.11 9.33 9.78
2293 90.40 40.16 15.09 9.82 8.40
2294 90.56 28.94 12.14 11.19 7.24
2295 90.63 26.49 11.10 9.04 6.81
2296 90.29 57.82 21.00 10.33 9.67
2297 90.53 31.73 12.91 9.91 7.73
2298 90.45 37.37 14.60 10.35 8.85
2299 90.66 54.43 19.10 11.56 9.04
2300 90.95 33.97 12.52 11.76 7.89
2301 90.64 44.83 13.74 10.55 8.72
2302 90.65 58.56 20.98 10.17 9.28
2303 90.85 52.87 17.05 10.19 9.03
2304 90.73 63.02 46.17 9.77 9.42
2305 90.80 55.90 18.65 10.59 9.65
2306 90.83 36.07 13.14 10.62 8.30
2307 90.92 43.19 15.58 10.96 7.21
2308 90.94 50.57 16.80 10.51 8.73
2309 91.26 46.94 14.70 11.19 7.73
2310 90.85 30.05 9.80 14.30 7.80
2311 91.54 37.75 12.39 15.65 7.13
2312 90.98 41.75 14.67 12.53 7.20
2313 91.04 59.66 22.17 8.97 8.97
2314 91.17 40.81 14.00 11.96 8.23
2315 91.27 56.74 17.25 10.56 8.59
2316 91.15 48.44 15.62 10.25 9.25
2317 91.62 61.58 27.18 9.68 7.62
2318 91.37 30.69 11.52 12.48 6.68
2319 91.73 64.30 48.82 10.23 7.71
2320 91.63 42.37 14.06 13.12 8.23
2321 91.73 58.07 16.90 10.13 8.03
2322 91.78 27.47 9.78 16.66 5.72
2323 91.68 49.47 14.64 10.49 7.71
2324 91.83 51.79 15.15 10.09 7.75
2325 91.59 44.25 13.97 12.15 7.64
2326 91.87 32.58 11.76 12.48 7.45
2327 92.28 56.03 15.72 10.69 8.40
2328 92.34 59.55 18.85 10.10 7.61
2329 92.15 35.46 11.78 16.16 6.96
2330 92.08 40.38 11.84 16.75 7.05
2331 92.19 44.88 13.61 11.20 7.93
2332 92.42 48.21 13.97 11.82 7.12
2333 92.61 53.86 14.47 9.35 8.05
2334 92.54 32.52 10.58 12.45 7.63
2335 92.53 37.89 11.03 17.13 8.03
2336 92.98 42.04 13.89 17.15 7.72
2337 92.97 28.76 10.17 16.40 6.08
2338 92.78 49.05 11.90 13.30 9.60
2339 92.93 37.35 12.43 17.86 9.43
2340 93.59 36.21 10.63 20.13 7.88
2341 93.40 50.40 12.99 14.74 8.17
2342 93.73 55.74 12.95 8.96 6.92
2343 93.50 59.19 14.98 8.57 6.40
2344 93.78 32.09 10.65 18.72 6.56
2345 93.54 34.36 11.00 16.88 7.74
2346 93.68 48.06 14.36 11.11 7.72
2347 94.03 43.23 12.61 16.46 6.64
2348 94.01 46.48 13.59 14.38 7.59
2349 94.17 38.49 11.40 25.00 7.84
2350 94.17 49.67 14.18 12.55 7.49
2351 94.59 34.30 10.28 19.16 6.64
2352 94.41 41.13 11.18 17.05 7.21
2353 94.31 51.53 13.28 10.78 6.62
2354 94.42 57.31 12.65 9.00 6.15
2355 94.48 58.65 11.65 9.09 5.91
2356 94.69 54.79 12.34 9.38 6.20
2357 95.23 47.09 12.64 15.42 6.60
2358 94.94 49.02 13.45 11.64 6.52
2359 95.43 36.65 11.28 23.19 6.74
2360 95.24 41.79 12.30 20.36 7.36
2361 95.37 39.20 10.71 25.61 7.26
2362 95.26 31.13 7.97 18.42 5.50
2363 95.34 45.50 11.35 16.02 7.71
2364 95.20 32.99 10.78 17.89 4.56
2365 95.35 51.71 11.48 9.64 6.90
2366 95.49 43.48 10.48 16.10 6.59
2367 95.42 53.04 12.25 9.25 6.38
2368 95.62 34.56 10.83 18.50 7.11
2369 95.64 54.46 11.48 9.25 6.17
2370 95.70 33.50 8.97 16.86 6.63
2371 95.80 52.63 13.67 9.83 5.83
2372 96.46 40.77 10.11 16.27 5.48
2373 96.39 51.35 11.74 11.49 5.64
2374 96.32 35.37 10.24 23.37 5.59
2375 96.21 43.31 11.02 16.93 6.56
2376 96.99 38.54 9.69 23.52 5.91
2377 96.68 45.56 11.53 13.53 6.34
2378 97.05 43.83 10.08 15.41 7.26
2379 97.11 49.57 10.91 15.07 5.37

