#<Embryo name> <Cleavage cycle> <Temporal class> <Genes>
rf11 14A 8 even-skipped Kruppel hunchback

#Quantitative data
#<Nucleus number> <A-P coordinate> <D-V coordinate> <Fluorescence intensity: channel 1 - eve, channel 2 - Kr, channel 3 - hb>
0 2.39 48.33 10.52 10.86 30.16
1 2.77 50.64 10.57 11.49 43.49
2 3.33 43.66 10.37 11.57 35.37
3 3.61 52.41 10.33 10.38 44.52
4 3.56 46.60 11.39 10.77 40.70
5 4.22 48.98 9.58 11.59 45.04
6 4.50 41.93 11.11 11.40 41.82
7 4.64 45.10 10.92 11.81 45.10
8 5.07 53.55 11.56 11.37 53.84
9 5.17 50.74 11.10 12.09 53.18
10 5.24 56.42 10.75 11.55 56.73
11 5.35 39.35 12.15 13.28 43.39
12 5.54 47.35 11.38 14.44 47.09
13 5.79 43.99 12.12 16.02 52.74
14 6.06 41.51 12.16 14.98 52.17
15 6.39 49.59 11.68 14.54 60.55
16 6.55 52.20 12.90 14.34 60.73
17 6.56 54.82 11.81 13.24 67.76
18 6.73 45.65 12.05 14.29 62.86
19 6.88 59.78 10.39 9.89 51.61
20 6.80 39.26 12.53 15.32 49.76
21 6.96 57.20 11.30 11.19 64.08
22 6.84 36.00 12.72 15.62 45.17
23 7.32 47.99 12.88 21.79 71.44
24 7.29 42.62 13.22 23.86 60.24
25 7.49 33.22 11.17 16.35 22.02
26 7.81 37.63 13.20 21.50 58.98
27 7.87 50.98 13.22 15.53 68.35
28 7.97 54.22 12.51 16.08 74.06
29 8.20 40.36 13.54 21.63 61.72
30 8.05 45.05 14.76 25.26 68.09
31 8.14 60.95 12.23 11.36 73.55
32 8.26 35.17 11.97 19.66 45.66
33 8.29 57.87 12.29 13.86 76.20
34 8.70 47.63 15.07 22.41 76.50
35 8.95 42.60 14.75 26.32 67.00
36 9.21 52.66 13.48 21.95 87.79
37 9.16 50.03 12.90 23.39 80.28
38 9.31 55.40 12.69 19.03 96.81
39 9.11 38.35 14.67 21.31 63.34
40 9.26 33.54 11.78 21.57 38.92
41 9.38 63.17 11.11 10.51 85.28
42 9.48 45.24 14.93 26.09 80.21
43 9.50 60.23 14.45 18.09 89.75
44 9.69 36.09 14.04 23.26 61.58
45 9.82 57.68 13.73 17.55 109.18
46 9.79 31.34 12.69 15.48 37.22
47 10.04 40.25 14.66 23.74 72.45
48 10.18 48.12 15.09 34.68 94.91
49 10.45 43.11 15.63 24.19 87.91
50 10.53 50.79 15.69 26.25 100.92
51 10.68 32.83 13.84 20.70 68.82
52 10.70 53.49 14.60 23.80 107.48
53 10.77 64.78 13.26 10.93 95.85
54 10.79 61.81 14.21 13.23 100.35
55 10.71 67.44 10.70 9.13 55.10
56 10.87 45.95 15.13 31.63 95.97
57 10.94 35.69 14.77 21.92 78.39
58 11.10 56.06 15.68 26.42 108.58
59 11.08 59.12 14.34 18.49 96.89
60 11.07 38.46 14.38 27.59 74.76
61 11.31 30.31 13.58 21.31 62.62
62 11.44 41.33 15.89 33.99 78.13
63 11.74 48.29 15.93 38.37 108.48
64 11.86 44.45 17.19 33.67 100.45
65 11.95 50.99 15.42 38.49 121.00
66 11.89 27.95 12.23 17.71 44.75
67 12.04 66.46 12.42 9.63 92.97
68 12.04 34.31 15.34 23.68 79.37
69 12.20 53.39 16.97 30.25 121.62
70 12.19 63.57 14.12 12.81 95.92
71 12.35 60.99 14.58 13.79 101.80
72 12.40 58.22 14.44 20.46 114.17
73 12.61 31.63 15.50 30.07 78.65
74 12.65 36.95 16.12 30.34 80.84
75 12.57 39.97 15.40 34.89 85.24
76 12.64 55.74 16.30 24.27 134.14
77 12.81 42.93 14.98 29.45 95.15
78 12.96 46.39 14.99 32.11 109.60
79 13.16 49.28 16.81 33.26 120.88
80 13.33 29.43 14.08 21.60 65.47
81 13.15 68.29 13.68 8.99 77.41
82 13.14 26.69 13.23 23.30 63.09
83 13.37 70.65 11.10 8.02 45.48
84 13.39 34.10 15.70 27.87 84.39
85 13.50 51.82 17.26 24.33 128.61
86 13.52 65.69 15.02 10.29 97.30
87 13.56 62.68 15.22 12.36 120.39
88 13.72 59.74 17.69 20.33 130.78
89 13.88 54.33 16.29 29.32 125.30
90 13.90 39.06 14.90 33.85 94.02
91 13.96 57.03 16.75 23.11 143.96
92 14.10 41.72 16.90 32.27 110.80
93 14.12 44.62 17.35 37.60 114.53
94 14.32 36.92 16.60 38.18 95.30
95 14.23 24.58 11.63 19.13 39.63
96 14.47 31.86 15.13 30.14 91.03
97 14.34 47.55 16.47 29.85 123.05
98 14.52 26.90 13.47 26.47 80.61
99 14.62 69.05 14.56 8.88 78.04
100 14.81 50.24 15.50 22.45 128.04
101 14.67 71.85 12.84 8.08 57.18
102 14.73 34.75 16.08 33.53 92.44
103 14.80 63.97 16.58 10.50 101.96
104 14.75 29.43 15.87 29.11 77.37
105 14.88 61.30 17.67 12.97 119.98
106 15.04 52.78 16.71 26.02 123.09
107 14.97 66.65 14.60 9.17 82.68
108 15.13 58.17 16.70 15.75 138.39
109 15.44 42.80 16.61 23.63 112.88
110 15.48 55.55 16.00 18.90 121.96
111 15.42 39.68 16.85 28.24 101.98
112 15.49 45.67 18.09 26.41 116.50
113 15.58 24.00 12.35 21.54 57.42
114 15.60 70.89 12.36 10.64 92.36
115 15.82 33.91 17.54 29.55 106.85
116 15.86 48.45 15.65 23.57 110.71
117 15.92 30.03 16.66 31.41 96.00
118 15.88 36.88 17.43 28.73 107.92
119 15.74 26.94 15.70 20.24 49.91
120 16.04 73.29 13.24 9.02 76.59
121 16.08 64.92 15.40 10.06 104.07
122 16.07 60.01 16.15 14.07 130.64
123 16.30 62.35 20.17 11.39 93.91
124 16.41 68.01 14.37 9.52 87.46
125 16.16 69.99 14.26 9.52 91.91
126 16.56 50.80 17.41 18.76 117.05
127 16.42 53.22 16.96 18.69 125.03
128 16.56 41.21 15.05 24.19 109.86
129 16.69 57.68 16.76 15.55 127.52
130 16.77 32.58 17.50 27.81 100.82
131 16.83 44.00 16.90 19.62 110.12
132 16.79 46.63 15.98 19.43 95.77
133 16.92 25.06 15.08 20.71 70.38
134 16.86 27.65 16.61 25.61 79.60
135 17.06 38.56 16.88 22.38 105.78
136 17.16 22.56 12.25 18.81 46.02
137 17.27 55.26 16.85 15.95 126.39
138 17.25 35.57 16.23 25.14 108.62
139 17.18 71.77 15.39 9.57 79.94
140 17.21 65.97 14.90 10.19 87.73
141 17.54 74.61 14.01 8.77 88.35
142 17.49 48.81 18.59 14.13 120.23
143 17.47 30.18 16.74 24.98 99.98
144 17.52 63.45 17.03 11.52 108.13
145 17.55 60.23 20.25 13.70 106.81
146 17.65 69.64 15.11 9.68 73.43
147 17.90 52.65 17.14 12.29 134.53
148 17.83 41.11 16.64 24.45 114.25
149 18.14 67.39 16.86 11.01 101.17
150 18.12 46.15 17.04 16.41 130.44
151 18.20 25.94 15.37 16.92 85.33
152 18.14 32.87 17.48 24.42 110.25
153 18.17 57.33 17.75 13.91 124.11
154 18.20 43.64 15.93 21.74 115.34
155 18.36 37.43 16.55 17.22 110.61
156 18.19 21.21 14.46 13.36 34.72
157 18.34 28.19 16.93 18.68 87.92
158 18.51 50.58 17.50 15.11 122.89
159 18.50 23.14 13.50 15.29 79.74
160 18.44 76.96 14.39 8.29 66.24
161 18.81 39.50 16.31 15.45 117.53
162 18.74 64.96 15.51 9.55 91.91
163 18.61 72.10 14.77 9.52 71.62
164 18.80 35.23 17.29 17.71 105.35
165 18.72 62.11 18.54 12.52 102.04
166 18.81 54.59 18.61 16.32 130.16
167 18.91 48.17 18.38 16.96 119.56
168 19.01 30.38 17.60 19.35 96.75
169 18.96 59.44 19.32 12.67 102.23
170 18.97 69.72 15.72 10.83 80.17
171 19.22 74.77 15.07 9.18 85.39
172 19.31 42.13 17.71 17.59 125.81
173 19.44 20.68 14.19 14.92 74.29
174 19.51 25.31 16.35 14.68 93.31
175 19.45 45.00 17.55 14.74 125.44
176 19.51 67.72 17.33 10.95 97.34
177 19.72 52.28 17.90 13.81 130.74
178 19.52 56.76 18.76 14.81 118.44
179 19.55 32.79 17.20 16.55 115.37
180 19.67 27.90 17.21 16.33 94.76
181 19.92 63.24 17.87 11.59 109.77
182 19.95 37.75 18.92 18.22 126.21
183 19.92 71.60 17.91 9.30 80.10
184 20.01 49.79 19.48 14.70 133.14
185 20.20 23.01 14.25 15.42 101.78
186 20.11 60.82 16.94 12.19 88.90
187 20.08 65.61 17.38 11.94 110.55
188 20.12 47.22 17.00 15.79 141.39
189 20.19 35.29 17.16 17.06 125.11
190 20.23 40.24 18.05 19.07 127.82
191 20.23 54.54 18.68 13.74 121.62
192 20.33 58.66 17.22 11.64 103.83
193 20.36 30.47 17.40 18.70 106.24
194 20.52 69.46 19.43 10.97 93.54
195 20.53 43.19 17.78 14.76 121.33
196 20.50 73.63 17.92 10.42 81.62
197 20.57 76.15 15.59 9.33 70.70
198 20.95 25.52 15.87 14.50 103.25
199 20.96 33.14 18.08 16.82 111.75
200 21.08 45.53 17.55 15.72 139.04
201 21.04 56.68 17.38 12.43 121.90
202 20.95 20.71 13.16 16.33 94.52
203 21.15 28.13 17.00 15.81 108.38
204 21.15 66.96 17.24 11.00 104.21
205 21.14 50.96 18.77 13.46 129.87
206 21.17 79.28 14.64 8.57 40.43
207 21.19 62.03 18.97 12.18 114.80
208 21.32 64.40 17.02 11.29 110.09
209 21.39 36.54 18.18 15.95 130.37
210 21.36 48.15 17.33 15.26 142.12
211 21.36 53.43 18.26 12.01 124.23
212 21.40 38.90 17.37 15.13 109.82
213 21.46 41.35 18.72 16.07 141.29
214 21.51 71.14 18.44 10.81 84.96
215 21.58 59.68 17.98 12.47 110.02
216 21.51 21.63 15.22 16.81 89.33
217 21.62 76.92 16.79 9.44 71.08
218 21.64 73.97 19.09 9.90 87.13
219 21.75 30.76 16.50 16.02 121.45
220 21.98 23.92 16.62 17.33 111.87
221 22.07 43.49 19.06 14.36 140.19
222 21.99 68.49 19.48 12.03 96.87
223 22.16 34.48 17.35 15.97 131.46
224 22.05 55.63 20.03 12.42 115.08
225 22.34 49.54 18.32 14.71 136.25
226 22.35 57.94 18.70 12.35 104.20
227 22.36 26.58 16.34 15.34 121.28
228 22.43 45.95 19.57 13.91 131.26
229 22.55 51.72 19.04 12.98 137.06
230 22.35 62.57 18.91 11.92 105.53
231 22.45 65.56 20.19 11.16 103.74
232 22.54 78.45 22.95 9.47 73.37
233 22.65 40.51 19.03 15.09 134.62
234 22.69 21.77 15.75 13.61 110.60
235 22.64 37.58 20.09 16.47 124.14
236 22.66 75.31 18.72 8.89 65.34
237 22.81 32.26 16.76 14.37 124.72
238 22.80 53.87 20.61 14.38 127.12
239 22.68 29.09 17.78 15.14 122.36
240 22.78 60.27 20.18 12.19 112.59
241 22.74 72.61 24.66 10.27 94.54
242 22.91 69.80 22.31 11.50 95.81
243 22.81 19.53 15.18 13.80 69.57
244 23.08 47.71 19.11 15.25 115.33
245 23.26 56.35 19.91 13.09 118.51
246 23.24 67.50 22.53 12.50 95.43
247 23.27 43.79 19.77 14.55 121.42
248 23.51 17.12 14.06 11.47 76.74
249 23.39 34.58 18.28 15.58 126.73
250 23.37 63.37 22.41 11.79 104.45
251 23.68 79.26 103.08 10.03 76.59
252 23.55 24.83 15.93 15.59 108.87
253 23.31 29.95 18.32 15.95 123.93
254 23.71 27.38 16.97 15.21 117.61
255 23.63 58.62 18.50 13.00 104.30
256 23.83 49.82 19.37 13.06 122.46
257 23.74 65.46 24.07 12.06 99.68
258 23.63 76.51 43.85 10.48 61.70
259 23.87 36.84 20.05 15.40 125.10
260 23.85 39.24 17.65 15.06 128.11
261 23.85 41.84 20.66 14.55 124.64
262 23.92 73.55 67.70 11.60 95.09
263 23.93 45.67 20.16 15.88 123.24
264 23.87 52.08 21.71 13.70 123.02
265 23.89 61.16 21.38 13.20 109.78
266 23.81 71.38 36.78 11.39 97.43
267 23.89 19.77 14.04 13.00 104.41
268 23.99 54.48 20.53 13.60 112.54
269 23.98 22.56 18.57 13.64 113.57
270 24.01 31.88 18.03 15.91 131.96
271 24.24 68.80 44.86 12.86 116.50
272 24.21 47.79 20.95 14.56 111.67
273 24.37 29.66 18.43 15.48 89.22
274 24.56 56.52 21.64 13.33 116.69
275 24.68 34.30 19.29 15.02 135.98
276 24.70 63.64 28.37 13.01 100.03
277 24.66 66.56 28.91 12.04 83.42
278 24.75 83.30 82.35 9.61 32.64
279 24.80 43.74 21.31 14.74 130.60
280 24.71 15.89 12.80 11.70 52.40
281 24.80 75.17 173.34 11.72 69.67
282 24.78 59.19 23.35 13.39 115.48
283 24.86 80.27 166.44 11.06 66.55
284 24.97 24.17 18.14 14.33 116.36
285 24.98 77.66 159.02 11.64 53.15
286 24.99 18.36 15.09 13.09 76.00
287 24.98 27.07 18.32 13.56 113.19
288 24.95 41.10 18.55 15.29 122.01
289 24.98 51.16 21.51 14.67 116.74
290 24.95 71.02 166.89 12.89 82.94
291 25.10 20.99 16.69 13.27 113.43
292 25.12 36.37 20.05 16.17 138.99
293 25.04 38.64 19.04 15.66 125.80
294 25.02 53.62 21.03 14.07 104.31
295 25.03 61.30 25.83 14.32 106.71
296 25.19 48.88 22.56 15.00 131.66
297 25.18 46.37 22.90 15.05 129.29
298 25.30 32.19 19.50 13.94 127.57
299 25.56 73.08 169.59 13.96 60.81
300 25.53 29.76 18.85 14.81 127.17
301 25.63 68.49 212.00 12.18 94.30
302 25.60 57.64 22.44 13.43 114.00
303 25.81 55.28 24.14 14.48 127.73
304 25.80 65.96 186.64 13.37 94.37
305 25.86 81.82 135.23 10.29 76.26
306 25.94 16.65 15.42 12.54 85.83
307 25.87 62.56 68.32 13.86 112.73
308 25.98 42.54 22.06 14.36 119.26
309 26.06 25.42 19.19 14.38 119.93
310 25.96 39.84 20.52 15.17 131.51
311 26.03 44.73 22.09 14.80 132.38
312 26.01 52.78 22.68 15.06 119.68
313 26.03 34.43 21.19 15.00 121.82
314 26.07 59.79 30.55 13.36 103.87
315 26.08 76.13 166.51 11.46 61.75
316 26.13 78.93 145.81 11.22 86.34
317 26.14 50.15 23.13 14.61 130.83
318 26.17 19.71 17.95 12.92 93.57
319 26.19 22.41 18.90 13.30 111.37
320 26.27 28.06 21.22 14.60 127.88
321 26.15 37.03 21.00 15.96 135.57
322 26.19 70.75 209.46 12.98 92.18
323 26.32 47.63 24.12 14.49 127.69
324 26.46 31.56 22.02 15.72 111.69
325 26.74 64.17 217.82 13.69 100.78
326 26.74 73.23 179.49 12.24 82.14
327 26.65 57.13 34.75 14.64 119.09
328 26.72 14.04 14.63 11.19 50.00
329 26.92 82.50 83.49 10.19 84.14
330 26.99 61.30 204.98 13.15 104.92
331 26.97 66.58 214.75 14.68 98.53
332 26.95 41.05 22.88 14.54 127.33
333 26.92 54.64 32.77 15.38 126.32
334 27.02 45.68 27.22 14.39 129.69
335 27.08 69.02 207.21 14.24 94.40
336 27.02 38.57 24.46 15.82 136.93
337 27.02 52.00 30.52 15.10 134.66
338 27.22 16.11 22.59 14.05 94.36
339 27.11 18.85 20.64 12.93 91.25
340 27.15 33.90 24.70 14.87 126.21
341 27.29 75.52 136.96 12.65 85.77
342 27.17 23.90 23.27 13.73 109.85
343 27.18 26.65 23.65 13.94 115.58
344 27.23 36.04 24.11 15.26 124.85
345 27.26 43.24 27.12 15.00 128.03
346 27.37 29.42 25.44 14.75 116.20
347 27.18 49.36 27.63 15.74 122.48
348 27.37 58.87 191.35 14.80 103.94
349 27.30 78.00 79.13 12.17 88.67
350 27.44 85.02 32.39 9.33 52.41
351 27.41 21.07 24.13 12.76 93.10
352 27.63 71.31 158.68 14.47 93.97
353 27.59 31.59 24.28 13.95 121.84
354 27.73 79.82 73.95 11.55 69.01
355 27.65 47.18 30.92 13.80 117.47
356 27.81 62.95 225.54 14.64 98.10
357 27.73 56.34 105.02 14.60 95.17
358 27.88 54.06 75.56 16.68 130.28
359 27.87 40.64 26.19 14.22 118.48
360 27.95 51.15 66.41 15.97 144.94
361 28.06 67.35 170.10 14.75 107.45
362 28.04 38.00 26.72 15.01 139.50
363 28.08 44.79 42.49 15.80 143.81
364 28.14 65.01 187.04 15.61 90.09
365 28.10 73.81 105.53 12.82 102.17
366 28.01 82.38 39.49 11.45 86.63
367 28.26 17.98 75.31 14.00 98.49
368 28.18 25.58 34.15 14.60 107.28
369 28.24 23.06 53.30 15.30 108.17
370 28.19 60.79 171.59 15.83 75.61
371 28.30 15.03 63.37 13.21 87.67
372 28.26 28.06 39.06 15.51 119.00
373 28.35 33.25 37.13 15.29 121.57
374 28.35 48.79 131.79 17.17 135.10
375 28.37 69.48 153.99 12.26 104.87
376 28.42 35.47 34.45 15.70 122.93
377 28.37 76.92 40.61 12.85 96.18
378 28.49 42.46 41.47 15.03 135.39
379 28.48 58.58 217.36 15.41 100.13
380 28.67 20.70 84.11 15.66 99.44
381 28.68 30.75 43.73 16.06 118.96
382 28.77 52.66 228.40 16.77 119.90
383 28.67 56.29 170.86 16.89 64.79
384 28.88 46.47 182.48 17.89 130.91
385 28.83 71.89 76.62 13.97 109.31
386 28.60 82.09 40.56 10.50 84.78
387 28.83 39.84 46.63 15.77 138.50
388 28.87 84.04 21.68 11.26 54.42
389 29.08 13.30 113.19 13.68 65.08
390 28.88 79.38 32.41 11.93 67.58
391 28.93 62.73 204.31 15.91 100.52
392 29.00 37.43 52.03 15.83 129.80
393 29.06 66.48 127.65 14.04 119.55
394 29.19 50.25 221.38 17.22 124.33
395 29.22 74.59 52.34 13.18 108.50
396 29.28 43.85 192.53 16.56 125.65
397 29.24 54.56 215.92 16.65 95.48
398 29.35 60.52 179.11 15.17 125.36
399 29.28 25.56 170.77 15.61 87.48
400 29.33 28.53 176.07 16.14 101.90
401 29.27 33.58 115.76 16.83 89.09
402 29.40 69.07 74.38 14.62 118.75
403 29.42 23.02 169.17 15.02 105.33
404 29.56 64.52 109.91 14.48 118.62
405 29.61 18.57 168.89 15.79 92.31
406 29.51 81.67 24.87 13.12 67.04
407 29.58 15.98 156.16 14.70 76.56
408 29.60 76.92 30.16 12.85 81.64
409 29.63 48.08 223.48 18.67 110.08
410 29.59 58.19 209.16 16.17 117.99
411 29.75 36.01 167.98 17.58 96.30
412 29.65 41.32 209.35 18.31 126.67
413 29.81 87.71 16.16 10.81 29.10
414 29.79 11.33 80.13 14.08 23.62
415 29.93 31.40 188.07 17.61 95.37
416 29.95 85.07 23.51 12.94 78.24
417 29.89 52.45 217.23 17.22 108.78
418 29.84 56.19 187.12 18.19 100.31
419 29.89 38.95 200.20 16.01 97.15
420 29.89 45.67 198.97 16.69 86.21
421 29.98 71.92 39.84 13.75 108.24
422 30.14 21.36 172.16 16.40 96.18
423 30.20 79.02 25.44 13.14 71.72
424 30.17 62.28 124.72 17.01 125.91
425 30.20 66.90 63.82 15.31 114.26
426 30.22 33.73 179.27 15.40 79.55
427 30.33 13.70 134.36 15.86 79.43
428 30.24 26.70 202.86 17.56 103.56
429 30.36 49.90 215.12 17.56 129.96
430 30.43 29.28 215.90 17.51 115.90
431 30.33 42.91 204.66 17.93 106.67
432 30.43 59.79 91.17 16.17 133.44
433 30.50 74.45 29.31 14.20 105.00
434 30.53 24.15 192.71 17.39 101.22
435 30.58 54.70 158.36 17.22 131.49
436 30.57 69.74 43.62 14.20 107.69
437 30.59 64.59 45.94 15.77 76.83
438 30.76 81.30 23.67 14.05 68.07
439 30.70 47.18 190.98 18.18 96.35
440 30.65 57.44 111.02 17.35 110.65
441 30.80 37.95 203.18 18.25 115.56
442 30.91 16.60 131.94 15.92 77.10
443 30.90 45.00 199.10 17.08 104.76
444 30.87 35.69 205.03 17.79 87.74
445 30.91 40.60 218.46 17.51 118.70
446 30.90 76.80 24.93 14.06 73.07
447 31.00 19.69 153.00 15.84 92.43
448 30.88 52.34 160.57 17.31 134.72
449 31.07 87.36 49.52 12.06 56.27
450 31.32 11.70 86.26 15.70 59.39
451 31.20 83.76 30.20 15.38 86.07
452 31.26 32.66 215.38 18.44 106.60
453 31.33 60.93 54.49 16.27 145.51
454 31.39 63.23 42.28 16.21 117.38
455 31.30 67.85 33.72 16.15 118.76
456 31.19 72.18 26.19 14.63 61.14
457 31.25 27.49 172.77 15.43 91.88
458 31.30 48.85 168.11 17.57 141.80
459 31.50 22.35 155.80 16.41 97.07
460 31.43 30.41 188.00 19.33 110.36
461 31.43 42.79 218.13 17.75 149.66
462 31.51 56.06 80.17 16.98 139.56
463 31.39 89.43 40.76 10.62 15.88
464 31.49 58.55 54.34 16.90 125.73
465 31.62 79.22 26.23 13.87 86.75
466 31.65 65.76 28.11 15.81 101.11
467 31.56 51.06 119.26 16.74 146.82
468 31.72 14.28 99.72 15.96 89.99
469 31.63 53.79 96.75 19.75 130.75
470 31.75 24.62 150.92 17.89 101.71
471 31.75 74.60 27.78 15.72 100.35
472 31.93 35.03 187.41 18.47 120.47
473 31.89 39.21 166.59 16.31 119.44
474 31.84 70.22 28.38 15.98 116.16
475 31.93 18.42 102.61 17.29 105.79
476 31.92 37.09 148.40 19.00 144.04
477 31.92 47.33 158.45 19.71 141.31
478 31.86 45.06 140.76 19.55 147.76
479 32.23 85.97 117.64 17.22 71.08
480 32.23 77.08 33.74 15.41 98.28
481 32.22 81.52 39.71 14.48 84.25
482 32.29 41.26 160.14 17.51 136.66
483 32.09 88.81 57.00 11.70 13.90
484 32.27 26.92 127.78 17.97 106.55
485 32.40 29.27 140.18 18.08 120.05
486 32.39 84.04 135.51 15.03 73.65
487 32.51 16.69 57.18 15.76 101.73
488 32.38 20.90 89.10 16.81 96.67
489 32.40 49.98 70.40 20.68 131.07
490 32.50 72.53 28.49 17.42 114.68
491 32.48 61.79 34.12 16.52 118.53
492 32.57 33.51 122.62 18.57 133.51
493 32.48 52.30 75.01 18.67 144.07
494 32.49 57.25 40.69 17.51 140.18
495 32.50 59.67 41.78 18.04 142.04
496 32.52 64.08 27.88 17.13 135.32
497 32.56 31.51 97.04 16.87 126.15
498 32.60 67.92 28.19 17.55 123.94
499 32.65 12.20 53.97 15.22 88.06
500 32.45 10.32 35.22 14.41 25.89
501 32.58 43.46 96.80 17.81 131.55
502 32.75 54.60 45.49 18.33 146.05
503 33.01 23.12 86.88 18.72 110.27
504 32.82 45.98 78.24 19.97 145.50
505 32.87 37.90 117.53 19.84 146.00
506 33.06 14.88 48.24 17.52 105.63
507 32.94 25.19 87.63 19.45 114.81
508 33.13 48.25 60.46 19.23 153.18
509 33.14 89.11 76.52 15.64 25.95
510 33.17 65.82 26.27 17.58 115.99
511 33.08 70.21 27.51 18.19 113.16
512 33.03 79.08 61.19 14.94 80.60
513 32.99 9.21 24.09 14.33 14.33
514 33.15 75.11 41.25 17.01 113.94
515 33.23 19.04 58.42 18.74 112.75
516 33.24 35.62 80.41 18.38 143.74
517 33.23 39.87 69.70 18.57 144.34
518 33.31 27.83 60.40 19.42 107.95
519 33.51 41.96 56.30 20.55 140.54
520 33.47 81.86 109.44 16.48 78.16
521 33.53 84.76 173.78 21.91 74.87
522 33.52 30.31 64.11 17.55 127.48
523 33.48 56.22 36.25 21.97 144.56
524 33.57 58.65 28.14 17.36 139.81
525 33.64 50.17 34.63 19.73 137.36
526 33.66 60.94 28.34 16.43 125.77
527 33.68 44.39 53.68 20.64 140.64
528 33.49 52.42 42.62 19.87 134.64
529 33.62 63.32 27.32 19.38 119.61
530 34.13 87.18 146.68 22.53 70.82
531 33.69 10.95 28.85 15.78 60.81
532 33.64 33.09 67.94 19.42 136.43
533 33.86 21.41 44.82 18.07 114.39
534 33.90 72.16 51.11 18.56 103.91
535 33.87 67.50 30.42 19.27 112.50
536 33.98 13.55 29.94 16.64 104.02
537 34.15 77.16 169.56 18.92 103.87
538 33.91 37.91 44.65 19.41 129.83
539 33.94 46.69 45.09 21.69 136.14
540 34.09 16.65 29.08 17.34 93.21
541 34.00 25.57 49.94 19.47 118.21
542 33.96 91.02 44.99 17.77 16.94
543 34.15 54.31 30.86 20.52 136.46
544 34.32 79.94 148.72 19.70 77.07
545 34.23 69.47 39.28 18.72 119.22
546 34.38 74.31 135.70 18.36 115.82
547 34.42 28.37 37.94 18.34 120.19
548 34.50 35.63 37.00 19.93 143.56
549 34.40 40.27 36.39 19.72 135.13
550 34.40 65.25 29.31 18.19 128.89
551 34.46 23.38 34.63 18.37 111.52
552 34.70 9.63 19.15 15.36 54.97
553 34.50 19.23 31.09 18.29 112.45
554 34.57 30.95 36.32 18.43 128.39
555 34.57 48.56 40.85 23.04 147.21
556 34.46 57.14 33.35 18.57 139.19
557 34.58 42.91 36.04 19.71 137.25
558 34.46 51.76 29.28 21.71 136.37
559 34.70 33.40 35.15 20.56 131.12
560 34.74 62.62 30.28 18.98 125.02
561 34.74 83.24 177.33 19.69 73.08
562 34.76 60.00 32.70 21.57 128.92
563 34.86 89.56 59.16 22.34 27.70
564 34.86 45.60 31.67 21.12 138.90
565 35.04 11.95 23.37 16.94 95.15
566 34.99 37.91 34.92 21.94 135.42
567 35.05 67.49 96.68 21.60 127.51
568 35.09 91.65 26.54 19.02 12.68
569 35.23 70.50 140.65 20.39 110.66
570 35.30 21.58 28.64 19.11 112.70
571 35.06 26.20 31.32 18.99 123.57
572 35.27 55.50 30.09 20.40 120.09
573 35.22 14.62 24.55 17.70 98.07
574 35.42 72.94 174.75 23.80 115.12
575 35.40 53.20 30.73 21.53 127.59
576 35.37 16.89 27.03 18.39 114.73
577 35.49 78.34 172.34 27.02 110.72
578 35.44 50.50 31.34 21.58 135.52
579 35.35 58.15 36.26 20.09 118.82
580 35.50 75.70 179.23 22.26 111.51
581 35.43 41.22 34.60 21.28 145.92
582 35.52 86.75 106.88 31.79 72.02
583 35.53 28.98 33.55 18.39 130.14
584 35.54 64.46 102.32 23.25 132.25
585 35.46 80.93 98.73 24.15 49.00
586 35.60 24.03 27.47 19.01 113.82
587 35.65 31.76 29.91 21.11 131.43
588 35.65 47.94 35.23 23.72 136.67
589 35.74 34.31 32.51 22.55 144.68
590 35.75 43.47 35.36 23.17 145.45
591 35.71 19.14 26.80 19.63 109.50
592 35.68 61.59 61.14 20.93 107.69
593 35.83 36.44 34.15 21.89 125.06
594 35.99 39.14 34.33 21.64 127.45
595 36.03 83.64 126.08 36.36 94.83
596 36.07 89.79 51.42 40.43 54.57
597 36.02 45.66 35.83 21.15 122.93
598 36.18 59.56 146.72 23.55 126.74
599 36.11 66.46 192.99 25.17 100.91
600 36.04 10.19 18.61 16.81 48.88
601 36.21 68.95 194.26 24.13 110.66
602 36.16 26.84 30.78 18.94 134.34
603 36.34 12.64 28.44 17.94 103.52
604 36.29 56.92 103.46 23.03 140.18
605 36.38 79.62 120.96 25.37 74.05
606 36.41 54.62 85.68 22.85 140.59
607 36.40 52.16 46.15 24.10 129.41
608 36.51 71.33 192.56 29.05 121.97
609 36.49 15.28 25.86 18.95 99.90
610 36.55 62.78 193.75 24.43 136.56
611 36.52 30.36 34.96 20.56 146.46
612 36.54 49.74 48.89 23.69 131.42
613 36.67 22.54 34.30 23.52 118.33
614 36.61 41.35 59.36 24.21 138.16
615 36.67 74.10 196.90 26.80 112.28
616 36.70 76.88 148.08 32.33 106.08
617 36.81 20.39 29.70 21.94 114.27
618 36.64 91.73 19.30 29.48 15.86
619 36.74 17.73 30.40 20.49 111.31
620 36.73 24.66 38.60 22.62 136.78
621 36.89 87.33 59.74 48.99 81.97
622 36.84 32.70 41.09 22.48 138.35
623 36.82 7.88 21.60 14.23 14.77
624 36.71 34.83 44.43 24.58 119.85
625 36.86 37.40 42.95 24.74 144.32
626 36.84 47.18 84.39 26.17 136.01
627 37.03 64.85 201.79 29.94 119.99
628 36.95 43.98 53.83 22.05 112.53
629 37.13 81.39 99.98 38.70 106.05
630 37.07 28.46 45.98 23.02 111.32
631 37.19 60.70 200.37 28.37 116.62
632 37.24 10.77 40.03 20.62 91.59
633 37.22 67.52 201.80 29.26 122.08
634 37.33 39.50 108.16 29.58 139.28
635 37.25 58.26 206.72 30.54 135.05
636 37.26 84.45 79.71 52.42 103.58
637 37.46 53.81 181.04 27.66 114.17
638 37.63 56.18 197.50 27.38 115.40
639 37.45 51.35 175.02 28.23 139.09
640 37.58 89.25 38.51 57.13 56.36
641 37.55 26.35 81.86 27.54 135.67
642 37.62 69.91 195.28 33.38 124.90
643 37.69 13.47 70.89 23.00 107.82
644 37.63 35.73 114.24 28.86 150.60
645 37.65 48.72 169.26 29.67 131.71
646 37.71 72.31 189.60 31.21 121.23
647 37.70 15.96 74.17 23.34 115.98
648 37.75 41.49 147.32 28.15 139.24
649 37.72 91.34 22.67 46.33 27.32
650 37.83 7.35 43.44 17.05 24.11
651 37.75 30.71 108.15 27.17 137.38
652 37.87 45.87 164.42 29.44 144.94
653 37.75 74.97 157.68 34.61 113.09
654 37.79 62.77 221.64 33.99 134.98
655 37.99 77.66 113.88 42.90 110.17
656 37.83 21.60 84.74 24.60 136.38
657 37.98 23.98 120.06 25.45 133.60
658 37.98 33.54 132.60 28.33 140.08
659 38.12 9.30 62.62 21.65 61.83
660 37.92 18.43 93.94 23.27 109.47
661 38.34 37.63 191.43 31.81 141.72
662 38.37 43.59 180.63 34.80 144.75
663 38.22 86.22 41.74 58.38 81.61
664 38.30 64.99 181.47 40.97 115.64
665 38.38 83.18 60.60 66.07 101.06
666 38.28 58.74 212.62 41.82 132.18
667 38.23 66.95 182.92 43.05 124.47
668 38.46 80.21 63.74 60.05 106.69
669 38.62 26.94 169.45 32.14 134.16
670 38.55 50.45 200.25 31.44 141.42
671 38.50 53.10 215.98 33.49 124.72
672 38.46 60.87 203.83 36.59 121.96
673 38.65 69.03 137.07 52.87 145.54
674 38.88 11.78 91.27 25.39 89.84
675 38.80 39.57 195.28 37.39 161.22
676 38.74 31.52 172.43 35.89 155.88
677 38.82 47.96 201.35 36.45 131.74
678 38.77 55.18 197.72 37.29 124.26
679 38.86 89.02 30.53 72.95 65.60
680 38.87 19.89 155.51 30.11 134.59
681 38.82 35.54 192.55 33.30 150.13
682 39.13 41.51 205.08 46.69 149.44
683 38.80 71.13 134.06 50.81 112.64
684 38.84 73.53 114.53 55.26 134.04
685 38.97 91.74 17.98 63.15 31.08
686 38.75 75.87 64.00 45.50 95.41
687 38.89 14.65 129.66 29.02 114.23
688 38.97 63.30 180.96 50.91 136.08
689 39.13 22.23 164.41 33.22 143.18
690 39.25 29.37 189.95 37.56 145.88
691 39.15 17.46 146.50 31.26 120.52
692 39.21 45.63 209.45 42.25 141.39
693 39.18 57.36 180.72 50.63 129.27
694 39.31 33.43 196.30 36.63 137.98
695 39.37 24.32 157.28 33.12 123.77
696 39.34 7.26 57.71 25.73 40.73
697 39.37 9.47 87.20 25.79 55.67
698 39.33 66.90 110.60 52.41 141.96
699 39.40 77.98 45.59 71.64 96.41
700 39.42 59.59 135.16 66.00 150.98
701 39.37 85.92 39.17 79.93 95.60
702 39.51 52.10 190.20 42.27 138.99
703 39.52 61.59 161.60 54.48 145.25
704 39.64 80.89 38.38 105.06 100.58
705 39.43 83.10 30.90 70.08 68.23
706 39.61 37.82 172.14 37.74 138.14
707 39.53 43.49 181.98 36.66 101.17
708 39.73 65.17 101.29 73.82 132.69
709 39.79 49.70 148.33 39.64 136.59
710 39.67 69.25 87.36 77.65 138.26
711 39.65 75.30 63.35 63.08 127.79
712 39.96 93.75 12.58 52.89 8.96
713 39.83 27.16 162.92 38.96 129.26
714 39.92 55.83 154.42 53.12 135.08
715 39.94 71.84 81.36 75.72 150.58
716 39.98 35.82 177.51 47.27 159.22
717 39.93 53.90 123.34 57.18 113.71
718 39.98 15.75 147.45 51.11 131.75
719 40.10 31.38 177.95 49.21 145.71
720 40.05 13.18 98.93 41.20 102.00
721 40.15 20.53 127.94 39.00 120.09
722 40.13 39.79 192.50 49.95 170.58
723 40.13 47.20 178.27 50.53 144.19
724 40.20 87.61 26.76 79.15 46.20
725 40.09 11.29 91.36 30.64 66.44
726 40.22 63.09 93.16 74.12 154.21
727 40.48 84.41 31.52 96.32 74.12
728 40.36 90.96 21.56 74.12 30.24
729 40.28 22.60 158.46 46.62 151.58
730 40.31 44.41 148.94 48.61 126.48
731 40.38 58.29 96.09 77.66 142.17
732 40.52 73.70 42.59 91.84 117.87
733 40.48 24.90 154.75 50.18 141.15
734 40.44 42.01 158.08 54.32 148.50
735 40.42 33.56 186.12 56.88 161.09
736 40.45 60.44 73.83 84.55 153.00
737 40.49 18.38 122.70 52.79 134.32
738 40.53 29.25 158.92 50.89 154.90
739 40.61 76.40 37.09 92.90 101.53
740 40.59 8.91 65.94 43.33 74.12
741 40.53 51.59 126.46 60.63 140.82
742 40.58 67.24 54.91 87.23 137.86
743 40.55 79.03 25.70 81.02 74.97
744 40.70 37.81 146.56 72.80 180.68
745 40.69 69.68 50.84 96.64 129.75
746 40.70 82.28 27.10 83.78 67.71
747 40.66 80.98 34.78 81.52 67.78
748 41.01 15.10 98.75 74.87 118.71
749 40.91 53.83 102.42 79.88 155.71
750 40.91 64.97 61.82 94.91 132.95
751 41.02 27.08 137.25 61.29 154.32
752 40.92 56.51 110.55 98.31 165.89
753 41.03 48.87 120.00 73.24 174.14
754 41.08 11.55 77.90 54.41 93.44
755 40.97 94.60 18.62 43.55 4.45
756 41.11 35.56 144.29 79.75 180.51
757 41.07 46.05 131.34 77.89 166.70
758 41.35 89.49 39.87 113.79 51.03
759 41.32 20.56 95.58 71.86 131.21
760 41.19 62.10 58.34 106.28 153.63
761 41.33 30.90 124.74 77.18 171.09
762 41.31 39.61 132.53 84.26 173.37
763 41.25 43.81 129.62 81.40 156.27
764 41.37 71.73 39.05 110.78 117.84
765 41.31 33.04 119.84 92.25 175.02
766 41.40 23.10 104.01 74.62 136.37
767 41.33 59.30 58.37 100.32 126.74
768 41.58 77.56 29.37 113.12 81.03
769 41.62 6.81 44.44 68.61 60.16
770 41.35 41.61 105.53 78.57 116.20
771 41.62 80.31 31.63 98.98 70.93
772 41.64 25.45 105.29 87.81 162.32
773 41.53 51.03 77.87 90.61 126.05
774 41.74 86.93 69.95 105.04 49.43
775 41.67 18.41 84.43 81.13 107.90
776 41.63 28.59 130.13 79.45 165.38
777 41.62 74.37 30.84 91.74 78.68
778 41.72 66.56 44.94 113.03 119.49
779 41.65 68.92 37.50 108.33 115.83
780 41.65 83.71 27.11 91.44 44.69
781 41.88 55.36 72.20 108.89 165.78
782 42.19 91.42 90.18 82.69 19.76
783 42.03 94.26 51.22 62.43 6.82
784 41.84 37.34 105.01 101.11 181.82
785 41.94 53.05 66.78 121.48 148.78
786 42.05 57.50 49.75 114.17 137.08
787 42.13 9.58 36.15 76.14 63.69
788 41.93 63.94 38.60 116.49 115.18
789 42.03 46.25 80.51 87.84 155.01
790 42.10 43.14 69.11 113.96 156.03
791 42.14 61.26 44.38 117.38 138.99
792 42.30 11.72 49.49 85.56 97.32
793 42.15 16.02 64.05 101.71 107.06
794 42.15 34.75 82.27 112.78 171.67
795 42.25 40.53 71.11 106.58 160.66
796 42.19 48.91 61.32 108.82 147.97
797 42.31 32.26 70.10 115.15 153.66
798 42.56 81.54 66.70 125.68 52.04
799 42.41 22.25 64.37 117.99 129.90
800 42.44 59.31 38.44 130.61 126.88
801 42.46 29.80 70.36 107.36 153.24
802 42.49 70.42 29.95 115.67 80.56
803 42.56 27.11 69.56 93.86 144.33
804 42.49 72.84 29.97 114.74 77.74
805 42.55 20.36 51.21 115.54 107.06
806 42.56 24.74 61.32 104.02 139.54
807 42.62 51.27 46.89 118.96 143.44
808 42.66 75.63 36.68 113.98 69.83
809 42.82 38.48 57.62 128.77 155.60
810 42.75 65.53 37.19 129.34 99.94
811 42.65 68.14 31.10 124.69 88.99
812 42.73 78.34 53.47 107.24 58.18
813 42.81 85.88 139.22 101.80 40.91
814 42.80 88.76 110.99 80.58 25.01
815 42.89 63.08 34.41 128.26 105.80
816 43.00 7.48 20.26 80.94 35.78
817 42.90 36.08 53.03 120.98 126.43
818 43.10 13.64 31.03 99.33 85.47
819 42.96 44.76 49.76 114.66 136.37
820 43.02 53.90 43.58 144.81 131.61
821 43.03 42.37 48.75 120.55 143.21
822 43.02 47.10 45.50 117.74 145.33
823 43.10 56.06 39.81 128.73 134.06
824 43.12 18.28 33.85 119.85 89.26
825 43.25 83.50 144.43 110.70 43.35
826 43.22 33.48 39.18 133.85 108.71
827 43.28 49.62 41.38 141.44 124.99
828 43.35 60.56 38.42 148.05 105.46
829 43.34 28.66 39.18 134.89 128.39
830 43.49 71.75 40.05 132.65 79.59
831 43.20 92.25 89.19 71.95 9.88
832 43.30 23.61 38.93 139.00 110.04
833 43.32 31.29 39.24 127.52 131.31
834 43.49 57.88 37.16 140.14 99.96
835 43.94 94.49 66.07 64.80 5.87
836 43.46 4.98 11.30 57.58 12.96
837 43.50 40.50 42.75 126.70 129.46
838 43.47 9.80 21.22 88.25 39.36
839 43.61 74.13 61.76 130.95 64.61
840 43.62 25.92 39.93 135.42 112.45
841 43.57 11.94 24.85 98.46 46.08
842 43.69 66.93 38.03 137.22 88.66
843 43.67 69.26 40.92 130.51 78.08
844 43.82 90.46 156.49 102.47 24.96
845 43.63 21.46 32.98 123.14 82.13
846 43.80 52.53 37.59 145.01 108.70
847 43.86 36.96 41.31 133.18 110.19
848 43.88 76.60 154.10 113.49 53.53
849 43.83 79.05 142.33 121.19 44.94
850 44.02 16.60 32.71 147.79 67.19
851 43.90 34.92 39.89 153.71 113.94
852 43.92 62.58 38.21 140.28 80.77
853 43.92 64.76 36.42 136.85 83.04
854 44.07 19.54 30.07 128.54 67.05
855 44.02 45.27 37.48 151.61 108.07
856 44.16 88.13 194.25 109.15 28.74
857 44.09 81.38 180.16 117.75 41.32
858 44.04 85.67 204.71 114.11 35.17
859 43.93 42.82 41.31 139.38 118.81
860 44.07 47.93 37.30 138.86 93.91
861 44.16 38.76 41.81 151.03 112.16
862 44.30 7.39 23.69 106.97 24.63
863 44.16 55.18 40.76 152.60 91.43
864 44.25 14.04 27.85 135.21 64.68
865 44.18 23.47 35.93 156.83 77.28
866 44.19 30.40 31.73 152.33 111.41
867 44.32 27.98 32.38 152.49 81.19
868 44.34 32.61 40.12 155.16 99.33
869 44.36 50.51 36.42 140.15 74.14
870 44.33 58.99 45.81 143.76 71.00
871 44.56 4.86 15.31 89.84 12.27
872 44.67 11.15 48.51 147.41 47.26
873 44.63 60.87 133.93 154.50 86.05
874 44.59 70.56 139.89 134.85 54.78
875 44.72 40.74 59.29 154.06 86.51
876 44.67 67.80 157.30 146.88 62.49
877 44.77 57.14 87.35 151.83 72.94
878 44.74 73.30 141.24 125.52 51.09
879 44.91 83.64 200.28 106.66 28.16
880 44.86 25.86 61.91 169.85 72.47
881 44.82 43.27 60.15 166.69 89.65
882 44.98 91.76 140.29 97.54 15.02
883 44.87 21.26 41.39 159.39 70.23
884 44.95 75.49 207.42 120.38 41.46
885 44.98 78.45 191.73 112.64 31.90
886 44.89 53.17 93.78 147.68 78.37
887 45.04 65.43 168.69 144.42 68.49
888 44.96 35.05 56.12 171.67 80.03
889 44.96 47.02 68.19 169.15 84.30
890 44.95 16.11 60.51 148.11 50.06
891 45.09 63.23 188.68 154.54 68.99
892 45.27 8.77 99.85 141.46 34.79
893 45.19 30.17 68.11 167.73 85.75
894 45.27 37.87 114.40 174.06 68.11
895 45.20 48.34 113.76 166.69 70.17
896 45.44 55.11 185.28 157.33 60.97
897 45.27 81.25 179.37 108.99 24.62
898 45.28 23.51 88.31 166.84 61.45
899 45.34 86.16 178.69 106.75 22.30
900 45.48 88.91 176.63 97.62 17.82
901 45.45 45.39 101.23 156.69 71.75
902 45.36 27.84 77.39 174.27 74.61
903 45.53 71.89 217.96 136.12 40.07
904 45.68 13.69 114.25 152.13 33.99
905 45.40 32.62 83.32 174.38 75.54
906 45.36 49.43 104.88 149.62 64.21
907 45.53 51.27 161.19 151.94 60.71
908 45.57 68.80 213.17 143.68 47.75
909 45.80 19.47 131.87 167.51 44.88
910 45.71 58.86 201.48 152.68 52.56
911 45.71 61.08 225.01 152.69 55.30
912 46.06 16.71 135.86 161.75 32.08
913 45.84 93.95 44.00 71.59 4.37
914 45.85 41.84 191.54 157.79 65.89
915 45.93 39.90 205.47 162.85 59.31
916 45.99 66.72 225.00 140.40 42.70
917 46.08 74.82 201.20 125.49 24.30
918 45.97 79.69 188.81 119.97 24.06
919 46.22 57.02 218.99 156.88 46.34
920 46.16 77.31 213.05 114.96 24.22
921 46.16 21.84 147.10 166.29 47.82
922 46.14 26.10 165.30 186.62 49.16
923 46.28 36.41 203.53 161.24 49.51
924 46.31 8.40 125.26 149.33 23.48
925 46.02 11.13 123.08 152.74 28.56
926 46.17 34.59 180.01 162.53 58.26
927 46.29 52.92 218.30 156.18 51.57
928 46.08 83.94 146.22 97.48 16.00
929 46.23 43.64 188.12 152.63 45.01
930 46.30 64.72 215.69 136.42 31.42
931 46.06 91.23 83.91 93.16 9.05
932 46.17 30.65 163.32 163.44 45.61
933 46.30 62.79 238.81 163.62 50.51
934 46.27 47.70 205.59 158.40 48.22
935 46.30 70.32 228.04 138.85 35.48
936 46.45 24.12 187.24 176.87 40.47
937 46.27 28.43 191.30 172.60 48.58
938 46.48 95.66 18.10 54.00 1.16
939 46.44 32.52 201.53 167.03 50.34
940 46.52 50.15 215.61 148.86 46.08
941 46.52 82.08 172.27 128.14 18.08
942 46.54 86.64 119.90 125.21 16.29
943 46.70 4.79 64.08 119.71 7.68
944 46.83 45.75 216.76 155.92 38.41
945 46.80 54.82 222.29 152.06 41.76
946 46.74 89.33 97.44 107.84 14.16
947 46.78 38.56 215.35 159.62 41.11
948 46.77 60.36 223.46 148.97 35.93
949 46.71 12.15 139.78 168.54 22.15
950 46.97 68.48 223.49 134.77 30.50
951 47.00 14.33 172.92 139.60 24.66
952 46.99 41.20 196.13 148.18 33.05
953 47.15 92.08 49.01 99.05 7.19
954 47.18 19.67 188.25 176.50 28.13
955 47.19 29.23 222.60 175.04 33.76
956 47.32 31.27 216.49 172.75 33.70
957 47.21 58.61 192.79 134.34 24.48
958 47.09 79.44 144.14 119.12 18.38
959 47.15 66.42 198.59 130.75 25.23
960 47.20 71.33 208.30 131.19 24.26
961 47.57 5.87 62.72 125.21 7.85
962 47.29 16.13 157.99 183.63 20.46
963 47.22 26.85 215.36 173.74 31.72
964 47.23 73.90 181.74 129.67 22.36
965 47.38 43.31 230.28 162.48 38.28
966 47.32 76.56 158.21 119.57 20.20
967 47.41 33.51 219.76 166.06 38.10
968 47.37 84.62 69.11 109.02 12.85
969 47.46 35.41 215.83 177.70 31.38
970 47.54 47.83 222.70 149.06 30.68
971 47.36 56.77 185.23 151.64 26.32
972 47.32 62.60 222.27 149.35 32.59
973 47.57 22.87 204.82 181.36 25.16
974 47.48 8.07 110.04 181.51 18.29
975 47.39 12.04 169.43 169.50 19.10
976 47.54 25.11 210.10 184.29 32.90
977 47.47 52.53 223.81 147.73 35.21
978 47.69 87.49 92.37 120.24 12.82
979 47.60 64.67 183.82 153.00 28.72
980 47.72 37.28 210.04 162.71 29.45
981 47.64 50.09 216.20 162.97 35.27
982 47.66 82.05 87.82 135.44 13.91
983 47.79 10.07 105.74 170.12 14.28
984 47.80 98.23 4.19 21.93 0.04
985 47.84 39.42 195.20 162.75 26.10
986 47.80 60.59 175.95 163.43 30.71
987 47.85 54.86 199.46 160.69 26.93
988 48.04 45.54 211.71 162.15 29.07
989 47.96 69.50 150.42 144.60 22.05
990 48.02 27.99 161.57 183.80 23.27
991 48.20 41.37 216.78 170.74 26.80
992 48.58 89.48 45.50 113.25 8.91
993 48.11 67.15 157.82 140.68 21.77
994 48.11 72.19 152.78 139.44 17.98
995 48.17 79.24 86.68 144.81 14.36
996 48.23 74.70 93.59 150.27 18.01
997 48.25 12.91 80.04 172.40 14.35
998 48.32 30.05 191.28 170.88 22.52
999 48.32 15.56 86.49 156.81 12.74
1000 48.28 18.03 89.78 187.51 17.22
1001 48.37 21.09 131.92 185.44 18.26
1002 48.38 32.22 121.39 198.80 25.37
1003 48.31 51.56 160.76 177.36 24.00
1004 48.31 62.89 141.28 160.51 23.89
1005 48.37 57.34 142.84 168.22 20.08
1006 48.36 58.96 142.42 169.81 23.17
1007 48.38 76.92 73.59 127.39 17.36
1008 48.46 34.43 145.98 191.33 26.02
1009 48.48 24.20 157.96 194.63 20.75
1010 48.60 26.45 113.81 181.11 18.81
1011 48.51 83.72 51.64 118.35 10.32
1012 48.56 8.26 64.81 156.87 9.66
1013 48.54 43.58 189.47 175.09 26.87
1014 48.67 53.44 131.26 174.40 22.40
1015 48.56 85.96 45.09 105.78 9.82
1016 48.65 55.70 104.59 179.71 17.92
1017 48.60 65.18 111.08 154.56 18.86
1018 48.60 36.67 161.06 171.76 24.06
1019 48.60 49.39 138.81 177.78 25.63
1020 48.74 46.97 118.28 183.29 23.34
1021 48.77 39.30 114.75 188.24 24.66
1022 48.88 60.98 108.79 173.78 17.72
1023 48.89 70.93 83.25 153.18 16.78
1024 48.84 81.19 45.64 121.58 10.92
1025 48.90 68.85 77.17 149.19 17.76
1026 49.20 5.74 40.75 127.52 4.79
1027 48.87 16.42 66.27 178.53 12.33
1028 49.08 28.64 82.47 184.97 17.25
1029 49.14 73.01 57.59 129.03 12.92
1030 49.26 12.56 46.51 191.85 10.16
1031 49.21 19.66 74.32 174.90 12.28
1032 49.11 41.74 139.24 188.33 23.65
1033 49.33 92.17 20.99 105.46 5.77
1034 49.37 23.18 69.49 180.65 14.23
1035 49.24 30.86 92.15 198.30 18.00
1036 49.30 66.99 67.97 153.80 16.32
1037 49.28 75.44 48.48 130.14 12.68
1038 49.50 78.81 43.46 146.93 11.15
1039 49.28 17.45 56.17 175.44 11.41
1040 49.37 33.13 81.25 199.43 17.35
1041 49.36 44.46 87.72 186.04 22.04
1042 49.37 51.56 80.01 160.88 18.17
1043 49.42 58.93 74.49 170.32 17.18
1044 49.36 62.98 92.77 170.82 18.11
1045 49.29 77.62 40.96 137.96 10.57
1046 49.42 35.46 66.00 192.24 16.69
1047 49.60 56.74 68.40 181.12 15.73
1048 49.51 37.73 56.94 181.63 17.48
1049 49.55 25.27 65.14 193.86 14.71
1050 49.60 84.72 30.97 106.80 8.49
1051 49.59 8.29 35.79 158.05 7.43
1052 49.58 48.89 67.01 173.04 14.63
1053 49.66 15.31 40.12 159.54 9.84
1054 49.66 64.99 59.20 170.75 16.75
1055 49.63 54.37 68.37 179.46 17.94
1056 49.71 82.59 28.43 120.72 8.78
1057 49.85 86.98 29.34 108.12 8.40
1058 49.87 21.58 42.91 187.07 11.36
1059 49.71 46.60 66.72 180.80 16.85
1060 49.92 10.52 32.41 170.84 8.35
1061 49.83 27.19 53.99 189.94 13.08
1062 49.78 40.02 62.84 180.72 15.92
1063 49.91 69.00 43.23 147.78 11.66
1064 49.97 71.51 37.08 133.86 11.39
1065 50.05 42.42 56.74 177.44 14.23
1066 49.98 61.33 50.19 166.54 14.00
1067 50.12 80.35 30.22 128.46 8.92
1068 50.36 90.31 28.11 112.06 6.40
1069 50.15 17.73 36.26 183.52 9.82
1070 50.17 31.46 44.36 186.56 11.36
1071 50.13 4.53 16.67 89.16 2.71
1072 50.20 29.35 47.29 194.07 13.16
1073 50.36 93.98 15.84 70.66 2.95
1074 50.27 73.93 33.03 117.96 9.69
1075 50.30 34.03 45.62 180.41 13.65
1076 50.33 76.29 34.01 128.99 10.27
1077 50.45 53.39 47.49 169.94 11.60
1078 50.41 36.29 48.20 192.24 13.36
1079 50.38 44.86 45.67 170.58 12.58
1080 50.37 50.79 48.41 168.88 14.75
1081 50.49 66.34 44.01 164.06 12.22
1082 50.45 6.37 21.47 130.36 4.56
1083 50.57 20.09 33.31 172.88 8.71
1084 50.50 13.02 31.38 171.79 6.85
1085 50.56 57.82 42.87 169.74 12.66
1086 50.50 63.60 42.00 159.94 11.72
1087 50.63 59.81 41.17 170.75 11.79
1088 50.57 24.66 42.02 195.69 9.98
1089 50.61 38.47 44.27 175.94 13.08
1090 50.96 16.76 30.19 169.57 7.12
1091 50.58 47.61 46.85 173.03 13.89
1092 50.82 9.07 25.58 156.03 5.85
1093 50.79 55.71 42.35 167.51 13.18
1094 50.69 84.69 27.12 106.45 7.43
1095 50.82 40.66 42.57 176.40 11.72
1096 50.88 78.11 27.47 117.46 8.36
1097 50.89 68.24 33.59 152.48 11.81
1098 50.95 70.48 31.55 157.44 10.48
1099 50.86 82.43 29.59 122.40 8.59
1100 51.05 87.82 33.83 112.13 6.72
1101 51.16 61.83 35.35 153.04 10.04
1102 51.01 96.15 10.42 43.81 0.70
1103 51.09 42.93 34.84 167.48 10.62
1104 51.23 22.39 33.86 168.51 6.49
1105 51.64 32.56 72.25 178.20 8.50
1106 51.12 72.69 30.13 135.10 9.06
1107 51.17 30.88 65.39 178.25 9.29
1108 51.25 49.51 40.68 149.47 10.82
1109 51.26 4.94 17.98 92.27 2.40
1110 51.25 28.91 50.17 181.28 8.98
1111 51.37 51.91 41.62 156.89 10.68
1112 51.36 35.05 42.77 178.53 11.11
1113 51.27 45.40 42.15 164.18 10.76
1114 51.43 80.31 40.38 130.23 7.91
1115 51.23 11.56 23.64 137.82 5.88
1116 51.43 65.02 36.31 149.06 9.77
1117 51.51 37.07 49.59 179.20 10.13
1118 51.41 76.17 28.62 115.75 7.87
1119 51.70 90.13 32.77 95.77 5.48
1120 51.59 7.00 26.05 140.78 4.57
1121 51.61 13.68 53.06 177.32 6.09
1122 51.70 54.10 69.91 158.69 10.74
1123 51.71 58.08 44.51 147.39 9.51
1124 51.87 74.21 40.92 143.43 7.58
1125 52.07 92.84 44.62 81.41 3.54
1126 51.59 24.70 63.71 181.90 8.25
1127 51.75 39.25 48.94 183.88 10.88
1128 51.69 66.96 47.30 150.73 10.46
1129 51.60 47.56 62.92 161.10 11.18
1130 51.87 20.22 70.98 177.76 7.00
1131 51.80 59.97 40.61 147.87 8.99
1132 51.91 63.37 36.39 144.77 9.02
1133 51.85 85.63 53.23 115.31 6.21
1134 51.93 56.15 64.37 146.49 8.67
1135 51.91 27.51 70.75 172.59 8.46
1136 52.00 41.16 74.09 170.04 9.78
1137 52.03 83.17 69.66 108.38 6.10
1138 51.93 16.13 57.41 161.09 5.74
1139 51.94 69.18 38.39 149.39 8.56
1140 52.12 9.44 44.65 140.55 4.70
1141 52.11 43.53 76.69 157.18 10.92
1142 52.17 45.77 91.18 161.12 8.39
1143 52.51 70.90 92.57 136.09 7.09
1144 52.19 78.00 103.14 114.97 8.18
1145 52.33 12.27 76.62 147.03 4.30
1146 52.29 29.88 121.75 165.55 6.66
1147 52.24 50.55 77.44 158.36 9.28
1148 52.39 33.94 99.33 170.63 8.09
1149 52.34 18.72 86.00 159.51 6.43
1150 52.45 25.82 130.49 165.70 6.66
1151 52.55 48.27 125.20 143.54 7.75
1152 52.41 87.70 100.62 76.79 5.84
1153 52.54 61.60 75.61 148.70 8.79
1154 52.54 35.82 136.50 161.55 8.22
1155 52.63 52.69 129.88 142.04 8.41
1156 52.58 37.91 157.43 166.21 7.97
1157 52.69 80.70 129.34 103.35 6.52
1158 52.68 65.19 104.88 133.85 8.42
1159 52.65 67.28 62.34 135.43 7.77
1160 52.80 75.78 111.99 110.65 7.32
1161 52.77 94.74 41.58 39.42 1.96
1162 52.70 7.45 66.43 128.04 3.91
1163 52.83 23.95 140.69 163.76 6.32
1164 52.86 57.25 149.75 123.44 7.38
1165 52.84 14.86 102.31 146.21 5.09
1166 52.96 85.38 142.01 104.52 6.04
1167 53.03 27.93 169.89 153.22 6.34
1168 53.04 54.77 171.15 133.13 8.21
1169 53.05 59.52 130.96 126.00 8.46
1170 53.04 72.81 125.52 120.19 6.98
1171 53.01 41.77 151.30 151.18 8.98
1172 53.01 90.35 111.98 81.20 4.20
1173 53.15 63.26 139.06 127.61 6.80
1174 53.05 17.46 111.25 151.52 5.27
1175 53.11 20.28 141.56 144.40 5.60
1176 53.15 39.49 169.69 152.60 8.79
1177 53.28 44.07 177.25 118.40 7.71
1178 53.19 32.07 181.55 152.52 7.04
1179 53.29 10.53 99.06 135.61 3.81
1180 53.43 46.30 201.13 122.32 8.11
1181 53.40 50.41 183.92 134.01 8.33
1182 53.45 68.51 136.91 118.26 7.68
1183 53.43 78.18 174.80 100.85 6.17
1184 53.61 83.11 175.73 101.11 5.78
1185 53.57 88.02 180.85 99.57 4.98
1186 53.51 29.80 205.60 144.14 6.67
1187 53.60 22.06 178.76 139.77 4.90
1188 53.62 34.65 190.59 128.25 6.66
1189 53.58 92.70 93.66 62.66 2.84
1190 53.55 12.61 127.28 136.60 4.83
1191 53.55 36.96 193.94 137.34 7.10
1192 53.73 8.44 104.75 122.87 3.86
1193 53.77 26.14 183.86 144.53 6.03
1194 53.80 66.13 202.83 113.49 6.67
1195 53.80 74.58 199.70 100.32 6.40
1196 53.73 5.89 61.30 90.36 2.59
1197 53.80 52.53 211.97 128.30 6.64
1198 53.91 95.21 43.01 34.99 1.33
1199 53.87 61.36 182.76 122.60 6.64
1200 53.90 56.54 208.80 112.49 6.49
1201 54.04 48.33 205.73 111.03 7.61
1202 53.94 80.61 196.12 89.57 5.54
1203 54.09 42.54 178.84 120.84 5.87
1204 53.97 70.57 196.70 103.35 6.22
1205 53.91 15.65 125.40 123.88 4.23
1206 54.05 18.04 156.96 143.08 5.00
1207 54.14 40.41 208.75 125.55 6.95
1208 54.07 63.94 194.59 109.52 6.49
1209 54.11 24.09 186.13 144.91 6.04
1210 54.19 58.91 190.74 116.20 7.57
1211 54.35 76.60 197.13 91.60 5.33
1212 54.33 20.34 153.55 125.55 4.48
1213 54.34 54.49 218.96 114.11 6.79
1214 54.40 72.62 216.08 100.67 6.01
1215 54.56 91.01 162.13 74.19 3.32
1216 54.38 30.64 199.15 135.39 5.61
1217 54.35 85.38 174.08 68.27 4.87
1218 54.38 28.22 195.14 132.45 5.75
1219 54.50 38.48 189.32 126.76 6.51
1220 54.57 13.34 129.17 140.52 3.75
1221 54.63 11.08 100.58 119.82 4.04
1222 54.53 68.02 198.49 102.03 6.72
1223 54.69 50.13 196.15 113.95 6.95
1224 54.53 16.26 142.07 144.14 4.75
1225 54.65 46.12 218.71 119.90 6.54
1226 54.73 36.58 178.69 137.22 6.09
1227 54.77 78.89 192.41 86.08 4.86
1228 54.83 34.64 177.41 125.54 5.66
1229 54.85 88.28 190.13 79.22 4.31
1230 54.69 6.57 51.90 75.39 1.98
1231 54.82 81.97 176.71 72.28 5.20
1232 55.03 93.31 71.90 48.76 2.56
1233 54.85 9.04 92.59 122.98 3.36
1234 54.95 22.81 175.74 121.17 4.88
1235 54.97 60.82 201.22 98.92 5.98
1236 55.04 32.44 199.87 130.34 5.19
1237 54.94 52.21 199.59 104.63 5.96
1238 55.00 25.74 176.52 132.33 5.32
1239 54.88 62.77 181.90 108.56 6.54
1240 54.93 65.61 222.63 99.90 5.66
1241 54.93 56.87 206.28 102.37 6.43
1242 55.10 74.79 202.81 86.66 5.31
1243 55.09 95.54 36.10 22.30 1.12
1244 55.02 42.40 157.38 122.54 6.29
1245 55.09 70.33 212.08 90.49 5.31
1246 55.18 16.74 149.61 107.39 3.76
1247 55.37 84.30 165.60 83.48 3.85
1248 55.25 18.70 122.03 125.83 4.47
1249 55.37 29.54 140.54 150.79 5.21
1250 55.49 40.14 177.51 116.40 6.02
1251 55.53 20.89 159.26 115.80 4.57
1252 55.76 47.40 141.98 115.43 6.00
1253 55.41 54.50 167.36 102.78 6.13
1254 55.44 58.88 174.92 104.02 6.17
1255 55.48 27.47 138.85 126.28 4.23
1256 55.63 14.54 129.06 137.15 3.33
1257 55.58 4.63 27.04 52.16 1.34
1258 55.66 63.96 183.99 99.19 5.55
1259 55.58 86.37 135.04 63.72 4.02
1260 55.79 7.29 65.26 110.17 2.69
1261 55.54 44.88 150.81 109.04 6.55
1262 55.53 67.95 194.81 96.25 5.71
1263 55.65 72.59 186.00 82.29 5.37
1264 55.65 37.95 138.81 124.17 6.29
1265 55.68 77.09 163.42 72.15 5.40
1266 55.81 80.07 181.19 80.12 4.55
1267 55.89 49.86 161.06 104.81 5.92
1268 55.81 10.60 60.51 96.97 3.09
1269 55.85 24.49 128.32 137.18 5.11
1270 55.86 31.49 149.55 119.79 5.59
1271 55.87 36.26 82.69 123.09 4.49
1272 55.88 34.16 107.30 128.27 5.08
1273 55.91 88.98 128.02 57.60 3.30
1274 55.90 42.41 139.91 110.94 6.42
1275 56.00 52.21 147.53 98.90 4.62
1276 56.11 62.19 113.22 93.61 5.44
1277 56.05 91.54 76.75 50.80 2.83
1278 55.97 56.55 166.48 98.11 6.26
1279 56.13 65.95 164.15 89.68 5.74
1280 56.14 82.49 151.49 68.16 5.01
1281 56.37 94.12 47.37 43.11 1.99
1282 56.12 22.58 82.56 117.54 4.23
1283 56.15 17.39 61.80 120.81 3.81
1284 56.26 60.46 142.34 99.58 5.84
1285 56.15 70.47 174.93 74.75 4.40
1286 56.26 74.72 169.68 81.30 4.40
1287 56.26 28.58 100.26 116.94 4.21
1288 56.36 26.36 55.44 115.92 3.95
1289 56.38 19.46 54.44 116.60 3.67
1290 56.39 43.91 97.14 108.10 5.17
1291 56.52 54.19 113.82 101.40 4.72
1292 56.43 39.28 83.65 116.91 5.70
1293 56.59 58.38 104.96 96.61 5.80
1294 56.59 68.23 167.70 81.51 5.11
1295 56.61 30.87 61.69 124.35 4.98
1296 56.68 84.90 134.12 81.99 4.29
1297 56.61 13.12 53.73 112.02 3.06
1298 56.87 78.70 121.09 69.80 4.61
1299 56.76 33.25 48.27 112.70 4.34
1300 56.73 41.51 67.88 117.39 5.48
1301 56.81 87.45 109.87 72.45 3.30
1302 56.84 35.46 47.39 112.59 4.62
1303 56.80 64.05 80.93 87.03 5.40
1304 56.90 72.72 143.92 81.52 4.40
1305 56.84 76.56 141.88 79.55 4.86
1306 56.95 9.36 36.40 93.22 2.58
1307 56.88 37.41 57.80 119.31 5.11
1308 56.88 24.34 49.19 111.87 4.43
1309 56.84 49.57 83.38 106.67 5.65
1310 57.01 45.52 55.62 109.64 5.95
1311 57.07 90.06 86.85 56.19 3.22
1312 57.10 47.55 50.27 122.88 5.55
1313 56.99 56.37 87.02 108.00 5.90
1314 57.02 21.63 37.48 104.93 3.54
1315 57.19 81.25 108.61 81.11 4.53
1316 57.29 16.13 27.92 101.59 2.82
1317 57.51 26.67 37.39 98.70 3.53
1318 57.15 70.71 84.59 90.83 5.22
1319 57.33 29.54 37.50 108.85 4.26
1320 57.21 62.33 42.90 77.37 4.95
1321 57.16 66.16 69.88 93.55 4.91
1322 57.32 59.70 65.29 107.67 4.88
1323 57.18 18.94 35.94 95.97 3.77
1324 57.33 92.58 47.45 47.71 2.40
1325 57.32 39.50 40.12 107.33 4.95
1326 57.47 13.50 31.40 102.45 3.02
1327 57.41 74.86 82.17 86.23 4.54
1328 57.50 43.65 50.87 103.13 4.66
1329 57.44 53.46 44.28 87.91 5.22
1330 57.71 31.92 32.94 100.65 4.31
1331 57.55 68.65 70.46 81.90 4.60
1332 57.71 51.23 38.08 88.09 4.63
1333 57.69 83.41 62.58 71.19 3.92
1334 57.83 20.54 28.02 90.04 2.80
1335 57.82 41.76 37.48 93.49 4.88
1336 57.68 85.71 72.49 66.83 3.26
1337 57.92 33.97 36.80 94.76 4.08
1338 57.90 57.57 42.59 86.68 5.54
1339 57.87 23.40 27.77 82.05 3.17
1340 57.88 55.28 36.96 85.80 5.13
1341 57.92 64.52 39.08 74.15 4.77
1342 58.12 35.97 39.48 91.86 4.57
1343 57.91 88.14 70.35 63.01 3.53
1344 58.25 11.55 21.30 76.84 2.16
1345 58.35 48.54 37.99 82.22 4.81
1346 58.11 60.99 39.31 80.55 4.76
1347 57.84 77.82 54.88 74.96 4.58
1348 57.96 5.31 12.68 44.30 1.35
1349 58.02 73.05 57.01 81.79 4.30
1350 58.63 91.32 38.00 56.31 2.89
1351 58.17 9.29 21.67 66.94 2.08
1352 58.13 37.84 39.30 91.57 4.15
1353 58.11 70.92 48.63 79.03 4.98
1354 58.08 46.10 34.28 90.49 5.01
1355 58.17 66.75 43.23 77.68 4.20
1356 58.06 80.12 54.78 66.45 4.31
1357 58.18 17.51 23.49 76.36 2.57
1358 58.32 30.37 31.03 83.86 3.59
1359 58.56 27.63 38.48 74.58 3.01
1360 58.39 39.89 32.70 75.08 4.22
1361 58.51 62.65 31.13 70.19 4.80
1362 58.35 75.57 48.99 77.01 3.94
1363 58.56 53.08 33.17 70.48 3.91
1364 58.53 59.01 32.89 76.28 4.05
1365 58.55 15.06 23.17 69.69 2.85
1366 58.61 69.20 35.45 70.10 4.09
1367 58.62 43.78 32.76 80.29 4.74
1368 58.75 7.22 18.79 52.93 1.94
1369 58.62 85.86 41.01 67.20 3.10
1370 58.75 19.85 33.77 64.92 2.98
1371 58.73 50.59 33.65 74.21 4.66
1372 58.69 82.17 43.95 65.73 3.86
1373 58.78 24.68 49.68 61.96 3.30
1374 58.66 83.74 38.36 69.00 3.67
1375 58.84 32.42 34.02 74.98 3.82
1376 58.82 41.79 33.52 74.52 4.50
1377 58.84 55.34 33.25 63.39 4.61
1378 58.87 77.98 34.85 65.90 3.90
1379 58.92 88.80 32.08 61.26 3.19
1380 58.89 21.36 37.44 68.97 2.28
1381 58.92 45.80 36.41 74.55 5.05
1382 59.12 34.18 73.16 68.88 4.14
1383 59.18 57.03 38.03 64.65 4.26
1384 59.15 73.44 30.25 66.67 4.61
1385 59.12 80.29 29.22 57.63 3.78
1386 59.19 64.18 28.62 63.38 4.53
1387 59.11 65.85 32.09 66.76 3.98
1388 59.13 71.12 30.46 61.26 3.91
1389 59.31 93.32 14.07 30.19 1.54
1390 59.19 38.17 73.28 63.77 4.22
1391 59.19 17.73 35.64 58.34 2.56
1392 59.18 30.30 50.63 69.12 3.31
1393 59.27 12.69 35.77 59.11 1.81
1394 59.20 35.67 71.88 67.16 3.44
1395 59.26 60.45 58.33 61.26 3.96
1396 59.32 67.87 28.76 59.66 4.34
1397 59.68 8.67 28.92 44.75 1.88
1398 59.55 15.12 40.29 53.15 1.87
1399 59.67 40.31 97.08 55.20 3.96
1400 59.48 52.08 46.25 66.91 4.20
1401 59.51 75.89 28.59 61.67 3.74
1402 59.66 84.75 30.42 63.73 3.38
1403 59.69 27.68 104.79 52.98 3.01
1404 59.74 87.80 27.25 62.74 3.15
1405 59.62 23.39 76.02 52.62 2.47
1406 59.70 49.54 75.21 59.66 3.93
1407 59.77 42.64 86.82 58.65 4.03
1408 59.81 47.04 129.56 51.90 4.16
1409 59.84 58.56 126.26 51.08 4.59
1410 59.85 62.31 113.50 44.20 3.79
1411 59.73 21.37 74.12 49.32 2.73
1412 59.80 44.58 98.88 53.12 4.29
1413 59.74 82.45 26.57 53.81 4.26
1414 59.73 54.72 50.08 49.68 4.42
1415 59.92 69.63 37.56 55.37 3.34
1416 59.90 19.13 78.80 45.91 2.25
1417 59.95 25.43 128.74 45.34 2.38
1418 59.95 32.36 116.39 48.39 3.29
1419 60.03 36.82 147.65 47.68 3.19
1420 59.95 78.61 24.36 58.21 3.47
1421 60.33 34.64 160.82 45.21 3.35
1422 60.08 6.44 28.32 25.78 1.58
1423 60.27 10.99 68.33 39.99 1.71
1424 60.10 29.90 123.50 49.95 3.06
1425 60.14 72.05 27.33 54.75 3.70
1426 60.11 66.71 64.12 47.68 3.91
1427 60.33 74.34 29.85 57.34 3.65
1428 60.35 53.12 124.29 52.59 3.78
1429 60.28 81.08 21.88 49.47 3.74
1430 60.39 56.24 137.89 53.03 4.36
1431 60.33 64.56 100.73 46.67 4.06
1432 60.23 17.45 94.82 37.57 2.07
1433 60.55 38.78 168.11 40.96 3.15
1434 60.65 91.28 15.24 39.25 2.27
1435 60.56 15.38 90.15 41.21 2.03
1436 60.57 50.74 161.14 46.72 4.10
1437 60.59 60.20 167.65 38.34 3.79
1438 60.62 20.93 115.54 38.82 2.98
1439 60.65 76.84 26.39 55.02 3.77
1440 60.75 23.21 153.05 38.88 2.46
1441 60.73 48.41 177.10 49.09 4.40
1442 60.67 86.85 27.96 48.33 3.01
1443 60.92 43.32 177.76 41.44 3.83
1444 60.86 41.08 178.44 40.30 3.10
1445 60.88 45.82 192.66 41.18 3.93
1446 60.80 28.29 164.10 44.03 2.99
1447 60.81 84.06 24.75 48.53 2.98
1448 60.96 68.19 131.05 44.52 3.81
1449 60.96 30.97 180.63 39.36 2.66
1450 60.92 79.55 25.91 44.33 3.07
1451 60.94 8.04 52.59 22.15 1.70
1452 61.16 54.64 214.48 42.70 4.01
1453 60.97 62.35 185.91 42.17 3.88
1454 61.02 70.75 130.22 40.81 3.88
1455 61.27 12.22 94.67 29.53 2.00
1456 61.08 18.96 125.17 33.58 2.42
1457 61.06 25.50 159.39 36.06 2.51
1458 61.07 58.02 186.13 38.77 3.99
1459 61.17 66.02 167.82 37.95 3.11
1460 61.17 33.26 123.90 40.78 3.42
1461 61.19 37.00 193.08 37.82 3.80
1462 61.39 81.79 29.13 46.74 3.26
1463 61.46 72.91 99.83 40.72 3.24
1464 61.52 9.63 85.77 26.83 1.67
1465 61.47 52.05 188.93 38.69 3.86
1466 61.78 27.22 160.58 31.26 2.47
1467 61.66 35.23 172.84 33.94 2.79
1468 61.64 63.98 188.96 38.45 4.11
1469 61.68 86.39 32.14 42.26 2.55
1470 61.73 16.23 126.58 29.40 1.46
1471 61.65 75.02 96.99 43.08 3.57
1472 61.56 39.46 189.20 34.03 3.80
1473 61.65 49.43 204.82 37.28 3.65
1474 61.75 77.66 69.23 43.22 3.76
1475 61.77 89.17 21.32 46.39 2.55
1476 61.81 47.14 188.08 34.30 3.81
1477 61.87 56.50 195.53 34.11 3.20
1478 61.84 59.46 213.44 36.50 4.03
1479 61.82 21.24 142.88 30.25 2.39
1480 61.97 23.83 160.92 28.79 2.09
1481 61.85 29.37 165.86 31.88 3.34
1482 61.92 31.89 170.88 31.46 3.00
1483 62.09 7.27 67.15 22.88 1.19
1484 62.12 13.54 107.80 25.37 1.75
1485 61.93 44.65 191.01 32.57 3.57
1486 61.97 69.53 199.24 36.53 3.33
1487 62.02 91.49 15.55 32.95 1.76
1488 61.87 42.17 172.88 32.49 3.53
1489 61.98 61.56 206.88 32.42 3.82
1490 62.15 83.83 52.74 34.23 2.73
1491 62.21 67.58 202.64 34.28 3.33
1492 62.14 18.99 123.79 27.02 1.81
1493 62.34 79.56 74.79 35.23 3.13
1494 62.30 37.60 157.10 29.94 3.40
1495 62.33 33.97 122.92 27.31 3.27
1496 62.43 71.59 181.15 34.05 3.02
1497 62.42 54.61 187.44 31.40 3.13
1498 62.34 25.74 117.25 28.78 3.11
1499 62.39 52.81 203.94 36.05 4.05
1500 62.33 14.66 114.68 26.28 1.76
1501 62.55 39.76 151.18 29.67 2.95
1502 62.53 65.52 198.81 33.86 3.78
1503 62.57 50.70 205.60 31.63 3.54
1504 62.65 11.33 92.95 26.45 1.74
1505 62.65 58.14 162.10 30.78 3.47
1506 62.51 17.81 111.46 24.32 2.29
1507 62.74 9.27 65.61 22.07 1.89
1508 62.78 48.51 182.19 30.38 3.65
1509 62.74 76.05 146.70 33.43 3.00
1510 62.85 81.86 108.30 32.22 3.11
1511 62.82 41.77 154.93 28.47 3.17
1512 62.76 63.21 196.60 28.75 2.93
1513 62.97 73.65 172.75 32.67 3.28
1514 62.68 86.30 72.36 34.91 2.41
1515 62.81 29.99 137.69 26.02 2.55
1516 62.89 88.15 71.83 35.87 2.53
1517 62.84 22.75 119.74 23.50 2.57
1518 62.89 36.01 122.76 27.92 2.82
1519 62.89 44.10 173.52 29.62 3.96
1520 62.89 46.46 153.46 27.26 3.44
1521 63.04 20.54 97.16 23.07 2.00
1522 63.16 16.21 91.44 21.00 2.02
1523 62.99 32.31 111.76 26.31 2.78
1524 63.09 27.34 105.87 23.62 2.68
1525 63.14 56.19 142.99 31.38 3.62
1526 62.95 60.40 179.20 29.68 3.34
1527 63.15 90.01 46.29 23.95 2.53
1528 63.14 69.58 186.00 28.49 2.64
1529 63.32 24.80 88.04 22.77 1.98
1530 63.27 91.82 39.66 22.50 2.04
1531 63.21 8.00 39.97 16.85 1.33
1532 63.39 18.28 90.19 22.60 2.17
1533 63.37 67.31 192.32 27.85 3.19
1534 63.43 78.07 176.57 30.91 2.99
1535 63.56 13.33 70.57 21.78 1.54
1536 63.49 38.46 91.84 26.57 3.10
1537 63.39 52.44 168.10 28.90 3.70
1538 63.48 84.74 152.11 35.47 3.02
1539 63.63 34.08 92.64 23.52 2.64
1540 63.65 71.55 184.50 28.10 3.74
1541 63.64 65.06 180.91 26.03 2.97
1542 63.69 50.09 146.36 25.75 3.26
1543 63.85 54.29 136.72 27.00 3.08
1544 63.65 57.94 103.81 29.09 3.32
1545 63.74 10.47 52.94 19.56 1.58
1546 63.75 29.19 90.34 24.29 2.54
1547 63.72 40.73 99.17 28.21 3.00
1548 63.74 62.60 166.57 27.61 3.35
1549 63.85 80.25 180.42 30.10 2.76
1550 63.88 45.56 108.23 25.91 3.60
1551 63.87 43.10 86.29 25.06 3.12
1552 63.97 75.69 185.99 27.92 3.17
1553 64.07 87.56 143.61 28.46 2.52
1554 63.92 36.53 66.15 24.03 3.05
1555 64.02 47.81 87.39 26.29 3.39
1556 64.01 60.08 124.09 26.70 3.49
1557 64.02 31.64 68.79 23.47 2.48
1558 64.23 8.17 36.41 18.63 1.41
1559 64.18 20.10 54.48 20.66 2.31
1560 64.19 69.25 172.70 27.59 2.91
1561 64.29 82.46 145.91 24.90 2.49
1562 64.32 26.05 44.62 23.50 2.72
1563 64.25 73.51 176.00 27.93 3.10
1564 64.42 15.09 44.50 18.95 1.61
1565 64.44 55.97 83.55 28.42 3.74
1566 64.42 17.81 38.45 18.71 1.67
1567 64.72 89.58 87.60 24.12 2.49
1568 64.43 67.00 126.83 24.89 3.13
1569 64.60 39.92 62.95 24.63 2.77
1570 64.48 52.13 81.51 24.65 3.15
1571 64.64 34.99 44.91 20.08 2.92
1572 64.63 38.25 44.37 22.59 3.07
1573 64.67 78.08 185.96 24.14 3.07
1574 65.04 85.94 151.52 25.66 2.71
1575 64.66 57.89 73.73 27.03 3.44
1576 64.73 64.70 134.71 24.57 3.41
1577 64.66 49.82 73.44 24.76 3.39
1578 64.63 33.05 39.62 20.31 3.28
1579 64.74 42.11 66.37 24.89 3.48
1580 64.76 62.36 110.86 24.46 2.64
1581 64.86 71.10 164.53 22.82 2.36
1582 64.85 44.63 64.41 23.23 3.02
1583 64.76 11.28 37.19 16.38 0.95
1584 65.15 24.12 37.84 18.84 2.13
1585 64.79 46.91 45.08 25.75 4.00
1586 65.14 10.25 33.15 18.75 1.38
1587 65.07 30.97 51.56 22.64 2.58
1588 64.99 36.77 40.06 23.31 3.53
1589 64.98 53.97 54.80 27.20 3.98
1590 65.17 26.92 39.79 19.58 2.30
1591 65.12 59.96 71.80 23.35 2.89
1592 65.15 75.53 142.06 22.57 3.13
1593 65.14 21.82 41.50 21.12 2.63
1594 65.15 80.36 134.92 23.50 3.08
1595 65.25 48.47 50.11 23.44 3.43
1596 65.30 68.97 113.02 24.28 2.87
1597 65.23 73.08 174.64 23.88 3.52
1598 65.18 17.20 36.14 19.70 1.77
1599 65.34 28.81 47.32 20.49 2.87
1600 65.33 8.70 26.37 14.82 0.95
1601 65.51 45.85 46.16 22.73 3.55
1602 65.32 15.89 33.75 17.65 1.95
1603 65.57 83.19 171.63 24.06 2.64
1604 65.55 14.04 33.05 18.22 1.52
1605 65.50 32.83 48.96 21.11 2.72
1606 65.44 51.30 48.63 23.94 2.84
1607 65.49 66.81 98.21 24.15 2.52
1608 65.52 38.99 46.20 23.24 3.02
1609 65.60 56.02 50.42 23.11 3.42
1610 65.54 41.31 46.23 23.54 3.10
1611 65.70 34.87 55.66 21.84 3.02
1612 65.68 58.26 51.97 22.59 3.31
1613 65.70 61.97 56.57 23.82 3.24
1614 65.84 64.29 74.36 21.19 2.99
1615 65.75 43.39 46.38 23.62 3.67
1616 65.80 78.49 141.60 21.12 2.84
1617 65.93 37.04 63.04 21.65 2.86
1618 65.92 53.90 47.59 23.14 2.97
1619 66.01 70.85 96.97 22.37 3.12
1620 66.09 27.62 70.50 19.27 2.39
1621 66.06 30.73 66.71 21.03 2.80
1622 66.04 21.01 62.31 17.74 2.56
1623 66.06 47.54 46.07 22.69 3.09
1624 66.20 16.96 59.63 17.73 1.80
1625 66.12 10.18 38.57 16.77 1.43
1626 66.21 25.58 63.83 18.70 2.48
1627 66.28 22.83 67.70 18.18 2.20
1628 66.24 49.59 45.60 24.37 3.14
1629 66.19 73.24 113.42 23.09 3.14
1630 66.29 76.38 123.58 21.83 2.69
1631 66.34 40.83 75.05 22.65 3.02
1632 66.35 81.19 143.98 22.72 2.57
1633 66.49 86.71 127.69 19.54 2.05
1634 66.34 51.82 51.99 23.49 3.46
1635 66.38 60.22 43.99 20.79 3.11
1636 66.49 45.46 75.08 22.27 3.23
1637 66.68 13.48 77.96 16.40 1.28
1638 66.50 66.25 62.11 21.93 2.75
1639 66.51 68.64 62.92 20.17 3.09
1640 66.51 32.99 124.10 21.20 2.51
1641 66.62 8.98 38.36 14.64 1.33
1642 66.50 57.28 40.71 22.90 2.74
1643 66.60 62.89 42.71 21.12 2.62
1644 67.02 89.61 73.67 16.64 2.04
1645 66.78 29.32 117.77 18.70 2.22
1646 66.70 38.63 84.55 20.80 2.74
1647 66.77 19.20 90.03 18.67 2.03
1648 66.80 43.51 100.98 22.03 3.41
1649 66.72 55.32 39.44 22.90 3.17
1650 66.69 83.58 125.36 18.10 2.44
1651 67.06 34.55 168.41 21.38 3.09
1652 67.03 36.64 134.81 20.94 2.90
1653 67.12 53.41 81.97 22.82 3.91
1654 67.10 74.49 91.77 19.07 2.90
1655 67.19 48.19 164.99 24.44 3.46
1656 67.02 71.21 42.71 20.71 3.21
1657 67.21 79.16 111.60 21.49 2.72
1658 67.16 24.29 126.86 18.86 2.55
1659 67.24 64.66 38.03 23.20 3.52
1660 67.19 11.12 65.00 16.10 1.96
1661 67.28 26.85 142.46 19.52 2.35
1662 67.28 50.73 104.15 24.03 2.92
1663 67.34 21.60 126.12 17.53 2.12
1664 67.35 41.89 169.64 20.65 3.29
1665 67.31 61.77 42.86 22.08 3.49
1666 67.41 31.41 171.01 21.36 3.01
1667 67.46 57.79 80.43 21.98 3.18
1668 67.64 16.43 124.12 17.64 1.68
1669 67.55 76.92 72.17 18.08 3.24
1670 67.57 39.78 174.66 23.03 3.61
1671 67.39 66.86 36.51 19.49 3.00
1672 67.66 82.36 119.74 17.99 2.16
1673 67.58 45.69 161.51 22.38 2.93
1674 67.62 69.26 34.52 20.23 2.95
1675 67.71 85.15 99.84 18.87 2.40
1676 67.77 55.53 101.87 22.93 3.43
1677 67.87 72.90 37.62 19.12 2.93
1678 67.95 37.57 185.44 21.48 3.32
1679 68.07 87.90 68.23 16.00 2.38
1680 68.05 43.74 176.46 21.91 3.23
1681 68.00 14.15 116.92 15.36 1.72
1682 67.96 19.15 126.75 18.37 2.25
1683 68.01 28.93 144.51 20.20 2.61
1684 68.05 35.29 174.43 20.90 3.04
1685 68.04 23.79 144.99 18.43 2.71
1686 68.15 60.46 128.79 21.32 3.13
1687 68.08 63.50 66.47 22.01 3.22
1688 68.30 51.61 187.05 25.89 3.97
1689 68.39 11.19 98.17 15.84 1.74
1690 68.24 12.80 108.47 17.92 1.33
1691 68.28 33.05 155.23 19.26 3.16
1692 68.32 47.43 214.65 22.56 3.38
1693 68.34 53.60 171.97 21.81 3.75
1694 68.27 71.20 33.40 19.67 2.98
1695 68.39 75.42 38.16 18.10 2.73
1696 68.28 65.59 32.94 20.37 2.69
1697 68.48 49.48 191.24 22.43 3.75
1698 68.22 67.62 32.40 17.96 2.87
1699 68.51 26.55 158.62 18.46 2.68
1700 68.46 78.17 49.77 16.90 2.99
1701 68.59 80.95 62.65 18.62 2.30
1702 68.50 21.18 113.81 17.58 2.27
1703 68.49 41.42 191.43 22.64 3.12
1704 68.46 30.88 136.88 21.34 2.58
1705 68.54 57.77 171.12 22.06 3.56
1706 68.70 9.46 67.03 14.70 2.00
1707 68.74 39.32 177.51 20.33 4.14
1708 68.63 69.46 36.94 20.64 2.52
1709 68.84 45.57 194.30 21.83 3.61
1710 69.00 85.94 56.37 16.76 2.41
1711 68.85 83.37 49.23 15.92 2.69
1712 68.99 15.48 103.53 16.01 2.05
1713 68.97 55.44 199.38 24.06 4.06
1714 68.98 62.61 166.19 24.37 3.17
1715 69.05 35.67 156.90 20.46 3.97
1716 68.92 73.84 31.77 17.96 2.65
1717 69.19 18.42 101.69 15.38 2.34
1718 69.17 29.18 127.05 18.86 3.80
1719 69.20 37.43 156.24 20.34 4.03
1720 69.11 67.52 89.57 19.72 2.62
1721 69.26 43.32 189.60 21.67 3.67
1722 69.21 59.68 179.77 20.81 2.88
1723 68.97 70.36 42.12 17.88 2.62
1724 69.37 65.19 139.04 20.01 3.27
1725 69.49 72.13 76.30 18.81 2.87
1726 69.44 13.21 70.78 14.42 1.96
1727 69.44 22.56 92.53 17.04 3.36
1728 69.40 34.01 134.28 19.10 4.41
1729 69.37 31.78 117.24 18.60 3.28
1730 69.44 25.21 101.35 18.54 3.54
1731 69.41 47.63 181.22 21.04 3.79
1732 69.38 53.08 170.21 22.31 4.27
1733 69.56 50.77 196.87 24.69 3.67
1734 69.43 76.74 28.37 17.73 2.98
1735 69.44 78.69 35.23 16.57 2.23
1736 69.69 41.15 135.06 20.64 3.71
1737 69.60 57.36 194.84 20.78 2.81
1738 69.58 79.81 40.09 17.18 3.03
1739 69.60 87.78 21.36 12.13 2.30
1740 69.70 20.28 70.18 16.91 2.75
1741 69.88 69.64 122.33 19.81 2.52
1742 69.76 27.16 85.18 18.94 3.41
1743 69.78 81.86 40.98 16.50 2.79
1744 69.97 11.21 53.24 13.86 2.05
1745 69.87 45.06 145.43 21.44 4.41
1746 69.90 61.26 199.28 21.19 2.94
1747 69.82 74.96 38.77 19.25 2.49
1748 69.90 84.41 31.11 15.75 2.61
1749 69.93 38.90 102.23 20.94 5.18
1750 70.02 55.29 184.44 22.08 4.22
1751 70.18 63.35 201.92 20.73 3.62
1752 70.23 15.83 65.91 16.90 2.90
1753 70.19 48.84 158.18 21.34 3.85
1754 70.23 67.37 180.77 18.27 2.94
1755 70.25 29.29 92.83 19.04 4.41
1756 70.30 36.17 84.57 19.56 4.62
1757 70.39 59.26 200.41 20.59 2.90
1758 70.30 78.24 28.16 15.79 2.72
1759 70.19 85.69 25.03 14.97 1.91
1760 70.38 33.59 93.25 20.93 5.49
1761 70.50 22.85 57.98 17.06 3.35
1762 70.43 31.31 66.09 19.35 4.15
1763 70.71 18.27 52.40 16.29 3.73
1764 70.53 46.87 107.58 21.05 4.17
1765 70.66 42.85 111.51 21.52 4.81
1766 70.64 53.09 144.83 23.48 4.01
1767 70.65 65.38 189.56 20.11 3.00
1768 70.77 25.21 67.54 17.48 5.05
1769 70.73 73.80 112.84 18.84 2.88
1770 70.79 76.12 61.61 17.65 2.98
1771 70.68 13.59 31.08 15.19 2.91
1772 70.76 40.63 78.93 20.17 5.67
1773 70.85 50.79 158.84 21.22 3.88
1774 70.82 71.39 160.79 18.76 2.87
1775 70.77 80.21 34.06 15.57 2.08
1776 70.82 57.54 178.84 20.84 3.84
1777 71.04 21.03 49.71 16.70 4.80
1778 70.86 38.25 58.90 20.32 4.15
1779 70.99 83.14 34.44 14.45 2.16
1780 70.94 27.53 57.33 16.74 4.10
1781 71.04 45.10 108.58 19.87 4.98
1782 70.99 61.21 203.71 19.41 3.26
1783 71.02 11.37 28.51 14.33 2.13
1784 71.06 55.35 149.73 21.10 4.67
1785 71.26 69.41 198.09 18.88 2.85
1786 71.32 85.77 22.71 14.83 1.98
1787 71.27 32.70 39.83 19.72 7.94
1788 71.46 34.95 38.98 18.61 7.94
1789 71.26 78.20 63.60 14.98 2.73
1790 71.37 30.00 45.56 18.69 5.21
1791 71.32 63.53 182.34 20.59 2.99
1792 71.44 67.30 197.48 19.92 2.68
1793 71.44 48.34 87.77 20.89 5.21
1794 71.76 87.79 17.83 12.54 1.98
1795 71.50 16.09 27.79 15.93 4.62
1796 71.68 37.19 37.07 22.38 7.74
1797 71.73 52.44 113.70 21.32 4.37
1798 71.71 59.20 154.66 20.45 3.53
1799 71.87 41.86 48.28 20.33 6.00
1800 71.65 11.96 24.62 14.41 4.51
1801 71.79 23.71 34.07 17.00 6.27
1802 71.86 73.16 178.85 19.07 2.55
1803 71.83 39.58 39.64 20.71 7.60
1804 71.91 81.22 69.05 15.85 1.92
1805 71.97 57.04 138.07 21.54 3.46
1806 72.03 65.72 182.73 19.64 3.41
1807 72.00 43.75 41.24 20.76 7.68
1808 72.03 54.50 114.97 21.50 4.91
1809 71.90 13.67 26.83 15.33 4.36
1810 71.92 19.80 31.00 16.11 6.36
1811 71.93 27.91 30.68 18.47 7.96
1812 72.05 46.58 69.00 20.21 4.90
1813 71.91 50.14 90.85 20.44 4.65
1814 72.14 75.65 139.88 17.06 2.79
1815 72.01 61.52 162.92 20.76 3.18
1816 72.14 31.30 30.82 18.87 9.28
1817 72.20 70.91 178.78 19.10 3.84
1818 72.22 84.23 42.41 14.59 2.59
1819 72.12 20.88 28.10 16.00 7.50
1820 72.52 78.20 142.40 16.27 2.25
1821 72.23 11.09 18.00 14.07 3.53
1822 72.36 33.47 35.85 20.49 14.51
1823 72.38 63.84 157.20 20.32 3.15
1824 72.45 68.55 168.39 19.07 3.55
1825 72.54 38.60 32.28 20.69 11.53
1826 72.74 51.33 56.47 21.00 5.06
1827 72.84 45.09 36.79 19.82 8.23
1828 72.76 49.08 44.57 19.98 6.32
1829 72.76 59.82 116.56 21.57 4.10
1830 72.85 12.87 24.88 14.42 6.64
1831 73.06 82.72 131.20 14.17 2.10
1832 72.81 41.05 36.75 23.45 14.45
1833 72.84 27.42 31.20 18.44 16.87
1834 73.06 55.70 98.74 21.43 5.10
1835 72.82 14.54 26.43 15.23 8.51
1836 73.03 19.91 29.81 16.63 10.83
1837 73.03 25.12 43.78 16.92 19.11
1838 73.16 57.61 95.52 22.21 5.00
1839 73.27 29.08 44.96 18.98 17.92
1840 73.17 53.60 47.72 22.29 5.33
1841 73.03 73.28 163.86 17.99 3.02
1842 72.96 31.59 33.56 19.38 17.76
1843 73.07 62.49 127.79 19.41 4.18
1844 73.05 66.68 149.03 18.47 3.53
1845 73.37 47.36 39.90 20.22 8.52
1846 73.11 11.46 20.72 14.31 4.31
1847 73.16 35.06 52.27 18.64 24.09
1848 73.23 37.19 53.78 19.41 26.38
1849 73.57 43.26 40.46 19.79 21.19
1850 73.32 70.64 158.04 18.53 3.41
1851 73.29 39.48 44.78 20.78 21.10
1852 73.47 80.26 138.20 14.81 2.47
1853 73.37 76.01 160.88 17.30 2.77
1854 73.70 84.79 75.77 13.51 2.34
1855 73.53 64.77 131.70 19.62 3.65
1856 73.45 18.35 34.69 17.39 16.37
1857 73.61 33.27 76.20 19.66 31.10
1858 73.44 15.08 30.47 14.57 13.00
1859 73.79 22.68 45.75 17.24 16.81
1860 73.72 61.03 94.78 18.83 4.15
1861 73.72 68.63 131.25 19.04 3.28
1862 73.74 78.09 147.21 15.25 3.07
1863 73.79 26.91 60.58 18.95 24.21
1864 73.73 51.54 37.82 19.66 8.08
1865 73.78 13.16 29.00 15.19 11.25
1866 74.06 30.81 104.88 20.49 26.45
1867 73.98 41.12 64.87 21.03 33.86
1868 73.98 59.07 70.10 18.33 4.73
1869 73.91 45.62 32.68 20.50 15.40
1870 73.95 49.11 30.53 20.73 9.34
1871 74.26 36.40 97.19 20.12 39.09
1872 74.16 72.36 143.34 18.88 3.06
1873 74.11 20.71 42.63 15.88 18.04
1874 74.29 38.74 117.48 20.98 41.49
1875 74.13 55.66 43.85 20.44 6.37
1876 74.20 66.63 108.06 19.11 3.60
1877 74.36 63.09 84.82 19.38 4.25
1878 74.41 74.70 145.02 17.01 2.94
1879 74.40 24.80 101.57 17.31 26.83
1880 74.66 85.58 61.60 11.21 1.98
1881 74.69 17.63 74.67 15.67 24.84
1882 74.59 82.29 139.62 13.79 2.17
1883 74.56 28.45 117.70 19.49 34.89
1884 74.63 34.46 153.61 21.08 46.27
1885 74.52 53.81 34.46 21.10 8.48
1886 74.69 57.39 48.35 20.24 6.42
1887 74.56 76.66 134.14 15.25 2.48
1888 74.81 44.86 72.38 19.04 32.50
1889 74.60 51.62 31.39 21.00 13.59
1890 74.96 70.73 118.67 17.97 3.77
1891 74.88 79.47 136.36 16.49 2.80
1892 75.03 49.49 42.59 20.82 23.54
1893 74.93 42.65 153.29 21.23 47.29
1894 75.01 47.22 78.66 20.81 31.99
1895 74.84 61.20 53.03 19.35 4.65
1896 74.97 32.35 155.12 19.39 44.57
1897 74.93 64.72 63.63 19.32 6.22
1898 74.90 68.59 97.22 17.66 3.55
1899 74.92 15.01 66.21 17.36 18.57
1900 74.87 77.78 132.94 15.70 3.00
1901 75.34 22.06 133.33 17.60 38.34
1902 75.56 25.50 144.68 17.36 39.11
1903 75.23 30.30 143.56 20.27 47.96
1904 75.32 40.42 178.87 21.96 58.51
1905 75.28 59.47 37.09 19.31 5.74
1906 75.26 13.91 57.16 17.25 16.56
1907 75.40 55.95 32.09 20.61 13.21
1908 75.46 73.17 93.88 17.41 3.51
1909 75.51 36.24 181.37 21.54 52.62
1910 75.40 38.34 167.97 19.76 61.64
1911 75.60 66.95 53.56 18.57 4.58
1912 75.74 19.99 128.71 18.25 37.14
1913 75.56 51.79 52.29 19.19 22.29
1914 75.54 54.10 31.43 19.53 16.63
1915 75.76 62.63 36.67 19.00 8.37
1916 75.64 75.77 84.56 16.12 2.83
1917 75.76 28.39 172.11 20.14 49.30
1918 75.88 81.40 148.81 15.37 2.23
1919 75.82 18.06 108.52 16.91 24.84
1920 75.90 34.19 190.83 20.00 58.54
1921 75.99 44.05 178.84 20.16 55.58
1922 75.84 57.92 28.92 17.96 8.44
1923 76.03 78.03 106.30 16.11 2.87
1924 76.04 46.13 185.96 22.28 53.44
1925 76.10 31.62 177.87 20.30 62.62
1926 75.88 64.45 37.82 18.46 5.11
1927 76.14 69.33 51.57 18.24 5.24
1928 76.10 15.44 76.22 14.93 12.20
1929 76.17 60.44 29.38 17.77 14.70
1930 76.31 41.83 202.61 22.79 62.96
1931 76.44 48.14 174.17 20.69 55.16
1932 76.42 50.36 139.52 22.60 38.92
1933 76.21 65.52 37.41 18.39 5.64
1934 76.65 71.75 46.72 16.90 5.10
1935 76.53 55.88 47.33 19.79 24.84
1936 76.47 37.79 203.81 20.75 75.00
1937 76.46 53.54 75.19 19.25 27.62
1938 76.64 39.81 193.85 22.92 81.98
1939 76.64 73.76 59.65 16.38 3.43
1940 76.76 76.10 100.16 15.20 2.82
1941 76.77 22.22 140.71 17.14 47.58
1942 76.72 27.03 166.76 18.83 60.98
1943 76.71 29.49 167.63 19.51 72.11
1944 76.82 79.87 116.31 14.61 2.86
1945 76.93 35.72 187.37 21.46 74.00
1946 76.73 58.20 35.12 21.00 20.55
1947 77.00 16.74 106.90 15.02 32.27
1948 77.02 19.12 129.12 16.80 38.37
1949 76.84 62.62 28.16 20.70 16.42
1950 76.92 67.19 34.57 17.78 8.05
1951 76.95 24.71 156.48 17.55 52.15
1952 76.85 64.51 27.13 19.29 11.05
1953 77.15 33.67 176.88 18.62 61.66
1954 77.34 82.63 94.62 14.32 2.23
1955 77.03 43.80 182.04 21.57 59.41
1956 77.22 60.58 51.56 19.12 26.85
1957 77.23 45.95 204.42 20.40 59.23
1958 77.35 52.19 177.33 21.44 49.36
1959 77.36 31.39 175.34 20.48 74.62
1960 77.36 69.74 30.80 17.16 6.67
1961 77.48 41.97 165.65 19.97 75.83
1962 77.56 37.76 186.61 20.19 92.09
1963 77.53 49.70 176.26 20.69 57.74
1964 77.72 54.91 172.01 20.72 43.21
1965 77.80 56.90 140.71 20.11 42.82
1966 77.78 78.17 116.18 15.72 3.26
1967 77.77 29.02 144.37 20.02 70.79
1968 77.85 58.97 145.83 19.96 41.24
1969 77.77 63.28 41.99 18.53 24.75
1970 77.68 65.90 25.66 17.38 19.80
1971 77.66 74.53 49.31 14.26 3.53
1972 78.12 20.07 128.41 17.97 45.11
1973 77.94 40.02 174.21 19.53 86.24
1974 77.93 26.68 151.28 18.57 62.90
1975 78.02 47.93 194.33 22.33 69.68
1976 78.09 23.82 132.62 16.00 57.58
1977 78.23 75.74 53.88 15.32 4.05
1978 78.10 44.05 161.27 20.79 80.13
1979 78.19 16.33 90.99 15.38 27.85
1980 78.26 35.49 170.26 19.48 81.85
1981 78.33 80.47 75.11 14.31 2.75
1982 78.11 68.22 24.41 18.26 12.57
1983 78.26 33.10 171.18 19.79 79.12
1984 78.42 61.18 122.13 19.21 42.66
1985 78.45 51.07 193.60 21.17 70.98
1986 78.47 53.33 205.10 20.32 60.88
1987 78.34 30.83 132.71 18.52 72.69
1988 78.52 45.98 187.00 19.98 86.99
1989 78.46 70.46 27.66 17.16 12.76
1990 78.45 72.22 26.50 17.56 8.56
1991 78.69 42.25 162.57 19.74 110.52
1992 78.61 65.85 61.84 18.58 28.68
1993 78.77 37.85 165.13 20.98 91.22
1994 78.72 73.75 30.49 15.22 5.18
1995 78.96 58.89 191.29 19.18 51.34
1996 79.03 22.42 110.60 17.99 65.03
1997 79.11 28.64 103.46 19.24 80.49
1998 78.97 56.63 169.46 22.11 42.80
1999 79.01 63.16 142.91 20.69 41.30
2000 79.11 25.70 120.05 18.68 75.19
2001 79.23 78.35 55.65 15.62 3.38
2002 79.06 40.21 133.62 18.67 105.87
2003 79.14 68.09 39.86 18.26 21.35
2004 79.10 17.41 68.31 16.26 31.91
2005 79.31 54.64 203.16 22.11 72.65
2006 79.23 33.98 116.86 18.79 98.54
2007 79.64 19.17 73.73 16.93 48.03
2008 79.46 44.10 154.67 20.62 93.87
2009 79.35 48.24 133.85 21.31 85.27
2010 79.20 75.75 32.22 14.96 4.63
2011 79.25 31.26 112.10 18.85 87.30
2012 79.50 36.42 130.06 19.17 79.44
2013 79.57 69.89 29.22 15.61 18.62
2014 79.61 52.17 180.51 20.87 72.49
2015 79.46 71.82 27.00 17.48 14.67
2016 79.72 46.37 141.94 20.09 101.79
2017 79.74 60.94 197.00 21.25 48.66
2018 79.82 65.75 152.54 20.30 46.10
2019 79.68 73.42 26.21 17.63 9.79
2020 79.74 80.95 30.85 13.82 2.18
2021 79.80 39.19 93.05 19.62 111.66
2022 80.05 23.35 74.91 18.36 49.40
2023 79.88 41.74 102.50 19.45 119.02
2024 79.95 58.33 180.94 18.47 67.94
2025 80.13 26.82 86.62 18.44 92.22
2026 80.11 50.18 156.87 20.37 94.62
2027 80.18 56.17 180.10 21.71 65.62
2028 80.13 30.48 66.24 19.20 91.43
2029 80.12 32.75 92.72 19.34 106.18
2030 80.15 63.26 191.63 18.83 49.63
2031 80.29 76.80 25.08 15.04 5.40
2032 80.18 35.44 74.71 19.83 75.48
2033 80.55 28.96 49.03 18.09 87.07
2034 80.43 53.82 154.34 20.14 78.79
2035 80.44 67.90 110.03 17.07 38.18
2036 80.59 72.39 41.15 17.25 23.87
2037 80.59 20.52 38.39 17.04 57.14
2038 80.58 48.31 138.65 20.75 98.64
2039 80.70 79.68 24.30 13.67 3.70
2040 80.51 37.59 64.93 19.19 110.99
2041 80.58 43.60 97.48 19.70 118.20
2042 80.81 70.35 62.85 17.47 35.38
2043 80.82 24.70 41.80 18.27 75.63
2044 80.76 40.44 75.32 20.55 110.81
2045 80.68 45.96 112.13 20.58 111.22
2046 80.82 60.09 183.01 18.62 79.08
2047 81.01 34.06 42.25 18.45 93.90
2048 81.02 51.76 142.24 19.74 84.26
2049 80.98 65.02 179.25 19.01 61.14
2050 81.07 58.01 160.96 21.48 75.46
2051 81.09 62.27 188.53 18.70 63.80
2052 81.21 31.63 38.13 17.87 79.26
2053 81.29 55.76 140.69 20.66 96.97
2054 81.30 75.49 24.61 14.54 12.96
2055 81.28 18.39 20.74 15.52 28.28
2056 81.49 36.20 33.75 20.00 98.70
2057 81.66 26.29 30.36 17.41 76.28
2058 81.41 38.45 35.32 19.33 92.07
2059 81.47 68.86 153.11 17.38 58.86
2060 81.58 22.58 32.54 17.71 59.29
2061 81.46 42.60 55.99 18.79 91.19
2062 81.49 50.06 85.60 21.56 96.40
2063 81.54 53.76 126.80 17.80 102.73
2064 81.58 45.12 52.80 19.70 111.62
2065 81.53 47.67 79.26 21.41 112.54
2066 81.83 66.72 170.69 19.47 60.45
2067 81.68 77.87 21.21 14.85 8.52
2068 81.72 20.30 21.46 16.57 45.62
2069 81.76 29.60 31.04 18.46 79.97
2070 81.93 73.52 77.24 16.18 32.75
2071 81.90 40.21 49.14 20.13 99.60
2072 82.07 59.83 133.67 20.35 78.33
2073 82.07 64.46 169.97 19.76 71.07
2074 82.06 57.60 128.18 19.75 91.95
2075 82.19 62.19 166.47 20.13 74.03
2076 82.15 34.00 26.64 18.52 94.28
2077 82.33 71.16 139.56 17.04 42.22
2078 82.30 31.72 24.14 17.00 73.19
2079 82.42 51.33 65.19 18.19 111.42
2080 82.48 41.98 36.00 19.81 111.40
2081 82.48 49.07 60.79 19.30 108.71
2082 82.40 55.30 95.96 19.09 115.88
2083 82.44 76.00 42.74 15.65 16.14
2084 82.49 37.97 27.48 18.94 118.06
2085 82.61 27.49 22.19 16.27 80.08
2086 82.48 46.80 49.64 19.32 103.39
2087 82.58 44.20 34.04 17.16 105.84
2088 82.81 23.50 18.92 17.19 67.68
2089 82.68 68.51 154.63 16.64 73.71
2090 82.79 21.05 17.81 16.63 48.29
2091 82.87 36.01 24.54 17.49 97.00
2092 82.65 79.04 20.18 14.91 3.91
2093 83.04 29.87 24.43 17.95 78.03
2094 83.22 66.30 152.01 16.84 73.63
2095 83.16 39.96 26.13 19.46 114.05
2096 83.04 57.16 82.19 18.43 119.30
2097 83.12 59.35 102.73 19.79 102.11
2098 83.33 73.79 128.18 16.39 29.78
2099 83.22 61.51 116.59 17.82 90.07
2100 83.33 34.25 21.19 19.05 102.47
2101 83.26 63.96 125.73 18.86 85.96
2102 83.43 32.16 19.56 18.67 84.08
2103 83.41 52.94 47.70 18.89 105.60
2104 83.52 46.38 29.11 18.07 101.51
2105 83.50 50.55 44.71 18.57 108.21
2106 83.67 25.70 19.09 16.04 69.87
2107 83.49 54.95 42.61 17.98 102.19
2108 83.63 42.14 25.36 19.32 101.43
2109 83.64 48.44 41.21 19.30 101.98
2110 83.73 71.10 156.10 16.72 48.91
2111 83.77 37.75 21.84 17.71 93.63
2112 83.72 44.27 23.94 17.90 104.68
2113 83.97 28.02 19.47 16.14 70.16
2114 83.71 68.55 148.97 17.39 63.63
2115 83.99 23.56 16.04 16.16 47.22
2116 83.94 57.09 52.09 19.21 104.00
2117 84.43 75.71 119.84 16.23 23.02
2118 84.33 35.83 20.12 18.20 77.39
2119 84.23 59.12 68.88 18.84 106.36
2120 84.34 30.84 19.39 17.69 79.33
2121 84.24 61.25 72.47 18.98 97.89
2122 84.22 63.24 68.98 18.73 87.09
2123 84.28 65.19 98.38 18.62 93.72
2124 84.40 39.46 21.55 17.64 93.24
2125 84.41 51.82 28.54 20.07 106.35
2126 84.61 33.53 18.15 15.70 74.97
2127 84.66 67.27 115.28 16.98 74.46
2128 84.40 69.21 154.14 17.60 61.91
2129 84.69 53.75 26.72 17.62 108.14
2130 84.60 55.89 32.46 16.69 115.39
2131 84.70 41.50 22.09 20.17 101.01
2132 84.65 45.70 23.21 19.80 111.74
2133 84.71 49.77 22.22 18.67 100.19
2134 84.89 73.03 163.75 16.46 41.33
2135 84.82 43.61 21.43 19.08 98.48
2136 84.90 47.70 21.91 18.47 100.19
2137 85.05 25.13 13.29 16.85 42.99
2138 85.24 37.69 17.99 17.49 73.09
2139 85.12 26.95 14.38 16.33 55.18
2140 85.17 29.14 17.11 16.08 64.97
2141 85.14 70.17 135.05 16.71 50.37
2142 85.25 58.19 33.71 19.92 113.73
2143 85.24 60.37 36.40 17.30 94.60
2144 85.26 63.05 61.39 18.48 104.75
2145 85.62 31.36 15.46 17.16 56.51
2146 85.47 51.68 24.07 19.14 104.43
2147 85.65 35.70 15.14 17.08 62.95
2148 85.51 65.25 61.46 17.76 85.54
2149 85.57 40.25 15.92 17.59 67.44
2150 85.50 75.01 93.51 15.19 15.79
2151 85.65 55.60 25.25 19.58 101.99
2152 85.79 45.10 17.90 17.22 92.91
2153 85.88 33.55 15.21 16.54 65.14
2154 85.91 49.44 21.79 18.69 95.15
2155 85.79 67.13 78.34 16.86 78.41
2156 85.83 42.66 16.96 18.41 84.20
2157 85.97 53.67 26.80 17.00 95.69
2158 86.10 71.74 118.06 16.73 40.29
2159 86.11 47.35 18.21 18.90 81.75
2160 86.09 69.14 93.56 16.03 55.53
2161 86.23 26.96 11.78 16.11 39.19
2162 86.32 60.63 30.61 19.14 100.13
2163 86.43 24.44 11.43 16.00 35.10
2164 86.46 57.79 27.96 18.30 99.05
2165 86.40 38.75 15.71 17.68 57.87
2166 86.54 29.63 15.11 16.91 51.52
2167 86.61 63.40 36.98 18.87 93.97
2168 86.54 51.85 21.62 19.05 93.11
2169 86.41 64.70 42.41 22.30 108.24
2170 86.90 36.83 14.61 17.26 52.45
2171 86.74 41.16 17.26 17.54 62.54
2172 86.84 55.69 20.17 18.64 87.26
2173 86.78 66.16 37.96 16.99 89.72
2174 86.86 31.88 14.38 16.36 44.16
2175 86.83 43.40 16.25 17.72 61.38
2176 86.98 34.44 13.11 16.85 46.89
2177 86.90 45.84 16.15 17.03 63.78
2178 87.10 50.26 17.82 18.73 79.93
2179 87.28 48.27 15.63 17.18 63.27
2180 87.15 53.71 20.81 18.26 84.65
2181 87.41 70.50 121.74 17.42 53.26
2182 87.28 68.20 66.32 18.04 86.43
2183 87.20 25.91 12.44 18.27 23.75
2184 87.54 72.90 94.37 16.56 31.23
2185 87.56 28.16 12.07 15.85 32.11
2186 87.40 62.04 26.47 17.18 94.92
2187 87.46 59.67 22.89 18.66 94.10
2188 87.56 39.41 15.02 17.46 46.85
2189 87.76 30.45 12.42 14.99 34.82
2190 87.72 57.38 19.79 17.76 83.77
2191 87.72 64.59 29.10 19.12 85.45
2192 87.85 44.49 13.98 16.31 48.79
2193 88.02 52.60 16.33 16.79 61.92
2194 88.00 41.88 13.51 17.49 40.32
2195 87.88 26.40 11.03 20.15 19.21
2196 88.02 35.27 13.35 16.83 37.27
2197 88.04 46.64 15.56 17.79 55.94
2198 88.07 32.79 14.50 17.19 32.01
2199 88.13 66.93 35.17 17.30 77.46
2200 88.12 55.36 19.80 17.66 69.68
2201 88.42 25.08 10.08 22.35 14.72
2202 88.19 37.58 12.70 15.36 39.16
2203 88.18 50.18 16.74 16.24 56.58
2204 88.54 61.41 21.87 18.73 89.12
2205 88.58 63.43 22.75 16.53 82.16
2206 88.60 58.87 20.52 16.81 80.29
2207 88.77 39.80 12.68 20.50 33.31
2208 88.72 69.27 53.45 16.95 53.53
2209 88.69 71.18 53.00 14.59 32.25
2210 88.86 48.13 13.20 16.00 44.55
2211 88.82 29.19 11.54 18.76 25.93
2212 88.91 43.72 13.14 17.14 37.06
2213 89.15 31.60 12.83 29.98 23.04
2214 89.13 66.22 24.23 15.88 70.72
2215 89.19 36.13 12.99 29.92 27.85
2216 89.15 52.35 15.73 17.85 48.50
2217 89.27 34.13 12.35 37.92 21.44
2218 89.13 54.76 16.34 16.21 54.18
2219 89.21 57.06 17.93 18.15 63.85
2220 89.21 46.04 14.47 16.41 40.64
2221 89.27 50.14 16.05 16.10 45.32
2222 89.39 41.58 12.05 16.66 30.46
2223 89.52 37.98 13.01 16.66 28.19
2224 89.65 64.16 18.31 15.51 69.59
2225 89.77 68.63 21.66 15.94 47.73
2226 89.70 61.93 16.43 16.05 60.62
2227 89.87 27.89 10.31 31.72 11.35
2228 89.75 59.55 18.60 17.05 60.48
2229 90.05 44.12 12.06 20.04 28.68
2230 90.12 48.85 12.72 18.77 33.55
2231 90.28 39.92 12.03 22.24 24.48
2232 90.19 54.06 13.38 15.87 35.58
2233 90.32 56.24 14.89 15.35 37.24
2234 90.44 33.26 12.50 31.15 16.38
2235 90.28 51.39 14.39 20.56 33.13
2236 90.36 30.87 11.12 32.28 13.74
2237 90.40 46.35 13.14 26.12 26.39
2238 90.58 66.87 19.63 16.04 60.69
2239 90.50 35.40 11.56 16.42 17.16
2240 90.70 36.88 13.20 27.38 18.49
2241 90.64 42.16 13.17 23.37 22.59
2242 90.62 38.26 12.07 30.80 17.18
2243 90.78 58.01 14.37 16.39 37.55
2244 90.92 64.59 16.85 17.53 61.48
2245 90.97 62.26 13.88 16.20 51.92
2246 90.81 59.94 17.66 16.13 43.09
2247 91.13 48.42 13.58 26.47 25.14
2248 90.95 44.52 11.70 26.52 15.21
2249 91.24 52.95 13.19 16.56 25.92
2250 91.52 55.41 13.55 17.25 25.46
2251 91.34 50.61 14.12 24.83 23.90
2252 91.53 40.77 13.25 25.09 16.57
2253 91.79 31.54 11.20 39.18 10.82
2254 91.85 39.04 12.65 23.95 15.26
2255 91.52 46.25 12.10 34.39 15.66
2256 91.73 34.29 11.56 29.47 12.74
2257 91.40 60.05 14.90 14.60 40.40
2258 91.83 36.50 11.36 31.66 12.20
2259 92.08 66.33 14.00 16.47 33.53
2260 92.25 42.79 12.02 38.66 13.69
2261 92.04 47.20 13.77 37.36 20.47
2262 92.23 61.33 12.58 15.72 32.92
2263 92.04 57.40 12.76 17.04 28.44
2264 92.30 59.23 13.26 15.88 27.49
2265 92.26 63.87 13.91 16.95 41.36
2266 92.51 49.34 13.59 28.14 17.81
2267 92.34 52.47 12.36 27.02 16.47
2268 92.79 45.20 11.80 37.12 14.35
2269 93.10 32.70 11.53 43.61 9.62
2270 92.82 55.41 13.49 19.21 19.28
2271 92.84 40.27 10.72 31.76 9.66
2272 92.86 35.44 10.77 26.55 10.22
2273 93.43 47.46 11.48 24.18 16.87
2274 93.39 57.78 11.86 15.85 19.40
2275 93.43 51.62 12.75 20.85 13.89
2276 93.38 62.94 13.62 15.93 26.26
2277 93.42 40.92 12.28 35.38 11.54
2278 94.04 37.14 10.94 32.68 9.66
2279 93.77 43.14 11.21 42.92 12.03
2280 93.79 60.31 11.92 17.71 20.55
2281 93.77 54.04 13.00 18.46 17.46
2282 94.15 56.14 12.99 16.11 18.02
2283 94.41 39.71 11.01 41.60 8.91
2284 94.59 34.04 10.46 35.14 7.83
2285 94.35 50.11 11.40 23.37 11.80
2286 94.27 45.66 11.77 24.30 11.06
2287 94.73 58.68 11.39 17.37 12.88
2288 94.97 48.11 11.06 32.18 10.49
2289 94.59 52.52 11.12 21.62 11.67
2290 94.68 41.81 11.95 35.02 8.22
2291 95.27 35.97 10.89 36.14 8.08
2292 95.04 43.12 11.51 26.84 9.03
2293 94.97 44.99 10.71 21.79 8.25
2294 95.12 54.86 10.84 19.96 12.93
2295 95.47 57.14 10.60 20.86 11.50
2296 95.68 38.57 9.39 36.51 8.03
2297 95.41 46.36 11.06 21.38 5.06
2298 96.17 40.47 10.39 33.17 7.32
2299 95.87 45.18 11.78 24.04 9.02
2300 96.21 43.26 10.98 31.66 9.34
2301 96.17 37.38 10.50 33.65 7.62
2302 96.76 55.11 9.68 26.14 9.20
2303 96.14 57.98 8.94 19.81 10.19
2304 96.24 51.41 11.78 19.93 10.00
2305 97.08 50.24 9.69 22.46 7.90
2306 97.01 52.79 10.05 26.58 7.17
2307 97.20 44.89 11.52 27.12 8.48
2308 97.19 48.27 10.17 22.29 6.79
2309 97.77 53.56 9.14 25.14 9.29

