#<Embryo name> <Cleavage cycle> <Temporal class> <Genes>
rge7 14A 8 even-skipped Kruppel giant

#Quantitative data
#<Nucleus number> <A-P coordinate> <D-V coordinate> <Fluorescence intensity: channel 1 - eve, channel 2 - Kr, channel 3 - gt>
0 2.70 50.93 10.31 7.05 15.34
1 3.48 48.30 10.89 8.48 22.04
2 3.84 52.74 9.79 7.59 20.99
3 4.20 43.39 9.50 8.32 28.17
4 4.39 45.91 11.54 9.39 39.06
5 4.50 55.39 9.90 9.10 29.56
6 4.94 49.83 10.96 9.04 28.16
7 5.62 47.12 11.08 8.61 44.05
8 5.59 52.30 10.29 8.75 46.16
9 5.66 41.09 12.05 9.03 45.22
10 5.77 57.29 10.93 8.59 36.15
11 5.87 44.23 11.59 9.16 50.69
12 6.01 37.47 10.91 8.83 30.50
13 6.34 54.78 11.22 10.38 45.80
14 6.65 48.35 10.79 8.82 45.21
15 7.08 50.54 12.67 10.47 48.82
16 6.95 39.70 11.42 9.43 40.17
17 6.63 59.21 10.77 8.90 41.90
18 7.09 42.76 12.16 9.56 44.70
19 7.42 53.17 11.68 10.61 52.67
20 7.29 45.72 12.25 11.44 52.11
21 7.43 36.15 10.91 11.43 38.62
22 7.24 58.40 11.62 10.77 46.60
23 7.69 56.10 12.76 12.17 46.73
24 8.21 38.31 12.47 12.17 36.48
25 8.18 48.48 13.47 13.66 49.27
26 8.29 41.05 12.98 12.36 50.32
27 8.53 59.34 11.54 13.05 38.49
28 8.45 43.91 12.53 14.37 48.72
29 8.67 51.20 12.30 11.17 58.40
30 8.73 62.55 13.56 11.02 18.33
31 8.95 46.44 13.07 13.94 67.80
32 8.98 53.99 13.42 12.51 54.05
33 8.84 35.41 11.64 11.25 28.18
34 9.26 56.59 13.39 12.79 48.84
35 9.37 39.63 11.48 12.86 35.40
36 9.85 32.30 12.62 14.02 14.75
37 9.51 38.06 12.16 12.95 31.73
38 9.61 41.90 13.28 16.34 35.46
39 9.73 48.85 13.94 15.46 54.16
40 9.84 44.51 12.89 17.24 45.01
41 10.04 58.95 12.62 13.35 27.60
42 10.00 30.08 13.28 12.47 9.91
43 9.78 34.66 12.35 14.83 16.13
44 10.07 51.77 15.03 15.52 44.82
45 10.12 62.50 13.48 12.40 15.05
46 10.29 35.85 12.39 14.97 14.84
47 10.16 33.57 11.86 14.14 15.86
48 10.61 54.77 14.18 15.69 36.12
49 10.74 46.59 15.43 18.81 26.67
50 10.66 66.52 13.67 12.75 5.71
51 10.68 38.28 14.67 16.96 18.30
52 10.87 40.64 15.55 19.19 14.49
53 10.85 64.63 14.54 13.86 8.69
54 10.95 43.20 15.28 20.60 15.01
55 11.16 28.22 11.78 13.12 5.10
56 11.28 33.64 12.82 17.93 7.88
57 11.19 49.50 16.60 24.19 22.62
58 11.25 60.27 14.19 15.95 14.85
59 11.19 31.33 13.22 14.76 6.43
60 11.44 57.06 14.28 17.19 21.21
61 11.34 52.08 13.22 18.84 23.61
62 11.68 36.42 13.71 17.43 6.73
63 12.05 66.59 13.90 13.58 5.19
64 12.16 62.31 13.83 17.17 7.92
65 11.94 44.96 15.51 20.08 12.11
66 11.94 39.19 14.60 17.06 7.76
67 12.13 54.10 15.75 18.50 23.15
68 12.20 42.43 16.79 23.97 6.70
69 12.19 47.78 15.10 25.59 9.97
70 12.51 31.69 13.23 17.08 4.66
71 12.68 59.20 16.89 18.66 7.61
72 12.68 50.90 15.72 26.04 8.85
73 12.90 29.87 13.36 15.79 4.39
74 12.90 64.23 14.06 18.72 6.41
75 12.87 34.66 14.86 18.05 5.81
76 12.57 69.05 13.40 10.13 5.60
77 13.04 56.36 15.61 23.41 8.11
78 13.17 40.38 15.32 20.16 6.29
79 13.15 37.42 14.30 18.63 5.80
80 13.18 45.97 16.67 24.75 7.38
81 13.27 68.38 13.44 13.65 6.21
82 13.67 43.33 15.29 24.85 6.83
83 13.71 49.13 16.58 27.82 7.64
84 13.58 53.23 17.16 25.14 8.42
85 13.46 66.73 15.20 13.91 6.35
86 13.85 61.58 15.74 20.12 8.10
87 13.93 32.46 14.63 18.07 5.60
88 14.10 28.74 12.91 18.06 5.24
89 14.04 69.91 13.88 11.93 7.16
90 14.19 58.32 16.76 25.63 8.89
91 14.27 35.06 14.07 18.86 6.33
92 14.31 38.99 16.06 22.74 6.86
93 14.26 63.82 17.93 18.28 7.93
94 13.98 66.04 12.86 16.29 6.29
95 14.53 46.56 16.27 23.44 7.89
96 14.69 54.79 16.48 26.94 8.99
97 14.42 65.19 14.86 18.76 7.97
98 14.90 41.32 16.60 22.39 7.76
99 14.92 51.69 16.60 32.76 9.46
100 14.59 68.52 14.32 14.68 7.47
101 14.75 37.24 15.52 20.03 7.19
102 15.02 30.21 13.45 19.52 6.87
103 15.29 43.80 17.19 28.15 8.09
104 15.24 49.24 17.58 26.13 9.02
105 15.24 66.77 14.29 15.39 9.38
106 15.26 26.01 13.42 16.32 5.93
107 15.18 70.84 13.37 10.66 9.67
108 15.46 60.34 16.30 24.39 15.83
109 15.40 36.47 16.64 21.21 7.26
110 15.55 57.05 18.35 27.05 12.23
111 15.53 63.37 15.67 20.55 12.76
112 15.57 33.73 15.12 21.12 6.34
113 15.97 38.95 15.55 23.55 8.58
114 15.91 28.13 14.52 17.74 7.10
115 16.02 46.38 17.88 29.25 10.39
116 16.14 54.04 17.58 32.05 15.61
117 16.02 22.48 12.36 11.19 5.79
118 15.99 73.38 13.10 7.90 8.05
119 16.04 70.19 17.36 9.91 7.77
120 16.50 30.82 15.42 25.32 8.29
121 16.67 51.60 18.94 31.95 19.08
122 16.59 68.02 15.26 13.40 14.24
123 16.60 41.29 18.68 23.44 9.85
124 16.69 24.54 12.87 14.86 8.14
125 16.62 35.95 17.00 24.54 9.42
126 16.57 64.92 16.92 17.90 18.29
127 16.67 71.65 15.84 9.08 9.29
128 16.60 48.99 18.05 26.33 12.56
129 16.89 58.89 17.03 24.12 53.90
130 16.67 32.84 15.77 23.70 9.25
131 17.02 43.52 17.96 28.67 11.98
132 16.89 61.95 16.56 25.79 33.62
133 16.89 56.16 18.49 27.41 38.59
134 17.19 27.74 14.16 19.73 9.86
135 17.13 73.44 14.20 8.47 7.60
136 17.35 33.82 16.03 26.09 9.69
137 17.51 46.27 19.94 34.54 17.92
138 17.46 38.78 18.51 28.58 11.98
139 17.73 54.06 18.49 27.43 71.79
140 17.76 66.36 15.78 15.52 30.63
141 17.77 21.66 11.26 12.84 7.90
142 17.83 49.64 18.98 31.30 36.12
143 17.79 69.66 16.34 11.12 17.74
144 18.03 30.13 15.78 24.32 14.53
145 18.15 35.71 17.77 29.40 13.72
146 18.11 57.02 18.20 20.94 96.53
147 17.84 23.38 12.47 13.13 9.07
148 18.15 41.44 19.67 27.71 21.05
149 18.00 24.93 14.48 14.84 11.09
150 18.24 63.37 18.49 16.43 53.14
151 18.23 60.41 16.83 18.25 81.01
152 18.13 26.44 14.32 18.27 14.56
153 18.51 51.79 19.15 28.81 88.31
154 18.49 43.99 20.05 26.86 28.48
155 18.54 47.36 19.35 34.22 38.19
156 18.59 32.96 16.17 26.50 17.02
157 18.66 72.55 15.24 9.78 12.07
158 18.74 38.37 19.63 29.72 21.04
159 18.95 22.41 13.52 16.04 22.84
160 18.88 28.35 14.96 21.73 25.84
161 19.27 55.38 19.54 21.09 131.56
162 19.03 66.16 15.63 13.22 30.07
163 19.24 25.70 14.67 18.40 28.59
164 19.45 49.22 18.32 26.82 109.65
165 19.35 58.36 19.51 17.79 120.24
166 19.08 74.71 15.81 7.93 12.65
167 19.29 30.77 17.36 28.28 32.33
168 19.41 40.44 18.72 28.31 49.59
169 19.52 69.00 15.38 11.31 23.19
170 19.32 35.88 18.08 28.61 25.86
171 19.59 45.83 19.12 26.15 82.60
172 19.69 53.01 20.47 21.75 143.81
173 19.66 61.41 18.74 17.21 92.76
174 19.81 42.91 20.15 26.85 60.90
175 19.95 63.77 18.32 16.26 56.46
176 19.98 71.29 18.02 10.72 21.72
177 19.83 73.52 16.79 9.79 12.05
178 19.80 33.31 17.32 27.97 37.20
179 19.99 38.03 18.95 26.94 47.97
180 20.34 20.92 12.37 12.56 63.91
181 20.40 23.81 14.52 15.34 78.72
182 20.36 29.41 15.96 22.91 78.12
183 20.57 35.40 17.93 26.61 81.52
184 20.51 66.43 18.49 14.52 40.42
185 20.71 50.88 20.19 21.67 156.56
186 20.63 59.08 19.37 18.34 138.79
187 20.67 26.57 14.50 17.44 88.41
188 20.63 76.99 14.44 8.66 12.90
189 20.71 56.04 21.43 18.85 153.90
190 20.81 47.91 21.38 22.20 149.61
191 20.72 40.32 20.96 23.87 112.72
192 20.94 44.92 21.75 26.15 136.76
193 20.94 32.35 17.15 21.14 94.73
194 21.03 68.92 16.56 12.72 31.88
195 20.95 73.49 16.41 10.91 19.11
196 21.05 53.41 20.94 19.05 171.81
197 21.20 61.56 18.40 15.33 88.93
198 21.34 37.69 18.88 22.14 117.39
199 21.49 42.43 20.51 24.76 144.46
200 21.37 64.23 17.37 14.48 57.90
201 21.38 71.89 14.74 11.19 21.86
202 21.52 18.74 12.04 9.75 70.33
203 21.60 30.36 16.80 17.66 111.24
204 21.79 24.87 14.11 16.13 113.42
205 21.72 57.77 19.37 20.30 147.18
206 21.94 49.39 20.01 20.68 174.55
207 21.85 21.21 13.37 12.30 91.08
208 21.78 28.79 19.09 18.06 122.91
209 21.87 35.04 17.17 20.68 126.47
210 21.90 70.54 17.05 10.15 26.02
211 22.13 46.99 20.88 20.83 173.97
212 22.08 66.39 19.22 14.46 44.53
213 22.10 40.00 19.69 21.04 144.75
214 22.16 51.88 20.76 20.26 175.85
215 22.22 27.27 15.67 16.40 116.41
216 22.15 54.82 20.45 17.25 160.89
217 22.22 74.36 16.43 10.22 24.15
218 22.29 76.96 16.07 9.30 19.24
219 22.45 44.60 20.27 18.93 164.50
220 22.38 60.10 18.71 14.98 104.17
221 22.32 32.60 17.06 19.07 135.20
222 22.55 63.30 20.18 15.47 65.08
223 22.69 37.43 20.57 20.50 162.99
224 22.87 68.55 19.28 12.28 34.23
225 22.85 17.94 11.25 9.95 86.47
226 22.93 22.88 13.55 13.15 121.68
227 23.00 42.31 20.16 20.72 155.40
228 22.93 56.98 21.13 18.03 151.68
229 22.92 71.72 17.52 10.75 29.68
230 22.86 30.16 17.25 18.67 132.36
231 23.22 34.66 19.05 17.90 156.77
232 23.26 50.10 21.36 18.96 168.05
233 23.34 52.93 21.93 17.94 168.11
234 23.54 20.62 12.75 10.87 97.29
235 23.32 25.34 14.31 14.84 129.04
236 23.42 39.93 20.04 19.39 157.11
237 23.43 47.26 21.36 19.06 171.69
238 23.35 65.96 20.11 14.66 45.31
239 23.56 61.64 20.93 16.40 65.87
240 23.54 77.95 15.54 9.40 24.27
241 23.79 54.91 20.32 18.40 110.52
242 23.62 58.93 23.09 16.42 100.69
243 23.62 80.90 15.04 8.85 17.72
244 23.73 28.14 16.11 16.24 128.80
245 23.68 74.14 16.39 11.60 28.46
246 23.92 44.65 21.49 20.65 162.43
247 23.99 31.61 17.49 17.83 131.55
248 23.96 63.84 20.33 15.37 60.10
249 24.05 37.18 20.13 17.71 158.33
250 23.94 70.19 16.46 11.92 33.22
251 24.33 17.68 11.65 10.01 81.95
252 24.50 42.21 20.84 20.55 151.78
253 24.44 48.82 22.69 17.75 155.04
254 24.51 23.63 15.19 13.10 96.69
255 24.48 34.03 20.68 17.73 149.93
256 24.53 51.46 22.05 18.78 142.92
257 24.44 66.99 20.63 12.97 46.97
258 24.64 56.97 21.88 17.88 94.30
259 24.67 39.65 17.74 19.06 132.46
260 24.68 59.63 22.27 16.86 72.70
261 24.71 77.53 19.44 10.01 33.40
262 24.97 46.50 22.50 18.83 141.66
263 24.86 26.40 15.61 15.05 105.55
264 24.84 72.46 18.60 11.05 33.76
265 24.98 20.16 13.73 11.30 92.12
266 25.01 29.46 16.09 17.63 121.57
267 25.07 53.83 22.98 18.45 114.15
268 25.07 61.50 22.45 15.13 62.51
269 25.03 63.99 21.51 15.33 58.88
270 24.99 69.72 19.11 13.25 44.07
271 25.32 36.08 19.00 19.33 135.54
272 25.42 44.08 22.72 19.83 131.51
273 25.48 31.92 19.15 17.64 129.12
274 25.71 38.30 20.83 19.04 135.55
275 25.67 49.76 23.00 18.30 109.86
276 25.83 22.37 14.23 13.31 81.50
277 25.82 16.73 12.23 9.86 45.38
278 25.73 67.64 20.28 14.84 51.89
279 25.72 74.97 21.84 10.77 44.24
280 25.79 80.46 70.41 9.62 28.63
281 25.75 56.08 22.55 17.28 85.78
282 25.87 64.82 22.26 15.88 58.05
283 26.00 41.02 22.05 19.13 141.08
284 26.03 34.11 20.12 20.03 113.76
285 25.85 58.91 22.16 17.38 73.47
286 26.08 51.92 22.22 18.42 91.85
287 25.95 77.48 48.45 10.26 55.21
288 26.11 25.07 15.48 15.16 74.85
289 26.29 47.63 21.51 18.18 107.54
290 26.22 27.98 18.66 17.88 83.68
291 26.13 70.02 21.25 13.48 49.96
292 26.21 72.52 21.39 13.46 48.34
293 26.28 61.58 23.01 15.44 65.01
294 26.70 83.27 124.87 9.31 49.85
295 26.47 19.80 13.06 11.55 71.94
296 26.56 45.36 24.32 19.41 103.90
297 26.55 54.20 22.08 19.49 84.75
298 26.65 30.68 17.97 16.48 97.41
299 26.58 43.00 21.56 19.48 112.68
300 26.72 36.36 21.13 18.64 93.43
301 26.72 65.95 22.92 16.25 66.46
302 26.80 56.69 23.81 18.09 81.85
303 26.98 38.86 21.56 19.67 118.17
304 27.03 59.10 24.39 17.30 77.44
305 27.04 17.05 12.43 9.85 45.50
306 27.04 33.19 19.37 18.34 90.05
307 27.08 49.63 23.00 19.21 98.15
308 27.01 63.49 21.46 16.47 67.49
309 27.05 73.43 29.56 12.50 69.24
310 26.92 80.29 150.44 11.28 59.93
311 27.22 76.27 169.99 12.66 74.54
312 27.16 68.16 23.32 15.08 62.51
313 27.20 23.19 16.20 12.88 59.51
314 27.35 26.44 16.49 15.21 68.56
315 27.38 52.30 22.51 19.92 81.41
316 27.62 41.58 21.82 18.74 96.45
317 27.51 46.78 25.31 19.82 96.62
318 27.47 61.04 24.06 17.37 81.45
319 27.42 70.38 26.43 13.67 68.10
320 27.69 29.42 17.41 16.12 71.40
321 27.68 20.08 14.77 11.60 58.43
322 27.72 54.72 25.68 19.98 84.40
323 27.80 44.19 23.47 19.67 91.75
324 27.76 35.23 19.56 18.40 77.44
325 27.85 57.13 24.72 18.95 87.33
326 27.83 65.54 26.57 18.15 78.84
327 27.94 80.76 164.99 11.59 94.26
328 28.06 14.89 12.15 8.91 46.72
329 28.11 32.39 20.49 16.68 75.59
330 28.37 37.52 23.52 20.49 85.78
331 28.01 39.46 23.84 19.43 94.27
332 28.08 71.67 153.02 14.57 87.21
333 28.13 63.20 25.94 18.65 91.23
334 28.25 48.39 24.55 19.61 80.27
335 28.34 24.52 17.74 14.37 63.53
336 28.33 50.84 23.91 19.57 81.88
337 28.44 58.82 27.57 18.76 87.59
338 28.27 67.45 38.42 16.84 88.66
339 28.27 77.90 187.00 12.60 98.12
340 28.46 17.59 14.16 11.18 47.49
341 28.29 73.41 193.66 14.30 86.47
342 28.52 22.15 16.37 12.30 59.33
343 28.54 27.43 19.76 15.43 73.89
344 28.48 75.51 201.91 14.90 89.18
345 28.51 60.97 26.28 18.96 92.15
346 28.64 53.20 27.16 19.84 87.06
347 28.73 69.46 189.71 16.40 89.59
348 28.84 43.14 25.24 18.67 81.35
349 28.84 45.83 24.24 19.44 77.77
350 28.65 19.74 16.39 12.26 61.11
351 28.79 30.26 19.19 17.42 71.91
352 28.84 55.97 28.64 21.09 82.86
353 28.76 82.41 102.48 12.28 85.70
354 28.72 85.31 32.20 9.14 31.57
355 28.85 34.83 20.45 18.56 80.14
356 28.86 40.49 25.02 19.23 86.08
357 29.06 64.75 43.07 17.68 107.37
358 29.21 78.88 147.51 12.92 124.84
359 29.19 62.63 30.55 19.45 106.71
360 29.28 48.92 27.07 19.46 84.84
361 29.31 72.66 194.65 15.50 116.36
362 29.33 15.22 12.62 9.80 43.74
363 29.37 32.61 23.38 17.69 69.83
364 29.44 51.32 27.28 20.91 95.30
365 29.34 20.16 15.06 11.72 58.50
366 29.47 25.91 18.76 15.61 65.09
367 29.46 60.11 29.44 19.49 110.66
368 29.51 66.84 192.56 18.15 98.55
369 29.48 36.93 22.02 19.05 87.39
370 29.54 83.77 46.65 10.47 84.56
371 29.51 23.38 17.33 13.68 57.30
372 29.62 28.20 18.75 16.39 73.75
373 29.64 57.81 31.50 20.94 99.13
374 29.63 75.57 142.32 14.81 135.14
375 29.66 53.94 29.81 21.31 96.08
376 29.49 17.01 12.93 11.20 45.27
377 29.82 39.21 25.11 20.15 83.94
378 29.83 18.38 16.12 11.54 54.83
379 29.75 41.93 26.82 20.34 83.43
380 29.87 46.71 26.40 20.95 86.11
381 29.87 69.69 208.95 17.90 134.43
382 29.97 30.55 22.31 17.75 75.90
383 30.05 44.47 27.78 21.42 84.83
384 30.04 80.73 65.98 12.73 135.60
385 29.99 34.71 22.69 18.93 84.55
386 29.98 56.10 29.36 19.08 103.85
387 30.22 62.09 169.30 20.96 127.53
388 30.26 49.24 28.77 20.10 103.31
389 30.40 64.58 211.95 20.59 126.00
390 30.42 85.20 24.53 10.85 50.80
391 30.18 20.49 14.56 12.66 58.31
392 30.49 21.95 18.68 13.79 63.88
393 30.41 51.89 31.81 20.54 108.15
394 30.36 72.04 170.55 17.68 147.21
395 30.43 77.05 90.04 14.06 133.32
396 30.56 24.83 20.68 15.23 75.76
397 30.50 59.31 91.26 21.52 135.64
398 30.53 15.42 15.94 11.14 60.00
399 30.57 32.57 22.29 18.96 77.88
400 30.51 37.00 25.39 20.08 93.61
401 30.65 66.82 216.50 20.17 146.87
402 30.63 40.81 27.94 19.89 97.06
403 30.67 27.32 20.33 15.80 76.80
404 30.64 54.44 38.64 21.91 126.41
405 30.82 17.20 17.19 11.88 61.22
406 30.90 42.80 30.98 19.80 97.66
407 30.91 56.99 67.78 20.84 136.71
408 30.84 69.20 195.39 19.66 183.49
409 30.88 74.18 82.85 15.70 158.42
410 30.89 47.18 31.59 21.02 102.08
411 30.95 19.03 19.37 11.62 60.21
412 30.99 29.91 23.69 17.24 83.84
413 30.98 82.30 28.55 12.07 74.22
414 31.04 34.84 28.55 20.27 93.71
415 31.09 38.88 27.86 19.82 100.64
416 31.13 50.14 34.83 22.00 125.39
417 31.20 44.79 33.85 20.09 116.78
418 31.29 60.88 224.85 22.17 173.52
419 31.32 79.08 46.38 14.79 120.07
420 31.46 63.05 212.18 22.76 194.85
421 31.37 23.24 22.15 14.85 82.70
422 31.45 71.08 88.47 18.83 174.73
423 31.39 52.53 81.96 21.84 149.10
424 31.44 15.59 23.17 9.73 63.53
425 31.62 13.59 25.87 9.83 60.61
426 31.52 32.53 29.69 19.43 93.20
427 31.55 65.32 168.02 20.33 176.76
428 31.67 36.98 34.92 19.17 112.12
429 31.69 54.95 214.81 25.41 153.87
430 31.72 58.95 220.84 22.79 167.24
431 31.78 20.68 30.70 13.88 90.47
432 31.74 75.67 49.66 16.06 147.80
433 31.60 85.45 15.60 10.42 33.29
434 31.77 25.52 27.21 16.78 90.56
435 31.71 40.66 35.55 21.58 120.98
436 31.76 27.99 31.08 17.60 95.60
437 31.72 67.75 120.86 21.36 184.86
438 31.77 46.50 40.41 21.66 141.25
439 31.87 48.53 99.60 23.24 143.67
440 32.09 83.05 20.90 14.02 71.25
441 31.94 42.66 44.34 21.54 127.36
442 32.03 17.53 43.08 13.29 80.38
443 31.96 30.40 35.55 18.87 105.76
444 32.09 72.50 53.70 16.96 131.51
445 32.19 50.78 211.48 24.45 160.83
446 32.11 34.97 40.45 19.89 110.41
447 32.20 57.10 222.07 24.39 180.96
448 32.27 38.79 73.46 22.98 145.21
449 32.40 44.58 175.00 21.75 139.56
450 32.43 79.91 30.56 15.68 106.12
451 32.36 61.44 175.98 24.06 205.49
452 32.38 23.20 71.22 15.22 94.56
453 32.55 53.10 226.92 25.20 203.93
454 32.52 63.82 107.60 24.05 204.91
455 32.62 66.18 60.61 21.33 205.54
456 32.81 11.27 71.35 9.69 46.96
457 32.57 69.22 62.39 20.13 165.92
458 32.64 32.96 147.22 20.81 127.22
459 32.69 15.16 103.79 12.52 68.50
460 32.83 76.76 30.43 16.64 104.55
461 32.78 12.96 87.69 9.87 43.41
462 33.00 25.82 157.15 19.11 124.44
463 32.84 46.71 212.18 24.46 184.58
464 32.93 85.34 18.67 13.63 37.88
465 32.85 55.24 188.07 24.48 205.54
466 32.84 59.53 175.85 24.52 192.71
467 32.95 36.75 184.58 22.11 127.78
468 32.99 40.48 199.27 24.10 146.37
469 33.02 73.57 30.54 19.73 119.98
470 32.98 19.92 132.18 14.05 101.94
471 33.01 28.94 161.74 19.62 130.46
472 33.04 48.90 230.58 25.53 180.53
473 33.10 30.93 179.78 20.00 134.74
474 33.01 42.74 216.00 23.95 161.67
475 33.29 70.68 32.20 21.01 130.89
476 33.17 57.51 175.76 26.28 201.52
477 33.55 87.32 33.46 12.55 14.69
478 33.41 16.87 131.43 13.51 100.37
479 33.31 51.32 217.14 25.04 218.23
480 33.46 34.62 196.69 22.62 163.69
481 33.34 61.95 99.43 23.60 200.33
482 33.30 82.96 21.69 14.42 53.50
483 33.60 38.35 212.10 24.43 183.02
484 33.57 67.49 38.41 22.17 166.81
485 33.52 81.07 22.62 14.66 66.19
486 33.66 22.57 159.99 17.76 151.98
487 33.55 64.72 53.87 23.05 183.92
488 33.61 44.72 221.44 25.44 191.53
489 33.68 53.65 162.76 26.41 230.09
490 33.74 13.78 89.40 11.68 82.78
491 33.91 78.27 23.74 17.00 72.33
492 33.88 32.37 185.20 22.36 189.79
493 33.92 58.94 93.83 26.35 212.49
494 34.02 46.99 191.84 28.19 210.26
495 33.94 55.92 128.08 26.46 225.12
496 34.02 27.42 169.41 20.27 174.83
497 33.97 42.30 206.94 26.57 207.98
498 33.95 49.31 195.87 26.00 211.13
499 34.01 74.75 26.74 19.38 88.06
500 34.16 20.48 134.59 15.43 156.50
501 34.16 30.13 162.31 20.71 180.43
502 34.14 36.23 187.39 24.13 197.76
503 34.21 40.10 188.00 26.38 227.26
504 34.27 11.49 39.62 10.23 44.67
505 34.24 71.76 26.09 20.22 111.18
506 34.31 51.63 142.91 25.23 221.68
507 34.34 61.14 54.85 23.90 211.02
508 34.37 84.17 60.52 17.25 30.92
509 34.41 15.37 97.60 13.40 120.94
510 34.39 24.75 142.17 18.36 165.69
511 34.39 63.46 38.90 25.00 184.97
512 34.47 68.48 30.82 22.46 125.99
513 34.57 18.05 100.41 14.77 154.12
514 34.60 44.31 181.67 25.38 205.89
515 34.70 33.96 135.36 24.08 207.23
516 34.67 65.88 29.74 22.82 134.87
517 34.63 80.77 33.00 16.58 43.18
518 34.39 82.40 51.67 14.33 33.33
519 34.70 37.95 137.38 23.84 210.54
520 34.81 87.33 72.98 13.60 7.79
521 34.73 54.16 98.36 26.86 214.54
522 34.88 57.00 52.77 26.03 211.32
523 34.93 22.58 94.46 17.72 174.12
524 34.90 75.90 29.34 20.63 64.51
525 34.90 49.01 92.40 26.52 215.75
526 34.98 41.87 144.93 26.16 216.36
527 35.12 59.44 49.94 25.42 210.59
528 35.24 29.24 112.99 21.88 185.10
529 35.17 31.63 122.81 21.73 206.12
530 35.10 46.11 114.43 28.47 216.28
531 35.19 13.55 51.03 12.31 82.06
532 35.19 26.82 123.56 20.36 175.44
533 35.29 35.78 116.82 25.02 217.73
534 35.27 10.57 21.67 10.06 45.85
535 35.20 70.40 26.44 23.11 91.48
536 35.29 73.16 28.60 22.64 74.27
537 35.29 51.54 71.90 27.33 195.33
538 35.41 78.34 61.71 20.14 39.44
539 35.37 39.55 111.52 25.47 212.90
540 35.49 19.87 75.42 16.22 161.22
541 35.43 61.76 31.60 25.47 163.64
542 35.47 64.04 37.31 25.98 157.77
543 35.53 84.38 127.13 17.23 15.26
544 35.50 16.37 54.38 14.38 117.50
545 35.69 89.74 59.33 15.12 5.75
546 35.71 24.85 85.58 20.06 177.92
547 35.67 67.67 28.97 23.79 94.70
548 35.73 43.55 96.82 27.62 213.32
549 35.79 55.63 38.38 27.61 195.05
550 35.85 81.37 146.17 23.26 21.38
551 35.76 53.55 44.27 26.90 197.00
552 35.84 47.60 101.75 27.71 221.58
553 36.08 32.95 76.40 23.85 199.53
554 35.94 37.33 81.81 24.72 198.39
555 35.96 58.06 34.19 27.42 169.42
556 36.00 86.83 103.45 20.83 9.22
557 36.05 49.55 55.98 28.07 205.80
558 35.92 75.02 38.21 24.51 56.28
559 36.14 41.04 99.89 27.07 222.87
560 36.27 12.23 29.05 11.74 109.37
561 36.16 22.77 62.40 19.54 172.10
562 36.18 65.52 33.59 27.53 94.85
563 36.30 30.60 64.66 23.55 200.33
564 36.22 45.47 75.47 28.95 212.53
565 36.15 69.85 32.48 26.60 73.82
566 36.39 60.61 32.15 29.12 131.54
567 36.46 9.28 17.88 10.51 49.33
568 36.39 27.59 60.68 20.86 176.01
569 36.40 14.95 29.09 13.26 107.36
570 36.34 34.98 65.75 25.33 195.29
571 36.39 51.65 40.20 29.10 187.82
572 36.44 72.28 110.20 26.82 36.85
573 36.52 17.60 33.64 15.59 148.42
574 36.51 62.87 29.73 26.73 97.68
575 36.48 91.94 28.07 16.18 4.49
576 36.68 38.74 58.80 25.34 204.40
577 36.65 20.51 39.42 17.09 159.07
578 36.66 77.91 173.74 24.38 21.04
579 36.91 89.21 67.74 24.51 6.41
580 36.85 42.54 51.36 29.73 214.34
581 36.89 54.04 32.10 28.85 181.33
582 36.90 56.54 36.03 29.17 168.03
583 36.87 25.22 55.44 21.59 184.38
584 36.83 83.35 116.90 25.08 12.13
585 36.87 67.00 54.00 30.58 81.83
586 36.95 47.32 38.40 28.55 184.51
587 37.01 58.71 31.74 27.50 116.85
588 37.08 36.42 44.12 25.95 196.77
589 37.14 74.63 178.47 26.41 27.49
590 37.25 29.33 48.40 24.42 188.97
591 37.22 44.48 38.35 29.70 190.57
592 37.22 49.63 34.87 28.95 164.80
593 37.21 69.32 173.24 29.60 43.45
594 37.32 85.62 78.71 25.97 8.43
595 37.17 64.51 43.88 31.04 84.90
596 37.36 80.97 146.55 31.49 13.30
597 37.35 33.91 42.40 27.04 195.29
598 37.48 11.01 16.34 12.46 82.20
599 37.44 13.76 20.71 14.65 110.34
600 37.35 22.70 32.89 19.43 162.77
601 37.43 40.30 42.90 26.70 184.08
602 37.49 31.58 39.57 24.88 186.40
603 37.48 51.90 34.09 32.30 169.43
604 37.51 16.47 18.49 15.18 135.49
605 37.53 62.21 100.37 29.91 70.54
606 37.68 27.13 32.81 21.44 169.86
607 37.59 60.11 35.02 32.58 94.88
608 37.66 71.99 189.94 31.38 23.69
609 37.64 91.38 26.25 25.66 4.75
610 37.60 19.42 24.35 18.13 135.53
611 37.83 55.42 32.90 30.38 96.36
612 37.87 37.98 37.95 27.93 173.09
613 37.92 46.18 32.00 31.63 137.50
614 37.94 77.05 159.45 30.07 15.41
615 38.06 65.68 190.33 35.14 40.53
616 38.01 24.78 30.83 22.83 165.58
617 38.03 57.44 36.35 30.96 105.96
618 38.11 41.98 34.71 29.63 156.55
619 38.10 48.20 35.86 32.90 152.36
620 38.20 53.41 35.68 32.35 118.62
621 38.06 88.33 45.42 30.05 6.77
622 38.23 35.74 35.51 28.07 164.25
623 38.36 68.76 191.93 36.22 29.16
624 38.31 44.16 33.31 32.56 142.06
625 38.31 21.67 22.03 19.90 126.38
626 38.35 82.76 67.51 31.94 9.48
627 38.38 50.62 36.88 33.09 106.02
628 38.67 63.67 208.75 37.25 37.67
629 38.54 73.69 148.38 35.68 13.50
630 38.42 29.11 31.18 24.28 162.44
631 38.43 86.81 63.95 42.25 7.05
632 38.59 9.87 14.81 13.78 60.27
633 38.51 33.59 28.18 28.37 131.96
634 38.57 61.09 202.15 34.99 46.86
635 38.60 85.04 66.90 38.68 6.98
636 38.59 39.48 34.65 31.00 136.28
637 38.63 12.86 15.41 14.19 84.06
638 38.56 18.44 18.49 18.36 113.44
639 38.62 31.53 31.71 26.66 157.58
640 38.65 58.96 162.41 35.84 77.86
641 38.75 92.17 14.46 28.89 4.42
642 38.66 15.65 19.94 15.86 90.29
643 38.72 79.80 97.01 37.50 9.50
644 38.78 26.45 25.85 22.87 130.11
645 38.88 89.71 26.28 41.54 5.18
646 39.01 55.10 166.39 36.69 64.23
647 39.00 45.80 41.21 32.83 95.58
648 39.02 23.94 25.33 20.90 115.07
649 39.06 37.36 34.60 31.47 112.36
650 39.08 71.49 148.49 40.44 17.02
651 39.15 43.03 38.90 33.43 104.69
652 39.18 76.00 88.51 42.89 12.64
653 39.18 40.94 46.07 33.71 99.66
654 39.12 48.20 43.79 36.23 88.05
655 39.27 52.57 112.98 38.94 78.82
656 39.39 57.23 213.16 40.03 33.97
657 39.32 66.15 173.16 44.53 22.97
658 39.28 20.87 26.10 20.72 101.55
659 39.41 50.35 190.03 39.28 60.94
660 39.10 88.01 27.71 43.00 7.14
661 39.35 34.96 30.56 27.17 84.15
662 39.60 61.92 203.28 43.43 25.75
663 39.34 69.33 139.76 38.67 14.76
664 39.56 27.78 30.07 25.39 115.68
665 39.53 30.45 33.00 26.58 108.79
666 39.56 8.71 14.68 12.45 28.00
667 39.52 84.23 54.31 57.65 6.65
668 39.53 86.96 37.30 47.30 6.09
669 39.66 32.89 33.46 32.02 86.08
670 39.63 11.75 17.39 15.34 52.90
671 39.64 17.79 22.40 19.12 72.94
672 39.75 81.45 56.48 59.21 8.11
673 39.87 38.89 142.85 35.84 65.38
674 39.90 59.32 209.32 41.33 27.88
675 39.71 78.61 63.00 55.33 8.64
676 39.92 44.13 164.41 38.67 60.05
677 39.79 72.74 122.73 50.18 12.07
678 39.70 90.56 17.13 40.74 5.72
679 39.87 14.85 20.38 16.91 56.49
680 40.00 64.05 175.20 44.14 19.75
681 40.48 45.86 177.21 48.68 39.54
682 39.97 22.89 26.85 23.45 82.20
683 40.07 25.34 32.24 26.69 90.17
684 40.12 54.12 195.45 47.69 34.73
685 40.15 36.57 128.81 34.68 60.75
686 40.20 41.20 181.60 39.31 46.94
687 40.08 67.55 122.08 51.60 15.96
688 39.98 74.16 102.18 54.59 10.27
689 40.27 69.77 129.28 55.36 12.13
690 40.34 48.76 210.34 44.27 41.49
691 40.41 88.87 22.20 64.26 5.78
692 40.49 51.51 196.65 48.43 30.94
693 40.28 75.58 72.71 53.69 10.67
694 40.32 20.43 49.55 21.89 55.87
695 40.45 86.51 28.15 74.17 5.93
696 40.45 9.68 47.07 14.76 17.89
697 40.60 83.77 35.68 84.64 6.49
698 40.63 91.67 15.70 50.40 4.88
699 40.65 30.94 153.82 33.39 47.88
700 40.66 65.69 113.67 57.50 14.67
701 40.63 61.68 156.77 47.11 16.36
702 40.84 16.93 91.11 22.24 33.66
703 40.67 78.32 43.62 81.74 8.27
704 40.68 12.61 59.72 17.95 39.61
705 40.81 27.28 138.24 30.72 46.12
706 40.80 71.81 95.84 59.96 10.81
707 40.82 80.87 33.71 86.27 7.65
708 41.01 32.88 178.38 36.81 38.25
709 41.11 38.58 191.30 47.09 36.53
710 40.92 22.63 89.93 27.04 50.28
711 41.09 42.81 203.14 45.12 28.55
712 41.18 55.52 166.55 60.72 22.30
713 41.16 57.67 155.82 60.20 17.74
714 41.10 59.70 156.32 52.95 17.93
715 41.44 7.81 59.40 14.24 8.06
716 41.12 53.30 155.43 57.84 20.86
717 41.17 63.55 124.47 58.80 14.48
718 41.10 67.54 100.26 74.63 13.46
719 41.40 24.77 146.75 30.71 34.04
720 41.31 75.98 46.36 87.89 9.96
721 41.40 20.40 126.24 26.64 27.37
722 41.39 36.36 199.37 42.39 33.93
723 41.37 40.60 191.28 52.11 30.54
724 41.33 47.29 179.79 49.81 24.92
725 41.50 49.41 171.98 55.97 21.97
726 41.68 10.08 84.34 18.97 15.40
727 41.64 69.40 58.45 114.56 10.71
728 41.71 90.33 24.39 79.38 5.73
729 41.63 29.03 179.86 37.10 27.85
730 41.61 93.09 17.79 43.94 5.19
731 41.74 87.48 24.43 79.00 5.77
732 41.76 78.22 35.35 110.04 8.42
733 41.80 12.92 105.31 22.10 21.11
734 41.70 34.35 180.20 43.34 23.95
735 41.75 61.39 102.78 70.73 15.62
736 41.69 65.42 87.13 91.84 13.27
737 41.80 84.89 28.22 86.60 7.27
738 41.83 51.44 145.55 65.53 16.88
739 41.89 73.14 42.18 106.06 9.47
740 42.01 81.23 31.02 109.36 7.84
741 41.91 44.44 155.33 64.27 18.21
742 41.98 17.58 121.63 26.47 18.53
743 42.06 31.14 177.61 45.19 24.53
744 41.96 22.96 154.54 30.54 23.60
745 42.04 27.04 172.54 36.63 24.59
746 42.13 54.00 129.33 83.78 13.86
747 42.05 56.72 128.21 85.05 14.45
748 42.05 59.23 116.44 93.84 14.77
749 42.21 42.17 162.32 55.86 17.68
750 42.11 63.43 83.30 96.59 13.00
751 42.27 46.41 147.07 62.04 16.28
752 42.32 39.83 149.81 58.94 18.32
753 42.49 20.57 127.93 32.13 14.43
754 42.36 37.65 160.49 54.10 19.39
755 42.30 67.11 57.68 107.72 10.96
756 42.52 94.37 33.79 38.55 3.25
757 42.37 75.02 35.19 114.23 10.23
758 42.66 33.30 149.13 54.52 17.80
759 42.57 48.80 129.33 72.35 15.98
760 42.68 14.86 111.62 28.51 11.46
761 42.72 91.09 38.54 72.30 5.43
762 42.81 23.92 136.06 40.98 15.60
763 42.73 35.56 151.75 60.93 16.16
764 42.68 70.07 41.03 118.36 10.21
765 42.76 82.76 31.89 116.75 6.94
766 42.68 9.28 46.88 18.88 6.48
767 42.79 51.19 98.02 98.00 14.33
768 42.83 60.34 59.29 122.67 13.29
769 42.88 65.01 56.55 122.74 10.87
770 42.69 77.78 34.18 109.26 8.94
771 42.79 11.83 66.02 21.64 8.67
772 42.85 28.90 138.14 54.27 15.65
773 42.83 58.07 73.45 118.84 13.29
774 42.95 62.52 59.17 124.27 11.73
775 42.90 44.04 126.21 78.37 14.51
776 42.87 55.71 83.26 110.40 12.02
777 42.97 86.09 38.35 99.73 6.38
778 42.81 16.75 116.92 30.54 11.31
779 43.04 26.91 134.30 46.95 14.98
780 43.00 53.43 94.52 115.25 14.62
781 43.18 72.23 35.36 128.51 9.81
782 43.14 18.05 98.75 35.68 12.12
783 43.15 31.08 124.03 56.18 13.13
784 43.17 41.37 130.22 82.07 14.44
785 43.26 75.40 36.84 141.13 9.22
786 43.22 46.96 98.26 97.67 13.48
787 43.30 39.15 122.94 78.81 14.02
788 43.29 67.54 39.94 135.41 10.96
789 43.37 79.72 39.13 129.78 8.46
790 43.51 36.99 115.59 83.63 12.89
791 43.62 8.46 43.83 27.14 5.97
792 43.56 49.19 87.41 116.25 13.70
793 43.63 12.71 68.59 36.64 6.95
794 43.82 92.88 83.36 52.66 4.93
795 43.66 10.48 46.91 29.87 6.40
796 43.70 45.05 83.18 118.04 12.73
797 43.75 56.61 46.71 146.69 13.00
798 43.72 69.40 38.17 141.59 10.65
799 43.87 20.48 92.83 49.77 9.09
800 43.69 34.83 100.38 77.62 13.31
801 43.70 51.96 64.11 124.61 12.67
802 43.71 58.93 46.77 153.54 11.10
803 43.78 90.15 127.65 82.33 5.92
804 43.87 54.26 53.14 143.74 12.17
805 43.93 81.99 120.83 126.62 7.63
806 43.86 87.26 144.61 103.29 6.38
807 43.82 15.42 78.87 37.62 7.91
808 43.85 25.74 122.71 62.33 11.30
809 43.88 42.87 80.81 108.30 12.86
810 43.84 32.91 106.18 82.48 13.02
811 43.84 61.23 42.79 156.02 11.54
812 43.89 65.82 38.84 141.48 9.94
813 43.86 23.40 99.90 60.80 10.29
814 43.89 28.30 99.76 70.08 12.20
815 44.05 63.53 44.48 142.97 11.47
816 44.10 76.60 103.60 141.59 8.79
817 44.02 17.82 79.31 45.08 8.90
818 44.06 30.67 98.57 76.23 10.41
819 44.09 40.71 69.32 111.61 11.11
820 44.18 73.66 51.36 138.08 10.68
821 44.23 46.76 52.66 137.36 11.72
822 44.20 71.41 43.29 142.44 9.41
823 44.26 38.63 64.68 103.05 11.62
824 44.32 50.46 55.61 139.92 12.53
825 44.50 83.53 168.50 116.42 7.29
826 44.57 78.73 170.86 136.02 8.29
827 44.45 36.53 49.50 127.70 10.87
828 44.47 67.53 41.55 147.55 10.84
829 44.55 13.76 49.68 53.82 5.90
830 44.65 34.74 55.68 109.18 12.50
831 44.70 48.24 50.71 142.82 11.53
832 44.59 10.53 39.89 44.64 5.51
833 44.67 44.42 63.44 135.46 13.20
834 44.74 57.56 42.54 169.00 11.09
835 44.69 59.68 43.43 174.26 11.34
836 44.66 24.38 62.00 91.83 9.04
837 44.80 33.02 55.67 112.06 12.15
838 44.77 55.27 43.84 168.98 11.55
839 44.79 94.54 51.65 43.66 3.46
840 44.71 27.16 69.17 92.53 10.75
841 44.76 29.29 58.91 101.96 11.47
842 44.84 52.60 42.45 149.73 11.81
843 44.83 61.72 51.94 177.02 12.72
844 45.20 6.17 15.07 34.22 4.52
845 44.89 16.51 37.17 63.77 6.15
846 44.86 42.24 48.65 140.31 11.20
847 44.94 69.40 158.10 154.84 10.22
848 44.97 86.52 186.63 125.13 6.50
849 44.98 89.33 148.73 98.39 6.50
850 44.98 91.81 103.05 75.55 4.67
851 44.84 19.96 49.15 72.17 8.61
852 44.91 65.63 55.89 167.02 11.39
853 45.12 31.23 50.87 119.33 9.18
854 45.04 39.97 43.82 139.48 11.02
855 45.21 73.33 198.32 152.57 9.18
856 45.27 63.57 51.83 172.60 10.34
857 45.29 45.98 47.69 154.64 11.18
858 45.24 50.27 43.54 165.54 12.19
859 45.11 79.73 195.75 119.75 7.81
860 45.42 8.48 20.47 49.58 5.27
861 45.34 37.93 40.85 136.70 10.34
862 45.42 80.92 183.38 110.94 7.72
863 45.33 13.66 25.32 64.68 5.10
864 45.59 23.02 38.32 105.04 8.27
865 45.58 18.27 33.53 89.82 7.25
866 45.48 25.70 35.42 107.94 9.46
867 45.53 35.88 36.94 129.34 10.13
868 45.60 11.12 20.51 62.70 5.00
869 45.57 28.02 39.66 117.62 8.38
870 45.60 76.90 223.84 154.64 8.36
871 45.71 54.06 110.11 178.18 11.95
872 45.81 20.46 30.79 100.68 7.57
873 45.71 43.90 43.80 161.14 10.80
874 45.71 47.68 39.35 156.67 11.46
875 45.63 58.64 102.62 185.02 12.67
876 45.72 67.46 210.20 157.59 10.15
877 45.84 83.78 177.35 123.94 6.64
878 45.80 56.23 154.41 182.07 12.21
879 45.83 34.02 40.17 132.47 9.98
880 45.85 41.68 43.16 167.57 11.53
881 45.88 61.02 186.20 173.36 11.44
882 45.86 95.20 25.00 37.39 3.14
883 45.93 15.72 24.05 85.35 5.84
884 45.85 78.79 206.15 122.62 8.15
885 46.16 92.74 68.41 77.84 5.45
886 45.98 30.09 40.64 121.90 9.38
887 45.96 65.22 194.26 174.87 12.15
888 46.09 52.12 79.00 182.30 11.79
889 46.03 70.16 218.97 158.16 10.14
890 46.13 89.78 120.88 100.84 5.78
891 46.08 39.47 41.08 162.38 10.08
892 46.06 49.66 63.40 183.13 11.89
893 46.05 87.10 136.37 105.65 5.86
894 46.15 32.22 38.04 132.04 10.46
895 46.27 73.07 223.43 153.94 9.74
896 46.39 26.59 30.58 134.72 7.95
897 46.44 12.23 20.89 87.77 4.77
898 46.34 37.18 42.19 152.52 9.90
899 46.42 45.70 61.18 170.56 10.84
900 46.41 62.88 201.71 180.38 10.71
901 46.39 6.77 12.49 49.24 4.28
902 46.47 76.06 205.32 149.19 9.40
903 46.55 10.08 16.45 76.85 5.30
904 46.56 13.93 19.69 91.72 5.69
905 46.62 58.93 228.94 181.35 11.24
906 46.62 24.39 34.29 126.40 7.32
907 46.74 28.68 35.33 147.02 8.35
908 46.70 35.16 44.49 156.27 10.85
909 46.72 78.91 167.01 119.54 7.85
910 46.78 56.88 229.80 181.06 10.75
911 46.67 81.98 154.80 136.77 7.38
912 46.71 43.48 61.56 176.73 10.73
913 46.75 47.90 92.58 189.58 11.62
914 46.82 66.88 225.15 170.10 10.31
915 46.92 22.14 36.42 129.88 7.82
916 46.79 41.25 55.92 179.65 10.73
917 46.86 54.26 213.25 178.70 11.58
918 46.84 69.28 217.52 159.80 10.38
919 46.92 50.48 208.77 174.68 11.68
920 46.86 85.43 100.18 125.49 6.43
921 47.05 64.59 228.91 171.93 11.11
922 47.06 30.90 72.35 156.56 9.62
923 47.03 38.76 82.29 167.76 10.16
924 47.09 60.65 227.55 176.43 11.83
925 47.09 71.91 204.90 143.15 10.00
926 47.01 88.21 62.85 99.77 6.26
927 47.22 94.45 17.79 42.35 4.06
928 47.17 16.61 36.40 104.02 6.21
929 47.07 20.17 38.16 122.98 7.20
930 47.16 33.05 69.82 163.32 9.70
931 47.26 5.89 14.80 55.64 4.17
932 47.46 52.10 216.95 181.23 11.48
933 47.29 74.65 190.77 175.75 8.57
934 47.44 91.12 42.43 94.35 5.58
935 47.58 36.83 184.35 166.22 10.11
936 47.43 8.90 25.46 77.51 5.27
937 47.51 44.74 143.24 188.44 11.09
938 47.54 12.03 39.11 100.76 5.37
939 47.45 26.55 79.50 152.17 8.62
940 47.64 46.71 201.64 177.84 11.97
941 47.60 62.59 221.72 178.20 10.96
942 47.54 80.24 100.40 140.65 7.55
943 47.63 83.13 78.28 138.52 7.03
944 47.68 42.61 188.72 180.68 10.66
945 47.74 40.20 177.98 175.08 10.75
946 47.79 49.28 210.25 177.70 11.66
947 47.75 55.80 224.22 184.80 11.67
948 47.73 58.49 227.02 174.07 11.16
949 47.91 85.91 42.15 129.31 6.82
950 47.83 34.82 161.74 171.42 9.09
951 47.70 70.24 199.53 160.47 9.36
952 47.78 68.08 198.86 158.07 9.88
953 47.85 98.27 3.98 13.88 0.62
954 47.82 29.06 150.71 172.58 9.69
955 47.80 18.81 45.91 123.45 6.60
956 47.91 66.29 171.42 174.90 10.97
957 48.09 53.71 208.18 182.41 11.61
958 48.05 21.62 130.62 150.86 7.69
959 48.11 75.76 88.41 155.92 9.23
960 48.13 30.96 186.14 163.68 9.52
961 48.03 64.28 200.38 182.65 11.21
962 48.29 15.14 111.85 107.71 5.69
963 48.07 73.05 121.49 168.07 10.15
964 48.19 88.44 33.19 107.41 6.25
965 48.30 6.66 56.27 67.15 3.89
966 48.14 60.78 201.98 193.85 10.98
967 48.35 78.46 69.28 166.41 8.01
968 48.40 32.76 189.98 165.70 8.30
969 48.44 24.59 169.88 151.19 7.53
970 48.41 27.15 194.16 165.80 8.61
971 48.25 95.23 10.66 30.49 3.29
972 48.50 38.49 208.96 168.98 10.25
973 48.97 96.28 7.35 28.21 1.91
974 48.45 51.29 183.25 201.42 11.96
975 48.44 57.12 198.63 193.29 12.68
976 48.48 10.04 87.00 89.12 5.26
977 48.60 17.13 125.04 114.24 5.49
978 48.59 41.00 223.71 173.46 10.51
979 48.65 43.71 214.14 181.50 11.16
980 48.60 45.90 221.53 176.03 10.88
981 48.57 81.38 45.02 137.53 7.88
982 48.93 90.44 22.90 92.56 5.64
983 48.65 12.61 108.42 121.70 5.60
984 48.57 48.33 199.19 181.56 11.47
985 49.03 70.43 79.90 184.67 10.28
986 48.79 36.57 200.86 174.62 10.34
987 48.69 63.14 155.19 187.29 10.76
988 48.74 59.26 151.90 200.18 10.30
989 48.66 68.00 86.48 173.34 10.29
990 48.82 55.24 146.62 199.57 12.43
991 48.79 65.38 104.83 185.64 10.43
992 48.86 83.99 34.90 137.11 6.95
993 48.90 19.17 161.17 144.43 6.69
994 48.92 34.52 206.65 172.82 9.09
995 48.95 29.06 196.18 165.49 8.94
996 49.07 74.43 50.09 146.78 9.34
997 49.11 53.16 154.41 205.78 12.31
998 49.12 61.42 98.89 199.11 12.62
999 49.18 21.49 176.67 136.62 7.23
1000 49.20 4.87 41.02 56.65 4.55
1001 49.22 31.03 190.32 170.85 8.28
1002 49.25 50.43 136.35 204.04 11.30
1003 49.30 26.36 177.12 158.00 8.07
1004 49.33 57.26 86.94 192.45 11.39
1005 49.40 77.27 44.56 159.58 8.14
1006 49.37 39.60 182.58 179.79 10.05
1007 49.52 79.79 38.50 156.75 8.28
1008 49.36 7.76 69.26 78.28 4.85
1009 49.40 48.05 139.48 193.50 11.92
1010 49.44 10.16 94.54 103.15 5.00
1011 49.46 24.16 167.02 143.28 7.52
1012 49.66 92.46 16.01 62.43 5.72
1013 49.50 45.78 163.62 196.08 12.02
1014 49.65 14.72 124.07 130.43 5.69
1015 49.57 33.10 176.44 177.35 9.42
1016 49.59 66.75 62.70 183.13 10.13
1017 49.71 17.13 133.86 141.09 6.19
1018 49.63 63.96 75.81 198.56 12.54
1019 49.69 37.68 166.49 195.18 11.00
1020 49.69 43.79 152.30 198.49 10.42
1021 49.64 59.58 63.27 198.40 11.36
1022 49.99 87.36 24.00 107.58 5.84
1023 49.70 12.55 117.94 108.74 5.04
1024 49.77 27.96 124.81 182.74 8.29
1025 49.74 35.56 151.13 180.10 10.31
1026 49.76 84.17 28.52 117.61 7.13
1027 49.89 54.94 72.11 187.70 10.16
1028 50.20 97.82 5.84 16.29 0.59
1029 49.88 52.33 76.28 205.54 10.81
1030 49.98 29.91 113.29 188.46 9.78
1031 49.95 73.29 39.25 157.12 9.73
1032 50.01 19.77 106.00 137.28 6.91
1033 50.06 41.49 109.09 196.15 10.13
1034 50.07 61.87 59.50 199.46 11.64
1035 50.15 70.99 38.87 171.71 9.84
1036 50.17 49.74 84.21 201.38 11.28
1037 50.28 7.10 35.02 87.12 4.85
1038 50.08 22.81 120.28 165.26 8.00
1039 50.27 75.35 43.37 158.06 8.46
1040 50.31 94.42 12.58 40.04 3.56
1041 50.21 25.86 91.30 166.32 8.64
1042 50.25 31.72 107.39 190.20 10.12
1043 50.27 39.48 102.97 194.62 10.33
1044 50.32 57.17 58.57 194.41 11.30
1045 50.48 82.00 27.46 134.35 7.18
1046 50.42 45.40 72.83 204.72 10.89
1047 50.38 47.49 80.17 193.40 11.63
1048 50.37 67.98 47.38 170.18 10.40
1049 50.47 90.07 22.43 84.22 5.11
1050 50.43 11.66 56.49 104.43 5.53
1051 50.48 65.64 50.10 193.38 11.12
1052 50.50 33.97 90.73 183.83 9.56
1053 50.69 77.29 36.28 152.41 8.79
1054 50.60 28.27 66.21 179.57 8.55
1055 50.62 35.86 68.00 177.07 9.45
1056 50.53 59.34 48.19 191.17 11.40
1057 50.60 14.37 52.98 127.82 5.69
1058 50.70 37.64 63.54 185.37 9.96
1059 50.68 43.28 70.35 194.06 10.43
1060 50.71 51.40 52.33 198.39 12.04
1061 50.70 63.53 43.12 189.68 11.28
1062 50.67 16.95 57.24 138.86 6.76
1063 50.75 21.64 61.78 155.64 7.14
1064 50.78 53.56 48.24 189.39 11.04
1065 51.04 85.36 28.38 106.21 6.64
1066 50.95 24.04 69.21 164.76 7.64
1067 50.81 92.55 22.58 61.67 5.70
1068 51.13 19.52 47.82 153.88 6.75
1069 51.01 41.07 59.75 195.41 10.27
1070 51.08 55.57 44.00 185.51 11.00
1071 50.87 73.05 37.26 138.79 10.00
1072 51.06 61.15 49.24 179.00 11.82
1073 51.04 79.81 29.12 129.22 8.02
1074 51.11 30.30 55.13 182.18 9.24
1075 51.10 70.35 37.48 174.22 9.64
1076 51.17 32.58 53.34 182.85 8.45
1077 51.15 10.24 28.10 112.86 5.24
1078 51.18 26.24 49.21 165.75 8.46
1079 51.26 49.46 45.47 185.92 11.77
1080 51.28 4.86 14.76 61.92 3.63
1081 51.41 38.97 55.49 183.90 10.67
1082 51.33 46.92 53.94 197.94 10.55
1083 51.34 7.44 18.53 91.86 5.44
1084 51.40 58.09 48.83 183.51 12.73
1085 51.32 67.35 39.84 171.60 10.87
1086 51.47 34.67 43.11 182.38 8.64
1087 51.46 44.81 52.02 199.70 11.41
1088 51.46 12.63 24.25 115.16 5.48
1089 51.48 65.08 42.19 181.98 10.55
1090 51.51 74.86 48.11 136.71 9.11
1091 51.45 88.85 39.78 75.16 6.32
1092 51.57 14.84 26.79 132.88 6.00
1093 51.91 28.90 45.17 176.28 8.68
1094 51.64 51.86 43.86 180.76 10.98
1095 51.54 80.96 37.61 125.42 7.92
1096 51.74 42.63 46.70 188.34 10.08
1097 51.76 62.88 76.92 172.38 10.30
1098 51.69 78.02 38.29 136.17 8.02
1099 52.13 95.97 42.11 23.22 2.43
1100 51.76 17.22 27.96 150.51 5.79
1101 51.79 36.80 45.78 185.07 9.44
1102 51.85 92.73 107.14 66.42 4.61
1103 51.80 72.09 50.96 157.37 9.82
1104 51.77 21.94 34.58 150.78 7.30
1105 51.91 53.98 56.63 193.02 11.58
1106 51.96 31.44 41.92 182.38 9.10
1107 52.03 23.91 38.91 173.68 8.18
1108 52.04 40.52 42.60 187.28 9.64
1109 52.06 60.52 69.16 172.53 11.07
1110 52.09 9.44 20.48 116.87 5.49
1111 52.10 48.26 50.29 191.36 11.91
1112 52.06 69.04 41.52 150.52 9.76
1113 52.14 26.17 35.27 162.59 7.43
1114 52.25 56.19 71.28 172.05 10.45
1115 52.45 75.56 90.36 127.39 8.82
1116 52.20 86.03 102.03 80.78 6.60
1117 52.29 33.26 35.75 178.20 8.62
1118 52.45 6.21 13.88 75.96 4.74
1119 52.35 19.96 30.03 138.66 7.16
1120 52.30 46.31 45.32 181.02 10.22
1121 52.37 50.14 75.24 183.09 10.65
1122 52.31 66.69 47.81 175.11 11.00
1123 52.56 82.47 148.99 109.98 6.89
1124 52.39 58.38 67.50 173.06 11.09
1125 52.48 80.20 139.90 121.49 7.25
1126 52.59 89.66 160.70 83.71 5.53
1127 52.44 12.88 20.21 108.72 5.66
1128 52.48 35.08 49.65 178.28 9.13
1129 52.48 38.63 42.68 181.70 9.68
1130 52.43 44.18 53.86 177.71 10.48
1131 52.53 64.45 127.76 158.13 10.47
1132 52.66 72.86 130.38 120.50 8.66
1133 52.68 52.29 90.94 174.08 10.20
1134 52.66 15.35 21.75 116.35 6.25
1135 52.76 42.14 51.63 177.66 11.16
1136 52.82 36.93 88.89 169.48 8.02
1137 53.03 84.82 186.47 90.47 6.85
1138 52.84 17.83 25.57 144.80 6.65
1139 52.89 61.91 188.39 149.31 11.48
1140 53.04 77.51 153.59 101.48 7.74
1141 52.94 31.44 58.34 162.80 8.52
1142 52.85 70.43 120.21 137.91 9.41
1143 52.85 22.51 32.12 153.47 7.84
1144 52.86 27.60 41.12 161.21 8.98
1145 53.06 40.49 79.09 173.86 8.50
1146 53.10 54.41 189.82 150.05 11.25
1147 53.05 10.27 18.15 101.93 4.47
1148 53.02 25.18 44.39 156.15 7.70
1149 53.10 47.93 151.46 166.05 10.93
1150 53.39 87.44 175.58 82.17 5.38
1151 53.16 67.84 173.27 133.19 9.00
1152 53.22 45.55 154.11 172.09 10.14
1153 53.24 59.52 215.30 155.46 10.86
1154 53.21 92.43 126.58 53.88 6.06
1155 53.23 5.11 15.41 60.41 3.46
1156 53.28 29.26 61.42 162.58 8.09
1157 53.45 33.30 130.74 153.12 9.39
1158 53.39 43.46 177.50 164.98 9.52
1159 53.42 50.28 189.16 154.36 10.90
1160 53.84 12.42 44.27 94.79 4.89
1161 53.47 38.61 143.40 169.21 8.56
1162 53.48 56.95 211.56 142.34 11.00
1163 53.52 95.27 48.01 24.55 3.02
1164 53.60 65.33 213.95 125.04 9.80
1165 53.71 21.34 70.56 139.10 6.76
1166 53.53 35.16 161.92 155.30 9.06
1167 53.56 14.42 41.12 122.57 5.00
1168 53.61 63.22 206.90 137.85 9.54
1169 53.79 72.30 206.95 112.47 8.77
1170 53.77 80.50 199.13 100.98 6.85
1171 53.72 7.69 26.70 87.48 4.64
1172 53.79 75.32 194.82 93.82 8.38
1173 53.77 52.62 185.98 137.40 10.58
1174 53.84 24.83 94.25 141.61 7.45
1175 53.86 27.22 109.62 154.02 7.98
1176 53.86 17.28 70.19 118.93 6.27
1177 53.98 83.07 179.80 77.31 6.04
1178 53.97 31.31 139.26 157.86 9.04
1179 54.04 69.17 211.03 114.48 8.70
1180 54.09 90.30 156.87 62.57 5.77
1181 54.08 36.85 165.14 150.08 8.84
1182 54.13 41.70 197.26 146.18 9.06
1183 54.07 46.24 211.67 145.94 9.94
1184 54.18 4.47 33.80 51.06 3.98
1185 54.13 61.08 209.13 120.74 10.11
1186 54.18 39.96 192.27 143.84 10.02
1187 54.16 48.38 217.65 132.08 9.52
1188 54.24 10.13 44.81 85.80 5.19
1189 54.20 55.03 220.02 147.54 10.25
1190 54.18 58.80 217.78 132.31 9.58
1191 54.33 85.59 164.86 70.04 5.66
1192 54.32 67.18 204.04 108.84 8.41
1193 54.28 44.01 193.15 152.56 10.29
1194 54.40 29.18 161.69 137.85 7.46
1195 54.40 50.70 201.90 129.79 10.33
1196 54.42 77.91 190.62 86.43 8.08
1197 54.71 94.15 52.47 27.92 4.31
1198 54.65 33.74 181.24 132.41 8.69
1199 54.58 63.48 207.02 118.86 9.25
1200 54.72 15.21 104.45 111.70 4.87
1201 54.78 18.48 125.20 104.69 6.47
1202 54.78 23.45 130.02 128.02 7.47
1203 54.75 57.13 201.67 119.14 9.88
1204 54.77 38.29 197.10 138.78 8.24
1205 54.81 52.95 186.82 125.36 10.04
1206 54.82 20.84 138.10 111.47 6.55
1207 54.90 25.52 173.02 131.06 7.35
1208 54.93 65.54 192.97 105.36 10.22
1209 54.91 71.90 184.02 95.28 8.65
1210 54.94 87.97 119.83 49.59 5.69
1211 55.08 7.29 69.52 65.18 4.49
1212 55.00 30.88 162.76 118.86 7.59
1213 54.99 83.79 154.10 73.95 5.48
1214 55.06 46.81 193.38 134.22 9.98
1215 55.05 59.61 183.96 117.04 9.51
1216 55.04 75.91 166.71 85.12 8.52
1217 55.05 81.23 170.94 77.75 7.21
1218 55.09 42.51 189.66 132.74 8.83
1219 55.12 44.80 196.49 129.45 8.16
1220 55.12 61.88 172.62 107.76 9.22
1221 55.19 36.35 176.59 125.78 8.41
1222 55.19 48.86 197.86 127.98 9.56
1223 55.17 10.33 73.77 72.79 4.94
1224 55.24 40.40 188.35 135.08 8.69
1225 55.19 54.94 154.54 108.11 9.19
1226 55.31 68.07 155.63 105.89 9.54
1227 55.33 91.06 99.76 49.11 5.07
1228 55.53 85.73 117.09 65.53 5.74
1229 55.49 50.97 169.24 112.82 10.00
1230 55.41 78.41 148.05 83.07 7.58
1231 55.67 12.87 93.88 83.07 4.95
1232 55.60 28.89 173.73 128.07 7.55
1233 55.60 34.33 170.72 130.28 8.12
1234 55.66 16.12 120.12 86.69 5.84
1235 55.72 38.35 156.48 126.00 7.81
1236 55.72 56.76 145.96 116.39 10.00
1237 55.75 19.34 139.25 102.93 5.95
1238 55.68 22.39 150.06 109.49 7.82
1239 55.81 63.65 150.58 101.61 9.66
1240 55.92 58.71 143.78 107.42 10.33
1241 55.89 24.67 165.14 114.56 6.67
1242 55.95 32.72 149.33 118.88 8.12
1243 55.92 53.06 162.70 116.51 9.32
1244 55.86 72.18 150.80 89.81 7.22
1245 55.84 74.57 144.65 78.38 7.73
1246 55.91 66.04 162.27 106.04 8.93
1247 55.98 43.79 175.34 119.48 8.25
1248 55.99 61.07 128.18 104.51 9.80
1249 56.02 47.53 178.76 124.65 9.54
1250 56.03 82.66 109.08 67.75 6.10
1251 56.09 26.98 148.14 111.98 7.63
1252 56.01 30.80 149.89 124.02 7.42
1253 56.05 69.71 130.20 90.92 9.00
1254 56.08 88.65 91.80 63.94 5.68
1255 56.10 6.61 49.55 45.86 5.12
1256 56.11 41.99 165.38 130.04 10.44
1257 56.16 45.63 129.84 127.21 9.95
1258 56.00 93.75 26.55 23.22 5.08
1259 56.18 9.84 89.64 74.69 4.40
1260 56.21 77.21 122.17 73.15 7.27
1261 56.16 79.83 93.76 65.95 7.12
1262 56.14 36.28 122.86 114.71 8.07
1263 56.30 55.14 117.63 105.61 9.22
1264 56.28 39.94 152.57 122.94 8.55
1265 56.28 49.58 131.84 111.73 9.69
1266 56.46 21.11 148.44 97.35 6.75
1267 56.54 17.79 111.64 92.73 5.69
1268 56.53 51.37 105.56 101.51 8.67
1269 56.54 91.21 53.98 49.20 5.55
1270 56.48 34.77 107.32 124.64 7.36
1271 56.65 67.68 135.05 90.20 9.12
1272 56.55 29.29 93.68 125.52 7.45
1273 56.71 85.82 98.97 62.15 5.51
1274 56.69 38.07 105.76 115.95 9.14
1275 56.69 23.37 138.98 104.13 6.78
1276 56.71 62.60 103.28 92.93 9.11
1277 56.69 13.82 90.57 69.17 5.10
1278 56.77 57.31 136.92 106.10 9.65
1279 56.76 64.93 134.10 79.33 8.21
1280 57.12 74.86 85.54 79.64 8.13
1281 56.87 25.73 108.27 113.07 7.64
1282 56.87 31.43 92.25 128.48 8.81
1283 56.85 72.23 121.70 80.97 8.76
1284 56.85 33.26 86.52 115.13 7.97
1285 57.25 59.88 95.26 96.81 9.78
1286 57.18 93.85 23.92 24.92 5.19
1287 56.88 12.19 84.94 74.26 4.42
1288 57.00 43.85 90.52 111.74 8.52
1289 56.98 48.15 101.19 104.68 9.53
1290 56.90 82.10 78.19 67.68 5.98
1291 57.13 6.21 40.77 50.26 4.80
1292 57.01 41.86 88.97 123.35 8.68
1293 57.11 27.84 76.80 103.44 7.74
1294 57.06 70.01 96.95 74.32 8.08
1295 57.14 36.42 46.33 101.62 7.07
1296 57.17 45.83 67.40 109.85 9.02
1297 57.07 77.36 62.48 67.35 7.61
1298 57.19 8.11 70.61 69.03 4.48
1299 57.10 10.12 83.67 72.89 4.39
1300 57.15 40.04 57.16 113.65 8.54
1301 57.25 79.78 62.15 69.86 6.41
1302 57.27 88.16 82.36 49.86 6.54
1303 57.26 55.29 58.26 99.09 9.93
1304 57.36 34.57 43.91 102.56 7.98
1305 57.38 50.59 52.75 95.38 9.17
1306 57.23 18.19 102.36 82.55 5.91
1307 57.41 83.75 60.62 62.83 5.72
1308 57.40 16.61 91.87 82.34 5.81
1309 57.39 21.59 73.83 99.19 6.50
1310 57.52 30.03 55.89 102.55 7.70
1311 57.64 91.29 34.94 45.48 5.41
1312 57.57 13.80 66.58 85.70 4.84
1313 57.59 61.96 52.02 84.76 9.08
1314 57.47 66.98 58.43 82.66 8.84
1315 57.51 23.97 55.98 106.10 6.44
1316 57.57 64.34 47.88 79.25 9.13
1317 57.77 19.45 64.25 88.13 5.78
1318 57.77 57.51 50.45 83.91 9.39
1319 57.79 38.65 38.59 93.15 8.76
1320 57.81 26.51 45.49 89.85 7.02
1321 57.81 32.45 37.65 91.20 8.30
1322 57.82 41.18 44.27 95.81 8.57
1323 57.83 52.83 44.59 84.34 10.39
1324 57.88 47.26 52.04 92.44 9.49
1325 58.22 71.02 43.73 70.69 8.54
1326 58.06 9.90 40.09 63.60 4.57
1327 57.94 43.25 47.89 92.91 8.53
1328 58.18 68.19 49.06 79.22 8.24
1329 58.12 86.08 34.27 49.14 5.64
1330 58.08 36.80 33.93 88.63 8.24
1331 58.11 76.57 39.44 69.51 7.33
1332 58.18 15.52 36.29 74.03 4.94
1333 58.18 45.40 35.91 82.02 8.55
1334 58.18 49.31 41.55 81.96 9.26
1335 58.18 28.43 34.69 89.00 8.00
1336 58.16 55.17 43.60 78.27 9.46
1337 58.34 6.21 17.85 38.59 4.54
1338 58.27 78.81 37.96 60.75 6.76
1339 58.27 81.28 34.88 65.14 6.24
1340 58.26 88.71 29.30 53.44 5.73
1341 58.35 34.71 32.77 79.70 7.86
1342 58.34 83.75 29.97 55.08 6.08
1343 58.32 22.66 40.49 75.49 6.67
1344 58.31 93.18 15.22 27.24 4.76
1345 58.37 24.87 34.62 81.06 6.67
1346 58.43 65.87 35.63 67.52 9.28
1347 58.53 12.65 26.61 61.84 4.36
1348 58.44 30.60 30.42 79.74 7.07
1349 58.49 51.13 36.77 70.64 9.15
1350 58.57 63.44 35.84 72.73 8.79
1351 58.59 40.22 33.87 78.50 8.46
1352 58.53 74.35 35.60 68.04 7.84
1353 58.68 59.20 34.61 70.74 9.51
1354 59.05 61.10 37.76 69.88 9.57
1355 58.78 19.83 25.39 65.32 5.79
1356 58.78 32.73 28.95 72.33 7.22
1357 58.74 42.12 46.11 71.18 9.00
1358 58.76 47.45 38.86 72.31 9.76
1359 58.78 53.07 35.54 67.02 8.05
1360 58.88 38.56 38.00 72.57 9.19
1361 58.81 44.17 38.71 73.21 8.79
1362 58.91 57.15 43.28 64.70 9.61
1363 58.95 72.48 32.31 59.96 7.88
1364 58.91 91.13 19.23 34.12 5.40
1365 59.04 26.42 28.72 68.15 7.17
1366 59.01 36.66 35.50 64.75 7.60
1367 59.12 9.78 17.91 42.78 4.03
1368 59.08 55.19 48.02 65.32 9.55
1369 59.27 77.13 29.12 55.84 7.81
1370 59.14 28.79 27.36 68.73 7.00
1371 59.31 84.63 24.08 43.25 6.08
1372 59.29 14.78 20.30 58.01 4.72
1373 59.29 24.03 28.04 59.96 6.47
1374 59.36 49.05 80.91 61.82 9.14
1375 59.11 86.53 24.38 41.85 5.46
1376 59.58 93.52 12.77 22.75 4.83
1377 59.36 88.54 23.17 41.83 5.32
1378 59.41 21.84 22.96 53.94 5.98
1379 59.36 34.66 51.89 60.77 8.86
1380 59.66 45.08 116.83 54.16 9.83
1381 59.39 65.27 33.27 58.71 9.02
1382 59.33 67.49 32.17 57.89 9.58
1383 59.44 12.25 17.91 48.80 4.29
1384 59.38 30.88 29.05 64.86 7.43
1385 59.58 70.26 35.90 54.26 8.32
1386 59.33 82.48 27.89 54.24 5.70
1387 59.57 51.24 121.53 55.75 10.18
1388 59.68 80.06 26.50 49.58 6.63
1389 59.61 74.62 29.26 51.86 6.92
1390 59.65 40.32 90.83 59.36 8.56
1391 59.70 19.44 18.30 56.57 5.51
1392 59.73 42.42 136.24 53.61 8.71
1393 59.85 53.54 146.57 53.48 10.62
1394 59.98 58.67 128.60 57.18 11.16
1395 59.80 33.07 58.97 61.17 8.29
1396 59.92 38.30 141.77 46.65 8.60
1397 59.66 46.87 85.91 56.18 10.09
1398 59.98 56.18 152.68 49.53 9.03
1399 60.02 16.65 21.07 52.08 5.20
1400 60.11 91.34 16.66 26.23 6.14
1401 60.01 27.00 64.19 53.02 7.02
1402 60.00 72.40 28.95 49.15 7.68
1403 60.23 24.61 78.54 47.87 6.70
1404 60.23 11.04 16.53 33.42 5.16
1405 60.17 29.26 79.47 50.32 7.83
1406 60.36 47.85 168.69 50.98 10.77
1407 60.29 86.92 20.57 32.18 5.57
1408 60.48 8.68 12.92 26.02 4.92
1409 60.39 49.97 187.85 46.15 10.75
1410 60.34 68.01 114.15 49.53 9.96
1411 60.37 13.86 17.93 39.98 4.71
1412 60.26 21.74 44.60 55.12 6.47
1413 60.46 63.61 119.72 47.00 9.48
1414 60.38 65.92 138.58 49.04 9.13
1415 60.33 88.93 18.57 30.84 5.16
1416 60.50 61.35 137.22 49.76 9.80
1417 60.40 85.05 22.13 35.65 5.61
1418 60.88 30.62 114.71 43.50 8.77
1419 60.51 35.03 151.88 48.05 8.23
1420 60.45 81.84 27.70 40.98 6.43
1421 60.66 41.52 170.68 43.07 10.07
1422 60.61 45.97 174.18 46.00 10.90
1423 60.54 19.01 31.48 44.85 5.92
1424 60.71 39.55 177.50 47.02 9.40
1425 60.73 52.20 203.23 44.39 10.75
1426 60.79 69.98 129.47 43.80 8.95
1427 60.97 73.57 132.76 40.08 8.26
1428 60.82 43.70 180.14 43.66 11.76
1429 60.93 33.07 139.28 42.50 8.68
1430 60.84 54.63 195.02 46.90 11.00
1431 60.94 57.10 207.00 47.00 12.13
1432 60.81 77.78 51.55 36.64 7.25
1433 60.87 93.50 12.63 18.52 5.00
1434 61.00 27.80 113.32 45.48 8.02
1435 61.01 37.09 171.86 38.63 9.54
1436 61.20 24.17 113.15 39.11 7.09
1437 61.09 16.11 38.26 33.11 5.24
1438 61.19 59.40 181.14 43.40 10.76
1439 61.12 91.47 18.44 24.08 5.33
1440 61.12 20.85 67.65 40.03 6.51
1441 61.33 49.04 185.84 39.95 11.20
1442 61.38 80.63 100.55 33.14 7.05
1443 61.36 17.90 57.58 34.84 5.56
1444 61.56 75.84 149.12 34.70 8.93
1445 61.36 67.84 186.06 40.84 10.52
1446 61.43 88.61 40.06 25.94 4.54
1447 61.49 65.48 202.78 39.03 10.42
1448 61.57 84.45 88.03 27.24 6.12
1449 61.56 47.24 191.36 41.85 13.79
1450 61.61 71.36 186.13 37.26 9.85
1451 61.64 50.93 193.27 40.43 15.27
1452 61.62 40.82 173.27 38.70 13.30
1453 61.78 61.17 193.15 42.91 14.18
1454 61.66 63.27 202.30 40.10 10.75
1455 61.77 78.43 136.51 32.62 7.92
1456 61.67 38.71 178.23 36.51 10.47
1457 61.65 53.45 188.16 38.42 11.38
1458 61.66 35.08 156.50 36.59 10.36
1459 61.69 42.82 177.47 39.83 14.89
1460 61.71 45.09 176.47 37.22 13.49
1461 62.03 12.77 62.62 22.84 5.19
1462 61.81 55.70 169.63 35.67 15.37
1463 61.85 32.34 142.22 36.44 10.73
1464 61.90 57.90 183.96 37.76 14.22
1465 62.15 26.34 136.36 31.75 8.49
1466 62.04 16.53 78.69 29.10 4.75
1467 62.04 28.60 128.87 36.28 8.97
1468 62.03 69.39 191.50 37.09 11.32
1469 62.17 20.11 106.16 28.48 6.96
1470 62.53 90.64 85.06 17.90 5.75
1471 62.29 24.17 127.09 31.42 8.45
1472 62.35 37.49 140.15 36.55 14.98
1473 62.33 30.58 132.93 32.75 12.38
1474 62.45 48.87 161.58 37.50 18.28
1475 62.47 52.63 158.52 37.21 19.02
1476 62.36 66.83 189.82 33.94 18.88
1477 62.66 33.52 126.65 32.43 15.68
1478 62.77 88.01 130.26 22.14 5.73
1479 62.53 59.48 171.49 38.18 24.31
1480 62.55 39.82 157.20 33.38 16.18
1481 62.56 46.59 127.56 36.87 24.09
1482 62.57 74.15 193.79 31.40 12.38
1483 62.62 42.08 125.12 33.28 21.52
1484 62.82 85.20 158.83 23.65 6.26
1485 62.65 44.21 120.91 32.35 19.60
1486 62.59 64.66 167.04 35.98 15.69
1487 62.71 82.00 164.32 25.75 8.14
1488 62.82 7.56 34.02 15.39 4.98
1489 62.69 54.61 127.74 36.72 31.53
1490 62.75 35.70 136.65 32.67 20.73
1491 62.75 62.39 155.74 34.10 15.72
1492 62.70 71.61 184.77 32.15 11.24
1493 62.78 76.78 190.22 31.99 9.40
1494 62.77 79.33 166.33 26.91 8.15
1495 62.77 56.93 151.85 38.07 28.80
1496 62.79 15.70 80.54 24.71 5.49
1497 62.90 22.48 108.97 25.29 9.53
1498 63.05 28.24 108.47 29.00 15.16
1499 63.05 68.90 175.26 33.97 14.64
1500 63.10 13.79 74.09 20.11 5.86
1501 63.22 17.78 93.04 22.26 6.99
1502 63.18 20.32 97.06 25.18 8.97
1503 63.24 11.55 57.87 16.32 5.23
1504 63.22 26.16 101.58 27.98 16.62
1505 63.19 31.96 94.06 29.35 18.41
1506 63.19 23.97 102.15 28.22 14.22
1507 63.35 30.49 92.65 28.35 19.35
1508 63.36 60.42 147.90 35.59 29.67
1509 63.78 38.63 101.88 29.22 33.71
1510 63.35 45.58 82.12 29.34 52.07
1511 63.35 48.02 68.52 33.18 35.43
1512 63.36 66.55 141.46 30.86 16.54
1513 63.44 9.47 45.43 15.47 5.06
1514 63.51 41.23 98.39 30.95 25.48
1515 63.42 50.30 62.37 29.49 48.73
1516 63.38 52.87 89.21 32.35 35.56
1517 63.54 64.37 115.75 32.07 31.05
1518 63.64 36.64 104.36 29.84 39.84
1519 63.56 55.55 99.61 32.56 27.19
1520 63.75 58.08 120.29 33.14 40.78
1521 63.75 73.50 151.56 28.21 18.07
1522 63.72 34.37 84.83 28.75 34.60
1523 63.82 62.43 113.55 29.88 49.08
1524 63.98 69.66 139.31 29.36 22.86
1525 63.75 78.58 145.72 25.43 12.18
1526 63.88 82.48 148.70 23.23 10.25
1527 64.07 89.45 129.28 17.69 6.84
1528 64.02 14.69 70.97 17.68 8.55
1529 64.14 21.56 74.72 21.01 19.28
1530 64.10 29.10 77.92 26.38 28.57
1531 64.08 47.18 48.46 31.98 58.54
1532 64.22 26.31 77.24 25.24 21.65
1533 64.08 32.31 65.16 25.95 27.14
1534 64.12 44.75 52.32 30.63 77.76
1535 64.14 52.10 62.98 32.36 66.73
1536 64.20 86.29 126.38 20.16 8.80
1537 64.38 11.96 58.99 15.21 7.19
1538 64.26 18.96 69.16 19.14 14.00
1539 64.13 49.61 41.90 32.15 53.68
1540 64.21 42.56 43.13 29.66 69.63
1541 64.24 54.32 64.67 33.55 49.31
1542 64.31 66.23 89.52 31.16 30.80
1543 64.59 8.84 33.64 13.47 6.68
1544 64.51 59.69 81.32 31.93 52.17
1545 64.45 56.31 58.64 33.21 47.45
1546 64.53 77.10 105.80 24.42 19.87
1547 64.58 64.25 78.31 29.00 52.82
1548 64.71 71.73 103.86 26.60 25.59
1549 64.93 15.78 51.62 17.87 12.81
1550 64.82 74.53 84.70 23.85 27.06
1551 64.80 80.01 92.14 21.28 23.67
1552 64.74 31.34 37.85 25.62 65.21
1553 64.80 62.43 56.94 31.56 61.82
1554 64.89 46.15 34.31 30.25 98.15
1555 64.90 48.54 38.09 30.56 90.65
1556 64.91 51.00 36.82 30.86 78.58
1557 64.83 28.58 33.31 23.81 64.34
1558 65.00 82.75 86.56 19.75 16.32
1559 65.08 39.53 35.91 26.20 78.96
1560 65.01 43.72 39.62 28.46 106.72
1561 64.98 53.71 41.56 31.77 66.65
1562 65.04 41.56 34.47 30.60 69.16
1563 65.22 37.43 33.92 26.96 91.16
1564 65.37 18.11 44.88 19.26 25.56
1565 65.24 35.36 34.10 26.58 73.37
1566 65.42 88.76 64.79 15.13 10.90
1567 65.34 56.68 36.83 29.97 74.02
1568 65.29 86.01 82.36 19.16 15.45
1569 65.35 33.01 37.14 25.89 81.02
1570 65.33 66.13 63.45 29.11 73.06
1571 65.40 13.29 32.66 15.09 10.36
1572 65.45 61.41 41.09 29.22 65.04
1573 65.50 30.32 34.07 24.93 81.93
1574 65.55 59.27 38.65 28.21 85.35
1575 65.63 69.35 61.09 27.17 50.68
1576 65.56 77.21 62.18 21.58 31.58
1577 65.58 23.46 32.63 20.77 54.19
1578 65.55 64.05 49.44 31.27 75.38
1579 65.78 11.02 22.48 13.47 9.51
1580 65.67 27.99 30.47 23.87 65.89
1581 65.82 45.18 39.46 28.53 116.44
1582 65.79 47.50 51.27 26.75 125.15
1583 65.79 49.88 49.09 29.15 115.87
1584 65.79 52.33 47.87 29.26 108.53
1585 65.80 74.22 53.12 23.93 52.70
1586 65.85 81.14 62.36 19.64 24.63
1587 65.78 20.99 31.48 18.43 51.09
1588 65.85 54.80 35.38 29.48 109.12
1589 65.88 25.64 49.52 20.77 69.11
1590 65.95 40.78 62.62 26.13 100.42
1591 65.91 42.93 50.48 29.90 100.22
1592 66.09 38.76 41.32 26.43 92.14
1593 66.25 83.95 59.09 17.50 25.19
1594 66.24 31.93 73.71 25.04 117.10
1595 66.26 36.57 113.11 28.09 113.33
1596 66.17 13.28 20.60 14.37 22.93
1597 66.28 34.40 113.07 26.97 95.81
1598 66.51 87.24 47.70 16.21 22.84
1599 66.41 58.09 51.24 30.85 116.09
1600 66.30 66.12 39.57 28.67 86.55
1601 66.36 63.29 35.02 27.23 85.23
1602 66.39 70.95 34.63 25.22 52.93
1603 66.82 60.30 89.83 30.27 101.44
1604 66.19 77.96 45.40 18.60 26.20
1605 66.49 18.58 35.48 16.96 39.09
1606 66.40 79.14 44.56 19.09 28.97
1607 66.57 29.18 115.42 24.18 93.44
1608 66.56 68.64 31.98 26.22 76.50
1609 66.71 21.86 69.35 19.65 60.53
1610 66.77 51.10 164.98 29.10 128.67
1611 66.68 56.12 90.71 28.88 113.47
1612 66.64 74.60 34.77 24.01 55.14
1613 66.80 46.56 166.84 30.12 147.14
1614 66.82 48.79 177.84 29.39 117.39
1615 66.80 53.61 141.75 29.38 106.38
1616 66.85 15.07 36.23 15.48 29.93
1617 66.87 23.93 107.91 21.97 71.03
1618 66.81 26.63 131.16 22.53 86.45
1619 66.84 44.22 168.74 30.56 114.68
1620 66.90 41.95 174.33 28.03 115.02
1621 66.80 81.52 42.35 19.69 37.02
1622 67.11 39.86 164.66 28.98 125.46
1623 67.09 11.88 42.22 13.02 20.10
1624 67.21 33.51 159.80 24.42 113.95
1625 67.28 37.79 157.36 27.50 135.14
1626 67.19 64.96 80.53 27.96 122.64
1627 67.12 78.21 25.89 20.16 59.43
1628 67.28 62.41 60.69 28.09 124.63
1629 67.23 67.24 56.33 25.31 97.92
1630 67.31 31.11 159.15 23.97 103.37
1631 67.53 17.11 81.22 15.49 42.76
1632 67.42 35.78 160.38 27.60 121.25
1633 67.39 70.42 35.72 24.68 101.11
1634 67.40 72.94 31.81 23.28 84.93
1635 67.57 57.49 179.36 30.02 136.36
1636 67.72 84.06 24.62 16.21 45.29
1637 67.67 28.24 146.18 21.51 95.94
1638 67.47 75.40 29.97 22.89 54.89
1639 67.69 20.21 111.08 17.69 70.78
1640 67.60 86.89 20.94 14.20 17.65
1641 67.80 54.90 191.34 29.90 131.10
1642 67.81 25.32 147.46 20.29 84.88
1643 67.84 43.39 190.17 27.66 127.34
1644 67.82 45.78 193.02 29.41 149.05
1645 67.76 52.53 200.36 29.98 152.54
1646 67.53 68.42 47.12 21.62 100.38
1647 67.76 81.22 27.01 17.39 66.73
1648 67.86 48.14 200.52 29.67 149.54
1649 67.84 50.37 192.24 26.93 163.91
1650 67.90 14.05 83.54 14.15 43.69
1651 67.99 41.14 171.41 29.10 128.57
1652 67.98 89.70 15.54 11.80 12.13
1653 68.21 64.21 192.96 28.95 126.88
1654 68.12 78.65 27.51 18.25 67.54
1655 68.27 39.08 181.98 26.73 137.71
1656 68.28 66.45 182.44 28.31 125.69
1657 68.19 32.85 142.54 23.38 125.19
1658 68.22 30.58 151.12 24.32 111.56
1659 68.25 59.64 192.98 30.75 141.55
1660 68.32 62.08 204.03 28.81 117.91
1661 68.33 76.63 29.66 20.94 75.12
1662 68.29 35.13 147.71 24.54 120.58
1663 68.35 68.61 158.04 27.48 120.59
1664 68.39 74.17 49.87 24.09 92.59
1665 68.48 71.06 153.57 24.75 109.18
1666 68.58 37.38 166.40 27.18 127.36
1667 68.55 23.70 139.59 20.49 85.49
1668 68.65 86.13 20.47 14.77 44.28
1669 68.60 56.96 198.73 29.54 129.51
1670 68.63 19.39 117.08 16.68 63.41
1671 68.95 14.96 96.12 14.87 50.25
1672 69.00 88.77 15.36 11.88 24.43
1673 68.84 42.70 153.78 29.07 160.13
1674 68.73 45.06 172.86 28.51 142.24
1675 68.84 25.95 128.84 20.99 97.52
1676 68.89 29.04 132.90 22.09 96.67
1677 68.81 47.50 164.27 27.87 152.07
1678 68.88 49.79 180.14 29.29 162.76
1679 68.77 52.21 186.33 29.20 165.72
1680 68.90 83.33 22.75 15.29 68.77
1681 68.88 54.86 180.65 30.04 133.12
1682 68.99 80.34 29.11 18.80 71.72
1683 69.01 40.77 162.27 29.34 170.73
1684 69.09 33.96 107.23 22.36 135.46
1685 69.10 31.65 96.36 23.18 124.74
1686 69.30 35.99 121.46 23.36 147.44
1687 69.24 59.12 205.66 28.26 133.92
1688 69.34 61.24 201.54 28.91 131.52
1689 69.36 63.24 195.86 28.14 126.62
1690 69.36 65.52 200.93 26.28 128.21
1691 69.43 77.40 110.38 19.15 73.84
1692 69.44 68.13 196.59 25.94 111.73
1693 69.50 73.50 168.36 23.20 116.28
1694 69.56 20.27 100.14 17.18 79.50
1695 69.58 39.35 128.98 26.28 160.72
1696 69.56 53.53 162.63 30.22 153.13
1697 69.61 23.09 102.17 18.81 88.38
1698 69.52 44.20 130.42 27.18 156.64
1699 69.54 70.81 181.63 23.19 116.93
1700 69.61 46.43 127.20 28.43 160.15
1701 69.68 17.83 88.66 15.97 70.17
1702 69.78 37.59 104.73 26.35 127.52
1703 69.67 51.20 131.76 28.78 145.85
1704 69.65 56.50 164.16 28.31 142.63
1705 69.61 28.00 80.70 21.52 113.10
1706 69.85 48.86 124.02 29.34 182.33
1707 69.94 42.18 99.61 25.26 153.44
1708 69.87 25.94 81.37 19.09 107.19
1709 69.87 82.03 69.00 15.99 76.17
1710 69.91 32.54 81.50 23.74 126.91
1711 70.05 85.40 55.19 14.83 66.04
1712 69.90 14.82 65.09 13.26 49.44
1713 70.02 30.24 69.75 22.69 116.90
1714 70.08 34.48 74.88 23.69 140.80
1715 70.41 79.45 136.78 18.22 82.26
1716 70.17 89.20 21.78 11.15 27.28
1717 70.21 58.70 174.44 29.48 157.38
1718 70.21 60.63 168.37 29.45 141.68
1719 70.28 64.68 182.06 25.07 149.63
1720 70.46 62.63 167.71 26.80 150.86
1721 70.34 55.34 133.38 31.00 161.82
1722 70.46 40.57 75.78 26.16 146.58
1723 70.41 53.14 114.68 27.06 167.22
1724 70.46 44.61 78.02 25.44 164.98
1725 70.52 47.01 66.42 27.16 153.84
1726 70.45 66.91 165.70 26.65 134.63
1727 70.52 72.04 186.23 23.10 137.37
1728 70.52 75.00 177.17 22.68 113.14
1729 70.52 16.74 54.31 14.08 70.52
1730 70.56 21.34 64.32 16.97 90.59
1731 70.55 28.07 54.87 19.97 120.46
1732 70.57 69.42 185.15 23.71 137.69
1733 70.64 24.10 73.06 19.35 95.75
1734 70.70 36.08 40.14 24.22 109.63
1735 70.63 50.65 86.62 27.54 170.00
1736 70.67 19.28 54.54 15.35 73.35
1737 70.66 38.32 50.51 25.62 99.76
1738 70.77 57.37 119.33 28.36 153.49
1739 70.93 14.01 38.52 12.72 59.61
1740 70.85 31.68 46.33 21.69 113.16
1741 71.06 48.46 66.09 26.47 143.60
1742 71.17 82.53 154.19 17.54 100.31
1743 71.04 33.89 37.83 22.76 103.76
1744 71.06 77.56 152.42 17.18 82.92
1745 71.17 43.13 63.98 25.85 147.17
1746 71.06 60.41 111.00 25.38 148.47
1747 71.25 85.47 119.01 14.35 48.15
1748 71.25 26.71 33.62 20.94 85.12
1749 71.26 55.39 119.72 29.16 141.98
1750 71.21 65.48 146.69 25.10 137.03
1751 71.37 45.68 50.54 27.10 138.62
1752 71.35 52.49 68.89 26.86 167.09
1753 71.41 29.37 34.29 20.88 96.95
1754 71.39 40.89 42.60 25.42 137.94
1755 71.45 68.28 142.26 26.28 129.21
1756 71.55 38.75 35.02 25.17 106.28
1757 71.44 62.72 139.00 25.08 153.94
1758 71.56 17.31 26.04 14.00 66.87
1759 71.56 22.59 34.19 17.56 79.99
1760 71.60 70.90 171.19 24.00 141.28
1761 71.50 75.84 151.02 18.81 102.53
1762 71.64 11.99 21.76 10.96 32.60
1763 71.64 58.51 89.48 25.99 143.19
1764 71.58 73.25 150.98 24.22 148.09
1765 71.75 20.22 23.19 15.15 58.66
1766 71.73 36.66 29.17 23.37 103.87
1767 71.72 50.08 40.49 26.23 140.68
1768 71.78 79.54 152.67 17.83 92.40
1769 71.94 24.94 24.59 17.36 71.16
1770 71.83 31.81 25.03 21.33 87.27
1771 72.04 34.38 25.94 22.25 88.55
1772 72.01 47.58 36.80 25.68 135.78
1773 72.02 61.03 69.98 26.89 118.92
1774 72.09 54.32 54.53 28.00 147.47
1775 72.00 64.73 96.96 27.16 149.72
1776 72.10 42.62 32.18 24.94 124.30
1777 72.15 67.15 95.77 24.79 128.87
1778 72.29 27.49 25.00 20.31 80.71
1779 72.26 45.32 28.94 24.82 118.90
1780 72.30 56.58 48.54 25.00 126.46
1781 72.33 82.82 126.92 15.14 90.70
1782 72.24 75.21 130.37 20.27 148.29
1783 72.52 29.68 25.30 20.67 83.62
1784 72.44 40.34 28.02 22.96 102.72
1785 72.45 52.08 32.33 26.82 112.33
1786 72.36 69.50 118.65 22.92 126.57
1787 72.50 85.95 126.70 13.66 54.35
1788 72.53 72.91 128.24 23.15 135.09
1789 72.69 18.28 17.61 12.82 55.99
1790 72.58 22.46 20.37 16.11 59.71
1791 72.60 15.62 16.78 12.47 47.12
1792 72.65 59.12 50.73 27.54 126.90
1793 72.64 63.33 61.60 25.13 127.89
1794 72.75 38.25 26.02 23.63 91.93
1795 72.66 49.56 28.19 25.26 106.49
1796 72.82 12.93 13.95 10.79 24.12
1797 72.87 36.20 26.56 23.45 83.62
1798 72.90 32.05 26.79 21.25 72.48
1799 72.98 43.81 33.69 27.26 102.00
1800 72.93 80.54 124.69 17.03 89.93
1801 72.62 31.14 25.00 21.50 84.00
1802 72.93 65.90 55.62 25.29 139.80
1803 73.09 25.76 23.78 18.82 64.34
1804 73.05 47.53 29.00 25.87 101.13
1805 73.08 61.48 54.86 27.05 135.49
1806 73.17 68.32 66.30 22.33 126.38
1807 73.08 76.18 98.21 19.75 133.10
1808 73.14 34.16 27.42 21.80 84.70
1809 73.26 41.67 29.08 23.82 90.00
1810 73.17 54.24 34.24 25.95 113.66
1811 73.45 45.61 31.34 25.79 92.53
1812 73.28 57.41 37.33 26.33 107.65
1813 73.32 70.72 83.68 22.04 110.47
1814 73.44 27.75 37.60 20.19 61.21
1815 73.46 51.66 29.72 25.90 100.84
1816 73.58 84.05 104.52 15.64 78.61
1817 73.52 30.18 41.64 20.17 70.45
1818 73.63 39.62 63.04 23.85 81.38
1819 73.60 86.99 79.19 11.55 31.36
1820 73.60 15.07 20.88 12.02 33.05
1821 73.65 64.02 38.41 25.21 108.49
1822 73.73 49.50 31.23 26.73 93.59
1823 73.74 73.94 65.48 18.61 120.30
1824 73.67 23.32 37.20 17.80 55.69
1825 73.78 59.79 33.51 27.56 103.42
1826 73.89 17.89 25.63 13.56 39.79
1827 73.82 37.60 69.95 25.92 82.81
1828 73.97 55.76 31.55 25.59 96.70
1829 73.91 12.49 18.46 9.61 18.98
1830 74.06 81.76 91.94 14.41 86.16
1831 74.02 32.60 84.48 22.56 70.61
1832 74.11 35.44 120.67 24.83 61.76
1833 74.02 43.23 83.12 25.37 85.67
1834 74.07 66.60 33.23 23.68 93.47
1835 74.17 47.25 93.10 27.40 84.91
1836 74.23 25.26 74.60 18.10 51.45
1837 74.20 77.26 72.28 17.80 115.58
1838 74.18 53.58 59.49 25.73 85.10
1839 74.19 68.87 35.47 22.55 96.44
1840 74.36 61.88 31.19 24.49 87.44
1841 74.47 20.72 72.02 14.89 34.22
1842 74.30 70.91 37.54 20.80 98.68
1843 74.49 40.96 147.71 25.15 59.64
1844 74.52 79.77 70.40 16.74 100.19
1845 74.51 28.77 126.47 20.67 40.78
1846 74.47 58.00 30.87 25.38 97.49
1847 74.65 51.39 137.42 26.78 72.78
1848 74.66 44.98 146.51 26.46 58.17
1849 74.62 64.57 27.28 21.97 93.78
1850 74.75 14.49 56.99 11.50 22.72
1851 74.83 38.61 142.37 25.75 56.08
1852 74.96 31.04 141.42 23.40 52.24
1853 74.88 49.15 153.54 26.53 57.63
1854 74.91 60.11 29.76 24.12 76.61
1855 74.99 83.94 67.30 13.53 53.40
1856 75.08 17.49 72.41 13.88 29.79
1857 75.18 26.57 141.18 19.33 36.22
1858 74.96 55.91 45.42 26.36 78.00
1859 74.89 74.16 36.97 21.78 108.68
1860 75.08 33.92 170.59 22.78 41.94
1861 75.17 36.58 164.29 22.71 47.69
1862 75.21 42.65 165.16 24.43 53.90
1863 75.21 76.27 42.65 18.40 104.67
1864 75.29 53.48 147.40 27.62 60.50
1865 75.25 67.57 26.76 20.98 73.36
1866 75.47 24.23 121.90 16.94 30.65
1867 75.39 62.66 30.88 23.17 79.77
1868 75.31 69.76 26.12 22.08 82.81
1869 75.45 46.77 174.38 28.80 54.56
1870 75.42 72.22 27.68 20.70 90.25
1871 75.46 81.34 61.07 14.05 82.92
1872 75.68 65.26 31.55 23.32 75.22
1873 75.50 78.81 47.91 14.98 75.96
1874 75.66 20.54 112.06 15.23 27.08
1875 75.64 58.10 101.42 25.77 68.35
1876 75.71 40.12 173.84 23.53 41.77
1877 75.81 51.15 189.49 27.59 45.89
1878 75.95 14.68 78.15 12.06 18.60
1879 75.91 28.72 158.58 20.09 30.10
1880 75.78 60.55 92.08 25.33 64.21
1881 75.94 44.61 178.73 25.56 45.15
1882 75.94 48.53 192.11 28.24 50.39
1883 76.05 55.60 173.22 25.58 50.54
1884 75.95 32.93 159.07 22.24 32.02
1885 76.13 74.33 24.55 20.00 88.30
1886 76.21 35.53 154.14 23.77 27.20
1887 76.30 17.37 103.77 14.23 22.40
1888 76.29 37.81 176.91 24.57 36.41
1889 76.20 77.29 25.70 16.27 69.03
1890 76.32 83.48 47.48 13.65 62.89
1891 76.34 26.38 145.13 19.16 24.06
1892 76.52 30.67 140.23 22.41 29.98
1893 76.35 42.28 187.92 24.94 41.62
1894 76.41 69.51 30.72 22.47 63.17
1895 76.45 71.75 22.64 20.26 66.09
1896 76.56 53.39 194.14 27.03 43.63
1897 76.56 62.27 128.15 24.21 51.40
1898 76.56 66.22 68.72 22.71 52.79
1899 76.57 22.97 137.48 15.97 20.99
1900 76.51 80.20 22.62 13.82 49.47
1901 76.46 25.10 139.22 16.83 16.61
1902 76.82 46.87 179.36 27.33 41.96
1903 76.80 59.60 190.92 26.03 42.57
1904 76.77 57.47 190.58 25.53 37.48
1905 76.78 49.75 190.98 26.95 35.66
1906 76.85 39.86 164.33 22.26 30.91
1907 76.86 20.57 126.26 14.57 20.02
1908 76.91 32.88 157.53 22.21 25.03
1909 77.18 76.25 21.24 17.67 59.24
1910 77.20 51.74 186.16 26.74 29.71
1911 77.18 27.88 157.57 19.59 21.77
1912 77.12 44.54 175.12 25.75 40.61
1913 77.18 78.48 19.11 14.82 60.50
1914 77.30 73.80 22.40 17.08 63.14
1915 77.25 19.22 124.08 13.78 17.55
1916 77.34 55.64 187.28 27.92 37.23
1917 77.36 35.29 140.44 21.90 21.54
1918 77.42 82.57 19.28 12.33 40.90
1919 77.47 37.73 143.00 23.26 19.29
1920 77.42 42.09 173.65 26.77 30.69
1921 77.56 66.74 148.15 23.25 44.88
1922 77.45 24.96 118.76 16.45 16.20
1923 77.39 70.88 39.72 20.16 52.28
1924 77.59 63.49 171.11 23.90 37.77
1925 77.77 31.05 145.33 20.45 18.25
1926 77.91 22.01 133.76 15.72 14.81
1927 77.76 60.94 196.65 24.25 35.99
1928 77.89 53.76 194.82 28.62 26.83
1929 77.81 49.12 157.27 28.00 29.19
1930 78.15 80.71 16.73 14.12 43.13
1931 77.89 58.17 185.94 26.35 33.40
1932 77.97 46.52 160.62 26.49 28.81
1933 77.98 68.53 139.92 21.68 37.89
1934 78.02 39.75 140.38 23.95 19.54
1935 78.19 33.60 125.19 24.19 16.49
1936 78.40 25.77 134.44 17.24 13.59
1937 78.28 44.00 163.73 25.21 21.70
1938 78.31 72.23 85.55 18.45 45.07
1939 78.32 76.41 25.74 17.18 56.86
1940 78.37 51.32 161.48 24.79 22.40
1941 78.39 35.78 122.45 22.03 14.85
1942 78.44 19.50 116.29 14.65 12.45
1943 78.38 28.61 132.51 20.10 15.27
1944 78.53 41.84 141.83 25.98 21.65
1945 78.51 56.22 170.36 24.05 24.69
1946 78.51 62.14 195.37 24.17 34.67
1947 78.76 38.02 116.35 22.68 14.89
1948 78.69 64.69 188.07 23.84 35.10
1949 78.79 69.68 152.09 20.30 35.20
1950 78.82 60.17 180.42 23.68 22.51
1951 78.83 48.74 147.76 25.29 20.62
1952 79.03 22.77 105.18 15.57 10.37
1953 78.99 45.81 144.71 24.63 20.68
1954 79.14 17.88 85.35 13.00 9.16
1955 78.93 53.97 173.93 24.20 19.30
1956 79.12 31.11 110.79 19.77 13.08
1957 79.09 67.52 159.74 20.57 33.00
1958 79.16 78.89 21.93 16.07 52.62
1959 79.16 58.01 154.92 24.48 21.84
1960 79.30 40.44 118.77 22.99 15.49
1961 79.38 73.11 151.06 19.03 35.98
1962 79.30 33.91 108.38 19.59 12.75
1963 79.41 51.48 142.58 25.77 18.96
1964 79.55 81.40 17.38 13.91 38.04
1965 79.58 20.26 65.48 13.73 9.22
1966 79.37 28.16 88.57 17.16 11.36
1967 79.55 43.12 116.47 23.98 16.70
1968 79.44 62.63 164.74 21.81 24.68
1969 79.79 25.13 88.88 15.49 11.10
1970 79.64 36.39 99.69 21.90 11.85
1971 79.74 76.08 114.28 17.57 34.99
1972 79.65 65.78 175.52 21.73 29.92
1973 79.79 47.32 112.61 24.36 17.03
1974 79.85 55.89 152.23 26.73 18.61
1975 79.97 49.67 115.39 26.89 14.72
1976 80.07 70.72 167.51 19.84 28.86
1977 79.97 45.18 101.79 22.21 13.07
1978 79.90 60.11 151.30 24.24 19.10
1979 79.96 53.46 133.56 24.48 17.37
1980 80.10 38.63 88.91 22.16 12.17
1981 80.13 22.56 63.41 13.71 8.53
1982 80.23 67.99 173.09 20.99 23.43
1983 80.27 31.75 76.49 20.05 10.40
1984 80.37 64.36 175.23 21.97 20.48
1985 80.22 57.91 128.21 23.62 17.33
1986 80.26 29.55 67.74 17.20 9.63
1987 80.33 78.25 93.66 14.93 29.05
1988 80.42 41.12 80.71 22.36 12.48
1989 80.41 27.20 66.81 16.34 9.39
1990 80.78 19.30 38.24 12.82 6.56
1991 80.52 34.73 59.64 19.58 10.28
1992 80.63 62.02 152.22 23.39 17.56
1993 80.70 51.67 126.93 24.39 14.86
1994 80.66 73.71 155.24 18.52 24.66
1995 80.69 20.86 43.50 13.86 7.45
1996 80.90 81.29 75.14 12.11 21.41
1997 80.83 43.72 70.89 21.84 12.29
1998 80.92 48.45 87.98 24.15 13.15
1999 80.88 46.30 80.28 22.13 12.43
2000 80.93 54.32 119.17 23.20 14.22
2001 80.94 37.02 49.39 21.82 10.86
2002 81.09 76.11 125.19 14.72 20.19
2003 81.40 66.70 147.46 20.09 16.37
2004 81.09 56.64 102.43 23.61 13.70
2005 81.15 69.94 163.71 20.27 20.96
2006 81.37 23.04 40.53 13.66 7.72
2007 81.17 59.27 106.08 22.70 14.78
2008 81.25 39.19 57.44 21.50 11.11
2009 81.35 32.70 52.38 19.22 9.34
2010 81.58 26.13 51.16 16.20 7.84
2011 81.55 28.62 51.87 17.77 7.78
2012 81.54 41.68 54.87 21.25 11.16
2013 81.67 79.06 125.67 15.11 20.07
2014 81.54 72.31 155.76 17.85 20.75
2015 81.68 30.63 49.96 16.69 9.12
2016 81.59 50.12 71.83 21.38 12.08
2017 81.59 63.72 122.80 21.55 14.41
2018 81.69 35.24 31.35 19.47 8.57
2019 81.80 52.57 90.48 22.77 12.30
2020 81.94 45.88 51.74 22.30 10.65
2021 81.89 61.37 107.61 23.93 13.61
2022 82.12 74.51 142.90 17.19 17.52
2023 82.03 43.81 38.22 23.35 11.37
2024 82.00 55.14 84.84 23.31 12.19
2025 82.23 37.28 34.33 19.73 9.38
2026 82.16 48.23 46.58 20.48 10.93
2027 82.18 57.72 78.34 20.79 12.15
2028 82.22 19.90 20.93 12.95 6.34
2029 82.40 70.27 123.55 18.52 15.49
2030 82.37 40.08 38.78 22.54 9.45
2031 82.50 66.06 109.48 19.96 13.79
2032 82.52 24.00 26.66 15.36 7.15
2033 82.47 32.55 30.03 18.00 7.94
2034 82.54 59.81 87.89 20.75 10.54
2035 82.67 77.11 129.36 15.59 16.73
2036 82.68 63.41 90.33 21.37 11.21
2037 82.43 28.27 31.38 17.85 7.69
2038 82.62 50.94 53.28 22.09 10.40
2039 82.84 42.21 38.55 21.57 9.42
2040 82.90 34.85 22.67 18.43 8.40
2041 82.88 53.46 55.42 22.81 9.59
2042 82.75 27.08 26.44 14.44 6.97
2043 82.91 29.87 25.60 17.38 7.75
2044 82.88 72.55 89.73 17.92 13.84
2045 82.93 79.97 87.53 12.40 10.12
2046 82.89 21.40 20.32 13.78 5.86
2047 83.13 44.42 36.10 22.37 10.15
2048 83.11 56.01 52.21 21.41 10.08
2049 83.17 61.66 75.26 19.32 10.43
2050 83.34 38.51 30.02 20.00 8.46
2051 83.29 49.30 33.79 20.06 10.59
2052 83.36 74.62 76.51 15.02 11.57
2053 83.37 58.42 48.70 19.18 9.73
2054 83.46 70.10 77.51 18.48 11.41
2055 83.49 25.44 20.17 15.36 7.34
2056 83.49 32.06 21.40 18.14 7.28
2057 83.79 27.87 22.00 14.98 6.95
2058 83.67 40.95 25.33 19.25 8.73
2059 83.92 66.06 56.05 18.89 9.61
2060 83.75 22.64 16.08 13.41 6.28
2061 83.75 51.63 29.20 21.75 9.11
2062 83.82 77.49 68.56 12.61 8.59
2063 83.94 54.13 40.92 22.00 9.79
2064 84.04 45.50 25.40 20.35 8.40
2065 84.13 60.83 48.90 20.93 8.71
2066 84.09 47.99 25.66 22.68 10.04
2067 84.07 34.31 21.67 18.01 7.86
2068 84.08 72.29 62.41 17.05 11.12
2069 84.09 36.66 18.98 21.07 6.95
2070 84.17 43.31 24.75 20.04 7.96
2071 84.19 56.67 31.74 20.39 9.49
2072 84.40 31.06 19.34 17.39 7.11
2073 84.48 39.11 21.14 19.31 7.75
2074 84.43 50.24 26.06 20.36 9.13
2075 84.47 74.32 48.63 14.39 8.04
2076 84.72 41.43 21.01 18.93 8.32
2077 84.93 76.50 48.60 13.25 7.23
2078 84.79 25.36 14.96 14.61 5.72
2079 84.82 70.31 46.27 17.60 8.40
2080 84.84 23.23 12.18 14.84 5.91
2081 84.85 52.62 27.22 21.22 8.25
2082 84.92 64.82 31.84 18.39 9.15
2083 84.97 46.86 24.56 22.25 8.46
2084 84.96 32.06 19.24 17.21 6.62
2085 85.08 54.92 24.47 20.84 8.85
2086 84.91 33.33 18.67 20.67 8.11
2087 85.10 34.60 17.67 19.48 6.25
2088 85.38 48.99 23.57 19.75 7.72
2089 85.39 72.16 31.92 13.98 7.70
2090 85.23 61.75 28.13 17.89 9.42
2091 85.31 57.40 23.91 21.00 8.11
2092 85.44 51.21 25.62 20.78 8.16
2093 85.29 74.07 35.72 12.79 6.24
2094 85.37 27.77 16.02 14.83 5.62
2095 85.83 40.44 17.95 19.07 7.22
2096 85.79 42.96 18.09 19.80 7.68
2097 85.92 25.12 12.48 14.03 5.75
2098 85.95 32.17 14.40 17.43 5.87
2099 85.79 63.35 23.83 18.17 8.07
2100 85.83 34.73 13.86 19.33 6.05
2101 85.90 59.90 24.11 19.55 8.08
2102 86.08 29.45 14.56 15.64 5.75
2103 86.08 47.09 21.31 19.85 7.66
2104 85.95 75.07 30.78 13.40 7.04
2105 86.13 53.92 21.72 21.43 7.43
2106 86.01 36.11 12.96 18.75 7.64
2107 86.16 64.87 22.13 18.23 8.68
2108 86.29 66.70 24.40 17.00 7.05
2109 86.27 61.69 25.02 18.30 7.68
2110 86.16 37.82 13.73 19.24 7.00
2111 86.18 58.40 24.81 19.03 7.69
2112 86.45 27.32 13.39 14.23 5.16
2113 86.45 51.56 20.74 21.51 7.58
2114 86.63 49.28 21.09 20.60 6.63
2115 86.81 73.34 24.14 13.51 6.58
2116 86.74 45.32 18.26 20.03 6.36
2117 87.01 43.05 16.93 20.34 6.44
2118 86.74 41.02 18.52 18.00 6.68
2119 87.10 31.05 13.92 16.00 5.70
2120 87.07 36.51 14.56 18.16 6.09
2121 86.95 34.61 15.31 17.89 6.00
2122 87.22 25.99 12.14 14.38 5.30
2123 87.15 60.48 21.82 19.78 7.20
2124 87.26 57.93 22.55 18.91 7.48
2125 87.15 55.44 22.58 18.50 6.78
2126 87.22 64.26 21.01 17.50 6.78
2127 87.29 67.74 19.34 18.94 6.64
2128 87.65 33.64 14.36 16.61 5.77
2129 87.28 39.46 15.93 18.52 5.84
2130 87.48 53.75 19.13 20.46 7.13
2131 87.48 24.23 10.68 13.33 5.28
2132 87.56 47.14 16.57 21.33 6.49
2133 87.38 51.61 18.74 21.23 8.63
2134 87.56 29.17 12.62 14.95 4.74
2135 87.87 44.85 14.83 19.79 6.74
2136 88.02 55.97 18.45 18.20 5.90
2137 87.69 62.24 18.56 18.44 6.78
2138 88.08 49.56 16.67 20.23 6.75
2139 88.16 27.75 11.60 16.81 4.98
2140 88.34 59.39 18.23 18.30 6.84
2141 88.38 41.42 14.51 18.46 5.46
2142 88.52 61.72 18.26 16.97 5.93
2143 88.43 52.50 16.45 18.59 6.80
2144 88.70 63.71 18.43 16.82 6.73
2145 88.69 54.55 14.76 17.62 5.93
2146 88.86 46.24 14.31 20.48 6.61
2147 88.63 48.26 15.50 20.50 6.00
2148 88.75 68.48 17.42 14.91 6.03
2149 89.07 50.92 13.70 20.04 6.48
2150 89.11 36.52 11.03 22.58 5.81
2151 89.44 26.93 9.50 21.35 4.75
2152 89.47 33.42 11.81 23.30 4.77
2153 89.34 37.86 11.69 23.60 5.93
2154 89.22 57.65 14.67 18.85 5.17
2155 89.51 48.56 13.84 24.30 5.88
2156 89.54 53.68 15.70 20.02 6.13
2157 89.29 60.62 17.38 17.88 6.25
2158 89.54 66.93 15.55 15.38 5.65
2159 89.67 69.03 12.76 15.69 5.74
2160 89.70 64.48 15.60 16.11 5.28
2161 89.67 39.46 11.07 20.07 6.54
2162 89.85 55.75 14.21 20.43 6.32
2163 90.33 29.05 9.88 25.97 5.20
2164 90.13 46.14 14.31 28.58 6.08
2165 90.31 51.04 13.80 32.53 5.65
2166 90.37 43.71 13.15 38.12 6.01
2167 90.16 60.51 16.43 18.34 5.50
2168 90.23 62.52 16.21 18.05 4.93
2169 90.21 32.04 12.43 26.17 4.68
2170 90.33 36.11 11.65 36.95 6.10
2171 90.54 39.03 13.08 26.83 4.93
2172 90.52 66.91 12.58 14.89 5.31
2173 90.74 54.02 13.28 30.59 5.59
2174 90.69 40.62 12.50 30.47 5.72
2175 90.88 48.21 13.45 33.83 5.74
2176 90.98 33.44 10.70 30.27 4.16
2177 91.09 56.65 13.31 29.48 5.51
2178 91.41 31.26 10.43 35.95 5.05
2179 91.43 59.67 12.81 28.32 5.51
2180 91.46 37.65 11.24 29.46 4.96
2181 91.51 62.87 13.79 19.30 4.78
2182 91.32 45.72 12.50 26.10 5.30
2183 91.61 51.74 13.41 32.43 4.90
2184 91.64 65.26 11.84 15.00 4.79
2185 91.56 34.63 11.08 32.28 5.72
2186 91.95 42.79 11.35 42.15 5.49
2187 92.04 39.93 12.62 30.95 5.20
2188 92.00 54.33 13.15 35.65 5.78
2189 92.05 48.90 12.41 40.69 6.05
2190 91.89 45.83 12.80 26.29 5.00
2191 92.54 36.20 11.53 36.78 4.80
2192 92.50 61.58 11.36 24.59 4.83
2193 92.10 63.91 10.43 19.86 6.86
2194 92.64 33.17 10.29 37.59 4.22
2195 92.80 51.56 12.90 40.04 4.88
2196 93.12 44.35 11.67 43.78 4.84
2197 93.07 47.11 10.94 45.28 6.04
2198 93.55 41.54 11.23 42.52 5.09
2199 93.33 54.57 11.79 29.99 4.96
2200 93.40 38.83 10.74 38.69 4.26
2201 93.44 59.72 11.30 25.60 4.88
2202 93.86 56.87 11.44 27.05 5.04
2203 93.71 62.20 11.45 26.31 4.62
2204 93.89 35.04 9.73 40.82 4.73
2205 94.02 49.26 11.54 34.94 4.71
2206 93.90 51.59 11.46 29.49 4.08
2207 94.43 46.07 10.74 36.91 5.15
2208 94.54 37.31 10.29 41.60 4.32
2209 94.57 54.21 10.40 37.06 4.74
2210 94.47 59.19 11.11 27.18 4.45
2211 94.87 43.19 10.80 38.10 4.54
2212 95.07 40.29 10.86 38.11 4.95
2213 95.27 51.39 11.29 40.55 4.62
2214 94.84 60.43 11.04 27.27 5.58
2215 95.39 48.36 10.76 36.03 4.82
2216 95.97 45.15 10.61 43.83 4.43
2217 95.71 56.45 11.30 24.83 4.23
2218 96.49 42.31 10.74 37.78 3.89
2219 96.16 53.84 10.16 33.73 4.67
2220 96.83 47.52 10.01 42.48 4.14
2221 97.02 50.29 9.69 29.49 4.02
2222 97.15 53.01 9.70 27.34 4.53
2223 97.72 44.76 9.15 33.56 3.97

