#<Embryo name> <Cleavage cycle> <Temporal class> <Genes>
rge9 14A 8 even-skipped Kruppel giant

#Quantitative data
#<Nucleus number> <A-P coordinate> <D-V coordinate> <Fluorescence intensity: channel 1 - eve, channel 2 - Kr, channel 3 - gt>
0 2.61 46.42 7.35 17.80 6.27
1 3.18 49.91 8.28 18.92 5.62
2 3.18 44.43 7.93 20.79 10.10
3 3.79 41.66 9.00 21.52 16.03
4 4.35 47.48 9.62 19.62 10.56
5 4.31 39.20 10.34 23.75 29.42
6 4.45 42.53 9.60 23.24 17.99
7 4.36 50.34 8.74 19.26 9.11
8 4.90 53.32 9.74 19.37 6.30
9 5.13 44.75 8.60 21.89 21.87
10 5.54 37.98 9.81 20.39 35.98
11 5.66 41.53 10.45 22.44 36.04
12 5.90 47.56 10.96 22.47 29.37
13 5.89 55.85 9.94 20.80 5.85
14 5.99 50.67 10.44 26.40 11.60
15 6.40 53.50 10.36 24.64 7.26
16 6.65 44.91 11.13 24.51 30.94
17 6.86 39.99 11.54 26.25 56.90
18 6.82 57.88 9.60 23.47 6.01
19 7.12 37.71 10.59 26.48 51.92
20 7.18 42.73 11.40 25.77 49.75
21 7.21 34.71 10.31 24.21 57.00
22 7.08 49.04 12.64 26.81 27.34
23 7.43 55.73 11.06 22.76 6.13
24 7.27 47.21 11.38 23.82 37.74
25 7.64 52.21 10.58 30.30 11.34
26 7.94 32.45 10.11 28.33 49.72
27 7.78 58.98 10.00 24.05 6.42
28 7.44 60.92 10.38 22.50 5.50
29 8.00 47.08 10.81 29.58 40.58
30 8.44 44.96 12.38 28.94 50.95
31 8.31 39.77 10.74 26.75 62.20
32 8.55 36.96 11.55 30.82 60.73
33 8.67 42.36 11.94 29.00 61.15
34 8.64 49.85 12.00 29.27 27.31
35 8.55 54.15 11.65 28.22 8.92
36 8.78 56.95 11.12 23.94 6.84
37 8.94 34.57 12.28 32.61 50.08
38 9.31 64.20 9.06 17.59 5.40
39 9.43 31.82 10.76 30.37 25.66
40 9.34 47.20 12.31 28.66 42.44
41 9.56 59.50 10.35 22.25 6.10
42 9.73 29.54 10.48 32.37 17.55
43 9.75 40.57 11.92 31.09 54.67
44 9.95 51.11 13.23 33.33 22.97
45 9.96 43.72 13.12 31.92 48.40
46 9.96 37.47 11.79 38.33 40.46
47 10.03 53.80 12.58 30.58 9.46
48 10.05 56.63 11.00 25.72 7.44
49 10.17 61.94 10.59 20.09 6.06
50 10.27 27.05 10.72 30.18 9.39
51 10.03 33.68 12.48 35.95 32.98
52 10.53 48.85 13.00 31.12 43.09
53 10.39 34.94 12.04 35.80 26.89
54 10.69 46.05 12.77 35.70 52.59
55 10.66 66.45 9.71 17.04 6.13
56 11.06 31.86 12.15 36.35 10.50
57 11.10 39.59 13.05 35.97 42.85
58 11.03 29.26 10.37 35.12 9.64
59 11.12 42.18 14.23 36.91 40.48
60 11.23 64.09 10.86 20.11 6.66
61 11.32 59.90 11.63 24.16 7.81
62 11.30 52.54 14.06 34.01 10.36
63 11.41 57.61 13.20 27.91 7.95
64 11.26 36.93 13.57 38.35 19.96
65 11.39 55.23 13.49 30.14 9.14
66 11.58 34.47 12.43 38.90 12.01
67 11.68 26.68 10.96 31.59 7.50
68 11.96 44.61 14.73 44.66 37.45
69 11.74 50.13 12.98 35.28 18.22
70 12.05 47.57 13.44 43.68 26.77
71 12.11 62.10 11.72 22.73 7.62
72 12.41 29.10 11.82 39.10 8.86
73 12.44 39.00 14.42 41.28 16.70
74 12.57 31.24 12.89 37.67 9.43
75 12.55 41.90 13.65 45.29 17.91
76 12.64 36.51 14.34 42.85 11.36
77 12.78 52.45 14.61 37.40 10.71
78 12.78 33.63 12.56 39.48 9.91
79 12.74 58.32 14.12 25.66 9.30
80 12.86 64.28 10.80 20.65 11.72
81 12.78 55.38 13.78 32.26 9.22
82 13.02 26.64 10.44 29.52 7.69
83 13.02 49.85 13.79 39.06 13.25
84 12.87 24.04 8.49 24.93 6.69
85 13.17 61.23 12.15 23.47 9.97
86 13.35 44.60 15.17 52.47 15.13
87 13.42 47.15 15.69 52.99 15.17
88 13.74 40.39 15.90 48.67 12.38
89 13.81 29.40 12.25 35.49 9.27
90 13.99 66.12 11.39 18.65 36.24
91 13.87 69.05 10.29 14.32 26.35
92 13.90 37.63 14.60 45.38 11.58
93 14.04 24.86 10.54 35.50 8.92
94 13.89 56.50 13.70 28.18 10.59
95 13.73 58.76 14.21 26.06 11.09
96 14.16 22.36 8.88 27.16 7.75
97 14.16 32.23 13.43 43.63 10.82
98 14.02 34.93 14.40 46.07 11.80
99 14.20 71.43 9.86 12.88 31.95
100 14.17 43.09 16.01 52.02 11.40
101 14.14 53.89 14.06 35.35 11.77
102 14.28 63.01 12.34 23.10 25.66
103 14.39 49.31 15.11 44.57 12.41
104 14.51 51.66 15.50 42.20 13.21
105 14.86 27.48 12.22 38.99 12.68
106 14.36 59.21 13.13 26.42 12.03
107 14.86 47.00 15.24 48.23 12.99
108 14.76 72.69 9.00 11.63 28.48
109 15.11 39.40 14.65 49.92 14.82
110 15.07 68.15 11.57 16.22 48.62
111 15.31 30.55 14.58 45.50 13.01
112 15.24 36.14 16.00 47.87 14.41
113 15.33 42.00 15.91 53.08 14.95
114 15.20 55.39 16.19 34.76 12.58
115 15.20 58.00 14.57 30.44 14.76
116 15.49 22.03 10.19 28.73 12.55
117 15.50 44.74 16.40 51.38 14.99
118 15.49 64.81 13.20 20.09 37.40
119 15.57 33.58 14.63 42.66 15.03
120 15.27 60.64 13.00 23.62 25.81
121 15.86 70.16 11.41 13.97 43.30
122 15.78 25.36 12.23 35.65 14.05
123 15.83 53.16 16.61 40.32 15.11
124 15.66 50.30 17.43 37.21 16.55
125 16.15 62.23 14.47 22.44 43.28
126 15.79 67.10 10.33 15.61 51.28
127 16.02 72.58 10.51 11.60 29.26
128 16.26 37.94 17.19 57.66 20.90
129 16.19 47.37 16.38 55.40 20.17
130 16.32 28.52 13.01 41.99 25.08
131 16.41 56.72 14.81 34.72 16.07
132 16.39 59.53 14.77 27.02 22.32
133 16.64 40.69 16.43 54.57 24.04
134 16.75 43.19 16.64 52.05 28.12
135 16.72 31.22 14.08 45.44 22.48
136 16.99 75.14 9.44 11.91 14.64
137 16.70 21.15 10.33 25.59 21.72
138 16.98 36.12 16.38 46.03 30.39
139 16.94 67.20 11.82 18.08 48.23
140 16.80 73.07 10.49 12.12 23.94
141 17.10 64.28 13.86 22.07 42.58
142 17.06 23.72 12.25 33.76 29.67
143 17.02 33.84 15.90 48.66 30.92
144 17.09 45.61 18.42 60.06 32.20
145 17.10 51.82 16.85 50.32 22.13
146 17.31 54.78 16.09 38.21 18.72
147 17.33 26.73 14.03 39.66 36.17
148 17.35 48.62 18.07 51.55 31.67
149 17.46 70.31 11.29 15.57 30.42
150 17.53 60.95 14.74 24.81 30.51
151 17.52 38.79 17.75 48.94 46.71
152 17.72 58.01 15.89 28.37 25.35
153 18.02 41.24 16.96 42.92 94.08
154 17.94 20.69 10.64 24.53 59.08
155 18.04 29.48 14.36 36.57 66.57
156 17.81 72.81 11.90 15.29 19.00
157 18.08 32.21 14.73 37.23 70.65
158 18.07 44.31 17.73 49.16 72.51
159 18.16 50.54 17.15 50.26 42.74
160 18.36 34.91 16.82 39.42 91.34
161 18.39 53.64 18.17 40.17 27.13
162 18.33 25.10 13.47 36.21 78.75
163 18.36 62.65 14.46 23.99 29.54
164 18.53 65.28 13.83 21.12 38.02
165 18.48 68.33 12.89 18.90 30.65
166 18.52 37.70 16.63 45.02 96.56
167 18.53 46.71 16.88 42.37 89.52
168 18.32 74.07 11.41 13.78 14.51
169 18.46 76.18 10.63 13.83 11.26
170 18.79 56.43 17.48 34.40 22.75
171 18.78 17.93 9.69 19.83 83.76
172 18.59 70.90 13.22 17.24 20.93
173 19.01 23.00 11.86 28.43 95.55
174 18.84 59.81 16.08 26.14 23.63
175 19.05 27.74 14.41 32.47 109.14
176 19.07 42.85 18.23 42.77 132.88
177 19.27 49.13 18.96 41.40 80.00
178 18.94 77.75 9.58 13.00 10.34
179 19.30 51.80 19.27 41.37 53.35
180 19.33 31.32 16.03 32.12 134.17
181 19.48 40.55 19.04 40.62 152.65
182 19.51 20.43 10.83 22.99 110.31
183 19.44 74.21 11.07 14.49 14.51
184 19.32 71.38 13.90 16.33 17.96
185 19.82 33.88 17.45 33.91 155.88
186 19.86 44.72 17.92 34.07 150.83
187 19.78 36.13 18.57 40.23 155.91
188 19.60 62.26 14.98 26.25 21.86
189 19.65 66.86 14.08 21.66 24.06
190 19.63 54.11 19.08 34.73 37.58
191 19.55 78.85 9.78 12.30 8.83
192 19.92 38.42 18.15 35.83 167.24
193 19.96 46.76 18.42 35.42 121.33
194 20.03 25.95 13.24 28.49 129.93
195 20.03 57.74 16.09 29.40 24.51
196 20.06 69.46 14.38 18.38 19.80
197 19.97 76.77 10.26 13.94 10.53
198 20.29 29.70 15.74 30.83 144.46
199 20.12 60.20 16.62 27.52 26.62
200 20.38 18.09 10.43 18.81 90.61
201 20.57 71.72 13.12 19.26 15.94
202 20.58 23.49 12.93 25.53 135.35
203 20.59 42.50 18.57 35.70 162.57
204 20.70 50.93 18.32 33.70 82.93
205 20.61 55.46 19.10 34.50 34.06
206 20.72 48.64 19.53 34.16 121.37
207 20.77 78.87 10.36 13.83 10.17
208 20.87 53.11 19.59 33.13 55.88
209 21.05 32.25 16.80 32.27 171.38
210 21.00 67.06 15.54 23.14 20.31
211 21.06 40.06 19.81 34.61 177.60
212 21.00 20.80 12.59 23.38 129.37
213 20.93 62.35 16.12 26.40 21.85
214 21.23 28.22 15.41 29.92 159.75
215 21.06 37.31 18.11 35.29 174.70
216 21.29 73.88 12.19 16.74 14.44
217 20.90 76.93 12.78 15.78 10.33
218 21.38 34.77 17.48 33.25 175.99
219 21.41 44.58 19.93 32.54 163.16
220 21.48 46.77 20.39 32.88 142.08
221 21.54 56.67 19.02 30.60 34.49
222 21.36 59.53 18.91 30.38 24.77
223 21.57 16.97 11.08 19.11 92.92
224 21.58 69.35 15.06 21.48 19.39
225 21.68 64.64 17.49 25.99 25.16
226 21.79 25.95 14.91 28.90 148.23
227 22.04 30.53 16.91 30.74 168.67
228 21.93 41.99 17.91 35.27 174.32
229 22.09 23.08 13.66 25.69 130.24
230 22.11 49.26 19.87 33.77 87.32
231 22.02 54.12 20.21 32.23 48.64
232 21.77 72.38 13.06 19.00 14.47
233 22.16 51.60 19.57 32.56 71.99
234 22.31 20.13 12.48 22.04 107.54
235 22.21 62.35 17.71 29.59 23.82
236 22.28 36.99 18.32 35.16 171.81
237 22.38 71.43 14.92 21.02 17.70
238 22.41 39.44 21.44 37.09 181.54
239 22.46 58.01 20.67 30.40 33.20
240 22.45 66.88 16.05 23.66 20.89
241 22.61 32.95 17.45 32.07 166.10
242 22.27 80.07 11.35 12.48 11.40
243 22.52 73.88 15.46 18.18 16.90
244 22.73 76.54 13.31 16.29 16.20
245 22.78 14.98 9.45 16.50 54.03
246 22.72 60.25 20.60 29.33 30.07
247 22.87 28.77 16.89 28.86 155.40
248 22.71 44.01 19.89 34.82 147.68
249 22.64 46.75 20.68 34.94 116.42
250 22.97 55.77 20.41 33.55 44.62
251 23.00 17.87 12.44 20.27 86.10
252 23.07 35.35 18.40 33.87 158.17
253 23.09 25.60 15.57 28.45 139.43
254 23.05 64.51 17.83 28.71 26.08
255 23.27 53.26 20.68 32.94 53.00
256 23.39 78.70 12.19 14.39 18.11
257 23.21 41.45 20.41 35.12 164.26
258 23.35 51.00 21.14 33.92 73.98
259 23.50 48.62 20.08 34.00 83.51
260 23.60 23.02 14.32 25.75 95.63
261 23.57 72.28 15.74 20.31 21.17
262 23.70 31.47 17.46 32.33 155.76
263 23.70 38.88 21.02 35.49 161.28
264 23.68 45.66 22.54 34.03 112.13
265 23.76 61.34 20.08 29.52 32.65
266 23.84 66.62 17.80 24.81 25.48
267 23.84 20.18 12.47 22.81 83.57
268 23.81 57.94 20.89 30.41 36.99
269 23.86 75.35 14.00 16.97 22.79
270 23.97 63.71 20.97 28.28 36.89
271 23.99 27.52 16.99 28.67 125.90
272 24.05 43.06 21.66 36.75 123.08
273 24.23 34.12 20.01 33.50 136.59
274 24.21 36.73 21.18 34.59 142.80
275 24.16 81.41 11.15 13.05 18.86
276 24.28 14.32 10.72 17.07 51.52
277 24.24 17.08 11.73 19.76 67.58
278 24.14 55.11 22.06 32.61 50.04
279 24.13 69.42 18.12 24.73 27.39
280 24.46 52.58 22.10 35.64 59.77
281 24.64 83.95 9.22 11.84 15.11
282 24.54 47.63 23.15 34.96 91.24
283 24.58 50.13 22.52 34.75 67.93
284 24.64 40.71 22.83 34.90 124.24
285 24.72 25.02 15.88 27.41 97.04
286 24.72 30.00 19.02 31.57 118.90
287 24.72 59.13 22.27 32.07 44.59
288 24.58 78.60 14.38 15.51 24.48
289 24.65 72.49 16.10 20.90 27.30
290 24.84 44.92 23.77 35.79 98.19
291 24.94 22.17 15.36 25.77 77.88
292 24.93 61.78 22.17 28.73 39.28
293 25.04 64.64 23.14 27.58 38.27
294 25.01 67.11 19.28 24.74 35.84
295 24.99 75.74 16.22 17.77 30.81
296 25.15 38.52 20.90 36.63 120.31
297 25.08 56.43 23.21 32.96 52.78
298 25.23 32.75 20.07 35.51 115.73
299 25.26 19.40 13.48 22.84 73.43
300 25.24 69.56 19.91 23.81 42.91
301 25.36 27.35 16.75 29.96 103.38
302 25.37 42.53 22.76 35.52 103.73
303 25.51 16.24 12.98 19.43 60.71
304 25.48 35.77 21.54 36.01 110.76
305 25.42 53.98 23.49 33.43 59.63
306 25.62 13.37 12.12 17.28 47.65
307 25.57 73.57 20.86 20.02 37.14
308 25.69 51.53 24.96 34.99 66.72
309 25.60 82.25 12.96 13.69 25.69
310 25.58 46.79 22.36 36.67 84.62
311 25.66 79.23 16.65 15.90 38.17
312 25.73 49.37 23.12 36.12 80.13
313 25.86 57.88 26.28 36.21 54.81
314 26.07 60.16 28.84 31.41 53.13
315 25.98 71.53 20.76 21.82 51.83
316 26.47 84.01 18.28 12.50 27.92
317 26.02 29.46 17.91 31.48 90.70
318 26.00 24.55 17.43 28.39 77.76
319 25.99 40.61 24.56 37.31 97.88
320 25.97 44.25 22.55 37.21 89.95
321 26.00 62.75 27.25 29.82 50.83
322 26.19 65.36 25.86 28.58 54.22
323 26.23 67.73 26.51 28.54 58.19
324 26.23 21.74 16.03 26.06 75.22
325 26.37 31.76 20.12 33.84 94.29
326 26.28 38.28 22.23 34.95 101.48
327 26.34 55.58 27.27 35.23 61.60
328 26.37 18.64 14.55 21.98 67.13
329 26.44 34.06 23.26 35.30 108.62
330 26.50 76.36 28.39 17.77 58.70
331 26.61 26.90 18.41 30.88 89.37
332 26.58 48.06 25.61 39.44 90.73
333 26.62 53.01 28.25 35.78 69.78
334 26.66 69.54 33.74 23.19 67.55
335 26.65 45.76 24.98 37.21 82.76
336 26.79 36.37 24.03 35.94 97.78
337 26.84 42.71 25.32 37.32 93.20
338 26.83 15.20 14.96 19.68 60.71
339 26.88 12.36 15.74 17.28 47.81
340 26.88 73.49 27.98 20.28 64.84
341 26.87 78.97 31.72 16.80 56.89
342 26.94 50.52 28.63 37.21 78.92
343 27.06 81.04 28.49 15.72 59.69
344 26.94 57.87 33.38 33.68 68.52
345 27.04 63.65 39.31 31.07 72.61
346 26.99 60.74 44.00 32.27 71.33
347 27.17 23.98 18.68 29.30 74.67
348 27.14 39.98 24.67 37.44 104.97
349 27.26 29.83 21.30 33.10 97.04
350 27.39 17.83 18.34 22.12 71.49
351 27.39 21.08 18.14 26.23 77.53
352 27.32 65.70 46.12 29.76 83.26
353 27.37 55.12 32.74 36.41 79.13
354 27.49 70.88 93.18 24.38 80.45
355 27.46 67.65 105.64 27.30 85.95
356 27.81 86.02 35.90 11.92 47.73
357 27.58 32.45 23.57 34.35 98.89
358 27.52 48.31 28.84 36.65 89.65
359 27.67 34.96 23.44 34.24 101.31
360 27.58 45.36 25.91 35.58 91.72
361 27.73 62.00 145.13 32.08 82.84
362 27.67 27.22 21.31 32.11 91.33
363 27.78 37.70 24.17 34.43 102.13
364 27.70 52.66 38.80 34.71 95.68
365 27.87 76.92 50.42 19.09 91.97
366 27.75 59.29 92.18 33.32 98.04
367 27.92 41.92 28.31 37.84 108.92
368 27.98 73.96 58.47 21.98 91.70
369 27.96 13.84 25.37 18.36 72.11
370 27.89 57.03 55.10 34.05 97.25
371 28.02 82.77 43.26 14.85 58.98
372 28.19 25.25 23.77 30.88 93.67
373 28.08 50.51 43.74 37.70 108.09
374 28.33 43.70 31.31 36.83 111.97
375 28.17 39.79 28.13 37.21 120.71
376 28.32 64.20 190.33 33.67 107.64
377 28.41 68.99 166.07 26.88 127.29
378 28.40 29.29 25.57 33.09 97.09
379 28.29 54.64 66.94 39.50 111.38
380 28.47 16.55 34.85 20.15 82.67
381 28.42 22.79 24.83 28.30 85.78
382 28.63 79.04 65.96 18.79 100.27
383 28.62 66.61 175.62 31.76 108.17
384 28.45 19.66 30.07 25.38 84.36
385 28.46 45.89 38.04 39.32 122.28
386 28.43 47.86 47.64 37.16 127.23
387 28.61 31.48 26.65 34.89 98.18
388 28.64 60.72 204.89 36.61 123.76
389 28.68 33.84 28.59 34.79 108.26
390 28.72 36.09 29.79 36.33 110.22
391 28.86 58.36 198.78 35.88 118.20
392 28.78 71.50 139.58 26.57 131.36
393 28.74 52.56 146.67 37.15 133.64
394 28.98 27.24 32.26 32.15 107.79
395 29.02 56.29 189.13 37.35 117.87
396 29.02 38.36 36.05 37.98 119.48
397 29.11 88.31 17.61 10.99 14.56
398 29.19 84.61 48.34 14.68 75.54
399 29.06 41.04 34.11 35.47 123.96
400 29.06 49.16 115.64 41.26 145.90
401 29.12 74.60 107.62 22.51 125.77
402 29.09 14.20 79.08 20.20 85.58
403 29.38 62.50 190.69 35.42 145.00
404 29.42 50.89 187.05 40.21 146.73
405 29.30 24.64 44.11 30.08 108.04
406 29.35 43.04 50.83 40.64 146.23
407 29.45 80.77 66.46 18.96 103.94
408 29.37 21.38 52.89 28.12 105.77
409 29.42 45.12 63.05 38.75 146.85
410 29.48 46.98 173.85 40.00 153.13
411 29.57 54.57 203.79 40.89 154.12
412 29.41 18.36 92.60 26.19 114.27
413 29.59 64.83 171.44 34.33 148.79
414 29.55 29.71 44.91 34.50 126.56
415 29.55 32.42 49.45 37.47 130.04
416 29.64 69.29 154.53 31.10 148.48
417 29.73 34.75 51.42 36.76 141.91
418 29.95 12.23 111.32 19.79 111.15
419 30.14 16.29 127.43 23.08 120.06
420 29.84 36.93 61.61 38.00 145.80
421 29.89 59.87 195.56 38.36 167.05
422 29.94 71.94 109.84 25.85 165.98
423 29.93 39.80 70.04 38.14 161.16
424 30.09 52.67 200.08 40.39 167.83
425 30.11 66.92 138.22 33.16 148.33
426 30.02 76.37 74.75 24.40 164.64
427 30.11 27.28 100.98 33.15 148.37
428 30.22 41.92 117.92 40.45 188.06
429 30.30 48.68 197.76 39.99 190.77
430 30.26 57.31 183.29 40.88 185.51
431 30.27 22.55 154.44 30.05 140.82
432 30.41 88.46 13.09 11.70 22.38
433 30.38 25.20 170.35 33.25 145.32
434 30.28 44.03 172.18 42.59 181.98
435 30.40 19.69 143.46 29.60 144.53
436 30.52 85.58 27.35 15.57 79.95
437 30.41 31.14 130.69 39.16 186.14
438 30.60 46.49 204.39 42.11 188.21
439 30.66 74.02 66.73 26.95 152.10
440 30.58 79.00 46.47 19.68 113.74
441 30.62 38.23 182.24 39.48 172.73
442 30.61 82.29 32.72 17.36 83.64
443 30.68 28.97 160.69 35.55 172.94
444 30.72 33.22 175.59 38.19 182.92
445 30.56 62.12 123.24 36.73 163.25
446 30.81 50.72 196.26 40.97 201.93
447 30.77 35.35 188.43 40.43 175.54
448 30.78 54.96 182.30 40.14 190.08
449 30.87 64.35 95.37 36.09 156.73
450 30.77 68.94 67.84 31.83 153.06
451 31.01 59.61 130.86 39.08 186.26
452 31.04 40.57 204.25 42.98 210.45
453 31.34 14.96 100.78 22.69 148.68
454 31.19 71.24 49.69 28.68 155.49
455 31.26 11.69 99.24 21.15 140.99
456 31.33 42.66 196.41 45.00 221.73
457 31.27 44.79 211.43 45.61 211.12
458 31.25 76.21 38.62 24.03 110.98
459 31.43 52.68 147.02 43.61 204.48
460 31.31 23.67 179.80 36.16 189.64
461 31.54 89.97 11.47 11.04 11.01
462 31.46 66.42 56.03 33.96 146.73
463 31.45 18.03 117.87 27.52 159.04
464 31.49 20.92 156.78 33.28 180.35
465 31.56 26.40 169.69 36.56 193.02
466 31.54 57.30 122.10 40.67 193.36
467 31.61 80.59 26.71 20.97 91.69
468 31.44 37.09 201.72 42.15 217.83
469 31.51 48.87 190.86 46.15 219.20
470 31.53 31.15 193.19 39.19 205.62
471 31.67 61.92 61.07 37.70 160.06
472 31.73 28.75 169.79 38.35 201.68
473 31.85 83.83 21.37 17.69 56.37
474 31.66 86.87 16.53 14.58 28.23
475 31.84 39.46 198.07 45.11 226.66
476 32.00 33.31 172.53 41.39 211.71
477 31.91 46.62 172.19 45.32 223.08
478 31.95 55.04 128.34 42.95 203.03
479 31.96 68.61 41.29 32.85 134.35
480 32.20 77.94 28.07 24.35 86.36
481 32.17 73.16 30.49 26.93 119.53
482 32.14 35.28 172.62 40.47 216.80
483 32.13 64.16 47.14 36.30 142.03
484 32.12 59.52 63.86 38.65 180.56
485 32.35 50.62 124.62 43.64 205.42
486 32.32 88.92 20.86 14.09 20.87
487 32.36 41.62 162.97 47.44 225.08
488 32.34 23.47 150.42 34.92 191.40
489 32.35 44.04 159.25 45.47 237.72
490 32.45 70.68 31.76 29.53 118.67
491 32.42 12.35 71.30 22.05 140.67
492 32.43 37.39 174.69 45.53 236.69
493 32.50 75.45 32.77 27.81 106.84
494 32.50 52.93 96.80 43.05 202.62
495 32.68 18.02 86.67 30.13 170.58
496 32.66 30.25 144.52 37.46 208.48
497 32.71 66.61 31.66 32.89 101.06
498 32.64 14.70 69.40 24.45 150.91
499 32.67 20.94 109.62 32.15 192.19
500 32.72 48.35 123.99 42.61 219.94
501 32.85 25.66 122.88 36.19 208.45
502 32.86 27.91 145.40 38.58 213.46
503 32.79 57.27 62.35 42.57 178.45
504 32.81 61.82 42.40 39.63 134.88
505 32.81 80.40 30.21 21.76 52.65
506 32.75 86.02 28.19 16.73 34.67
507 32.97 39.23 148.04 40.95 231.00
508 32.99 45.91 137.32 43.67 227.30
509 33.09 32.45 130.51 41.56 217.89
510 33.17 9.93 31.53 18.84 109.73
511 33.16 54.78 55.64 42.47 179.47
512 33.16 83.06 48.06 20.34 33.69
513 33.35 34.66 124.89 41.62 226.84
514 33.29 59.43 40.82 37.95 139.69
515 33.27 64.42 34.34 36.73 107.76
516 33.39 68.89 34.62 33.59 89.83
517 33.23 15.74 54.29 25.95 149.53
518 33.40 43.21 113.95 47.41 230.22
519 33.66 88.58 80.84 17.01 15.42
520 33.47 36.83 124.78 42.76 222.30
521 33.46 40.93 114.57 44.08 233.49
522 33.52 52.07 62.69 44.28 195.88
523 33.54 71.34 31.93 32.06 79.93
524 33.42 73.74 36.77 28.51 72.68
525 33.59 23.51 82.78 34.45 192.28
526 33.67 49.96 70.41 44.29 208.81
527 33.50 76.63 69.55 27.65 60.67
528 33.78 12.75 34.07 23.35 131.04
529 33.83 20.61 57.97 33.72 177.01
530 33.79 30.63 97.19 38.60 211.30
531 33.86 47.72 68.23 44.70 209.54
532 33.95 62.56 31.38 40.06 102.88
533 33.95 78.93 103.62 25.15 31.51
534 34.03 17.92 38.11 29.36 152.54
535 33.94 56.35 35.44 42.48 144.65
536 34.07 26.22 60.40 38.95 198.01
537 34.01 45.41 66.61 45.00 215.48
538 33.99 66.80 33.95 35.75 85.36
539 34.13 84.74 103.13 23.92 18.23
540 34.12 28.54 68.47 41.04 208.88
541 34.26 60.45 32.23 40.32 107.93
542 34.30 39.20 57.91 43.98 209.72
543 34.30 32.89 59.12 39.80 209.72
544 34.37 15.49 30.16 27.67 134.03
545 34.35 53.98 39.21 44.91 154.69
546 34.36 74.29 118.06 32.56 43.81
547 34.53 81.88 129.84 24.69 18.99
548 34.48 41.41 52.22 44.81 215.69
549 34.58 58.13 33.58 41.69 111.32
550 34.58 64.70 34.70 39.11 76.73
551 34.48 37.07 64.27 42.75 221.92
552 34.53 43.40 55.78 44.65 216.11
553 34.56 10.60 21.76 21.53 111.00
554 34.66 71.39 104.72 34.15 41.04
555 34.67 22.54 41.27 37.11 182.50
556 34.74 35.12 49.76 44.55 210.86
557 34.72 51.71 37.70 45.77 166.92
558 34.59 68.99 50.75 38.18 60.50
559 34.90 49.53 40.13 45.66 178.78
560 35.04 76.52 134.86 28.18 23.54
561 35.06 24.82 34.79 35.38 165.97
562 34.95 47.15 37.49 43.96 167.54
563 35.00 30.67 41.88 39.26 191.49
564 35.10 19.76 29.44 31.95 140.51
565 35.21 13.67 22.87 25.28 107.29
566 35.19 44.77 38.35 45.45 187.35
567 35.16 55.75 34.94 43.77 113.56
568 35.10 62.47 39.05 42.58 75.38
569 35.03 66.73 46.25 40.73 61.70
570 35.26 27.33 38.64 36.25 174.40
571 35.30 86.48 123.98 23.18 12.94
572 35.37 79.38 141.84 31.79 20.17
573 35.46 60.10 38.54 45.56 79.64
574 35.56 16.96 22.87 29.32 111.40
575 35.45 33.32 35.93 41.61 189.31
576 35.47 37.69 38.29 43.74 194.16
577 35.55 39.82 37.60 47.62 195.00
578 35.50 53.30 35.94 46.43 132.79
579 35.52 42.08 35.14 45.26 176.54
580 35.55 73.59 168.31 36.28 31.36
581 35.68 68.71 140.98 37.05 36.05
582 35.84 83.00 124.49 28.63 13.15
583 35.84 57.87 37.18 43.23 92.77
584 35.92 71.09 176.86 39.94 26.33
585 35.96 11.38 19.14 23.65 93.56
586 35.80 22.12 26.92 34.05 143.40
587 35.90 29.17 33.95 41.62 166.12
588 35.93 64.00 95.17 42.83 45.75
589 35.93 48.54 35.88 46.30 144.58
590 35.97 46.15 34.60 47.55 169.31
591 35.98 50.99 36.62 46.09 135.84
592 36.02 66.20 136.78 43.04 37.50
593 36.06 35.92 32.49 46.76 172.31
594 36.27 31.38 30.39 41.57 150.19
595 36.21 24.70 26.97 38.71 133.31
596 36.15 61.58 67.67 46.85 59.48
597 36.32 43.43 36.69 46.76 157.73
598 36.15 55.42 46.11 47.53 90.02
599 36.37 19.55 25.43 33.28 115.29
600 36.46 77.88 155.24 38.96 15.65
601 36.36 91.16 41.96 19.02 5.87
602 36.40 88.54 81.90 26.17 7.75
603 36.49 75.04 155.99 41.89 17.89
604 36.53 27.13 32.36 39.68 128.30
605 36.51 14.16 20.81 27.25 78.49
606 36.55 33.79 31.73 44.42 151.83
607 36.58 38.50 34.05 44.13 153.24
608 36.61 40.96 32.69 46.98 149.84
609 36.55 52.90 42.55 47.54 104.45
610 36.72 16.92 23.12 30.67 92.66
611 36.52 59.40 64.94 47.85 66.15
612 36.67 80.53 134.90 39.25 13.58
613 36.72 85.16 106.31 30.93 9.54
614 36.84 9.41 25.87 21.96 65.39
615 36.89 67.62 189.96 51.03 30.00
616 36.90 47.08 38.98 48.76 113.84
617 36.92 49.44 43.15 49.67 100.31
618 36.96 22.26 28.48 37.38 106.67
619 36.97 57.09 129.64 49.92 56.51
620 37.11 72.73 167.00 52.71 18.97
621 37.08 44.97 39.89 48.98 130.41
622 37.08 70.07 181.36 48.01 21.14
623 37.05 29.49 38.64 42.53 113.49
624 37.11 62.21 169.15 47.78 31.36
625 37.05 54.50 89.54 49.65 73.97
626 37.30 35.63 35.78 46.01 116.51
627 37.23 65.04 187.77 51.97 29.23
628 37.06 83.17 103.70 35.60 10.80
629 37.28 25.06 33.04 40.54 98.56
630 37.25 51.19 62.64 51.30 86.82
631 37.36 42.76 43.37 51.98 124.07
632 37.46 32.68 35.00 43.05 106.47
633 37.50 59.59 190.55 53.49 35.25
634 37.48 92.21 24.98 21.17 4.63
635 37.49 11.99 38.96 27.85 53.29
636 37.65 81.90 86.51 40.78 10.09
637 37.62 89.83 58.41 30.91 6.10
638 37.58 14.83 31.74 29.42 58.61
639 37.55 38.01 40.22 49.55 136.98
640 37.92 8.16 65.43 24.60 31.13
641 37.59 19.88 34.48 35.01 76.76
642 37.59 76.26 127.44 52.40 14.18
643 37.62 40.49 41.92 49.88 121.33
644 37.80 52.82 180.38 52.58 50.84
645 37.77 86.95 81.35 39.59 8.80
646 37.72 27.46 52.71 46.34 85.84
647 37.96 79.16 102.19 54.42 11.77
648 37.84 17.39 45.54 34.37 63.19
649 37.75 47.36 94.58 56.08 96.42
650 38.00 55.30 186.08 57.19 38.47
651 37.93 30.44 65.85 45.52 101.02
652 38.04 49.32 166.00 50.97 54.75
653 37.94 68.15 167.54 62.27 19.59
654 38.26 57.58 201.34 61.73 32.93
655 38.03 22.65 59.86 43.47 72.35
656 38.02 45.19 102.98 52.76 87.74
657 38.24 63.67 182.00 59.30 22.77
658 38.21 70.94 131.79 64.02 15.15
659 38.15 84.52 69.52 51.74 8.98
660 38.30 74.06 122.77 60.58 13.55
661 38.24 24.88 87.35 44.92 62.27
662 38.34 61.48 186.92 62.40 23.40
663 38.58 12.62 112.61 30.61 29.95
664 38.27 34.34 64.26 52.06 91.91
665 38.37 36.71 84.10 51.08 87.27
666 38.29 43.07 119.26 54.35 85.96
667 38.46 66.01 159.14 64.35 20.63
668 38.64 28.75 132.54 48.49 55.73
669 38.60 31.75 123.10 51.43 62.05
670 38.65 51.14 201.82 60.16 34.69
671 38.90 10.74 102.02 29.68 24.34
672 38.80 18.72 108.68 39.55 39.55
673 38.77 21.06 125.52 41.35 43.16
674 38.69 41.25 149.34 55.60 70.57
675 38.72 47.26 190.38 54.52 50.38
676 38.89 59.65 174.66 71.38 23.18
677 38.78 77.26 80.59 73.79 11.39
678 38.80 90.49 45.22 40.56 6.73
679 39.01 16.08 112.95 37.26 28.01
680 38.94 26.59 128.01 49.27 47.04
681 38.95 53.53 192.33 62.37 31.81
682 39.01 68.34 126.82 74.74 16.91
683 39.12 87.28 55.20 63.12 7.67
684 39.09 45.14 193.83 54.77 45.20
685 39.12 80.36 66.32 72.75 10.01
686 39.16 72.77 100.92 83.00 12.84
687 39.24 55.81 195.97 72.62 25.20
688 39.20 23.51 149.10 45.75 38.88
689 39.34 33.26 165.09 55.10 44.83
690 39.32 35.63 178.37 54.89 46.71
691 39.30 39.63 185.78 59.75 54.20
692 39.64 37.66 186.21 57.83 41.64
693 39.47 43.25 189.00 63.13 41.11
694 39.42 49.31 193.92 69.03 34.24
695 39.42 62.39 137.44 80.49 16.81
696 39.43 64.52 133.34 76.51 17.16
697 39.49 70.55 110.60 91.97 13.60
698 39.51 7.30 89.91 27.28 13.28
699 39.47 8.89 103.74 33.64 15.94
700 39.53 30.25 166.63 55.63 37.00
701 39.53 57.87 157.04 78.15 21.56
702 39.58 75.15 84.95 98.78 11.68
703 39.80 66.68 118.65 92.83 15.70
704 39.77 83.43 43.08 76.86 8.49
705 39.71 51.90 161.74 70.88 26.16
706 40.09 90.65 27.64 60.22 6.39
707 39.89 13.62 123.60 38.58 19.14
708 39.88 47.20 200.60 67.48 33.78
709 39.58 81.67 49.00 80.83 8.17
710 39.94 25.84 177.19 57.15 30.28
711 40.02 21.08 150.13 49.31 24.29
712 40.02 41.49 185.37 66.42 37.13
713 40.03 78.10 52.53 92.60 11.12
714 40.05 18.41 135.54 48.14 23.13
715 40.01 60.46 142.98 87.52 19.33
716 40.08 94.01 10.23 26.08 2.94
717 40.21 28.27 161.72 53.73 27.07
718 40.03 54.13 153.42 85.71 21.29
719 40.25 10.73 107.64 38.44 13.70
720 40.31 69.01 73.88 117.41 14.33
721 40.37 86.18 38.10 85.45 7.69
722 40.41 23.71 164.83 60.44 23.04
723 40.42 45.17 186.74 77.27 28.67
724 40.33 72.38 60.70 114.79 13.23
725 40.45 50.33 170.54 88.07 19.89
726 40.58 16.20 118.88 51.94 17.35
727 40.47 33.08 171.36 63.19 30.05
728 40.55 80.54 38.00 99.01 10.16
729 40.61 35.48 165.11 67.51 26.71
730 40.61 56.29 127.68 103.27 17.66
731 40.54 58.37 150.88 100.46 17.33
732 40.60 7.27 89.63 38.15 8.90
733 40.61 30.55 164.52 69.00 25.31
734 40.55 39.58 163.82 71.43 29.10
735 40.56 65.05 105.73 124.46 16.07
736 40.64 62.77 97.00 112.79 17.29
737 40.78 43.20 162.33 77.37 24.82
738 40.86 48.49 159.62 90.43 22.14
739 40.75 75.48 46.29 114.50 10.46
740 40.81 52.20 148.82 98.27 20.12
741 41.00 37.61 171.11 72.61 26.65
742 41.12 67.20 54.43 140.78 15.00
743 41.26 92.83 17.25 57.72 5.36
744 41.03 26.59 138.50 72.77 20.11
745 41.22 19.66 108.17 64.06 15.06
746 41.22 22.05 143.56 65.45 18.00
747 41.12 46.59 142.36 85.23 19.89
748 41.10 54.28 129.96 124.67 18.43
749 41.14 60.21 111.00 143.00 17.60
750 41.22 83.22 34.97 98.57 8.67
751 41.35 9.95 84.64 51.12 9.94
752 41.22 13.69 94.41 56.97 12.34
753 41.32 70.21 54.84 155.96 13.26
754 41.33 41.65 141.77 90.31 21.04
755 41.44 77.69 36.39 126.01 10.66
756 41.38 72.80 46.19 140.74 11.88
757 41.53 87.19 29.38 95.29 7.69
758 41.59 90.17 22.56 83.25 6.56
759 41.57 24.40 145.65 68.58 14.83
760 41.65 28.90 125.03 77.44 17.90
761 41.63 17.33 96.15 73.77 12.47
762 41.58 33.85 144.61 87.39 19.68
763 41.62 31.49 134.99 79.13 17.36
764 41.60 50.49 116.02 115.96 16.59
765 41.64 64.56 54.45 148.99 15.39
766 41.70 39.51 153.24 93.82 18.15
767 41.68 57.87 86.14 154.55 16.45
768 41.74 44.30 131.27 108.50 18.25
769 41.78 62.02 67.49 152.31 16.48
770 41.75 80.11 34.51 111.18 10.06
771 41.86 35.97 134.88 96.75 17.93
772 41.99 6.67 65.23 51.70 7.87
773 41.90 52.98 105.08 145.38 16.52
774 41.89 55.61 83.28 147.93 16.41
775 41.99 75.12 38.35 133.26 11.11
776 42.03 8.13 60.95 60.62 7.49
777 42.09 48.85 100.28 142.20 19.69
778 42.07 46.59 117.88 134.93 16.97
779 42.10 68.11 45.53 167.95 13.65
780 42.17 26.65 117.24 88.16 15.03
781 42.27 59.92 58.30 161.83 16.07
782 42.30 13.03 67.50 74.70 9.73
783 42.38 21.73 85.78 96.90 12.94
784 42.48 15.89 66.03 82.10 10.14
785 42.32 41.86 112.56 120.29 18.31
786 42.48 19.40 77.60 106.00 12.32
787 42.58 37.60 97.16 125.81 17.25
788 42.54 84.84 38.27 105.26 8.21
789 42.55 70.23 45.52 168.70 13.27
790 42.49 72.51 53.59 156.00 13.44
791 42.61 66.06 47.94 172.16 14.66
792 42.55 82.09 50.94 119.11 8.80
793 42.62 63.05 48.48 171.98 13.90
794 42.76 10.34 50.63 77.16 7.68
795 42.68 23.88 94.42 96.77 12.39
796 42.61 30.54 106.69 100.98 14.57
797 42.68 33.09 101.19 111.68 16.30
798 42.60 51.73 70.20 162.41 16.29
799 42.83 43.71 99.24 139.18 16.59
800 42.66 56.62 61.45 173.12 16.33
801 42.81 88.40 35.35 112.11 6.92
802 42.82 39.76 85.90 132.53 15.83
803 42.86 77.10 48.08 135.85 10.57
804 42.91 54.23 60.25 169.84 14.52
805 43.23 6.82 34.14 74.88 6.53
806 43.10 35.20 83.54 122.78 15.59
807 43.11 28.47 83.95 118.33 13.94
808 42.97 45.88 83.37 155.16 17.14
809 43.03 48.09 64.96 158.77 16.25
810 43.05 58.58 49.93 179.18 16.35
811 43.16 50.16 60.98 167.67 16.45
812 43.12 79.53 77.10 131.92 10.17
813 43.19 74.34 85.56 161.06 11.84
814 43.28 25.88 63.19 119.69 13.29
815 43.30 61.03 46.56 194.29 15.12
816 43.30 68.24 53.23 172.88 14.61
817 43.34 64.45 47.49 190.62 15.40
818 43.47 18.22 41.49 114.97 10.32
819 43.43 41.59 73.24 157.71 16.38
820 43.51 13.11 45.80 97.55 8.61
821 43.55 71.09 94.00 173.18 12.31
822 43.59 15.75 44.61 118.98 9.33
823 43.66 20.76 48.12 123.28 10.94
824 43.59 83.62 99.22 126.30 8.88
825 43.59 52.44 52.39 186.31 15.35
826 43.63 56.57 49.85 191.58 14.21
827 43.75 23.40 53.88 133.25 11.77
828 43.74 30.71 68.09 143.56 14.15
829 43.77 36.99 67.33 141.13 15.05
830 43.72 92.35 77.75 78.43 6.70
831 43.83 39.13 63.42 163.26 15.36
832 43.87 44.74 58.93 175.34 15.75
833 43.89 89.68 117.77 107.52 7.00
834 43.92 33.18 59.28 142.25 14.39
835 44.04 10.29 32.56 106.51 7.17
836 43.94 46.87 48.85 174.96 14.34
837 43.99 54.53 57.13 189.54 16.00
838 44.08 66.06 62.63 180.70 14.38
839 44.12 80.75 148.13 127.20 9.42
840 44.06 62.96 54.98 187.54 15.02
841 43.93 87.20 106.78 120.39 8.59
842 44.10 27.17 50.52 144.92 13.90
843 44.08 48.98 51.37 183.27 15.40
844 44.08 58.99 55.65 195.88 15.10
845 44.13 75.86 170.17 148.56 10.82
846 44.21 42.80 53.60 176.48 15.36
847 44.23 85.71 114.43 122.49 8.62
848 44.20 73.13 164.29 164.01 12.01
849 44.38 50.83 50.12 191.58 15.48
850 44.37 69.09 112.37 190.61 14.07
851 44.50 35.16 51.03 160.67 14.59
852 44.67 78.08 187.85 141.70 9.99
853 44.53 60.84 84.85 202.33 14.96
854 44.55 14.79 32.13 124.56 8.70
855 44.58 17.45 31.56 137.22 9.03
856 44.60 40.44 50.40 173.10 16.33
857 44.66 24.95 40.21 143.36 11.86
858 44.67 29.26 42.34 157.69 13.70
859 44.59 57.05 71.94 205.29 14.44
860 44.63 22.30 37.04 139.90 10.26
861 44.66 52.80 63.33 208.06 15.85
862 44.84 71.16 198.62 189.00 12.58
863 44.90 83.24 144.48 120.00 8.73
864 45.03 92.69 119.06 92.05 6.18
865 44.95 31.55 42.07 164.85 13.29
866 44.80 37.56 51.48 177.45 15.22
867 45.00 12.72 28.79 129.59 8.01
868 45.05 20.17 36.06 149.44 9.15
869 44.87 45.38 47.98 192.65 13.88
870 44.91 47.71 51.18 200.63 15.39
871 45.01 67.12 127.25 201.57 14.86
872 45.06 87.80 163.38 112.36 7.82
873 45.03 55.03 93.10 209.69 14.85
874 45.07 63.04 153.50 204.50 14.95
875 45.28 10.08 24.00 126.06 6.97
876 45.34 33.68 40.90 172.76 13.67
877 45.27 43.31 55.81 197.08 16.64
878 45.25 58.98 163.92 211.71 15.85
879 45.37 65.06 172.41 198.59 14.82
880 45.28 27.29 39.51 163.48 12.47
881 45.40 49.57 72.56 208.48 16.44
882 45.39 73.47 207.13 168.19 11.17
883 45.48 75.84 191.43 152.52 10.30
884 45.54 80.26 182.46 127.61 9.61
885 45.50 4.95 21.59 95.38 5.48
886 45.49 41.16 63.41 197.84 15.71
887 45.49 68.89 191.62 198.67 13.75
888 45.51 51.40 81.89 203.86 13.98
889 45.62 22.68 44.58 162.52 10.58
890 45.71 15.39 34.34 139.30 8.51
891 45.65 18.19 38.86 160.97 9.23
892 45.65 35.97 47.89 186.17 14.09
893 45.72 38.46 49.29 180.42 14.13
894 45.65 53.25 157.79 218.12 15.37
895 45.64 56.84 182.32 213.40 15.44
896 45.65 60.83 215.15 208.57 15.72
897 45.98 85.29 161.37 119.24 8.36
898 45.71 46.53 75.98 210.20 15.12
899 45.82 7.42 28.28 130.56 6.71
900 45.81 25.09 48.25 174.31 11.65
901 45.88 29.76 52.62 179.54 12.74
902 46.00 70.74 216.70 190.70 13.12
903 46.08 44.54 92.44 209.68 15.64
904 46.29 77.99 171.26 151.17 10.21
905 46.15 54.73 213.20 215.24 16.26
906 46.15 67.32 203.44 199.14 13.80
907 46.23 82.45 164.39 123.51 8.79
908 46.21 31.91 57.25 184.29 13.46
909 46.15 62.90 215.52 203.13 14.95
910 46.32 89.01 151.62 110.93 6.87
911 46.28 48.26 149.76 210.49 16.10
912 46.28 11.76 40.11 141.05 7.68
913 46.28 13.20 49.48 140.60 7.52
914 46.34 20.33 76.50 171.63 9.73
915 46.36 58.40 214.00 214.12 15.52
916 46.39 92.26 114.34 87.27 6.38
917 46.32 27.69 68.53 182.47 12.56
918 46.37 40.00 85.39 203.29 15.12
919 46.43 42.34 139.60 204.98 15.27
920 46.51 9.67 48.79 137.00 7.16
921 46.57 34.08 80.10 196.22 13.83
922 46.58 50.16 202.91 213.50 16.15
923 46.60 65.14 199.84 201.05 13.41
924 46.53 72.95 210.80 186.23 13.07
925 46.57 52.25 205.23 219.73 16.17
926 46.65 17.18 96.14 156.04 7.94
927 46.66 36.19 109.12 197.31 14.81
928 46.69 60.50 213.73 207.83 15.52
929 46.66 23.05 115.08 171.67 10.48
930 46.82 75.48 172.72 162.99 11.24
931 46.75 56.21 221.88 210.69 14.47
932 46.80 46.26 203.60 206.14 15.74
933 46.93 5.09 67.84 105.75 5.52
934 46.95 14.71 81.82 152.01 7.99
935 47.00 38.20 106.82 202.08 13.53
936 47.04 7.33 82.39 134.10 6.03
937 46.90 25.57 114.66 185.36 11.20
938 46.99 69.97 171.51 194.19 13.38
939 47.11 80.52 117.80 146.46 9.78
940 47.11 30.11 146.52 191.10 13.05
941 47.19 44.09 212.42 213.36 15.77
942 47.27 86.85 115.93 111.33 7.43
943 47.20 62.94 207.11 204.48 14.76
944 47.23 54.06 217.26 215.67 15.78
945 47.26 67.26 162.35 198.03 13.92
946 47.37 32.27 179.67 190.92 14.02
947 47.37 21.22 159.08 176.34 10.69
948 47.37 27.92 167.22 188.07 12.64
949 47.39 83.75 116.35 129.50 8.33
950 47.45 11.35 118.50 142.57 7.19
951 47.47 18.65 142.85 175.71 8.53
952 47.35 40.22 192.31 212.22 14.43
953 47.47 48.04 195.23 213.65 14.89
954 47.48 93.59 52.00 78.42 5.86
955 47.53 42.28 220.53 207.53 14.88
956 47.46 58.72 195.02 211.13 14.80
957 47.58 52.04 201.65 220.92 15.83
958 47.53 72.92 131.56 174.72 10.92
959 47.65 78.17 104.27 155.20 10.68
960 47.56 90.54 92.60 107.47 6.56
961 47.70 23.76 172.78 181.93 10.90
962 47.73 34.46 175.88 201.18 14.07
963 47.67 50.02 202.42 215.08 14.48
964 47.72 36.53 192.75 200.92 13.94
965 47.67 56.41 188.66 212.55 14.45
966 47.77 64.93 145.49 207.08 13.80
967 47.73 61.03 155.02 207.96 14.36
968 47.81 45.82 219.46 217.16 14.70
969 47.99 13.62 133.24 155.77 7.76
970 48.01 16.19 141.22 164.90 8.81
971 48.00 69.19 143.12 197.53 13.98
972 48.04 75.73 122.16 161.98 10.33
973 48.01 8.40 114.12 142.25 6.83
974 48.01 26.11 176.00 186.97 10.82
975 48.32 71.51 116.16 183.29 12.49
976 48.25 54.81 179.89 218.60 16.13
977 48.28 30.71 190.20 196.63 13.03
978 48.31 39.71 186.10 205.93 14.34
979 48.31 81.15 61.35 133.05 8.80
980 48.31 20.04 163.02 180.74 9.55
981 48.37 66.79 123.67 204.46 13.42
982 48.45 88.27 70.42 110.15 7.14
983 48.35 28.70 168.72 185.14 11.33
984 48.45 62.75 93.91 199.16 14.40
985 48.50 44.25 172.10 211.03 14.34
986 48.44 84.40 63.78 119.97 7.78
987 48.54 37.71 181.91 209.52 13.63
988 48.49 52.83 170.64 219.75 14.93
989 48.48 57.71 128.89 207.41 14.09
990 48.49 86.14 61.88 116.72 7.22
991 48.58 22.28 158.92 175.96 10.15
992 48.57 42.07 191.52 211.53 15.03
993 48.54 59.85 98.65 211.54 14.63
994 48.49 94.05 26.44 71.81 5.92
995 48.63 10.66 140.84 157.75 7.54
996 48.59 48.76 152.62 215.42 14.46
997 48.63 32.81 164.47 196.39 13.84
998 48.68 46.75 144.40 216.58 14.90
999 48.67 50.84 128.41 212.80 14.65
1000 48.67 73.98 75.39 176.82 10.96
1001 48.81 17.98 146.94 174.70 9.41
1002 48.93 91.52 41.75 113.34 6.08
1003 48.79 35.58 177.03 205.74 14.77
1004 48.91 77.89 56.41 147.11 10.32
1005 48.98 64.83 90.49 206.77 14.05
1006 48.96 24.63 145.98 184.81 11.31
1007 49.02 26.97 162.16 186.73 11.35
1008 49.07 68.40 82.13 201.17 13.56
1009 49.02 7.72 93.80 141.66 6.46
1010 48.96 13.27 117.63 155.33 8.18
1011 49.22 56.16 88.12 216.98 14.32
1012 49.32 70.53 72.23 187.36 13.73
1013 49.30 15.73 109.72 165.66 8.27
1014 49.27 54.16 101.62 219.76 14.73
1015 49.43 83.29 36.14 124.86 8.08
1016 49.35 40.76 135.43 210.82 14.54
1017 49.39 61.23 74.63 212.37 14.50
1018 49.40 20.32 92.86 180.03 9.71
1019 49.49 80.20 42.31 147.29 9.08
1020 49.47 29.61 121.47 191.91 11.69
1021 49.63 75.66 43.56 163.26 10.26
1022 49.55 38.65 125.21 205.85 14.52
1023 49.53 45.19 112.57 215.06 15.74
1024 49.55 52.13 87.27 215.44 15.29
1025 49.55 58.85 77.84 209.39 14.20
1026 49.60 72.94 47.16 170.94 10.99
1027 49.53 34.08 131.02 196.21 13.19
1028 49.69 42.99 116.29 207.22 13.89
1029 49.60 49.51 90.86 214.06 15.02
1030 49.67 66.64 60.47 204.12 14.21
1031 49.63 86.43 35.05 113.73 6.98
1032 49.69 88.30 27.57 105.59 6.80
1033 49.68 31.70 90.14 193.16 11.95
1034 49.71 63.17 65.87 204.07 14.02
1035 49.74 22.66 105.33 180.95 9.70
1036 49.63 47.38 91.39 214.49 14.73
1037 49.73 10.32 72.56 148.92 6.90
1038 49.85 36.71 105.61 207.10 13.86
1039 49.96 17.92 75.79 169.37 8.32
1040 50.12 93.55 18.89 91.74 6.18
1041 49.98 7.14 45.30 135.49 5.84
1042 49.96 13.19 61.58 158.32 7.65
1043 50.11 24.98 80.20 187.98 10.37
1044 50.01 27.38 93.83 191.79 11.83
1045 50.09 56.98 61.78 211.92 13.80
1046 50.28 69.00 43.75 188.61 12.49
1047 50.27 90.32 22.77 91.98 6.25
1048 50.27 54.49 67.55 211.87 14.53
1049 50.42 78.41 35.12 151.05 9.21
1050 50.46 64.82 53.52 197.55 12.83
1051 50.31 50.77 69.46 215.17 15.96
1052 50.35 40.61 74.32 202.51 14.25
1053 50.35 60.51 54.31 207.00 14.84
1054 50.46 34.86 76.29 199.67 13.29
1055 50.52 71.33 40.23 172.00 10.97
1056 50.55 15.46 54.30 156.99 8.11
1057 50.48 20.29 57.75 172.32 8.54
1058 50.55 84.93 27.86 120.20 7.97
1059 50.61 43.98 72.19 209.91 14.64
1060 50.55 46.12 59.41 210.33 15.89
1061 50.53 81.93 29.18 128.28 8.27
1062 50.66 32.83 62.37 197.93 13.32
1063 50.65 48.22 55.15 206.76 14.67
1064 50.75 38.61 68.25 204.75 14.75
1065 50.80 5.45 24.13 117.24 5.49
1066 50.77 28.97 66.07 195.84 11.70
1067 50.79 30.86 52.05 185.79 12.50
1068 50.73 52.65 57.79 212.60 14.57
1069 50.81 58.55 48.12 202.44 14.98
1070 50.83 73.63 39.55 167.15 11.00
1071 50.72 9.08 36.58 143.89 6.63
1072 50.86 22.52 50.89 177.95 10.15
1073 50.82 62.64 48.76 199.96 13.51
1074 50.83 66.89 44.16 195.70 12.95
1075 50.83 76.06 34.03 154.28 9.84
1076 50.69 10.88 41.00 156.41 6.47
1077 51.04 95.90 10.42 54.25 3.42
1078 50.88 12.36 38.66 150.54 6.36
1079 50.94 87.93 25.99 114.52 8.16
1080 50.98 26.53 57.70 191.54 11.34
1081 51.06 36.55 54.64 203.73 13.98
1082 51.06 41.84 51.58 200.21 14.02
1083 51.03 56.33 47.20 198.56 13.45
1084 51.11 18.22 38.06 168.69 8.67
1085 51.29 24.49 41.39 183.40 10.79
1086 51.20 50.14 54.78 211.46 14.26
1087 51.22 91.43 22.46 91.54 7.02
1088 51.39 60.76 52.33 196.63 14.41
1089 51.44 54.30 53.48 204.40 15.00
1090 51.39 69.21 45.03 177.24 12.53
1091 51.51 80.21 32.21 134.68 8.71
1092 51.63 92.89 17.39 80.36 5.59
1093 51.65 9.11 26.67 142.28 6.51
1094 51.56 20.62 31.78 163.90 9.19
1095 51.56 34.32 48.58 196.30 13.08
1096 51.55 45.99 52.23 197.72 13.98
1097 51.59 64.90 54.66 189.43 13.38
1098 51.56 15.89 37.12 168.17 8.12
1099 51.81 86.25 38.48 110.02 7.76
1100 51.78 39.98 53.85 201.42 13.65
1101 51.69 43.80 56.41 202.95 13.41
1102 51.68 51.93 52.91 197.04 12.70
1103 51.65 71.64 43.91 158.41 12.14
1104 51.72 83.54 32.60 122.90 7.85
1105 51.71 48.29 69.98 198.74 14.51
1106 51.85 13.39 29.70 144.75 7.82
1107 51.77 32.23 53.31 186.54 12.44
1108 51.93 77.56 45.65 145.99 9.66
1109 51.86 27.96 49.64 187.48 11.61
1110 51.86 38.00 53.24 202.33 13.80
1111 51.88 74.90 55.21 151.97 10.04
1112 51.87 58.58 71.35 194.12 14.77
1113 51.96 62.93 67.83 191.00 13.37
1114 51.90 67.09 73.54 173.65 11.94
1115 52.10 89.34 31.98 94.92 6.40
1116 52.01 5.43 21.17 119.04 6.30
1117 52.01 30.08 50.58 180.21 12.21
1118 52.08 56.36 76.05 195.89 14.58
1119 52.17 22.96 39.09 168.55 9.34
1120 52.15 25.90 46.25 181.88 10.86
1121 52.13 41.76 60.54 197.04 14.69
1122 52.13 35.99 48.72 191.65 13.76
1123 52.23 94.70 19.59 64.53 4.23
1124 52.26 18.20 33.66 154.87 8.63
1125 52.37 50.09 126.06 191.17 14.11
1126 52.42 54.13 110.11 199.83 13.77
1127 52.41 60.63 78.25 187.77 13.37
1128 52.44 70.14 94.00 169.11 12.16
1129 52.55 45.18 101.27 186.20 12.91
1130 52.50 47.32 101.48 194.87 12.91
1131 52.55 20.65 47.39 171.28 8.70
1132 52.59 73.09 100.38 154.18 10.73
1133 52.55 15.63 38.72 151.52 8.40
1134 52.63 79.69 78.11 133.61 8.39
1135 52.70 33.77 85.96 182.25 12.74
1136 52.60 52.29 112.37 196.30 13.67
1137 52.66 11.32 48.65 141.96 7.25
1138 52.73 64.89 140.93 164.83 12.53
1139 52.74 82.57 83.31 121.84 7.72
1140 52.75 8.38 36.61 126.14 5.48
1141 52.85 38.45 95.53 189.07 13.91
1142 52.90 43.07 132.54 189.00 13.87
1143 52.90 31.61 130.74 170.20 10.62
1144 52.88 58.08 170.45 178.89 13.04
1145 52.93 75.90 120.03 147.55 9.53
1146 53.00 92.75 47.61 72.95 5.08
1147 52.93 29.08 123.61 172.14 11.84
1148 52.99 40.52 116.48 188.56 12.38
1149 52.91 67.27 152.72 171.22 12.22
1150 53.00 24.38 74.95 175.04 11.41
1151 52.90 86.12 72.88 98.61 6.66
1152 53.06 62.61 164.40 181.54 13.02
1153 53.04 6.05 56.48 115.60 5.64
1154 53.15 26.73 89.05 170.54 10.41
1155 53.07 55.53 177.98 192.52 14.59
1156 53.15 89.88 66.58 96.11 6.05
1157 53.07 35.96 106.43 183.13 12.30
1158 53.29 13.65 75.98 137.17 7.18
1159 53.19 48.84 182.22 188.02 13.57
1160 53.34 19.21 76.71 158.27 8.27
1161 53.35 69.23 175.46 165.78 11.24
1162 53.47 78.11 166.92 123.79 9.20
1163 53.37 51.22 203.43 182.65 13.90
1164 53.39 71.50 172.35 149.31 10.13
1165 53.43 16.74 92.27 155.12 8.16
1166 53.40 46.52 164.58 182.53 12.33
1167 53.40 60.42 162.38 175.44 11.85
1168 53.48 21.97 105.66 167.43 8.98
1169 53.57 53.30 197.16 172.30 12.96
1170 53.61 44.50 174.35 184.69 13.73
1171 53.70 74.00 180.41 128.69 10.21
1172 53.71 80.88 152.83 119.16 8.15
1173 53.70 83.83 128.22 98.20 6.68
1174 53.67 10.49 98.91 127.65 6.31
1175 53.79 56.79 214.23 174.42 12.48
1176 53.85 64.58 202.15 154.13 12.57
1177 53.78 33.43 150.67 163.90 12.02
1178 53.85 37.76 191.07 172.84 13.12
1179 53.86 41.91 188.89 173.95 12.71
1180 53.86 30.80 161.14 154.80 11.16
1181 53.97 67.10 197.02 155.73 12.00
1182 53.90 7.62 90.85 119.61 6.21
1183 53.91 28.51 138.83 164.55 10.98
1184 54.00 58.65 215.18 166.04 11.98
1185 53.99 86.94 125.62 87.51 6.62
1186 54.04 4.98 92.73 102.80 4.92
1187 54.07 39.82 202.04 170.07 13.34
1188 54.00 23.96 148.98 155.04 9.54
1189 54.06 35.55 190.34 165.98 12.81
1190 54.16 54.96 218.81 160.78 14.03
1191 54.24 93.57 83.22 52.99 5.14
1192 54.11 50.09 210.44 158.46 13.30
1193 54.11 62.39 201.19 157.70 12.09
1194 54.22 47.77 205.73 166.75 12.70
1195 54.24 26.32 142.76 151.97 9.92
1196 54.42 76.51 188.54 118.38 8.91
1197 54.27 90.71 118.58 72.80 5.94
1198 54.21 20.09 136.13 148.30 8.79
1199 54.41 17.58 139.81 134.18 7.70
1200 54.37 69.81 202.89 139.36 11.08
1201 54.39 15.10 120.24 126.02 7.68
1202 54.64 96.19 49.10 34.94 3.08
1203 54.53 45.72 206.74 152.34 12.31
1204 54.55 72.12 189.74 127.34 9.46
1205 54.41 12.86 119.14 124.76 6.60
1206 54.51 60.35 216.44 155.19 13.21
1207 54.58 43.47 188.71 158.11 13.36
1208 54.66 51.98 187.92 147.79 12.69
1209 54.64 78.98 177.88 104.40 7.68
1210 54.78 21.75 157.16 135.43 9.13
1211 54.75 32.00 165.63 147.52 11.37
1212 54.68 8.85 122.78 105.51 5.82
1213 54.86 81.77 160.78 88.89 7.09
1214 54.92 66.06 186.76 135.71 11.02
1215 54.85 29.24 145.98 142.95 10.80
1216 54.88 34.23 160.02 144.67 11.48
1217 54.97 36.50 189.40 154.59 12.35
1218 54.90 74.45 194.02 121.89 9.80
1219 54.98 38.74 189.27 146.56 11.92
1220 54.91 53.99 199.49 156.44 12.62
1221 54.94 57.09 209.19 144.09 12.22
1222 55.01 84.74 151.87 83.49 7.35
1223 54.96 6.14 105.48 94.12 5.35
1224 54.99 24.32 154.63 137.36 9.54
1225 55.09 40.94 191.00 154.00 12.48
1226 55.10 64.12 194.84 144.54 12.07
1227 55.04 49.48 186.06 143.10 12.86
1228 55.15 88.16 139.54 69.39 5.96
1229 55.21 68.16 188.87 130.31 11.15
1230 55.24 62.01 201.37 137.37 11.00
1231 55.24 19.16 143.41 136.67 8.85
1232 55.38 26.82 140.11 128.28 10.01
1233 55.34 47.34 183.44 146.54 12.38
1234 55.42 59.34 189.44 138.36 12.36
1235 55.46 11.07 126.44 112.48 6.31
1236 55.61 92.22 115.90 56.66 5.08
1237 55.47 16.39 124.28 122.67 7.55
1238 55.56 14.01 112.66 112.23 7.32
1239 55.47 42.74 172.96 145.59 12.16
1240 55.46 70.67 197.36 131.88 10.72
1241 55.60 45.23 166.71 143.08 13.54
1242 55.91 95.11 73.60 38.07 3.86
1243 55.69 55.55 193.16 144.50 13.00
1244 55.76 53.09 169.77 139.98 12.29
1245 55.78 22.86 145.59 129.02 9.02
1246 55.82 31.02 158.22 135.92 11.73
1247 55.72 76.39 157.65 98.39 8.18
1248 55.73 8.11 102.98 99.75 5.36
1249 55.90 33.13 134.02 136.31 11.61
1250 55.84 73.37 183.72 112.74 9.95
1251 55.80 79.15 136.07 93.07 8.06
1252 55.88 51.12 160.38 136.72 13.08
1253 55.96 29.06 129.55 132.35 10.69
1254 55.97 35.21 115.16 138.84 11.92
1255 56.01 37.35 127.02 133.46 12.11
1256 55.94 39.55 135.02 144.46 12.75
1257 56.10 20.76 122.78 122.83 8.86
1258 56.07 49.08 154.29 139.88 12.86
1259 56.09 57.68 171.17 133.57 12.00
1260 56.01 82.51 129.72 77.65 7.13
1261 56.06 5.79 76.76 85.57 5.57
1262 56.20 66.02 134.97 121.06 11.85
1263 56.16 85.57 110.89 71.00 6.61
1264 56.17 25.20 103.80 134.80 9.58
1265 56.18 61.35 154.62 127.08 11.04
1266 56.28 63.70 168.09 122.67 11.79
1267 56.28 18.02 85.84 120.48 7.46
1268 56.77 89.97 100.73 58.24 5.18
1269 56.28 68.25 158.34 124.72 9.80
1270 56.49 41.37 93.56 126.00 12.60
1271 56.34 43.55 125.43 133.76 12.43
1272 56.26 87.80 103.28 61.83 6.24
1273 56.47 47.32 81.35 131.29 12.48
1274 56.47 70.80 185.35 111.62 9.71
1275 56.57 27.59 79.06 120.08 10.02
1276 56.54 54.56 114.82 129.22 11.71
1277 56.53 11.64 63.69 93.77 6.60
1278 56.60 15.09 61.35 97.24 6.92
1279 56.65 59.64 126.70 125.00 10.80
1280 56.84 75.45 155.90 101.64 8.11
1281 56.91 80.57 126.24 73.17 7.42
1282 56.77 8.36 58.93 90.48 5.18
1283 56.87 45.33 69.91 120.40 11.98
1284 56.83 77.74 116.89 78.87 7.27
1285 56.83 23.26 68.48 118.52 9.56
1286 56.91 52.60 72.28 113.07 12.05
1287 56.92 56.75 100.84 125.51 12.18
1288 56.92 73.04 163.66 111.57 8.74
1289 56.96 31.97 64.58 124.74 10.89
1290 56.94 34.15 53.52 117.27 10.62
1291 56.98 30.01 62.52 118.54 10.19
1292 56.94 36.53 58.38 116.29 12.63
1293 56.94 39.29 59.09 118.09 11.72
1294 57.04 19.73 49.23 112.42 8.34
1295 57.00 50.10 65.30 115.86 12.00
1296 57.20 5.75 29.91 70.11 5.15
1297 57.25 94.09 56.08 38.94 3.68
1298 57.23 84.12 108.80 62.23 6.73
1299 57.14 91.90 73.61 39.20 5.11
1300 57.20 25.79 52.91 106.56 9.52
1301 57.23 62.05 82.95 105.08 11.22
1302 57.27 64.70 87.23 105.04 10.20
1303 57.26 69.22 101.74 112.49 9.60
1304 57.29 95.87 35.84 29.89 3.66
1305 57.35 17.52 35.12 89.29 7.52
1306 57.28 43.09 56.50 112.59 12.13
1307 57.51 67.01 74.49 100.86 10.86
1308 57.43 87.23 77.79 49.00 5.61
1309 57.50 12.97 33.58 83.17 6.34
1310 57.57 21.64 35.48 99.48 7.61
1311 57.52 59.15 73.50 100.84 12.29
1312 57.63 48.41 47.12 102.29 11.80
1313 57.52 54.99 63.32 111.17 11.98
1314 57.61 46.58 47.42 103.33 12.29
1315 57.61 10.03 29.08 80.03 5.79
1316 57.63 28.05 47.59 101.13 10.38
1317 57.73 71.45 92.12 101.19 9.40
1318 57.72 37.69 40.59 100.45 12.49
1319 57.75 51.51 47.00 105.53 11.42
1320 57.86 15.40 29.83 77.44 6.32
1321 57.88 41.72 47.95 87.42 12.00
1322 57.88 24.01 38.62 99.75 9.08
1323 57.98 79.17 78.65 71.59 7.20
1324 57.88 7.49 21.96 62.32 5.55
1325 57.91 32.59 41.00 100.74 11.24
1326 57.85 35.01 39.09 96.37 11.31
1327 57.92 39.77 44.54 86.06 11.64
1328 57.96 57.11 54.28 102.05 12.00
1329 57.95 73.98 121.73 88.81 8.93
1330 57.96 76.58 83.25 81.82 7.49
1331 58.02 30.10 37.38 97.56 10.58
1332 58.08 44.87 47.60 96.70 12.80
1333 58.20 82.33 57.47 62.11 6.25
1334 58.17 53.34 45.90 92.10 11.12
1335 58.13 19.64 28.96 81.05 8.47
1336 58.27 60.78 48.68 95.04 11.44
1337 58.25 63.29 49.24 99.14 10.48
1338 58.21 49.89 44.82 84.38 11.35
1339 58.35 26.59 36.29 84.02 10.00
1340 58.29 69.44 49.63 84.16 9.66
1341 58.39 88.88 47.06 40.84 4.65
1342 58.37 65.37 45.98 96.05 10.02
1343 58.48 92.84 35.43 41.81 4.17
1344 58.51 17.43 25.90 68.05 7.27
1345 58.53 85.78 45.60 48.78 5.73
1346 58.55 11.59 25.19 68.15 5.76
1347 58.55 36.40 44.08 79.22 11.65
1348 58.63 55.38 43.42 89.92 11.58
1349 58.56 58.79 45.36 89.41 10.75
1350 58.66 21.78 28.60 73.22 8.11
1351 58.79 5.85 15.81 41.77 4.65
1352 58.61 46.98 52.03 85.08 12.32
1353 58.71 33.76 44.42 80.40 10.26
1354 58.85 67.35 38.69 83.15 10.12
1355 58.76 14.18 23.62 59.86 6.12
1356 58.70 38.73 52.08 77.82 12.50
1357 58.79 31.32 40.53 75.36 10.28
1358 58.84 51.58 45.52 75.54 12.00
1359 58.77 72.24 43.01 79.85 8.62
1360 58.90 8.64 20.34 53.97 5.42
1361 58.82 24.55 30.60 71.06 9.37
1362 58.85 28.81 38.69 78.62 10.42
1363 58.97 75.34 38.85 64.61 8.45
1364 59.05 78.28 39.03 63.13 7.93
1365 59.06 62.00 41.34 83.55 11.55
1366 59.13 45.20 110.48 67.96 12.27
1367 59.17 57.08 45.69 80.42 11.48
1368 59.25 81.17 42.49 56.85 6.82
1369 59.18 19.30 30.00 61.71 7.71
1370 59.20 53.80 49.62 73.68 11.79
1371 59.32 42.80 145.15 58.13 13.44
1372 59.35 69.52 41.28 73.92 9.53
1373 59.38 16.05 30.28 53.43 7.72
1374 59.53 65.55 33.45 71.79 10.47
1375 59.49 83.93 33.62 47.25 5.86
1376 59.46 35.25 107.29 55.53 11.76
1377 59.53 50.02 95.09 64.30 11.77
1378 59.56 90.96 23.10 35.91 5.05
1379 59.85 38.15 127.64 52.31 13.36
1380 59.53 47.57 137.95 60.39 11.83
1381 59.53 59.29 39.63 74.41 11.09
1382 59.48 22.82 41.92 68.31 8.78
1383 59.69 63.46 35.63 64.68 10.76
1384 59.70 40.37 156.16 53.22 13.76
1385 59.64 86.77 25.92 38.65 5.77
1386 59.57 88.85 25.12 41.47 4.58
1387 59.57 10.96 25.34 46.20 6.13
1388 59.67 33.00 100.36 55.82 11.59
1389 59.78 29.28 86.27 58.20 10.90
1390 59.82 7.17 27.47 35.45 4.98
1391 59.79 71.66 32.33 67.79 9.00
1392 59.66 13.34 32.16 47.59 5.97
1393 59.93 74.16 35.71 55.87 8.06
1394 59.91 93.49 15.30 24.11 4.52
1395 59.82 24.86 67.05 59.03 9.34
1396 59.78 52.38 78.22 68.41 12.00
1397 59.91 61.06 38.36 69.44 11.22
1398 60.01 20.75 71.15 49.75 8.39
1399 60.02 76.82 30.15 51.11 7.24
1400 60.03 17.72 77.99 43.00 7.76
1401 60.12 44.69 191.74 52.69 13.69
1402 60.07 67.72 34.07 65.43 10.17
1403 60.04 27.13 79.66 56.64 11.06
1404 60.15 57.46 81.85 58.87 11.58
1405 60.24 79.96 28.74 46.70 7.01
1406 60.40 36.42 144.30 46.95 13.20
1407 60.32 42.43 183.16 49.08 14.28
1408 60.35 46.69 186.29 54.88 14.15
1409 60.48 14.43 76.02 36.55 7.56
1410 60.42 49.31 187.94 55.81 13.94
1411 60.47 9.24 59.56 30.09 5.78
1412 60.65 53.77 162.76 52.94 13.07
1413 60.50 5.55 38.41 22.53 4.67
1414 60.51 23.01 105.34 45.48 9.48
1415 60.51 69.77 32.89 59.86 8.77
1416 60.62 34.31 159.02 48.63 13.44
1417 60.60 51.59 167.84 53.32 12.21
1418 60.61 82.88 25.05 40.65 6.15
1419 60.53 11.69 53.30 33.55 6.21
1420 60.67 32.10 142.08 47.26 12.43
1421 60.79 30.12 147.41 47.77 12.22
1422 60.66 66.17 38.27 63.80 10.57
1423 60.69 85.87 23.73 34.53 5.60
1424 60.79 55.84 160.33 50.98 11.84
1425 61.16 60.05 123.89 49.29 11.28
1426 60.82 19.19 117.05 40.93 9.90
1427 60.78 25.62 122.51 44.24 10.87
1428 60.67 72.51 35.91 53.45 8.28
1429 60.92 90.22 18.33 29.28 4.70
1430 61.00 28.01 140.18 45.18 12.39
1431 61.05 40.59 160.14 43.44 17.73
1432 60.94 75.15 44.33 43.60 7.26
1433 60.95 77.93 36.06 43.89 7.78
1434 61.04 94.01 11.18 15.25 4.26
1435 61.35 7.33 77.99 23.88 5.35
1436 61.21 43.46 185.39 43.78 16.44
1437 61.21 16.79 112.14 33.93 9.51
1438 61.26 21.33 136.17 37.04 11.07
1439 61.23 45.61 178.67 44.67 21.24
1440 61.23 48.22 202.06 44.98 17.90
1441 61.39 57.77 177.75 49.07 13.53
1442 61.31 67.94 50.21 49.51 10.64
1443 61.33 80.90 28.98 35.07 5.93
1444 61.37 37.85 160.04 41.26 17.54
1445 61.47 10.31 87.64 23.52 6.69
1446 61.47 50.66 177.81 45.15 16.77
1447 61.59 62.62 158.40 45.60 12.12
1448 61.62 5.17 53.81 18.93 5.21
1449 61.55 23.92 135.02 39.74 12.35
1450 61.55 65.05 124.10 46.75 10.93
1451 61.47 70.28 70.44 44.95 9.12
1452 61.61 35.37 164.80 44.28 16.74
1453 61.58 72.89 106.54 38.85 8.42
1454 61.53 13.09 92.04 25.58 8.96
1455 61.61 33.12 162.84 43.19 16.23
1456 61.76 52.90 188.94 44.41 15.53
1457 61.78 83.53 36.02 28.18 6.02
1458 61.74 87.02 24.07 27.99 4.56
1459 61.83 30.82 161.63 42.00 16.98
1460 62.02 76.60 77.74 31.80 7.90
1461 61.85 55.26 187.94 44.04 13.98
1462 62.01 78.93 74.59 30.28 8.17
1463 61.95 26.28 139.04 37.07 14.19
1464 62.06 42.15 161.84 41.77 23.32
1465 61.98 18.89 111.11 32.27 12.42
1466 62.10 46.94 156.38 39.31 23.49
1467 62.21 28.50 140.21 38.09 20.34
1468 62.23 92.84 29.41 17.32 4.34
1469 62.15 15.70 101.46 27.33 11.30
1470 62.07 39.52 142.26 37.48 25.04
1471 62.10 89.84 24.39 21.09 4.19
1472 62.22 49.39 181.06 40.15 30.09
1473 62.48 44.62 136.74 38.71 24.66
1474 62.37 66.53 165.97 40.62 10.89
1475 62.44 74.35 130.95 30.80 8.40
1476 62.40 36.96 139.19 38.10 29.68
1477 62.36 68.95 159.97 40.12 10.48
1478 62.28 21.79 112.49 34.13 17.05
1479 62.25 59.05 183.80 43.83 14.56
1480 62.55 71.47 177.03 38.07 10.56
1481 62.59 6.48 69.85 17.07 7.29
1482 62.45 8.97 75.59 20.80 9.58
1483 62.60 81.14 77.68 24.99 6.26
1484 62.54 11.51 90.44 22.35 11.64
1485 62.65 57.12 191.40 37.98 18.53
1486 62.67 32.32 139.14 36.83 27.37
1487 62.59 63.83 179.37 39.97 15.38
1488 62.63 24.21 97.82 32.91 20.18
1489 62.65 34.67 125.68 37.73 31.68
1490 62.68 61.32 183.61 38.05 18.67
1491 62.71 85.43 47.06 22.13 5.54
1492 62.74 51.14 165.38 37.98 31.16
1493 62.46 91.08 30.44 21.22 4.78
1494 63.05 13.74 74.90 22.19 14.83
1495 62.77 53.14 157.24 39.95 23.79
1496 62.92 55.20 187.19 38.40 23.45
1497 62.99 40.85 118.48 37.72 35.25
1498 63.03 30.28 109.84 34.44 30.34
1499 63.18 88.41 61.17 19.16 5.14
1500 63.04 19.90 95.60 28.49 23.84
1501 63.23 26.12 95.05 32.55 31.67
1502 63.16 38.78 103.19 36.86 48.03
1503 63.16 16.91 79.67 25.59 21.64
1504 63.57 49.00 107.41 36.55 37.15
1505 63.25 46.35 104.91 34.52 35.39
1506 63.44 83.06 108.35 21.63 6.64
1507 63.18 59.02 184.32 38.20 24.50
1508 63.42 76.17 152.12 27.21 8.67
1509 63.33 78.60 97.48 26.84 8.30
1510 63.33 22.29 82.14 31.10 34.29
1511 63.31 28.18 96.74 32.74 36.72
1512 63.32 42.99 83.67 37.81 37.31
1513 63.58 91.31 61.87 14.39 4.66
1514 63.46 65.47 174.00 35.55 18.63
1515 63.45 67.96 195.96 34.23 13.95
1516 63.50 70.37 195.03 32.39 17.30
1517 63.50 36.48 70.68 32.95 61.45
1518 63.52 8.32 48.52 16.82 12.59
1519 63.58 33.48 86.71 32.54 44.42
1520 63.60 73.10 160.11 31.06 11.21
1521 63.63 11.17 55.92 19.11 18.89
1522 63.62 63.17 152.96 35.65 22.27
1523 63.74 51.77 116.18 35.48 38.79
1524 63.83 53.96 125.42 34.82 36.10
1525 63.83 24.06 61.76 28.66 39.43
1526 63.95 56.47 141.33 33.09 30.91
1527 63.81 60.90 160.61 34.11 32.82
1528 64.04 80.66 123.28 22.16 8.49
1529 63.92 44.94 76.61 34.89 56.06
1530 63.90 84.86 98.13 20.92 6.79
1531 63.99 18.76 59.28 22.44 36.40
1532 63.99 31.60 59.31 32.98 59.64
1533 64.05 41.24 57.39 34.41 62.89
1534 64.26 58.50 154.87 33.18 35.28
1535 64.22 15.46 51.40 20.63 32.93
1536 64.13 29.51 58.44 31.08 58.64
1537 64.12 47.26 78.70 33.78 57.32
1538 64.28 86.43 87.46 16.24 7.14
1539 64.19 27.04 55.48 28.20 54.48
1540 64.14 39.01 65.91 34.78 62.29
1541 64.21 21.17 54.16 26.64 42.80
1542 64.29 35.07 50.34 31.23 84.11
1543 64.39 7.22 28.40 14.81 18.05
1544 64.51 67.03 179.40 29.87 22.46
1545 64.57 69.51 193.48 31.48 21.98
1546 64.51 75.06 162.93 27.05 12.86
1547 64.66 77.87 144.38 22.25 9.94
1548 64.46 88.91 84.42 13.92 6.08
1549 64.46 43.16 49.11 33.36 67.89
1550 64.67 64.83 124.75 30.42 25.42
1551 64.51 71.86 161.00 28.04 16.98
1552 64.62 37.04 46.10 31.88 91.75
1553 64.60 9.60 36.01 17.26 26.73
1554 64.57 12.74 37.37 19.13 38.33
1555 64.79 62.76 110.19 30.33 30.86
1556 64.81 24.86 42.08 27.02 62.42
1557 64.69 52.65 73.72 34.91 68.67
1558 64.82 33.20 40.17 30.25 88.04
1559 64.78 54.84 74.95 29.95 62.58
1560 64.84 60.57 114.20 30.63 38.85
1561 64.93 22.60 39.42 25.25 67.63
1562 64.77 50.38 66.98 31.07 63.11
1563 64.88 45.59 45.71 31.22 70.87
1564 65.03 83.46 110.01 17.53 8.82
1565 64.94 48.09 46.42 30.36 69.78
1566 65.02 17.18 37.38 21.40 55.60
1567 65.12 29.05 42.12 27.63 87.66
1568 65.03 31.24 37.89 29.45 72.58
1569 64.95 90.10 74.35 12.96 5.77
1570 65.06 19.64 40.06 23.72 61.43
1571 65.08 41.04 44.71 32.89 85.51
1572 65.06 56.87 84.50 28.93 39.98
1573 65.13 38.69 44.98 32.98 97.14
1574 65.21 26.84 39.49 27.34 86.83
1575 65.32 73.62 138.64 24.53 16.89
1576 65.36 35.54 41.61 29.74 102.80
1577 65.29 80.56 124.85 19.41 12.19
1578 65.43 43.26 42.88 31.76 104.16
1579 65.45 59.03 85.80 29.93 48.64
1580 65.52 87.26 108.47 13.72 8.61
1581 65.56 11.40 25.00 16.32 45.67
1582 65.55 68.24 127.36 27.12 24.80
1583 65.44 13.53 29.84 15.35 51.74
1584 65.60 51.27 48.49 31.51 84.33
1585 65.65 71.03 158.38 24.49 29.11
1586 65.65 76.07 100.49 21.80 20.98
1587 65.69 8.69 23.06 13.51 44.76
1588 65.67 15.15 26.98 18.98 64.44
1589 65.65 53.41 41.43 29.93 87.70
1590 65.81 66.25 84.95 27.20 35.84
1591 65.78 49.16 49.02 30.69 113.29
1592 65.86 64.12 68.00 25.83 44.74
1593 65.91 20.65 46.26 22.24 96.50
1594 65.82 47.05 56.51 31.57 109.74
1595 65.84 55.64 47.63 31.69 82.35
1596 65.86 61.80 59.36 25.77 48.68
1597 65.89 23.41 38.33 24.12 96.82
1598 65.84 45.05 51.20 31.35 136.83
1599 65.87 33.42 49.16 30.05 107.64
1600 66.01 39.49 59.51 29.84 108.33
1601 66.05 37.25 63.27 30.29 120.12
1602 65.99 17.85 39.42 21.00 82.77
1603 66.22 78.45 110.58 17.42 16.06
1604 66.30 90.53 68.93 10.72 8.69
1605 66.11 25.62 55.21 25.60 120.07
1606 66.12 28.01 48.02 26.35 116.40
1607 66.10 30.58 54.17 29.02 114.31
1608 66.26 84.75 123.62 13.85 11.60
1609 66.17 57.63 55.55 29.98 68.50
1610 66.45 81.85 104.06 16.34 16.88
1611 66.37 73.44 113.81 20.86 30.33
1612 66.49 69.40 104.86 24.18 39.38
1613 66.48 12.96 39.94 16.72 65.06
1614 66.50 60.15 45.17 26.42 68.56
1615 66.60 35.46 120.47 30.04 130.40
1616 66.55 43.54 111.56 31.64 143.92
1617 66.58 50.05 90.13 29.91 113.91
1618 66.58 52.15 56.33 30.65 122.50
1619 66.61 54.29 48.13 29.12 110.65
1620 66.67 9.68 33.00 12.65 56.56
1621 66.68 15.68 62.94 18.56 77.90
1622 66.68 32.57 112.07 29.30 130.14
1623 66.75 75.78 69.18 20.25 26.00
1624 66.72 21.66 102.78 22.78 110.22
1625 66.78 45.53 156.96 29.75 138.10
1626 67.23 48.32 171.30 30.63 140.62
1627 66.81 63.27 42.11 24.83 64.28
1628 66.95 65.42 50.51 26.02 60.58
1629 66.98 41.35 171.28 28.57 119.93
1630 66.97 67.54 52.25 23.26 54.62
1631 66.86 38.19 123.03 31.70 136.79
1632 66.93 56.39 47.70 28.45 107.13
1633 67.01 71.58 61.25 21.56 49.21
1634 67.10 88.02 77.19 10.55 13.92
1635 66.91 18.48 79.69 19.41 95.76
1636 67.00 24.01 96.12 24.05 120.32
1637 66.98 28.84 109.31 27.12 123.56
1638 67.11 26.35 134.77 25.56 124.16
1639 67.10 58.53 43.40 26.42 95.82
1640 67.27 79.82 84.50 16.90 23.39
1641 67.17 30.92 122.48 28.00 131.98
1642 67.39 34.10 165.57 28.95 138.78
1643 67.38 61.64 36.20 24.64 76.96
1644 67.44 11.07 92.42 13.77 69.70
1645 67.53 39.43 179.39 30.21 138.77
1646 67.54 85.23 82.42 11.60 21.42
1647 67.55 20.31 150.15 20.36 103.75
1648 67.54 43.76 177.72 30.31 145.56
1649 67.49 51.15 159.94 28.26 126.92
1650 67.47 73.95 56.87 18.23 41.35
1651 67.65 77.05 58.42 16.26 30.78
1652 67.47 13.16 106.02 14.84 68.37
1653 67.69 36.99 163.65 28.23 135.80
1654 67.55 53.65 144.49 28.35 124.18
1655 67.61 69.89 47.13 20.15 70.56
1656 67.65 15.69 116.25 17.64 84.93
1657 67.80 46.12 185.62 29.44 129.59
1658 67.82 82.37 75.68 13.23 26.93
1659 67.79 8.73 66.52 11.75 53.20
1660 67.86 22.67 137.63 23.05 121.29
1661 67.88 55.86 130.33 28.00 119.77
1662 67.93 59.94 50.22 25.66 120.70
1663 67.91 63.91 39.12 24.81 79.24
1664 68.04 32.28 157.60 26.35 141.94
1665 68.02 29.73 159.90 25.27 125.82
1666 68.01 66.18 37.18 22.12 66.98
1667 68.03 27.44 136.09 25.35 112.29
1668 68.06 57.85 116.92 27.65 113.82
1669 68.16 24.80 146.09 23.45 124.14
1670 68.13 68.33 37.46 21.57 72.59
1671 68.28 18.37 126.68 19.14 90.35
1672 68.12 41.57 171.71 30.10 143.98
1673 68.24 71.89 44.87 19.51 66.73
1674 68.33 35.19 176.17 28.35 151.43
1675 68.20 87.72 63.69 10.38 18.07
1676 68.39 52.11 192.46 28.56 149.65
1677 68.52 49.81 182.64 28.71 152.87
1678 68.49 79.37 44.24 14.56 42.01
1679 68.54 54.46 191.42 29.53 134.22
1680 68.55 61.85 92.85 24.56 133.86
1681 68.54 12.00 101.84 14.36 75.43
1682 68.59 39.31 154.90 28.46 150.58
1683 68.56 43.73 180.67 28.12 140.37
1684 68.57 47.63 193.72 29.09 154.98
1685 68.54 74.42 40.15 17.27 63.25
1686 68.82 85.00 59.70 9.93 31.44
1687 68.75 15.23 96.74 15.84 86.96
1688 68.76 21.25 124.26 21.64 123.03
1689 68.98 77.10 34.03 15.73 54.87
1690 68.83 88.48 46.09 8.86 16.09
1691 69.01 37.23 168.78 26.77 153.53
1692 69.11 9.50 79.94 11.36 57.36
1693 69.03 26.40 140.56 24.67 136.57
1694 69.09 31.08 150.24 25.94 139.02
1695 68.97 59.50 161.37 23.97 125.10
1696 69.14 63.70 123.37 21.41 102.29
1697 69.11 70.32 32.18 19.15 106.43
1698 69.03 33.42 160.20 27.20 143.95
1699 69.14 45.91 183.64 28.36 141.61
1700 69.07 57.04 187.19 26.29 120.57
1701 69.12 28.81 129.41 25.12 134.27
1702 69.08 65.86 55.98 23.31 91.97
1703 69.18 41.45 144.14 29.21 150.52
1704 69.13 67.97 55.11 19.80 95.39
1705 69.23 23.68 125.43 22.57 110.51
1706 69.35 82.15 40.05 12.27 44.31
1707 69.38 52.95 196.17 28.44 156.57
1708 69.50 72.88 39.11 18.06 78.56
1709 69.45 50.71 190.91 27.02 146.00
1710 69.43 18.28 97.30 17.60 93.72
1711 69.54 35.46 133.26 25.85 149.47
1712 69.67 48.38 175.79 27.55 151.87
1713 69.66 55.11 200.60 26.67 142.07
1714 69.67 12.12 88.53 13.72 79.55
1715 69.65 75.12 32.54 16.49 80.58
1716 69.70 39.19 134.45 28.07 151.07
1717 69.68 43.67 141.44 29.02 158.56
1718 69.69 61.47 178.67 23.43 117.14
1719 69.84 79.71 28.63 12.21 58.71
1720 69.86 14.69 85.49 15.12 89.40
1721 70.12 87.77 28.58 8.24 24.35
1722 69.79 21.35 87.93 18.88 113.43
1723 70.01 59.03 187.97 24.02 151.41
1724 70.14 25.89 78.83 23.09 125.61
1725 70.10 32.69 104.94 26.17 139.79
1726 70.12 68.70 121.49 18.25 106.17
1727 70.00 85.06 28.59 9.75 37.39
1728 70.12 28.15 77.57 24.40 126.21
1729 70.14 45.60 151.17 26.76 152.74
1730 70.14 66.01 144.04 21.27 97.60
1731 70.28 30.40 82.47 24.36 138.27
1732 70.22 41.52 117.14 27.37 159.10
1733 70.22 71.43 89.00 18.77 112.33
1734 70.27 77.34 28.40 14.00 67.94
1735 70.34 56.88 191.30 25.89 144.79
1736 70.31 10.18 57.36 10.72 56.58
1737 70.38 37.00 98.41 28.36 136.63
1738 70.42 23.63 76.46 19.72 120.39
1739 70.44 63.57 171.64 21.46 130.14
1740 70.45 16.77 65.84 15.87 88.24
1741 70.37 52.73 155.04 27.39 169.84
1742 70.51 34.62 79.90 27.31 132.60
1743 70.51 50.70 131.51 25.33 162.95
1744 70.52 19.23 68.49 17.74 95.05
1745 70.61 82.41 20.63 10.79 55.33
1746 70.60 47.41 123.04 25.66 154.15
1747 70.73 74.95 45.95 16.25 98.78
1748 70.71 39.38 81.34 25.31 139.02
1749 70.76 43.76 113.33 28.12 156.35
1750 70.76 54.69 191.06 26.34 150.32
1751 70.76 60.91 190.55 23.72 140.55
1752 70.91 12.45 55.30 12.23 75.36
1753 70.92 21.47 56.07 18.87 108.56
1754 71.13 58.54 160.53 24.23 142.93
1755 71.15 67.53 172.62 20.91 132.08
1756 71.10 79.86 25.52 12.53 71.39
1757 71.18 84.93 20.30 8.61 46.79
1758 71.29 70.32 159.82 17.56 123.02
1759 71.26 72.92 119.08 17.76 122.97
1760 71.17 28.07 42.54 22.70 101.07
1761 71.26 32.86 50.84 24.84 111.21
1762 71.45 14.81 43.06 14.16 78.87
1763 71.26 25.36 42.60 19.75 109.65
1764 71.36 45.77 101.86 25.32 142.78
1765 71.35 30.67 49.07 23.44 112.24
1766 71.48 35.12 50.11 26.12 123.44
1767 71.34 41.92 75.04 27.54 145.21
1768 71.36 65.07 172.79 20.84 129.05
1769 71.36 52.34 98.20 24.22 162.65
1770 71.41 37.57 61.19 27.07 113.49
1771 71.53 56.32 166.48 23.97 131.59
1772 71.74 87.00 16.25 7.30 26.36
1773 71.44 17.62 38.75 14.73 91.80
1774 71.49 62.65 168.74 21.84 146.28
1775 71.58 77.51 46.14 13.75 84.65
1776 71.73 22.82 36.75 19.92 92.37
1777 71.70 47.95 78.87 24.38 139.80
1778 71.78 54.18 132.43 24.98 139.11
1779 71.81 40.01 49.71 25.14 124.20
1780 71.68 81.37 29.46 10.54 69.11
1781 71.88 20.04 34.61 16.15 86.70
1782 72.08 44.02 61.91 26.01 132.03
1783 71.90 60.25 115.88 22.17 158.85
1784 71.98 50.61 83.41 25.20 136.97
1785 72.01 74.94 121.70 14.61 92.01
1786 72.18 83.50 31.38 8.97 65.30
1787 72.19 26.92 28.23 20.68 94.94
1788 72.23 66.69 177.04 18.75 122.13
1789 72.19 12.60 25.24 13.73 53.33
1790 72.24 29.47 32.75 21.50 104.60
1791 72.32 69.10 174.06 18.40 121.68
1792 72.34 32.08 34.14 22.97 93.02
1793 72.39 24.49 26.93 18.97 84.12
1794 72.35 36.30 37.28 23.43 103.92
1795 72.38 58.07 99.87 23.11 139.32
1796 72.46 72.48 156.63 15.26 108.90
1797 72.40 42.06 46.85 24.48 112.65
1798 72.47 80.27 62.38 11.37 77.94
1799 72.48 46.08 49.72 24.28 111.72
1800 72.47 17.08 28.93 14.26 75.06
1801 72.53 38.45 36.96 25.14 94.64
1802 72.58 64.08 145.85 21.37 133.31
1803 72.66 34.09 32.26 22.98 102.44
1804 72.59 62.05 144.62 22.43 150.52
1805 72.63 52.88 76.52 22.17 114.14
1806 72.74 14.59 23.99 12.90 68.47
1807 72.73 48.29 43.93 23.85 112.58
1808 72.70 55.85 86.92 22.31 120.72
1809 72.82 77.38 127.94 11.95 91.25
1810 72.88 21.85 26.37 18.00 65.87
1811 72.94 19.36 29.47 16.41 74.56
1812 73.06 40.36 41.75 24.25 95.52
1813 72.93 50.47 53.47 25.64 108.91
1814 73.13 60.01 79.89 21.71 140.57
1815 73.24 85.43 40.00 7.10 31.83
1816 73.25 70.68 169.20 16.86 116.93
1817 73.15 28.32 39.72 21.25 80.72
1818 73.23 82.73 67.87 9.24 69.81
1819 73.28 65.91 133.09 19.86 137.18
1820 73.28 25.86 35.43 19.74 78.43
1821 73.25 44.49 37.65 24.61 86.72
1822 73.30 30.75 33.85 21.83 95.89
1823 73.46 75.02 168.25 13.88 101.68
1824 73.43 42.54 41.57 25.56 92.35
1825 73.43 68.13 143.26 18.58 126.81
1826 73.30 36.12 38.39 22.86 85.63
1827 73.42 23.78 37.61 19.83 75.93
1828 73.63 46.47 37.79 24.08 95.34
1829 73.59 54.83 67.11 22.28 103.48
1830 73.53 32.83 47.95 23.45 90.59
1831 73.59 38.51 52.85 24.62 90.31
1832 73.58 57.90 55.73 20.62 121.02
1833 73.59 79.52 123.44 11.21 99.58
1834 73.54 16.73 30.81 13.55 61.22
1835 73.79 52.88 45.38 22.55 98.72
1836 73.77 13.55 24.68 11.49 49.43
1837 73.74 62.16 82.41 20.53 129.89
1838 73.92 48.61 39.07 23.94 102.98
1839 73.96 50.83 38.35 22.86 89.25
1840 73.96 72.93 158.85 14.67 119.08
1841 74.02 64.49 96.09 17.68 126.35
1842 73.90 19.76 61.28 15.26 52.35
1843 74.05 34.49 95.35 23.54 74.29
1844 74.06 27.13 93.76 20.31 65.38
1845 74.19 29.34 102.59 20.50 54.82
1846 74.16 40.78 116.37 24.27 69.89
1847 74.19 36.76 95.90 24.39 87.15
1848 74.36 24.70 109.62 18.91 48.82
1849 74.33 45.19 44.47 23.56 81.58
1850 74.34 56.72 40.33 22.30 92.83
1851 74.26 59.97 51.77 19.58 106.95
1852 74.43 77.30 141.96 12.67 96.13
1853 74.41 31.75 136.33 23.04 62.81
1854 74.35 69.81 123.25 15.65 131.91
1855 74.48 83.13 100.79 8.43 58.18
1856 74.46 15.96 68.16 13.64 43.86
1857 74.48 67.07 106.66 17.42 121.90
1858 74.70 38.72 116.07 24.06 65.72
1859 74.68 54.79 36.47 20.93 96.63
1860 74.76 47.39 58.09 23.53 92.03
1861 75.11 52.10 46.66 23.27 84.70
1862 74.82 62.78 53.92 19.49 116.33
1863 74.89 13.63 58.39 11.25 34.62
1864 74.83 20.41 102.30 15.37 39.68
1865 74.92 85.63 58.46 6.55 20.58
1866 75.02 80.34 122.29 9.83 86.02
1867 74.99 36.08 139.48 23.83 64.56
1868 74.97 49.81 50.68 22.78 80.90
1869 75.04 58.42 43.69 21.57 99.47
1870 75.11 72.03 114.40 14.38 112.62
1871 75.08 74.91 111.83 11.67 110.82
1872 75.18 17.87 100.47 13.21 36.18
1873 75.11 22.68 139.09 17.38 39.63
1874 75.14 27.03 138.22 19.62 46.81
1875 75.15 43.51 142.51 24.67 57.85
1876 75.16 33.85 143.24 23.56 53.50
1877 75.22 65.16 67.46 18.83 115.89
1878 75.34 40.81 166.15 24.74 50.45
1879 75.37 60.69 36.28 18.87 97.07
1880 75.26 29.44 146.73 20.84 48.88
1881 75.29 45.77 115.78 23.76 65.22
1882 75.56 69.95 80.11 15.68 103.66
1883 75.55 56.38 37.23 20.56 90.21
1884 75.70 15.22 98.94 11.87 25.39
1885 75.59 31.74 174.56 23.92 46.25
1886 75.68 48.73 125.59 23.04 64.76
1887 75.69 24.98 152.21 18.83 35.92
1888 75.61 67.50 60.01 16.77 113.64
1889 75.70 38.17 172.00 23.47 52.35
1890 75.63 54.07 51.24 23.93 85.98
1891 76.01 78.99 108.76 10.47 86.29
1892 75.96 63.21 36.20 18.18 109.97
1893 75.99 20.36 136.38 14.96 29.04
1894 76.08 35.71 174.21 24.38 44.78
1895 76.21 46.85 187.46 25.03 59.97
1896 76.34 83.85 92.78 7.26 53.94
1897 76.12 42.38 188.82 24.14 51.68
1898 76.11 58.48 36.41 20.34 85.50
1899 76.29 44.44 173.24 23.31 46.62
1900 76.19 73.01 69.91 12.92 94.57
1901 76.46 33.82 164.48 22.60 40.53
1902 76.35 12.96 85.05 10.07 14.46
1903 76.34 17.89 128.67 13.45 26.81
1904 76.42 27.22 153.04 19.47 29.70
1905 76.55 75.74 90.48 10.98 90.65
1906 76.41 22.85 150.11 16.46 25.95
1907 76.54 52.65 150.72 22.51 58.11
1908 76.34 55.37 86.18 21.50 62.13
1909 76.42 29.59 165.77 20.97 36.17
1910 76.46 65.75 46.00 15.92 107.06
1911 76.62 50.35 172.31 23.58 61.11
1912 76.57 40.00 188.34 23.70 43.17
1913 76.56 61.03 34.19 19.84 82.88
1914 76.72 68.64 58.54 15.57 102.19
1915 76.80 31.85 170.37 22.29 32.16
1916 76.80 37.54 190.92 24.53 42.14
1917 76.83 15.45 121.95 12.09 21.34
1918 77.01 71.33 52.90 13.87 100.08
1919 77.05 25.10 139.70 18.20 21.20
1920 77.11 56.93 108.88 21.81 50.61
1921 77.19 48.22 192.94 23.00 44.34
1922 77.10 63.41 27.91 18.73 88.91
1923 77.16 20.37 144.91 14.25 19.64
1924 77.70 46.12 196.03 23.67 31.23
1925 77.24 78.89 61.22 10.05 87.66
1926 77.21 42.26 186.49 22.90 30.30
1927 77.34 35.73 192.34 22.59 30.41
1928 77.41 54.57 174.60 21.15 38.37
1929 77.44 81.70 50.65 7.88 44.27
1930 77.55 28.84 165.95 19.68 20.80
1931 77.57 39.05 193.66 22.41 30.55
1932 77.49 73.87 56.41 11.88 83.11
1933 77.64 18.20 131.61 13.39 16.61
1934 77.58 22.67 141.26 15.78 17.84
1935 77.77 65.39 29.67 15.99 82.39
1936 77.63 61.33 63.54 18.73 63.25
1937 77.72 50.39 198.98 23.42 38.82
1938 77.78 14.00 111.21 10.79 14.10
1939 77.80 33.62 160.43 21.34 24.22
1940 77.90 26.88 138.39 18.03 18.47
1941 77.81 30.98 153.00 21.87 20.85
1942 77.88 43.99 177.07 22.09 29.00
1943 77.91 52.48 185.56 21.28 31.19
1944 77.97 58.75 122.76 18.92 46.56
1945 77.93 76.48 50.07 9.64 85.14
1946 77.99 69.98 37.09 12.81 87.56
1947 78.07 40.80 178.54 22.54 26.63
1948 78.32 16.15 118.72 10.75 13.31
1949 78.28 37.65 175.75 23.49 21.63
1950 78.32 56.48 175.36 21.38 33.77
1951 78.23 63.25 51.87 16.83 61.38
1952 78.13 72.31 44.48 11.15 80.27
1953 78.31 20.11 113.27 14.45 13.54
1954 78.49 24.80 130.57 16.76 14.48
1955 78.43 48.86 187.38 22.41 26.07
1956 78.60 35.75 155.89 21.51 20.45
1957 78.57 79.76 41.21 7.81 68.64
1958 78.63 67.96 36.49 14.05 81.27
1959 78.76 60.78 141.52 18.12 37.05
1960 78.69 32.11 137.94 21.68 15.95
1961 78.66 54.31 200.08 21.90 27.12
1962 78.78 22.26 125.81 15.76 13.45
1963 78.77 42.42 174.60 23.10 22.06
1964 78.82 29.48 118.64 18.19 16.64
1965 78.87 51.40 182.05 22.25 24.94
1966 78.76 73.07 35.09 11.57 78.72
1967 79.05 40.06 164.73 22.51 19.98
1968 78.98 44.83 168.02 21.36 21.31
1969 78.94 65.67 35.25 14.77 70.53
1970 78.96 76.38 24.25 9.18 64.74
1971 79.21 27.07 111.90 16.64 13.67
1972 79.22 34.19 124.31 21.00 16.91
1973 79.24 58.25 170.16 18.84 30.68
1974 79.30 63.08 121.28 16.93 48.02
1975 79.23 70.43 25.43 12.58 72.22
1976 79.31 18.38 109.29 12.00 9.89
1977 79.28 47.22 171.87 22.11 22.58
1978 79.23 74.48 25.16 10.36 63.88
1979 79.44 38.17 154.66 21.38 17.98
1980 79.53 49.41 174.66 21.84 22.82
1981 79.60 55.98 173.25 19.87 24.23
1982 79.54 16.00 87.28 9.97 9.68
1983 79.57 53.36 190.77 21.32 23.89
1984 79.90 79.05 23.10 7.90 52.50
1985 79.71 20.48 84.38 11.89 9.38
1986 79.88 23.00 95.49 14.28 12.09
1987 79.79 31.91 115.80 18.97 14.78
1988 79.88 42.36 151.19 21.47 16.69
1989 79.82 67.67 35.13 13.89 57.62
1990 80.01 72.92 21.45 11.08 72.09
1991 80.18 29.79 91.76 17.89 12.44
1992 79.97 36.19 117.41 20.44 15.16
1993 79.93 65.06 68.28 15.19 42.09
1994 80.16 50.98 163.79 20.08 19.52
1995 80.07 44.31 144.82 20.02 16.87
1996 80.05 60.39 182.16 17.60 31.63
1997 80.05 76.35 20.45 8.67 75.59
1998 80.30 40.38 123.30 20.97 16.54
1999 80.18 46.37 157.50 21.16 18.81
2000 80.25 34.08 102.60 20.82 15.58
2001 80.41 27.68 71.12 16.32 11.58
2002 80.35 70.31 32.00 11.18 61.79
2003 80.50 58.03 172.33 18.17 23.03
2004 80.50 62.77 153.62 16.32 32.77
2005 80.42 25.61 91.23 16.35 11.40
2006 80.52 48.74 137.86 20.52 18.12
2007 80.57 37.91 119.64 20.38 14.00
2008 80.61 52.76 166.08 21.09 19.38
2009 80.52 54.85 162.27 19.08 19.60
2010 80.84 19.34 73.18 11.37 8.72
2011 80.86 66.89 101.85 14.24 45.36
2012 80.95 32.58 91.94 18.71 12.06
2013 81.13 74.88 21.34 9.20 63.05
2014 81.20 77.88 17.03 7.81 49.29
2015 80.97 23.18 64.87 13.84 9.45
2016 81.25 44.62 108.50 19.83 14.57
2017 81.19 46.97 100.98 19.55 15.67
2018 81.22 60.60 172.87 16.79 21.61
2019 81.24 35.33 73.89 19.12 12.22
2020 81.33 39.05 99.95 19.37 12.37
2021 81.33 56.35 149.97 17.83 18.59
2022 81.40 30.64 68.39 17.69 11.39
2023 81.49 51.18 117.57 20.37 15.42
2024 81.51 64.15 172.53 15.27 32.61
2025 81.61 72.54 53.96 10.72 47.20
2026 81.45 25.73 62.13 15.01 9.53
2027 81.59 28.38 62.41 16.44 10.80
2028 81.35 69.22 67.56 12.56 44.32
2029 81.66 41.13 76.64 20.00 14.13
2030 81.64 49.29 116.18 20.48 14.20
2031 81.66 53.48 126.07 18.03 15.56
2032 81.81 58.81 153.03 16.66 18.20
2033 81.83 37.11 62.85 18.38 13.10
2034 81.92 42.98 68.68 19.14 13.16
2035 81.95 18.26 47.89 10.37 7.68
2036 82.02 33.00 55.75 18.65 10.91
2037 82.08 66.78 143.65 14.81 31.31
2038 82.55 61.38 179.14 16.38 16.60
2039 82.29 22.74 57.52 12.48 8.87
2040 82.26 47.81 91.44 19.34 13.50
2041 82.20 76.75 19.52 7.69 38.12
2042 82.26 45.61 77.57 19.07 14.61
2043 82.43 69.75 108.40 11.76 28.93
2044 82.35 20.25 46.80 11.11 7.56
2045 82.45 35.05 54.36 17.42 10.66
2046 82.43 39.11 59.72 19.97 11.48
2047 82.54 54.51 119.11 18.57 12.27
2048 82.41 56.79 141.85 17.03 14.75
2049 82.47 25.33 45.76 13.67 9.53
2050 82.49 30.62 50.59 16.37 10.29
2051 82.69 51.91 85.43 18.24 13.33
2052 82.70 27.86 42.67 16.07 8.99
2053 82.81 41.03 50.93 20.02 11.74
2054 82.86 49.83 66.90 18.89 11.89
2055 82.99 37.13 53.25 18.21 11.48
2056 82.82 64.33 165.37 14.42 17.40
2057 82.62 43.01 53.69 16.54 9.85
2058 83.04 72.44 82.77 9.00 25.28
2059 82.86 74.70 50.28 8.33 25.69
2060 83.07 44.93 63.85 18.12 11.44
2061 83.15 58.59 134.94 16.69 12.54
2062 83.05 32.86 40.98 17.35 10.16
2063 83.26 47.01 59.12 17.19 11.09
2064 83.20 42.63 49.17 18.20 10.53
2065 83.36 67.21 161.44 13.47 17.59
2066 83.50 23.27 33.93 12.36 8.18
2067 83.57 20.54 30.03 11.12 8.01
2068 83.55 39.39 47.65 18.95 10.00
2069 83.59 35.38 34.32 17.29 10.42
2070 83.57 53.14 74.90 16.62 11.18
2071 83.69 26.88 32.96 14.47 7.91
2072 83.49 56.00 78.50 16.46 11.26
2073 83.59 30.26 37.39 16.61 9.37
2074 83.82 70.11 139.98 11.07 16.94
2075 83.91 62.51 148.03 14.88 12.79
2076 83.76 51.02 48.77 17.15 10.23
2077 84.00 48.59 53.40 18.42 11.19
2078 83.74 44.62 58.20 18.80 11.10
2079 83.99 74.22 93.97 8.32 20.83
2080 84.03 41.47 37.42 17.55 9.68
2081 84.19 43.91 49.20 18.02 10.33
2082 83.95 33.11 29.58 16.67 8.95
2083 84.18 64.98 147.81 13.60 11.18
2084 84.22 54.81 57.65 16.49 10.41
2085 84.25 46.26 45.50 17.07 10.00
2086 84.34 57.56 79.42 15.51 10.21
2087 84.29 60.00 111.17 16.13 10.39
2088 84.30 76.63 59.03 7.49 13.22
2089 84.22 37.64 34.10 19.14 8.78
2090 84.30 31.21 31.38 17.12 9.19
2091 84.66 67.46 162.98 12.08 11.25
2092 84.61 21.28 21.35 10.11 6.46
2093 84.73 24.57 22.62 12.88 7.17
2094 84.66 35.41 28.93 16.91 8.55
2095 84.52 22.79 25.41 11.73 7.14
2096 84.59 52.37 47.10 16.69 11.47
2097 84.89 72.19 140.87 10.10 15.72
2098 84.71 39.66 30.68 17.32 8.79
2099 84.68 50.03 42.33 17.94 10.15
2100 85.11 26.79 23.92 13.55 7.24
2101 84.97 42.86 38.56 17.25 9.58
2102 84.89 32.37 26.93 16.05 8.93
2103 84.89 30.45 26.35 15.94 8.41
2104 85.13 47.45 35.69 16.09 9.74
2105 85.14 28.83 25.66 13.42 7.26
2106 85.31 63.80 129.83 13.16 9.58
2107 85.18 45.02 37.24 17.15 8.74
2108 85.19 37.43 26.98 18.14 8.56
2109 85.40 55.20 41.40 14.90 9.46
2110 85.44 60.66 83.96 14.92 9.61
2111 85.34 69.47 142.59 9.77 10.25
2112 85.34 74.50 91.18 6.90 8.37
2113 85.67 41.35 30.66 17.96 8.03
2114 85.34 57.17 54.54 15.24 10.13
2115 85.38 33.53 24.95 16.88 7.95
2116 85.58 53.33 35.03 16.14 8.79
2117 85.62 51.37 33.80 16.68 9.53
2118 85.57 66.13 131.59 11.57 8.78
2119 85.72 22.82 18.07 11.05 6.18
2120 85.57 30.88 21.60 14.10 7.10
2121 85.94 35.56 26.03 16.12 7.82
2122 85.75 38.97 26.34 17.38 8.90
2123 85.60 48.52 34.50 17.20 8.60
2124 85.86 24.83 18.95 11.88 6.61
2125 86.04 43.57 31.24 17.27 7.84
2126 85.95 46.07 30.46 17.63 9.80
2127 86.12 31.97 20.36 16.31 7.78
2128 86.33 71.60 124.49 8.67 7.50
2129 86.28 29.53 18.24 14.49 7.07
2130 86.51 57.95 46.45 13.47 7.41
2131 86.47 68.45 126.80 9.78 7.72
2132 86.53 48.94 26.68 16.46 8.43
2133 86.55 26.82 16.98 12.36 6.92
2134 86.51 55.58 33.67 15.43 8.28
2135 86.62 62.75 61.22 12.46 8.08
2136 86.55 33.54 19.55 16.05 7.81
2137 86.74 50.97 26.32 15.30 7.60
2138 86.67 60.64 51.05 12.79 8.02
2139 86.78 64.97 100.57 11.42 7.51
2140 86.69 53.28 26.00 15.21 7.55
2141 86.66 40.28 23.11 16.08 6.87
2142 86.89 47.04 24.03 17.18 8.10
2143 86.88 23.66 16.96 10.29 6.25
2144 87.14 44.93 24.90 17.09 7.48
2145 87.10 42.38 21.25 16.03 7.56
2146 87.09 31.42 17.45 13.68 5.70
2147 87.20 34.89 18.46 15.86 7.03
2148 87.05 36.48 20.00 16.73 7.64
2149 87.38 25.26 14.71 11.08 6.37
2150 87.59 69.78 81.92 9.10 6.73
2151 87.57 72.40 75.65 7.08 5.55
2152 87.47 37.51 20.22 15.08 6.90
2153 87.59 54.66 23.14 14.86 7.69
2154 87.64 58.84 37.29 13.93 6.75
2155 87.90 52.13 22.04 14.91 7.04
2156 87.75 67.09 68.05 9.81 5.84
2157 87.90 61.96 40.12 12.29 6.81
2158 87.93 43.44 20.27 15.96 7.31
2159 87.77 28.87 16.10 12.35 6.35
2160 87.98 40.59 19.32 14.80 7.00
2161 87.84 26.84 14.07 11.78 5.98
2162 88.15 38.49 18.27 16.07 6.50
2163 88.32 49.98 19.00 15.33 6.63
2164 88.26 35.84 18.33 15.22 6.68
2165 88.48 30.61 14.77 12.72 6.01
2166 88.37 45.59 19.35 15.49 7.70
2167 88.51 25.50 12.19 10.86 4.97
2168 88.73 57.22 25.20 13.09 6.93
2169 88.80 68.29 51.24 8.73 5.03
2170 88.80 32.54 15.59 14.20 5.80
2171 88.63 41.32 16.52 14.93 6.15
2172 88.82 54.42 20.07 14.34 6.99
2173 89.04 47.75 16.76 14.48 6.35
2174 89.21 62.62 30.07 11.00 5.61
2175 89.02 51.96 17.56 12.33 6.23
2176 89.08 60.26 29.42 11.41 6.03
2177 89.00 65.44 36.11 8.64 5.61
2178 89.32 35.76 14.51 13.66 5.64
2179 89.39 45.75 17.86 15.38 6.98
2180 89.32 49.64 17.00 13.00 5.89
2181 89.60 41.09 16.83 14.24 6.64
2182 89.71 33.47 15.06 13.20 5.53
2183 89.82 53.42 15.87 12.35 6.76
2184 89.74 37.61 15.63 13.87 5.68
2185 89.84 39.25 15.89 15.06 6.42
2186 89.95 58.72 16.13 11.32 5.73
2187 90.14 65.14 24.48 9.02 4.62
2188 90.03 43.94 16.15 14.10 5.75
2189 90.01 50.59 17.71 13.25 6.17
2190 90.35 61.33 20.21 9.81 6.09
2191 90.49 47.18 15.72 13.57 5.79
2192 90.38 52.56 19.27 13.18 5.45
2193 90.56 62.64 20.52 10.91 4.65
2194 90.85 37.87 13.68 13.74 5.36
2195 90.86 57.35 14.75 10.98 5.46
2196 90.78 27.26 11.51 10.71 4.63
2197 90.58 40.84 15.50 14.83 5.00
2198 90.96 31.88 12.85 13.21 4.87
2199 91.09 52.09 16.13 11.95 5.33
2200 91.15 40.18 14.41 14.13 5.43
2201 90.95 42.46 13.61 15.33 6.24
2202 91.30 59.30 14.61 10.75 5.26
2203 91.30 45.91 14.23 14.43 5.80
2204 91.28 64.76 14.29 9.55 4.11
2205 91.56 33.77 12.47 15.41 5.73
2206 91.58 36.03 13.34 12.79 5.72
2207 91.95 48.20 13.71 13.72 5.61
2208 91.89 41.93 15.65 15.05 4.81
2209 92.19 39.02 11.93 14.70 5.37
2210 92.28 44.01 13.75 14.69 5.71
2211 92.38 54.25 14.23 11.19 5.85
2212 92.64 59.12 12.21 9.51 4.58
2213 92.69 45.93 12.94 14.88 5.02
2214 92.55 51.56 14.16 11.82 5.48
2215 92.76 37.10 13.29 13.69 5.26
2216 92.61 40.15 13.90 14.76 5.71
2217 93.09 48.13 14.81 12.32 5.19
2218 93.17 61.21 13.22 8.67 4.62
2219 93.27 41.22 13.53 15.68 5.24
2220 93.30 50.47 13.84 10.45 4.48
2221 93.35 55.25 13.46 10.13 4.30
2222 93.25 38.26 11.88 15.62 3.88
2223 93.70 53.90 12.02 11.94 4.84
2224 93.96 32.52 9.26 15.09 4.39
2225 94.04 44.86 12.20 13.34 5.33
2226 93.63 52.25 14.00 10.24 5.56
2227 93.81 34.08 10.36 14.24 4.70
2228 93.98 39.19 12.92 15.23 5.24
2229 94.59 37.05 10.44 12.62 4.41
2230 94.63 50.89 12.49 11.30 4.78
2231 94.77 53.01 12.03 10.69 4.24
2232 94.53 41.40 11.51 14.90 4.37
2233 94.98 47.27 12.16 12.65 4.14
2234 94.64 42.66 9.14 15.07 4.14
2235 95.37 43.20 11.09 14.04 4.87
2236 95.68 39.43 10.78 15.96 4.34
2237 95.46 55.96 11.43 8.06 4.43
2238 95.75 45.06 11.56 13.10 4.38
2239 95.59 49.62 11.78 12.72 3.95
2240 95.41 41.61 15.00 15.47 3.53
2241 95.96 36.97 10.27 14.55 4.59
2242 96.11 52.13 11.55 10.04 4.79
2243 96.33 42.36 10.90 15.32 4.67
2244 96.71 50.09 10.79 12.58 4.38
2245 96.90 47.95 11.92 13.25 4.13
2246 96.99 38.73 9.78 12.07 3.26
2247 97.22 41.06 11.00 15.02 4.27
2248 97.66 46.65 10.14 12.58 3.97
2249 97.49 42.36 10.29 13.71 4.52
2250 97.48 45.01 9.41 12.50 3.77

