#<Embryo name> <Cleavage cycle> <Temporal class> <Genes>
sl30 14A 8 Kruppel even-skipped fushi-tarazu

#Quantitative data
#<Nucleus number> <A-P coordinate> <D-V coordinate> <Fluorescence intensity: channel 1 - Kr, channel 2 - eve, channel 3 - ftz>
0 2.21 50.31 10.94 2.72 21.17
1 2.55 48.00 11.45 2.38 21.56
2 2.85 50.83 10.44 2.49 24.25
3 2.75 53.25 9.38 2.29 21.66
4 2.94 44.79 10.70 2.91 23.25
5 3.45 52.06 10.67 2.58 26.04
6 3.22 41.47 12.47 2.53 19.60
7 3.51 46.33 11.55 3.15 24.31
8 3.20 47.91 11.90 2.80 21.80
9 3.42 49.15 12.14 2.60 23.56
10 3.85 41.77 13.66 3.15 23.65
11 4.07 53.01 12.64 2.73 23.51
12 3.95 54.92 11.70 2.77 24.67
13 3.98 56.89 11.50 2.75 24.27
14 4.40 47.45 13.25 2.94 25.57
15 4.21 49.32 12.66 2.93 25.13
16 4.29 40.22 12.79 2.92 24.04
17 4.38 44.27 10.33 3.23 24.85
18 4.21 45.77 10.83 3.08 24.50
19 4.43 51.11 13.87 2.52 26.09
20 5.19 53.31 13.74 3.25 26.44
21 4.76 56.84 12.25 2.53 23.91
22 5.02 41.44 13.57 3.05 25.43
23 4.95 37.79 13.37 3.48 26.73
24 5.03 51.41 13.14 2.92 24.75
25 5.14 39.62 13.91 3.39 26.33
26 5.12 45.69 13.26 2.93 24.98
27 5.31 59.32 10.57 2.22 24.06
28 5.09 48.37 14.11 2.86 25.89
29 5.71 36.37 14.61 3.31 24.93
30 5.88 47.31 12.58 3.51 27.02
31 5.80 45.67 12.00 3.22 28.06
32 5.95 50.49 14.04 3.51 26.14
33 6.11 41.32 15.84 3.65 25.19
34 6.02 43.09 13.58 3.35 27.48
35 5.89 58.40 13.70 2.00 24.70
36 6.16 44.55 15.21 4.32 26.58
37 6.32 61.30 11.13 2.15 22.51
38 6.44 55.31 13.67 2.92 26.25
39 6.43 58.45 12.51 2.38 25.79
40 7.14 37.25 16.25 3.06 26.05
41 6.94 45.39 15.27 3.46 26.52
42 6.76 56.58 18.70 3.09 25.87
43 6.89 47.42 13.98 3.69 28.24
44 7.19 39.75 19.13 3.31 25.69
45 7.30 57.54 16.92 3.17 25.17
46 7.20 41.93 18.02 4.04 27.56
47 7.30 52.29 14.09 4.12 27.07
48 7.43 34.02 16.90 3.34 25.53
49 7.32 43.66 17.08 3.85 26.23
50 7.51 56.02 21.70 3.30 23.70
51 7.75 44.28 19.67 3.25 25.67
52 8.13 55.58 14.49 3.54 28.65
53 7.77 42.39 16.50 3.60 27.30
54 7.95 61.70 14.23 3.16 24.83
55 8.32 31.75 15.99 3.03 28.19
56 8.21 40.92 19.66 3.61 26.61
57 8.04 58.14 17.15 3.06 26.00
58 8.21 49.31 16.26 3.84 27.31
59 8.03 52.21 15.73 3.40 27.67
60 8.13 43.28 17.39 4.09 27.33
61 8.37 36.66 15.34 3.78 27.03
62 8.41 53.71 15.04 3.28 28.16
63 8.57 35.12 14.90 3.94 26.19
64 8.37 51.10 15.16 3.72 27.81
65 8.54 45.33 14.36 3.94 29.00
66 8.87 59.33 15.19 2.78 26.57
67 8.81 43.92 14.19 3.45 29.62
68 8.58 57.73 17.50 3.83 29.00
69 9.24 48.11 16.10 3.57 30.57
70 9.17 51.34 17.89 3.63 29.33
71 9.06 56.87 16.28 4.04 27.88
72 9.10 53.81 21.05 3.83 25.15
73 9.21 40.51 17.30 3.81 29.25
74 9.15 64.61 12.00 2.83 25.19
75 9.49 62.71 15.95 3.11 24.81
76 9.29 36.47 17.26 3.22 27.80
77 9.49 38.37 16.23 3.87 28.81
78 9.55 45.78 17.52 4.11 30.21
79 9.48 49.94 18.57 4.00 29.35
80 9.39 31.68 20.77 3.38 26.03
81 9.44 34.22 17.13 3.96 26.04
82 9.74 43.34 17.75 4.49 29.32
83 9.93 41.56 18.09 3.42 30.36
84 9.75 57.39 18.97 3.14 27.31
85 9.85 54.78 14.32 3.95 29.66
86 9.79 65.59 13.43 2.52 24.48
87 9.66 66.48 11.29 2.86 23.71
88 9.86 36.23 18.07 4.14 29.71
89 9.92 52.73 15.47 3.66 29.47
90 9.96 51.04 21.82 3.18 26.64
91 10.38 49.22 17.95 3.58 28.97
92 10.16 31.69 15.15 2.95 26.11
93 10.30 26.73 14.32 3.26 22.29
94 10.45 60.65 17.29 3.39 27.70
95 10.39 64.10 15.42 3.14 23.88
96 10.68 67.59 14.47 2.75 23.57
97 10.75 66.21 11.37 2.90 26.02
98 10.71 44.63 16.51 3.95 28.89
99 10.73 55.98 20.78 4.20 27.03
100 10.79 35.28 18.76 3.39 29.48
101 10.65 36.76 18.28 3.21 31.66
102 10.84 46.51 20.83 3.92 30.10
103 10.96 33.82 18.69 4.08 31.74
104 10.82 41.95 24.00 3.93 24.71
105 10.93 31.90 16.20 3.98 29.08
106 11.01 53.56 25.70 3.59 26.04
107 11.25 29.84 13.73 3.10 28.07
108 11.06 50.85 23.19 3.95 31.57
109 11.14 57.91 19.20 3.48 29.40
110 11.27 62.27 15.45 3.40 26.70
111 11.56 59.93 22.17 3.53 28.39
112 11.20 64.47 15.14 3.19 25.16
113 11.51 43.01 18.15 3.94 29.87
114 11.35 71.45 10.92 2.50 24.19
115 11.44 40.52 15.55 3.94 29.72
116 11.48 25.72 13.40 3.13 25.49
117 11.64 36.66 19.88 4.04 31.22
118 11.63 69.00 13.43 2.30 23.67
119 12.03 45.61 19.03 3.85 30.59
120 11.68 67.30 12.91 2.77 23.29
121 11.87 48.02 26.80 3.85 25.93
122 12.06 50.93 27.87 3.81 26.50
123 12.15 27.99 14.65 2.94 26.76
124 12.35 64.56 13.56 3.36 27.02
125 11.99 38.73 17.62 4.38 29.62
126 12.51 54.33 30.86 3.94 26.03
127 12.24 62.21 18.32 3.75 25.86
128 12.30 71.61 10.89 2.27 23.59
129 12.40 42.58 27.64 4.22 29.11
130 12.39 37.29 24.26 4.52 28.52
131 12.57 67.26 11.31 3.11 27.59
132 12.81 34.64 19.12 4.07 28.58
133 12.66 69.87 13.36 2.86 23.50
134 12.51 48.33 18.93 3.67 30.13
135 12.53 61.01 20.71 4.21 29.71
136 12.64 26.05 16.74 2.91 28.12
137 12.93 38.92 20.39 3.28 31.65
138 12.93 47.34 18.02 3.56 29.35
139 12.83 36.33 19.21 4.24 32.45
140 13.26 49.81 30.84 4.08 26.97
141 12.88 73.43 8.91 2.27 22.12
142 12.92 68.53 12.17 3.17 23.61
143 13.12 44.64 31.05 4.15 27.92
144 13.25 25.35 15.81 3.19 26.81
145 13.76 57.82 26.52 4.11 26.14
146 13.30 42.63 19.10 4.00 30.54
147 13.51 66.16 11.98 3.06 26.22
148 13.45 26.71 16.06 3.09 27.03
149 13.56 62.14 15.58 3.73 29.04
150 13.29 23.28 14.29 2.43 30.86
151 13.46 54.69 20.55 3.61 32.13
152 13.73 64.40 16.81 4.12 27.06
153 13.75 23.86 17.15 3.39 26.29
154 13.83 52.33 28.92 4.10 27.62
155 13.91 33.03 19.63 3.88 30.55
156 13.83 29.29 17.53 3.78 30.35
157 13.80 46.96 27.59 4.22 29.31
158 14.08 31.01 17.38 4.00 30.14
159 13.98 38.92 29.10 3.51 25.25
160 13.89 44.93 19.15 4.20 33.27
161 13.82 53.86 22.62 3.69 32.12
162 14.19 27.58 16.33 3.00 28.26
163 14.27 68.73 10.73 3.51 28.68
164 14.23 41.67 24.60 3.44 26.44
165 14.41 56.10 19.71 4.39 29.90
166 14.38 71.54 10.74 2.74 22.19
167 14.35 48.24 19.02 3.91 31.18
168 14.20 54.84 29.35 3.59 31.00
169 14.57 36.59 30.37 4.21 22.51
170 14.54 44.77 31.45 4.18 24.89
171 14.70 50.07 29.85 4.27 25.51
172 14.61 53.81 20.76 4.24 29.79
173 14.83 40.48 19.00 3.41 31.19
174 15.09 26.73 17.53 3.14 27.97
175 14.97 33.38 24.78 4.00 26.00
176 14.92 35.00 22.09 3.55 32.91
177 15.18 65.90 14.73 3.36 28.29
178 15.04 23.98 14.74 3.15 25.17
179 15.03 55.27 19.00 3.97 29.19
180 15.00 43.37 24.00 4.75 33.88
181 15.19 47.68 32.78 4.00 26.80
182 15.23 44.49 19.59 3.80 33.73
183 15.27 57.82 16.12 4.52 28.67
184 15.40 51.49 17.79 4.06 31.17
185 15.48 31.34 17.82 3.41 30.68
186 15.19 36.30 19.48 3.33 33.18
187 15.31 68.96 10.45 3.06 24.68
188 15.45 22.03 12.13 3.02 25.10
189 15.45 42.22 31.85 3.79 24.75
190 15.89 74.80 9.03 3.12 22.89
191 15.58 63.58 17.70 4.85 29.08
192 15.56 40.63 21.97 3.36 32.64
193 15.53 49.47 16.78 4.11 31.94
194 15.66 70.34 10.56 2.76 26.33
195 15.71 33.63 18.98 4.22 30.62
196 15.48 23.32 13.75 2.62 25.62
197 15.77 27.25 15.85 4.07 28.00
198 15.66 56.20 18.53 3.34 28.34
199 15.89 61.56 18.16 4.14 28.88
200 15.73 54.64 14.88 3.41 28.85
201 15.94 37.29 17.49 3.59 31.10
202 16.02 39.40 21.10 3.94 32.68
203 16.35 58.33 15.55 4.13 30.70
204 16.45 23.88 13.77 3.56 26.20
205 16.50 25.93 15.91 3.98 28.41
206 16.12 51.86 16.47 4.88 32.18
207 16.51 64.73 13.66 4.10 28.32
208 16.35 36.14 19.35 3.85 31.65
209 16.28 43.21 16.41 3.76 31.82
210 16.28 53.41 16.09 3.59 31.61
211 16.47 34.49 17.11 3.77 29.56
212 16.62 41.47 18.95 4.24 30.14
213 16.60 44.74 17.37 4.29 30.11
214 16.55 56.05 14.68 4.56 27.75
215 16.66 72.86 8.78 3.28 22.68
216 16.74 38.99 19.95 3.69 30.33
217 16.84 61.74 13.95 4.68 29.79
218 16.73 30.93 17.42 3.84 29.58
219 16.86 46.65 15.63 3.89 30.87
220 16.78 51.53 15.15 3.58 29.65
221 16.82 67.28 11.59 4.17 27.41
222 17.15 49.44 14.39 4.10 31.07
223 16.86 69.71 11.17 3.56 25.17
224 17.03 77.10 8.37 2.82 23.50
225 17.13 27.72 15.93 3.81 29.63
226 17.41 65.68 13.21 4.66 27.96
227 17.16 54.08 14.25 3.61 31.78
228 17.13 19.95 10.31 3.08 24.82
229 16.96 59.34 11.75 4.00 32.75
230 17.34 71.78 9.85 3.09 24.44
231 17.21 22.41 13.34 3.11 24.74
232 17.40 36.48 15.23 3.89 32.93
233 17.39 70.34 10.75 4.04 25.12
234 17.54 39.57 17.71 3.92 30.98
235 17.53 57.12 12.79 4.18 29.43
236 17.39 38.35 15.75 4.00 30.38
237 17.73 30.21 17.37 4.02 31.16
238 17.75 60.11 14.80 4.21 30.28
239 17.73 23.92 12.03 3.61 27.33
240 17.62 43.38 15.15 4.00 31.79
241 17.82 52.53 13.51 4.04 30.50
242 17.75 62.30 14.28 4.12 31.75
243 17.63 41.30 15.25 4.00 31.18
244 17.53 50.87 15.09 4.32 32.91
245 17.95 77.95 8.29 3.13 21.99
246 17.99 46.47 12.83 4.06 31.49
247 17.91 34.76 14.91 4.14 31.01
248 17.92 48.53 13.40 4.14 29.37
249 17.57 55.10 15.38 3.88 29.25
250 18.18 20.24 9.88 3.13 27.13
251 17.99 25.49 11.87 3.74 27.47
252 18.14 68.86 10.55 3.75 27.24
253 18.15 32.35 18.19 3.95 30.21
254 17.92 37.72 13.33 4.00 38.67
255 18.39 44.57 14.50 3.93 28.98
256 18.51 64.18 12.55 3.95 29.86
257 18.87 22.14 10.21 3.39 28.19
258 18.50 27.26 13.06 4.26 29.20
259 18.31 40.11 14.04 4.02 27.51
260 18.23 33.64 13.92 4.33 30.83
261 18.65 75.63 8.18 3.03 24.60
262 18.45 42.96 13.24 4.18 30.70
263 18.86 53.66 11.66 3.91 32.19
264 18.40 37.89 14.74 4.54 30.34
265 18.76 50.77 11.20 4.15 30.59
266 18.57 35.78 13.60 3.90 31.23
267 18.67 66.30 11.48 4.45 27.42
268 18.56 25.69 12.22 3.67 30.11
269 18.65 61.72 15.55 5.09 27.77
270 18.76 76.99 9.00 3.28 24.61
271 18.90 31.93 13.02 3.67 31.77
272 19.07 41.41 12.92 4.33 30.61
273 19.04 37.58 13.49 4.21 32.09
274 19.03 69.96 10.08 3.74 27.21
275 19.29 59.62 13.46 4.63 31.36
276 19.36 24.33 10.30 3.79 27.31
277 19.05 39.71 12.91 3.77 30.17
278 19.21 18.73 8.86 3.25 26.64
279 19.39 43.91 11.51 4.08 30.23
280 19.17 48.35 11.27 3.66 29.71
281 19.53 29.15 12.10 3.78 31.20
282 19.69 71.94 10.11 3.87 26.59
283 19.28 61.18 12.75 5.88 30.50
284 19.46 62.38 12.08 4.32 30.94
285 19.73 20.08 8.94 3.52 25.84
286 19.52 55.96 12.42 5.45 31.61
287 19.49 51.92 11.52 3.52 31.05
288 19.82 77.97 9.05 2.72 24.75
289 19.51 46.00 11.43 3.00 31.57
290 19.73 68.49 9.98 4.21 27.40
291 19.80 76.19 9.29 3.54 22.45
292 19.72 17.07 7.97 2.87 24.10
293 19.82 32.34 13.28 4.34 31.79
294 19.82 64.18 11.88 4.44 27.17
295 19.74 30.41 14.00 5.79 30.36
296 19.85 38.60 11.71 4.24 32.55
297 19.92 53.06 12.38 4.31 28.40
298 19.78 41.86 11.16 5.04 29.04
299 20.12 47.58 12.24 4.21 31.05
300 20.12 21.75 10.03 3.69 29.13
301 19.99 50.96 11.43 4.38 31.29
302 20.09 54.88 12.56 4.42 30.62
303 20.38 80.18 8.12 2.95 21.12
304 20.05 61.03 12.44 5.68 27.47
305 20.40 34.61 11.75 4.61 32.96
306 20.60 71.33 10.43 4.33 26.86
307 20.31 26.07 10.97 4.01 31.48
308 20.26 30.89 11.64 3.81 31.97
309 20.39 57.42 12.29 3.97 30.21
310 20.22 74.71 9.18 3.12 23.71
311 20.25 18.26 7.86 1.86 27.14
312 20.35 42.19 10.59 4.36 28.14
313 20.30 36.15 14.22 3.11 36.00
314 20.52 37.72 12.03 4.11 31.18
315 20.59 40.56 11.81 4.32 29.74
316 20.69 60.18 11.46 4.45 31.55
317 20.51 63.54 10.83 4.00 28.06
318 20.55 31.95 11.95 4.05 32.48
319 20.80 64.62 11.15 4.34 27.66
320 20.64 24.18 10.55 4.10 28.97
321 20.60 53.74 12.33 5.39 34.00
322 20.99 22.55 9.93 3.83 29.35
323 20.74 51.40 11.03 4.10 32.45
324 20.83 18.11 8.29 2.87 25.74
325 20.80 28.89 10.56 4.33 29.95
326 20.71 73.99 9.89 3.81 22.78
327 20.90 43.69 10.30 4.47 31.91
328 21.18 46.70 11.12 4.24 30.61
329 20.95 65.99 11.81 4.82 30.25
330 20.93 69.09 10.80 4.36 28.71
331 20.98 19.86 10.39 3.89 24.86
332 21.27 48.38 12.08 4.48 31.48
333 20.97 25.27 10.84 4.32 31.53
334 21.31 75.52 9.47 4.19 23.86
335 21.17 30.16 10.58 4.16 30.35
336 21.02 52.96 12.70 4.60 31.50
337 21.21 54.46 12.07 4.37 31.26
338 21.16 62.55 11.12 4.44 29.92
339 21.10 77.17 10.15 3.53 24.88
340 21.37 36.28 12.40 4.75 34.08
341 21.32 67.48 11.07 4.32 29.18
342 21.35 56.85 10.98 4.22 28.30
343 21.26 27.27 10.32 4.34 30.05
344 21.29 37.87 12.15 4.23 32.08
345 21.31 79.25 7.72 3.67 21.74
346 21.42 32.61 10.87 4.38 29.72
347 21.17 74.21 9.60 3.40 27.80
348 21.50 39.45 13.30 5.13 31.91
349 21.74 51.94 11.41 4.49 31.32
350 21.57 58.88 11.45 4.40 30.04
351 21.53 24.39 10.25 3.82 29.36
352 21.47 18.52 7.56 2.92 27.28
353 21.96 20.75 8.82 4.00 26.49
354 21.62 77.73 8.53 4.00 24.65
355 21.71 30.97 10.55 4.58 32.29
356 21.69 41.14 12.77 5.09 32.17
357 22.21 49.86 11.15 4.40 29.20
358 21.54 64.46 13.00 5.50 34.00
359 21.93 81.57 8.34 3.56 21.57
360 21.80 25.59 9.71 3.69 30.23
361 21.86 71.38 10.61 4.51 27.47
362 21.81 27.15 10.04 4.37 33.37
363 22.18 61.15 11.31 4.99 28.84
364 21.81 73.21 9.46 4.80 25.80
365 21.87 45.89 10.92 4.63 30.66
366 21.93 55.20 10.43 3.38 31.48
367 22.16 69.11 10.15 4.95 26.96
368 22.07 63.33 11.59 4.66 27.52
369 21.98 65.07 9.59 4.48 28.70
370 22.50 78.88 8.70 5.06 22.31
371 22.15 53.80 11.62 5.41 27.51
372 22.20 74.59 9.70 4.86 23.30
373 22.47 29.94 10.93 4.48 30.82
374 22.20 37.02 12.90 4.38 29.10
375 22.30 41.95 11.72 4.31 28.86
376 22.12 44.93 11.25 3.50 30.50
377 22.42 58.03 10.52 4.68 28.86
378 22.40 67.12 10.77 5.87 30.11
379 22.69 47.11 10.68 4.67 30.08
380 22.73 16.99 8.09 3.52 25.85
381 22.45 25.30 10.46 4.21 29.15
382 22.43 27.58 10.68 4.08 31.12
383 22.45 35.58 10.80 4.96 31.38
384 22.75 76.14 10.02 5.10 26.12
385 22.55 55.83 11.41 4.62 30.18
386 22.75 40.31 11.75 4.07 30.20
387 22.78 38.20 11.79 4.01 32.33
388 22.61 84.03 7.71 3.39 22.96
389 22.65 51.73 11.41 4.38 30.00
390 22.75 43.74 11.77 4.55 30.40
391 22.92 33.64 11.05 4.41 35.87
392 23.20 62.81 10.74 5.19 30.81
393 22.85 22.53 9.84 3.84 27.95
394 22.80 59.52 10.33 5.22 27.94
395 23.07 64.80 11.10 5.36 28.76
396 23.13 73.72 10.20 6.72 24.83
397 23.09 24.33 10.22 4.15 30.19
398 23.00 72.06 10.42 5.58 25.88
399 23.05 83.00 7.68 4.03 22.35
400 23.32 54.35 11.74 5.29 32.15
401 23.39 26.47 10.08 4.32 29.97
402 23.33 52.37 11.27 4.77 30.92
403 23.04 68.12 10.36 6.20 30.04
404 23.13 36.14 12.24 4.81 32.67
405 23.18 60.52 11.62 5.58 28.55
406 23.17 84.58 7.18 3.18 20.27
407 23.24 57.34 10.42 5.00 31.52
408 23.38 66.24 10.73 6.69 28.58
409 23.35 81.38 8.44 5.22 24.17
410 23.56 68.49 10.33 6.67 27.50
411 23.33 15.77 8.17 3.52 24.96
412 23.38 44.04 11.83 4.97 30.03
413 23.51 20.13 8.85 3.88 27.05
414 23.54 41.92 11.06 5.19 31.27
415 23.52 49.19 11.36 4.65 32.04
416 23.32 70.84 10.00 4.55 28.82
417 23.54 22.04 9.57 4.56 27.97
418 23.57 30.89 11.05 4.45 30.49
419 23.58 77.82 8.81 6.98 24.53
420 23.70 46.00 10.74 4.46 30.69
421 23.69 14.49 7.46 3.44 25.46
422 23.54 58.83 12.52 5.68 31.00
423 23.67 37.48 10.64 4.78 29.92
424 23.51 61.33 11.00 5.93 29.43
425 23.73 35.61 10.92 4.03 33.03
426 23.82 40.19 11.01 4.35 31.32
427 23.68 72.19 9.60 6.80 24.63
428 23.81 76.00 9.71 7.94 24.78
429 24.16 34.56 10.49 4.97 30.81
430 23.91 28.58 10.33 4.78 29.65
431 23.77 32.59 11.39 5.17 30.50
432 23.86 51.21 12.15 4.48 31.70
433 23.78 69.99 9.17 6.92 29.25
434 23.89 85.02 6.96 4.16 23.12
435 23.91 55.64 12.44 5.47 28.86
436 23.81 64.32 11.43 6.71 26.71
437 23.94 79.50 8.31 7.47 25.36
438 23.90 82.83 6.22 9.22 19.74
439 24.14 18.17 9.05 3.84 26.07
440 24.02 43.63 11.69 4.92 29.56
441 23.91 70.96 9.00 7.12 26.88
442 24.33 57.39 11.41 6.20 31.87
443 24.27 59.67 11.69 5.78 32.17
444 24.10 73.65 10.81 8.75 26.47
445 24.39 38.46 10.74 4.66 32.09
446 24.31 61.54 11.95 6.40 30.33
447 24.38 16.05 8.83 4.22 25.26
448 24.45 25.28 10.30 4.83 30.96
449 24.43 47.70 11.52 5.01 30.48
450 24.30 22.98 9.30 5.06 29.83
451 24.43 66.00 13.14 7.02 28.29
452 24.62 68.89 9.92 9.33 29.01
453 24.43 83.77 7.91 9.02 21.36
454 24.57 50.62 12.09 5.26 30.84
455 24.82 55.29 11.55 5.95 30.10
456 24.31 67.23 11.71 5.86 27.14
457 24.46 14.09 6.87 3.08 24.50
458 24.49 71.89 10.31 11.35 25.46
459 24.78 27.45 10.68 4.66 29.45
460 24.75 30.99 10.31 5.54 29.24
461 24.44 44.62 10.50 5.42 30.92
462 24.83 20.03 9.03 4.03 27.19
463 24.79 45.77 10.83 5.54 33.08
464 24.62 53.25 11.50 5.19 31.94
465 24.74 64.08 11.18 7.61 29.24
466 24.76 29.25 10.05 4.54 29.81
467 24.70 43.29 10.16 4.30 33.30
468 24.83 58.86 11.81 6.46 33.68
469 24.84 52.12 10.04 5.44 32.33
470 25.24 74.45 9.43 41.92 22.12
471 24.81 82.68 7.50 10.33 24.33
472 25.04 62.26 11.75 8.03 31.53
473 25.06 73.21 10.06 16.39 28.17
474 25.06 39.26 9.85 4.70 34.05
475 25.44 77.46 9.64 63.36 23.68
476 25.49 12.73 6.97 4.52 23.01
477 25.16 66.44 11.39 10.50 27.81
478 25.36 16.78 8.00 4.25 25.73
479 25.50 43.56 11.50 5.38 30.25
480 25.51 23.82 10.60 5.17 28.73
481 25.40 52.61 10.78 5.50 30.06
482 25.59 81.28 9.24 41.38 20.16
483 25.60 58.58 10.94 6.84 30.44
484 25.58 29.70 10.57 5.93 31.14
485 25.80 71.15 10.72 46.24 24.09
486 25.63 26.88 10.08 5.29 29.50
487 25.87 84.72 7.48 43.33 21.24
488 25.77 35.53 11.92 5.22 33.61
489 25.65 38.64 11.10 5.26 29.90
490 25.87 41.63 11.14 6.11 31.00
491 25.67 61.56 11.19 9.03 33.03
492 25.70 63.89 11.21 10.05 27.79
493 25.84 53.55 11.05 7.19 28.62
494 25.95 48.06 11.43 6.40 31.79
495 25.92 31.99 9.86 5.92 31.04
496 25.91 51.42 11.84 6.51 30.93
497 25.78 66.81 11.08 14.64 28.92
498 26.08 20.61 8.93 5.93 27.79
499 26.01 65.36 11.78 24.49 26.14
500 26.02 56.61 12.41 6.64 33.68
501 26.03 68.16 12.37 33.00 21.17
502 26.38 18.85 8.84 6.11 25.72
503 26.44 28.91 10.51 6.62 30.22
504 26.16 45.06 10.53 6.21 34.49
505 26.16 36.70 11.83 5.56 31.44
506 26.12 25.73 9.62 5.76 30.95
507 26.13 62.40 11.33 15.67 32.00
508 26.56 73.11 10.43 156.38 27.62
509 26.61 79.39 9.94 148.19 24.45
510 26.34 38.19 11.32 5.32 31.38
511 26.53 76.12 10.24 149.18 25.79
512 26.36 23.79 9.85 6.80 29.57
513 26.76 82.68 9.09 108.94 21.28
514 26.62 43.41 11.10 6.40 31.53
515 26.49 59.77 11.34 11.66 29.70
516 26.90 34.00 10.47 6.31 31.40
517 26.56 54.70 10.44 9.16 29.51
518 26.95 64.14 11.99 99.68 29.64
519 26.38 30.13 10.75 7.50 32.25
520 26.69 61.74 11.38 28.65 29.09
521 26.85 58.06 11.69 12.73 31.59
522 26.95 52.81 11.48 9.29 29.71
523 26.70 26.22 9.52 6.27 30.73
524 27.02 66.99 12.19 163.73 28.62
525 26.96 69.73 11.34 159.06 29.52
526 26.70 11.93 7.53 6.31 22.69
527 26.71 39.61 12.15 6.55 33.55
528 26.75 50.73 11.57 7.55 30.05
529 26.75 36.14 11.11 7.08 31.58
530 26.85 13.77 7.26 7.24 24.26
531 27.00 40.72 11.08 7.95 30.85
532 26.79 47.87 11.89 7.16 30.56
533 27.38 86.31 7.58 70.43 21.05
534 27.03 27.40 10.97 8.39 30.03
535 26.95 49.28 11.33 6.42 30.33
536 27.07 24.35 9.35 7.66 28.74
537 27.15 20.17 10.35 8.70 28.30
538 27.50 44.51 11.62 9.11 32.65
539 27.43 36.67 10.90 8.39 31.85
540 27.35 17.11 9.02 10.53 28.29
541 27.47 31.96 11.11 8.46 30.85
542 27.75 59.25 12.60 80.54 28.40
543 27.60 18.93 9.27 14.80 26.84
544 27.60 13.17 6.62 13.12 24.71
545 27.63 74.78 11.39 177.47 28.27
546 27.66 49.99 11.46 12.01 31.91
547 27.90 61.99 11.98 183.19 30.39
548 27.84 77.26 10.97 148.10 26.77
549 27.91 80.30 9.83 123.25 25.76
550 27.59 28.72 11.21 7.32 29.85
551 27.99 39.37 11.74 11.48 31.52
552 27.75 23.10 8.96 11.10 29.04
553 28.03 72.54 11.42 165.87 26.59
554 27.81 27.02 9.24 9.56 27.93
555 28.12 83.43 9.63 84.68 24.55
556 28.64 10.80 6.57 59.80 24.37
557 27.85 34.30 11.35 8.85 31.00
558 27.99 52.37 10.98 22.14 32.12
559 28.14 55.23 11.48 46.36 29.70
560 28.09 47.19 11.89 15.00 31.94
561 28.35 69.89 11.82 188.43 30.58
562 28.38 64.84 12.09 209.44 31.42
563 28.46 67.36 11.26 200.46 31.12
564 28.35 30.00 11.00 14.74 29.67
565 28.41 32.06 10.60 12.24 32.04
566 28.56 14.98 8.28 64.72 24.32
567 28.36 45.29 11.98 13.60 32.46
568 28.74 57.37 13.26 176.44 32.17
569 28.40 21.86 8.84 19.11 29.05
570 28.36 33.78 10.38 13.90 29.90
571 28.82 51.19 12.67 66.03 30.10
572 28.85 18.55 9.07 68.08 23.96
573 28.78 85.72 9.16 23.86 46.59
574 29.30 49.07 12.59 113.30 32.03
575 28.87 74.94 10.25 87.99 32.12
576 29.23 53.45 12.37 178.64 33.80
577 29.06 60.26 13.05 199.75 32.50
578 29.11 20.47 9.02 66.00 26.02
579 28.95 78.22 11.25 72.68 33.01
580 29.27 26.77 10.93 82.13 27.91
581 29.29 40.90 11.78 50.30 29.38
582 29.50 87.66 8.43 11.60 110.24
583 29.45 24.21 9.83 96.74 27.29
584 29.34 63.07 12.62 181.79 32.04
585 29.15 83.87 9.69 36.92 62.90
586 29.20 71.77 12.19 113.20 37.66
587 29.31 29.45 11.03 38.97 26.57
588 29.49 38.19 12.01 87.23 31.21
589 29.75 46.46 12.54 140.56 33.20
590 29.70 55.80 12.80 211.78 33.79
591 29.44 68.75 12.22 122.15 37.82
592 29.57 32.91 10.94 83.57 28.46
593 29.65 43.37 12.30 78.81 29.99
594 29.62 65.76 12.32 136.03 33.37
595 29.79 13.81 8.10 106.28 27.30
596 29.88 89.39 7.23 7.60 140.42
597 29.96 76.56 11.39 29.77 157.08
598 30.06 85.75 9.11 11.98 134.98
599 30.29 9.92 6.52 88.18 24.80
600 30.02 82.31 11.25 28.99 142.19
601 30.21 30.73 11.42 170.49 32.33
602 30.13 35.38 12.17 159.81 32.08
603 30.15 21.69 10.12 153.14 29.82
604 30.08 73.69 12.43 35.10 159.74
605 30.02 79.82 11.72 24.65 155.09
606 30.03 16.84 8.91 141.22 26.12
607 30.11 51.29 13.25 205.97 31.33
608 30.10 58.21 12.72 188.76 31.55
609 30.21 60.87 13.98 162.98 37.04
610 30.33 83.85 11.54 22.40 160.39
611 30.35 70.87 12.97 41.19 145.62
612 30.49 28.10 11.06 172.31 31.65
613 30.59 39.40 12.98 191.16 36.18
614 30.52 68.11 12.70 35.14 180.94
615 30.59 19.02 10.10 157.35 27.36
616 30.41 63.32 12.17 71.04 45.65
617 30.70 41.74 13.19 204.27 33.32
618 30.64 54.04 13.53 199.54 35.68
619 30.86 44.17 12.94 198.67 34.93
620 30.80 49.04 13.12 193.79 36.05
621 30.76 65.63 12.89 41.76 167.89
622 30.75 26.03 12.29 149.60 27.93
623 30.99 14.77 8.94 120.50 27.70
624 31.37 87.38 10.44 7.82 142.07
625 31.08 56.55 13.11 165.48 38.50
626 31.24 23.19 10.57 150.72 33.41
627 31.08 32.96 12.13 179.34 32.97
628 31.11 36.97 12.51 181.54 31.20
629 31.21 46.32 13.00 194.11 38.26
630 31.25 78.22 12.59 13.17 174.43
631 31.35 12.42 8.70 93.90 29.39
632 31.15 58.88 13.82 92.78 44.55
633 31.31 75.27 12.66 17.27 174.37
634 31.29 89.29 9.31 5.06 147.50
635 31.12 61.09 13.68 51.81 100.08
636 31.27 51.97 13.91 133.71 35.97
637 31.45 81.25 12.09 10.72 164.79
638 31.42 72.37 12.27 18.87 183.05
639 31.49 9.97 7.42 64.51 30.68
640 31.19 62.23 14.46 44.54 107.31
641 31.36 16.70 9.63 112.09 28.22
642 31.68 85.00 10.56 9.39 150.06
643 31.66 30.35 11.76 165.26 32.99
644 31.72 63.61 14.40 24.21 188.77
645 31.63 69.44 12.38 18.62 189.31
646 31.75 90.79 7.51 5.23 95.87
647 31.74 20.66 10.39 119.94 33.39
648 31.67 27.61 11.46 139.25 33.22
649 31.73 34.93 12.15 153.82 32.68
650 31.75 18.08 9.70 97.58 30.39
651 31.72 54.79 13.78 109.04 39.82
652 32.00 66.49 13.03 19.07 195.36
653 31.82 42.59 13.20 142.04 35.21
654 31.90 39.28 13.63 158.74 37.47
655 31.89 50.37 14.48 114.29 44.88
656 31.92 48.10 13.39 137.40 42.36
657 32.07 60.14 14.81 31.72 191.02
658 32.04 14.74 8.92 74.78 39.02
659 32.20 57.40 14.09 41.89 134.13
660 32.32 25.50 12.28 119.26 39.06
661 32.33 52.80 14.42 43.72 167.25
662 32.25 45.26 14.39 109.05 46.79
663 32.35 36.98 13.51 108.10 39.69
664 32.61 76.56 13.94 10.36 164.86
665 32.19 22.01 11.40 119.95 37.85
666 32.49 32.79 13.33 106.89 40.73
667 32.64 79.30 13.30 10.19 149.03
668 32.57 8.45 6.90 24.28 124.46
669 32.90 10.05 7.01 25.36 146.75
670 32.53 12.16 8.46 43.19 131.44
671 32.64 73.73 14.00 10.38 168.91
672 32.53 23.31 12.62 105.35 44.62
673 32.66 89.12 9.43 11.54 81.99
674 32.71 71.18 13.69 11.89 185.49
675 32.57 41.06 15.31 103.05 47.24
676 32.94 16.83 9.99 45.16 145.81
677 32.87 55.21 13.92 29.80 200.39
678 32.81 68.45 13.09 11.64 197.76
679 32.71 28.14 12.35 83.89 49.35
680 32.85 62.20 14.64 17.81 199.53
681 32.95 82.84 13.36 12.90 101.02
682 32.73 30.21 13.02 91.55 46.39
683 32.93 43.54 15.08 53.76 184.09
684 32.66 91.27 7.42 15.42 32.97
685 32.76 35.03 14.72 86.90 49.38
686 32.84 47.36 15.73 47.21 135.82
687 32.92 86.44 11.37 12.91 94.96
688 33.01 50.06 14.33 41.32 177.00
689 33.12 64.58 14.50 12.90 194.48
690 33.16 21.35 11.44 46.32 161.57
691 33.27 14.08 9.37 39.22 165.18
692 33.22 39.02 13.82 59.36 179.50
693 32.94 92.27 7.33 16.67 22.75
694 33.32 59.62 14.25 16.49 214.20
695 33.52 26.40 12.88 40.79 180.07
696 33.61 36.67 13.25 34.98 180.66
697 33.59 57.26 14.20 17.69 209.88
698 33.76 45.44 14.12 26.30 201.45
699 33.54 52.53 14.39 19.81 198.37
700 33.77 89.45 10.50 62.56 26.37
701 33.83 18.65 10.44 31.41 176.02
702 33.81 23.66 11.56 38.93 165.60
703 33.77 31.85 12.38 33.99 179.64
704 33.68 41.42 14.37 31.37 201.47
705 33.82 66.75 15.34 11.32 190.21
706 33.86 34.15 13.68 30.47 182.46
707 33.75 29.21 12.69 34.98 183.71
708 33.79 78.30 14.77 14.73 64.92
709 33.86 91.86 8.93 62.90 22.82
710 33.99 73.10 14.79 12.37 131.57
711 33.73 7.80 8.03 12.57 154.08
712 34.02 47.96 15.13 22.79 199.17
713 34.10 75.82 15.22 15.31 66.89
714 34.10 69.43 14.31 11.28 162.66
715 34.15 84.97 14.43 81.49 36.80
716 33.98 11.44 8.69 13.56 157.91
717 34.11 62.01 13.68 11.55 199.21
718 34.18 54.75 15.15 13.89 201.13
719 34.33 50.10 15.14 16.37 205.02
720 34.31 9.26 7.65 11.41 168.17
721 34.52 43.28 15.62 20.06 203.87
722 34.50 64.89 16.44 13.54 169.43
723 34.40 15.19 9.48 16.01 170.13
724 34.53 59.14 15.62 11.26 193.43
725 34.56 21.13 11.19 19.11 176.48
726 34.66 25.45 12.39 18.78 201.20
727 34.40 38.23 13.17 15.78 183.17
728 34.63 39.94 15.76 18.51 198.24
729 34.57 7.25 7.37 6.56 150.19
730 34.75 91.76 9.99 73.13 21.53
731 34.88 52.13 15.03 13.61 210.15
732 34.64 10.20 7.57 10.43 158.21
733 34.85 30.30 13.69 18.65 206.15
734 34.98 56.79 15.36 11.88 203.80
735 35.09 27.82 12.48 14.98 193.52
736 34.95 71.15 17.04 19.95 69.79
737 34.97 80.69 16.52 123.98 31.50
738 35.11 17.45 10.42 15.47 177.67
739 35.10 35.09 13.26 14.62 181.09
740 34.97 37.34 13.44 17.22 193.14
741 34.93 77.47 16.96 64.29 32.61
742 35.14 23.04 11.12 14.48 186.34
743 35.03 46.88 16.36 14.74 201.57
744 35.18 67.19 15.98 17.47 120.42
745 35.08 13.40 10.68 10.66 174.54
746 34.90 19.36 10.63 19.86 182.06
747 35.09 88.10 14.17 92.53 22.95
748 35.31 32.49 14.28 16.12 187.10
749 35.27 63.35 16.42 15.15 124.65
750 35.59 60.50 16.14 13.19 133.81
751 35.55 44.35 16.28 13.49 215.32
752 35.39 54.15 16.06 10.85 209.49
753 35.73 11.17 9.86 8.33 138.59
754 35.61 84.41 18.05 134.96 26.06
755 36.02 8.40 7.78 6.50 126.24
756 35.67 41.70 15.77 13.37 198.57
757 35.59 49.92 16.18 12.22 188.72
758 35.76 13.76 8.83 9.12 150.67
759 35.92 39.02 14.39 12.63 193.13
760 35.90 75.18 17.28 109.21 32.07
761 35.77 68.97 17.56 63.27 46.23
762 35.69 21.01 12.29 11.82 169.02
763 35.87 90.53 14.99 71.58 22.71
764 35.88 25.41 13.69 12.03 185.38
765 35.72 15.96 10.16 9.28 167.68
766 36.06 29.74 13.61 13.43 177.16
767 36.22 58.16 15.94 15.02 115.32
768 36.08 72.04 20.12 125.04 34.41
769 36.10 78.27 19.27 150.55 29.94
770 36.21 36.28 14.57 12.42 166.00
771 36.34 47.98 17.06 13.39 173.92
772 36.27 55.41 17.07 12.71 159.57
773 36.20 81.18 20.24 133.67 28.41
774 36.36 19.77 11.78 11.78 162.34
775 36.58 45.65 16.23 11.74 175.59
776 36.42 52.42 16.47 12.79 148.27
777 36.36 18.00 11.78 10.84 168.34
778 36.46 33.66 14.67 12.41 158.92
779 36.20 63.52 15.76 25.83 50.59
780 36.41 87.75 18.87 83.37 25.24
781 36.49 15.80 10.61 9.75 132.44
782 36.41 22.92 12.62 12.87 144.55
783 36.67 27.13 12.56 12.15 142.80
784 36.56 66.95 20.58 145.65 37.29
785 36.48 5.66 6.08 4.63 52.03
786 36.83 43.12 16.83 13.05 120.40
787 36.81 92.66 13.66 38.76 21.88
788 36.91 13.13 10.35 8.72 77.02
789 36.98 49.93 17.12 16.33 115.50
790 37.04 31.28 14.92 16.10 99.33
791 36.93 40.76 16.60 13.00 99.14
792 37.06 69.68 21.92 175.12 36.08
793 37.20 84.85 25.36 95.31 25.18
794 37.14 62.56 19.44 127.54 38.38
795 37.19 76.54 23.70 147.62 30.31
796 37.21 38.02 15.70 15.12 106.05
797 37.18 81.95 24.88 101.66 27.83
798 37.18 89.83 21.85 56.62 24.03
799 37.36 24.88 13.89 16.76 84.54
800 37.09 56.22 19.91 19.93 68.67
801 37.31 10.03 9.24 12.10 52.16
802 37.37 72.35 21.25 149.22 33.39
803 37.43 21.80 13.42 16.96 82.77
804 37.43 28.79 15.09 18.67 82.07
805 37.52 65.06 21.74 188.00 34.25
806 37.36 5.79 7.14 10.40 31.95
807 37.45 53.99 19.70 31.68 72.02
808 37.57 35.43 16.22 17.79 79.66
809 37.45 58.13 19.97 66.50 41.06
810 37.52 19.02 12.80 16.31 97.19
811 37.64 79.15 24.92 94.04 28.69
812 37.71 33.13 16.75 23.35 73.80
813 37.65 51.83 19.19 35.61 67.31
814 37.64 47.31 18.41 23.04 68.78
815 37.94 60.25 24.87 169.19 37.59
816 37.77 14.85 11.42 17.81 56.21
817 37.99 74.39 25.44 106.24 31.86
818 37.77 11.91 11.81 20.21 50.49
819 37.70 40.27 18.11 34.00 58.95
820 37.77 44.62 18.67 36.31 58.00
821 38.11 67.36 25.98 158.35 33.29
822 38.06 42.25 19.26 50.30 46.83
823 38.19 49.14 20.59 122.98 49.02
824 38.20 55.90 22.07 152.72 41.30
825 38.12 91.36 24.14 35.33 83.51
826 38.09 39.33 17.56 33.58 54.25
827 38.37 7.56 10.00 54.64 26.17
828 38.09 86.96 30.64 61.12 35.78
829 38.17 30.51 17.31 64.12 73.65
830 38.40 69.88 26.46 139.70 33.21
831 38.31 5.67 7.35 41.83 25.59
832 38.31 37.48 17.78 50.30 51.80
833 38.40 63.09 26.48 178.38 33.23
834 38.35 81.77 34.72 86.29 33.01
835 38.51 89.21 31.46 40.36 109.19
836 38.28 23.51 16.18 48.67 60.25
837 38.69 16.39 13.92 65.66 36.40
838 38.57 76.80 32.22 75.80 30.94
839 38.65 9.90 11.82 69.42 28.18
840 38.50 84.70 36.05 69.37 36.35
841 38.84 53.75 22.20 169.38 40.30
842 38.70 20.87 14.21 75.34 39.41
843 38.81 28.17 17.90 123.46 39.06
844 38.64 46.73 22.35 117.16 43.65
845 38.76 58.23 25.83 165.44 33.40
846 38.69 32.48 18.15 118.11 57.10
847 38.77 44.11 21.74 123.93 45.69
848 38.79 51.25 22.62 180.71 45.22
849 38.88 14.19 14.27 76.70 30.66
850 38.87 72.37 32.74 101.02 31.84
851 38.97 35.18 18.54 128.33 39.05
852 39.18 93.71 21.83 12.10 106.92
853 38.94 25.23 18.56 108.75 40.14
854 38.94 40.71 20.46 134.44 41.80
855 39.03 65.56 30.63 127.48 30.28
856 39.05 11.99 12.37 82.66 26.86
857 39.12 79.05 39.18 64.29 39.57
858 39.31 87.07 42.71 40.33 117.30
859 39.22 60.78 30.60 167.13 35.03
860 39.36 37.72 21.41 152.08 43.53
861 39.46 48.69 24.62 163.04 41.14
862 39.38 74.59 38.83 72.08 32.72
863 39.55 30.26 21.13 160.16 37.27
864 39.47 18.29 17.90 119.31 32.39
865 39.61 22.75 18.59 137.20 30.98
866 39.63 67.57 42.52 91.66 35.09
867 39.55 56.16 28.26 154.94 36.28
868 39.58 81.42 49.70 52.65 147.57
869 39.64 91.20 38.35 19.70 136.28
870 39.59 63.21 33.98 135.16 36.35
871 39.78 45.73 25.81 173.04 38.94
872 39.55 70.09 43.25 80.35 34.01
873 39.72 83.36 58.86 38.14 150.65
874 39.83 7.34 11.60 75.95 27.03
875 39.91 84.90 57.36 31.81 146.09
876 39.91 42.94 27.75 185.46 40.33
877 39.83 32.76 23.38 155.40 40.01
878 40.20 9.95 15.71 83.50 26.64
879 39.94 51.87 28.94 168.10 36.78
880 39.81 77.06 48.90 58.00 44.73
881 39.98 26.62 21.92 149.64 33.38
882 40.11 20.55 20.46 131.61 30.77
883 40.02 58.94 33.72 134.19 33.49
884 40.09 16.02 19.88 118.22 32.06
885 40.18 13.22 17.46 104.72 27.76
886 40.20 39.71 26.84 166.11 39.97
887 40.08 72.34 57.66 65.76 52.98
888 40.25 54.14 31.84 133.95 36.23
889 40.12 89.26 51.41 23.72 142.49
890 40.45 34.46 26.85 163.12 35.55
891 40.35 64.56 43.91 89.13 38.70
892 40.45 78.81 51.67 35.64 137.07
893 40.55 36.91 26.76 154.59 38.74
894 40.50 28.80 25.13 137.03 34.88
895 40.49 61.52 43.44 101.75 37.65
896 40.60 74.86 64.19 31.16 151.06
897 40.56 49.89 31.53 163.64 37.04
898 40.65 69.88 55.98 39.87 129.80
899 40.71 24.33 23.35 113.96 30.20
900 40.73 47.21 33.94 150.56 37.23
901 40.73 56.84 39.89 123.65 38.65
902 40.77 87.12 64.49 23.69 163.37
903 40.73 67.24 56.63 46.68 81.63
904 41.08 17.42 26.18 92.62 38.95
905 40.77 92.72 44.03 11.37 142.08
906 40.91 19.49 25.42 103.68 32.92
907 40.92 31.55 29.77 134.32 35.26
908 40.92 41.76 34.89 148.51 38.79
909 40.86 90.14 57.11 18.59 144.52
910 40.86 5.61 13.18 47.48 26.36
911 41.11 44.40 36.78 151.57 37.03
912 41.11 82.03 77.26 18.16 163.94
913 41.05 7.93 19.99 65.85 33.54
914 40.89 79.94 56.00 37.05 160.05
915 41.22 52.27 40.94 130.69 41.11
916 41.13 59.17 50.08 92.76 41.59
917 41.32 77.25 80.46 20.94 180.00
918 41.10 12.48 22.56 75.91 33.16
919 41.25 21.98 28.52 95.03 33.90
920 41.24 26.66 30.96 101.73 36.46
921 41.18 14.94 27.56 91.75 38.53
922 41.46 72.14 80.58 29.55 183.96
923 41.15 85.34 71.03 22.38 164.72
924 41.28 54.76 45.24 104.68 44.63
925 41.39 64.05 63.91 47.47 142.41
926 41.45 39.60 36.74 125.93 36.92
927 41.45 61.63 68.87 83.42 50.98
928 41.59 29.18 32.84 122.17 39.52
929 41.77 66.62 77.32 27.82 189.06
930 41.59 34.21 37.58 111.99 36.63
931 42.11 9.62 32.35 54.25 130.90
932 41.71 37.21 34.74 111.96 36.56
933 41.54 49.53 45.36 118.13 44.84
934 41.87 92.04 56.38 7.25 135.97
935 41.81 6.23 19.55 40.76 130.74
936 41.74 80.03 86.61 13.90 176.21
937 42.01 88.63 74.40 10.43 146.13
938 41.80 46.42 50.37 127.04 46.70
939 41.80 57.11 66.64 82.90 59.21
940 42.01 69.52 88.69 19.92 189.48
941 41.85 24.30 36.70 94.05 44.58
942 41.85 19.69 38.18 89.63 51.94
943 41.97 42.09 47.50 101.99 41.42
944 41.98 74.65 91.98 20.26 191.80
945 41.86 12.03 30.82 56.82 108.85
946 42.05 31.51 40.25 94.02 50.05
947 42.16 14.59 35.02 58.28 125.65
948 42.12 59.76 76.73 53.45 165.00
949 42.30 85.24 87.23 15.07 161.01
950 42.18 51.75 66.51 85.87 107.93
951 42.14 54.39 61.68 61.45 132.08
952 42.31 94.25 35.93 4.71 99.70
953 42.31 26.74 43.69 75.92 132.72
954 42.36 22.37 47.86 53.58 143.14
955 42.40 82.79 106.92 16.28 162.08
956 42.62 62.29 73.98 34.02 189.54
957 42.40 48.80 64.44 80.48 143.52
958 42.29 79.20 94.71 14.54 175.34
959 42.60 36.01 52.13 95.97 63.00
960 42.49 39.41 59.03 101.67 58.36
961 42.46 4.78 18.14 25.17 137.14
962 42.57 33.43 57.41 103.19 57.41
963 42.72 64.88 105.51 23.45 192.74
964 42.79 72.06 99.36 14.44 185.61
965 42.78 77.17 101.40 13.92 177.25
966 42.82 19.42 53.63 43.34 162.22
967 42.80 57.70 86.94 40.88 192.81
968 42.81 29.34 49.87 60.48 162.62
969 42.85 46.04 68.06 64.84 186.96
970 42.92 67.56 108.55 16.99 200.15
971 43.07 24.83 60.23 49.86 175.55
972 43.11 41.49 60.42 62.29 141.74
973 43.14 50.58 89.33 52.84 202.69
974 43.20 55.47 85.10 39.99 203.95
975 43.05 17.34 52.61 34.83 159.15
976 43.26 52.96 85.33 44.89 207.98
977 43.18 15.39 54.50 36.98 162.02
978 43.19 90.55 85.00 13.35 66.22
979 43.37 12.89 58.33 25.37 169.07
980 43.40 74.43 102.49 12.26 167.07
981 43.38 10.56 59.08 21.88 169.62
982 43.47 31.80 70.12 50.50 189.04
983 43.36 38.25 72.34 56.31 190.83
984 43.23 87.92 107.71 15.10 100.76
985 43.12 7.41 44.07 24.07 160.60
986 43.52 59.96 99.39 23.05 200.46
987 43.44 79.82 108.59 19.16 139.27
988 43.73 93.10 65.51 17.68 37.98
989 43.58 43.61 84.09 42.34 203.55
990 43.52 70.02 112.05 14.62 188.30
991 43.31 95.34 37.24 6.98 24.02
992 43.51 34.68 76.68 45.36 190.47
993 43.56 27.33 72.33 36.72 191.90
994 43.58 48.28 89.77 50.70 205.42
995 43.54 8.29 50.68 18.63 147.53
996 43.72 83.39 135.22 22.62 83.20
997 43.65 6.33 36.25 12.75 158.30
998 43.67 22.83 72.61 28.64 197.12
999 43.86 62.36 108.30 18.24 208.07
1000 43.88 64.87 118.62 13.20 183.71
1001 44.02 57.61 118.27 21.96 206.09
1002 44.00 76.95 127.94 16.19 120.22
1003 44.07 17.97 70.02 19.62 189.40
1004 44.02 67.49 128.15 12.58 192.24
1005 44.07 46.13 110.60 39.07 219.26
1006 44.17 29.50 85.55 31.91 194.20
1007 44.33 71.94 138.78 17.67 118.23
1008 44.21 15.49 69.83 16.34 176.22
1009 44.31 36.64 97.48 30.81 197.27
1010 44.35 39.81 94.86 30.05 197.94
1011 44.25 88.79 105.53 34.29 37.14
1012 44.39 90.31 97.07 38.96 34.79
1013 44.51 13.94 74.94 14.56 169.50
1014 44.37 50.56 106.74 23.57 213.21
1015 44.37 55.16 124.74 20.97 212.26
1016 44.19 23.26 86.21 21.53 202.58
1017 44.63 41.98 103.81 21.17 206.14
1018 44.43 81.62 134.15 43.89 53.14
1019 44.42 8.76 63.57 8.68 162.27
1020 44.57 24.59 92.60 18.37 192.22
1021 44.44 86.30 128.19 39.30 53.13
1022 44.34 3.96 35.25 5.28 133.78
1023 44.51 52.86 118.77 20.82 219.84
1024 44.53 11.47 82.66 12.23 167.02
1025 44.51 33.49 94.91 29.96 202.48
1026 44.66 26.88 99.47 20.47 198.78
1027 44.60 74.16 137.86 20.10 101.74
1028 44.76 78.91 143.22 73.58 48.95
1029 44.88 47.81 109.93 20.81 202.65
1030 44.95 59.24 128.03 15.21 201.41
1031 44.89 61.54 140.54 13.88 201.09
1032 44.83 69.33 150.57 22.57 82.81
1033 44.89 44.35 115.20 19.23 211.41
1034 44.99 31.11 110.28 17.41 205.96
1035 45.03 22.21 94.39 14.20 182.62
1036 45.02 64.13 154.21 17.44 176.03
1037 45.17 91.80 81.89 70.32 25.79
1038 44.83 5.16 43.57 4.71 146.57
1039 45.18 16.30 80.83 10.93 161.05
1040 45.26 56.87 129.28 15.22 205.38
1041 45.10 66.69 146.16 14.89 137.07
1042 45.03 83.50 123.92 116.16 39.00
1043 45.23 19.06 96.75 11.92 163.86
1044 45.27 76.16 145.82 40.45 46.68
1045 45.32 38.11 122.50 19.56 204.72
1046 45.47 6.60 71.49 8.24 133.36
1047 45.39 35.55 108.24 16.85 196.26
1048 45.47 28.80 114.25 15.31 195.48
1049 45.50 4.84 57.67 7.54 127.33
1050 45.56 8.17 79.63 7.83 132.08
1051 45.56 54.54 148.59 19.96 186.44
1052 45.43 87.96 111.62 106.81 32.96
1053 45.43 84.96 128.63 129.00 37.82
1054 45.63 10.41 83.98 9.56 133.29
1055 45.60 49.64 133.37 17.98 198.09
1056 45.56 52.14 133.00 16.78 188.13
1057 45.58 12.96 89.07 10.30 141.49
1058 45.73 32.96 125.48 14.02 200.54
1059 45.77 40.46 125.14 18.80 199.59
1060 46.06 94.27 51.26 64.73 23.91
1061 45.73 71.09 149.26 69.57 47.40
1062 45.75 73.48 148.19 96.41 41.83
1063 45.63 81.33 133.39 146.43 37.40
1064 45.81 26.40 111.15 16.49 169.42
1065 45.78 45.43 159.13 20.01 145.23
1066 45.89 23.97 111.82 17.02 163.17
1067 45.96 42.89 142.29 22.29 170.58
1068 45.98 60.69 178.86 31.38 82.35
1069 45.89 3.64 39.44 9.79 72.68
1070 46.05 68.54 168.02 127.67 50.89
1071 46.01 78.04 150.20 124.87 37.89
1072 46.28 47.36 150.84 22.93 171.79
1073 46.04 65.69 163.05 73.51 52.15
1074 46.19 21.34 119.02 19.54 118.99
1075 46.22 63.12 175.16 80.24 60.37
1076 46.18 15.65 106.60 15.65 120.01
1077 46.21 58.17 161.73 30.47 87.89
1078 46.32 30.56 123.06 20.16 166.66
1079 46.40 89.87 112.54 113.16 30.05
1080 46.37 92.44 67.22 74.34 29.54
1081 46.49 37.49 141.24 24.88 158.01
1082 46.40 86.26 127.40 134.07 31.76
1083 46.36 17.85 113.58 17.13 80.13
1084 46.46 19.29 125.22 22.08 76.17
1085 46.45 35.01 145.43 20.85 179.16
1086 46.61 75.73 149.76 128.30 37.80
1087 46.53 83.94 119.45 153.51 31.16
1088 46.66 28.28 129.45 29.46 131.70
1089 46.52 50.91 160.88 30.66 82.93
1090 46.64 55.57 165.40 84.51 55.55
1091 46.68 53.28 162.75 63.42 55.12
1092 46.74 79.59 144.18 184.04 38.38
1093 46.62 3.64 43.54 23.09 24.98
1094 46.72 10.79 101.67 25.60 52.49
1095 46.70 5.81 71.29 30.52 34.81
1096 46.82 8.53 103.06 28.15 46.48
1097 46.94 82.38 124.74 166.92 34.22
1098 46.87 39.61 155.16 39.42 83.32
1099 46.71 12.03 107.33 29.00 46.67
1100 46.87 44.77 163.00 67.39 59.83
1101 46.90 25.70 132.47 40.54 78.04
1102 46.95 72.95 150.09 169.33 37.56
1103 47.02 13.27 117.04 43.46 48.23
1104 47.03 32.64 157.98 43.64 88.25
1105 47.11 49.05 170.39 65.00 66.24
1106 47.12 42.12 152.24 74.05 61.99
1107 47.14 59.55 193.88 165.46 51.83
1108 47.03 61.59 183.63 168.67 44.68
1109 47.00 65.03 177.76 164.25 42.57
1110 47.03 70.27 163.94 176.31 40.20
1111 47.18 23.34 128.55 55.96 64.02
1112 47.17 67.71 166.15 185.88 40.91
1113 47.24 15.51 130.24 74.38 43.95
1114 47.25 57.34 180.29 179.16 53.55
1115 47.32 20.89 137.25 70.32 49.08
1116 47.45 94.30 58.12 49.59 25.79
1117 47.31 17.31 127.35 84.09 44.41
1118 47.59 86.62 146.76 139.76 33.28
1119 47.56 30.21 150.69 69.20 55.35
1120 47.47 35.24 156.36 67.66 58.75
1121 47.61 77.42 159.41 156.24 38.21
1122 47.77 91.20 109.97 97.10 29.74
1123 47.59 46.89 178.38 162.40 47.80
1124 47.56 51.25 179.62 144.50 48.33
1125 47.65 18.84 142.52 79.59 40.23
1126 47.60 5.52 76.13 79.51 28.93
1127 47.68 27.45 147.37 104.40 52.40
1128 47.82 37.68 176.44 117.59 49.11
1129 47.76 53.82 189.16 170.32 46.12
1130 47.85 63.14 171.75 218.45 41.64
1131 47.83 7.22 90.50 89.00 30.56
1132 47.82 80.46 156.45 180.70 36.46
1133 47.94 10.34 113.68 93.30 33.57
1134 47.94 74.63 157.10 166.80 38.30
1135 47.90 40.08 167.91 123.84 50.80
1136 47.98 44.28 166.64 192.10 46.36
1137 48.10 55.93 180.69 203.08 44.48
1138 48.02 66.12 171.58 194.84 39.50
1139 48.17 96.41 31.03 14.81 14.94
1140 48.12 25.17 138.34 159.58 44.04
1141 48.09 71.89 167.57 136.41 38.06
1142 48.13 33.05 155.71 138.33 45.75
1143 48.25 60.65 169.89 219.63 41.24
1144 48.20 13.55 137.10 114.75 34.88
1145 48.27 69.19 174.14 185.61 42.67
1146 48.34 58.45 174.71 211.16 44.90
1147 48.44 42.15 172.17 194.02 44.73
1148 48.43 49.02 173.84 201.77 47.49
1149 48.38 22.44 139.69 164.12 42.07
1150 48.56 82.85 157.36 106.26 58.89
1151 48.51 5.22 67.94 83.92 26.91
1152 48.51 16.46 136.29 137.47 35.95
1153 48.63 35.36 163.59 200.49 46.18
1154 48.56 28.53 150.10 184.49 43.21
1155 48.60 51.70 171.33 221.53 47.21
1156 48.66 94.15 63.70 30.90 41.30
1157 48.73 31.12 163.56 165.71 42.54
1158 48.67 46.34 177.52 221.60 48.01
1159 48.67 20.06 138.00 158.62 40.90
1160 48.62 18.69 138.97 163.64 36.94
1161 48.80 76.53 169.15 143.19 44.99
1162 48.74 88.42 112.00 63.72 45.42
1163 48.82 64.41 189.60 193.04 46.35
1164 48.79 79.35 169.88 131.60 48.42
1165 48.85 85.66 149.36 91.02 56.02
1166 48.86 7.40 102.99 99.55 31.65
1167 48.89 54.33 186.93 213.87 44.95
1168 49.05 37.51 182.27 193.93 47.29
1169 49.04 39.76 165.63 193.77 43.49
1170 49.17 91.19 129.30 45.75 103.23
1171 49.08 62.10 183.15 156.07 47.92
1172 49.13 66.84 177.34 152.12 47.23
1173 49.26 26.43 157.52 155.83 45.58
1174 49.18 73.61 175.83 91.80 50.06
1175 49.34 9.46 118.06 98.44 36.03
1176 49.19 71.19 178.39 85.44 67.66
1177 49.07 11.06 127.59 117.88 36.28
1178 49.34 44.32 177.00 194.49 45.38
1179 49.21 57.09 184.47 187.42 48.08
1180 49.24 12.53 129.06 133.02 38.41
1181 49.44 33.54 163.02 170.26 44.47
1182 49.43 22.70 150.14 149.88 44.83
1183 49.50 59.68 191.56 143.25 53.47
1184 49.44 14.70 131.77 121.15 38.82
1185 49.55 81.67 166.38 67.02 150.50
1186 49.56 50.05 168.00 193.67 49.72
1187 49.64 69.09 177.16 95.27 63.80
1188 49.54 5.32 69.76 40.73 42.01
1189 49.60 17.83 144.02 131.86 49.40
1190 49.62 29.01 162.51 158.74 51.01
1191 49.61 47.51 176.94 191.70 48.11
1192 49.62 41.84 175.41 170.99 50.00
1193 49.76 94.96 49.34 7.94 96.84
1194 49.67 52.72 194.26 200.29 49.49
1195 49.81 87.42 141.35 30.61 151.50
1196 49.85 31.45 168.71 133.19 52.75
1197 49.97 78.92 153.97 60.01 166.13
1198 49.92 36.02 171.90 140.53 56.41
1199 49.92 55.22 179.42 137.07 62.46
1200 49.85 64.34 184.41 92.37 69.63
1201 49.86 75.80 183.81 81.39 147.70
1202 49.98 84.23 128.68 35.60 168.49
1203 50.30 93.07 61.02 7.78 142.54
1204 50.07 7.20 93.38 45.14 91.11
1205 50.23 38.40 175.89 141.19 60.91
1206 50.19 61.94 190.66 79.66 137.88
1207 49.96 12.14 123.89 64.89 57.44
1208 50.27 57.77 191.12 72.09 144.04
1209 50.34 66.93 188.27 52.73 186.26
1210 50.54 72.07 152.66 29.34 187.98
1211 50.66 96.38 34.69 3.45 77.55
1212 50.36 14.12 141.88 50.78 80.43
1213 50.41 25.12 158.50 61.00 110.30
1214 50.52 90.59 106.09 12.16 163.81
1215 50.48 46.11 187.11 135.55 65.07
1216 50.45 19.64 147.65 85.96 91.61
1217 50.48 27.37 167.62 80.99 121.18
1218 50.47 43.41 187.36 108.20 71.65
1219 50.48 11.31 125.41 52.54 96.37
1220 50.48 22.20 154.66 72.73 109.20
1221 50.56 40.62 181.99 107.50 109.17
1222 50.50 9.26 125.32 48.27 118.39
1223 50.51 51.08 186.62 96.09 65.39
1224 50.71 74.35 171.31 29.30 191.50
1225 50.64 81.87 168.90 34.34 189.71
1226 50.70 29.89 161.72 68.66 148.39
1227 50.73 34.75 185.14 72.20 148.54
1228 50.72 48.68 190.88 93.19 158.80
1229 50.76 60.04 192.38 40.60 206.86
1230 50.69 16.53 140.67 42.56 115.53
1231 50.71 53.44 196.26 81.79 146.29
1232 50.77 32.57 167.74 65.32 141.90
1233 50.85 69.61 178.86 28.72 199.84
1234 50.94 77.34 163.04 21.68 191.59
1235 50.92 64.49 189.03 37.28 200.38
1236 51.07 85.21 142.56 15.08 179.89
1237 51.06 55.79 189.48 46.46 200.18
1238 51.30 6.83 99.46 16.43 140.26
1239 51.16 87.83 129.81 13.82 167.12
1240 51.57 5.04 68.97 9.16 111.78
1241 51.31 36.85 164.89 39.60 196.19
1242 51.33 80.07 160.32 19.13 191.09
1243 51.19 13.16 126.35 21.01 149.32
1244 51.44 62.36 181.63 31.98 214.90
1245 51.16 92.42 101.66 7.19 161.88
1246 51.52 25.82 153.02 23.45 189.93
1247 51.55 44.58 170.77 40.12 204.97
1248 51.48 57.99 192.61 25.96 212.26
1249 51.57 23.40 144.84 20.20 178.52
1250 51.47 39.19 177.05 37.12 192.88
1251 51.53 42.04 177.71 43.82 188.54
1252 51.40 67.05 174.23 24.13 211.33
1253 51.48 20.41 145.36 25.58 168.75
1254 51.54 28.40 166.68 30.41 191.49
1255 51.58 46.84 187.34 32.28 210.83
1256 51.50 50.98 174.50 47.04 213.34
1257 51.73 11.06 115.75 15.07 167.85
1258 51.67 15.38 125.77 15.59 138.57
1259 51.71 31.32 162.96 24.11 192.03
1260 51.97 89.99 100.57 8.77 153.21
1261 51.81 34.01 174.76 25.22 195.70
1262 51.83 75.50 175.56 14.57 199.91
1263 51.81 53.56 180.32 31.52 215.17
1264 51.73 82.56 143.64 13.17 182.06
1265 51.71 92.76 87.47 6.45 154.08
1266 51.98 94.66 45.15 3.29 125.26
1267 51.94 60.20 188.18 19.35 208.16
1268 51.95 70.55 158.76 14.11 194.35
1269 51.88 17.05 156.65 15.09 155.91
1270 52.10 48.68 180.54 22.75 203.17
1271 52.13 64.77 177.11 16.03 214.72
1272 52.28 73.43 147.21 11.13 176.23
1273 52.22 78.04 152.15 14.33 195.76
1274 52.28 17.82 126.77 13.65 159.09
1275 52.21 55.93 187.99 19.25 211.79
1276 52.34 86.71 124.31 11.05 159.41
1277 52.33 9.04 105.35 11.20 137.16
1278 52.30 83.95 144.53 13.00 183.05
1279 52.11 7.44 79.33 8.11 134.56
1280 52.47 40.57 176.67 18.34 204.58
1281 52.44 67.60 154.82 14.74 192.69
1282 52.59 36.07 157.59 22.24 196.06
1283 52.69 38.30 161.26 19.25 200.32
1284 52.55 80.64 144.92 24.64 185.77
1285 52.75 14.25 127.32 14.30 111.19
1286 52.58 26.97 154.24 16.39 177.22
1287 52.59 29.50 161.78 15.25 192.27
1288 52.77 22.71 136.94 15.12 146.01
1289 52.64 43.33 166.36 18.63 205.90
1290 52.60 92.13 67.72 6.89 117.33
1291 52.70 20.15 134.44 14.61 171.51
1292 52.66 51.23 169.79 18.83 209.68
1293 52.66 58.14 175.40 15.84 204.71
1294 52.67 62.74 169.32 16.18 199.46
1295 52.50 18.89 148.44 16.33 182.67
1296 52.79 24.73 152.60 15.19 166.01
1297 52.86 31.83 171.00 16.05 176.05
1298 52.83 46.03 159.03 18.30 199.15
1299 52.85 6.21 71.82 6.25 94.31
1300 52.64 4.68 51.35 4.82 85.18
1301 52.99 33.96 176.12 17.14 166.49
1302 52.92 53.67 176.07 16.19 207.26
1303 52.88 7.81 89.53 9.13 112.20
1304 53.04 60.31 170.57 18.00 182.35
1305 53.08 69.73 167.15 20.97 156.40
1306 53.07 10.92 120.04 17.96 74.04
1307 53.15 76.31 134.35 15.74 128.21
1308 53.36 72.19 158.41 22.00 95.13
1309 53.15 48.87 174.68 16.12 163.66
1310 53.23 65.53 156.27 25.83 141.78
1311 53.42 90.63 89.36 16.39 69.95
1312 53.40 56.31 159.38 21.00 184.34
1313 53.42 87.76 117.14 28.84 75.09
1314 53.44 83.96 113.80 23.70 100.82
1315 53.56 28.00 152.43 30.58 83.23
1316 53.56 41.48 168.49 26.77 153.69
1317 53.63 79.04 144.95 33.10 118.27
1318 53.38 85.64 109.57 26.14 91.07
1319 53.53 10.07 110.56 24.12 54.56
1320 53.58 12.19 105.69 28.03 52.40
1321 53.74 18.08 120.96 39.12 64.86
1322 53.87 36.96 161.06 56.96 73.94
1323 53.81 63.72 163.49 52.75 83.36
1324 53.94 74.53 135.70 41.35 54.38
1325 53.94 14.14 107.04 37.55 48.37
1326 53.84 43.76 145.94 29.76 126.57
1327 53.82 67.68 157.65 53.67 72.00
1328 53.76 8.34 95.01 27.53 50.29
1329 53.79 20.67 130.06 27.54 68.69
1330 53.90 30.18 151.48 53.14 66.78
1331 53.89 39.16 159.53 83.88 84.08
1332 53.90 51.59 168.38 28.56 125.16
1333 53.90 25.83 137.16 41.93 48.71
1334 53.89 46.90 174.43 29.94 103.86
1335 53.84 81.66 124.34 61.79 79.94
1336 54.03 58.34 161.88 50.79 103.62
1337 53.97 61.25 161.84 58.31 64.86
1338 53.91 22.57 135.57 39.35 66.89
1339 54.09 34.70 147.17 64.29 57.82
1340 53.99 54.15 159.40 41.47 155.08
1341 54.05 24.08 133.04 42.39 68.55
1342 54.08 32.40 153.81 51.80 65.79
1343 53.93 92.31 62.55 32.86 35.50
1344 54.18 49.31 154.81 79.97 80.73
1345 54.18 5.76 65.03 35.23 32.43
1346 54.25 93.60 56.21 36.97 26.95
1347 54.25 70.41 133.22 98.28 50.53
1348 54.54 77.02 136.45 88.55 49.20
1349 54.51 86.73 113.49 111.01 39.45
1350 54.49 89.90 79.90 77.43 31.57
1351 54.68 11.82 93.78 80.63 28.18
1352 54.65 45.07 151.07 80.76 56.99
1353 54.61 65.73 138.37 141.26 49.84
1354 54.62 56.09 145.92 90.97 61.41
1355 54.70 83.60 107.94 132.13 38.00
1356 54.56 17.18 105.61 68.94 36.68
1357 54.62 20.14 123.38 72.13 38.64
1358 54.70 27.72 120.84 110.49 37.50
1359 54.63 40.99 150.85 137.97 56.07
1360 54.71 7.55 79.35 72.85 29.43
1361 54.68 9.70 93.43 88.38 30.23
1362 54.78 72.94 123.04 125.90 43.74
1363 54.81 18.81 107.23 86.74 36.41
1364 54.73 59.74 165.36 154.10 60.90
1365 54.80 80.24 108.64 144.88 41.92
1366 55.18 95.02 30.07 41.43 19.39
1367 54.87 52.97 137.76 125.81 59.92
1368 54.88 62.72 138.52 164.22 43.68
1369 54.97 68.33 123.94 166.85 43.94
1370 55.06 38.35 133.23 145.08 43.92
1371 54.97 22.35 109.64 92.31 37.23
1372 55.10 35.98 130.29 149.33 45.17
1373 55.04 47.30 143.13 151.67 44.36
1374 55.04 30.32 124.84 125.06 46.60
1375 55.16 50.24 132.00 163.10 49.49
1376 55.15 25.31 112.20 118.01 37.43
1377 55.25 42.90 119.16 165.75 43.29
1378 55.27 14.61 103.65 114.89 33.52
1379 55.18 33.05 125.31 131.38 44.29
1380 55.45 57.77 137.27 200.51 45.32
1381 55.56 91.80 62.04 103.94 26.54
1382 55.48 75.46 108.30 147.17 37.31
1383 55.42 70.81 118.41 171.26 44.04
1384 55.62 88.89 85.81 143.87 28.57
1385 55.64 64.74 121.34 180.34 39.54
1386 55.58 86.22 84.48 148.76 32.22
1387 55.68 55.30 118.14 198.97 45.24
1388 55.70 60.20 116.49 200.31 43.30
1389 55.68 78.57 102.30 173.75 38.08
1390 55.67 8.21 65.23 78.47 26.17
1391 55.72 10.22 83.98 99.52 31.17
1392 55.78 19.67 88.81 112.72 36.32
1393 55.77 40.35 122.59 169.06 42.69
1394 55.82 27.95 108.83 137.54 40.17
1395 55.93 67.41 110.88 181.17 40.18
1396 55.93 84.87 85.09 159.79 35.19
1397 55.90 45.02 118.92 181.64 47.20
1398 55.86 52.97 118.62 187.97 45.03
1399 56.01 82.24 98.05 148.37 34.23
1400 56.03 62.48 117.92 194.55 41.83
1401 56.09 73.00 105.02 157.69 36.25
1402 55.94 24.27 95.04 132.85 41.42
1403 56.00 48.14 116.77 173.93 42.02
1404 56.23 16.73 81.50 110.29 36.65
1405 56.14 30.22 112.56 119.85 42.12
1406 56.12 34.91 105.60 150.44 49.49
1407 56.21 37.67 108.63 156.63 51.70
1408 56.27 32.49 118.04 152.99 49.77
1409 56.29 50.69 111.61 151.49 41.49
1410 56.38 12.68 77.96 92.42 47.50
1411 56.53 14.03 79.29 97.22 43.88
1412 56.38 23.05 85.14 139.48 50.34
1413 56.44 42.34 113.19 159.10 46.31
1414 56.48 6.83 50.81 68.43 29.63
1415 56.59 26.22 94.38 123.12 50.04
1416 56.54 69.94 102.36 138.23 36.83
1417 56.27 11.18 73.07 92.07 35.00
1418 56.56 93.43 30.90 63.85 24.19
1419 56.65 56.43 105.18 155.95 40.87
1420 56.71 58.95 101.52 173.66 42.34
1421 56.77 77.54 86.75 139.62 36.62
1422 56.83 80.40 87.31 155.00 34.67
1423 56.61 10.35 66.31 85.56 62.31
1424 56.72 21.31 82.12 130.92 49.62
1425 56.75 65.84 106.88 159.59 38.40
1426 56.79 87.65 62.72 125.74 29.35
1427 56.80 46.27 111.28 159.93 50.94
1428 56.90 74.96 92.40 111.38 38.27
1429 56.74 8.84 60.68 78.54 41.07
1430 57.11 90.54 43.49 89.98 26.74
1431 56.90 40.07 109.47 125.16 70.85
1432 56.86 53.35 101.13 152.99 44.62
1433 56.91 18.98 75.04 96.06 48.25
1434 57.06 61.30 99.78 153.90 45.35
1435 57.10 63.59 109.76 164.46 43.48
1436 57.09 84.57 70.23 117.89 33.31
1437 57.02 28.74 84.09 82.26 116.54
1438 57.05 36.02 99.42 107.21 142.30
1439 57.07 48.57 105.63 139.12 52.42
1440 57.05 31.02 101.64 105.24 65.60
1441 57.11 44.17 104.24 93.43 64.00
1442 57.23 72.38 91.56 104.28 38.54
1443 57.34 33.60 84.07 59.46 160.13
1444 57.21 67.99 95.50 102.23 40.10
1445 57.37 16.28 71.99 59.19 100.83
1446 57.46 38.14 82.59 62.47 194.66
1447 57.36 50.79 106.57 143.86 56.06
1448 57.62 42.23 84.21 47.43 180.08
1449 57.76 10.54 60.20 37.48 136.14
1450 57.54 55.08 106.55 137.90 52.63
1451 57.69 82.24 75.59 122.36 34.81
1452 57.72 7.84 44.98 24.94 148.09
1453 57.57 57.83 97.43 127.96 55.98
1454 57.70 92.68 29.46 56.29 23.82
1455 57.71 20.73 72.22 53.16 160.84
1456 57.77 26.86 66.87 38.51 148.06
1457 57.77 70.29 94.41 79.96 46.96
1458 58.08 22.92 67.16 35.31 158.87
1459 57.86 46.34 75.58 55.16 194.15
1460 57.92 52.89 85.00 75.89 168.96
1461 57.78 65.37 86.69 105.79 46.93
1462 57.94 60.40 87.68 101.13 105.76
1463 57.92 77.14 85.43 80.39 40.78
1464 58.08 86.87 62.61 88.44 36.52
1465 58.11 18.63 59.75 27.64 147.46
1466 57.98 31.11 76.80 31.89 190.97
1467 57.96 79.49 84.92 101.99 38.86
1468 58.11 35.63 74.18 28.97 203.92
1469 58.26 40.16 65.57 24.41 199.93
1470 58.19 48.69 73.64 56.61 196.59
1471 58.07 74.84 82.18 80.34 48.49
1472 58.49 28.85 60.56 19.64 187.74
1473 58.12 14.07 65.86 39.74 122.23
1474 58.37 44.17 69.79 25.93 210.29
1475 58.21 62.81 98.98 101.58 96.29
1476 58.37 56.60 73.54 70.98 203.67
1477 58.28 67.89 81.74 46.57 156.26
1478 58.20 6.53 30.26 13.87 129.83
1479 58.23 72.50 68.08 83.12 70.55
1480 58.54 11.97 61.07 21.97 136.43
1481 58.65 24.99 51.99 14.33 162.14
1482 58.65 33.37 60.40 17.97 199.56
1483 58.63 50.68 81.07 64.54 198.90
1484 58.61 89.82 42.52 71.11 43.11
1485 58.55 94.67 22.19 31.03 21.41
1486 58.77 58.89 68.24 43.82 214.34
1487 58.78 65.18 80.12 53.73 187.90
1488 58.69 37.90 68.94 21.13 191.47
1489 58.85 54.60 76.17 29.25 215.60
1490 58.60 83.17 69.28 65.82 96.00
1491 58.75 7.78 36.79 11.42 149.97
1492 58.75 91.92 30.48 49.39 28.98
1493 58.86 15.66 58.51 18.84 144.66
1494 58.98 42.28 52.90 15.87 207.21
1495 59.01 20.37 50.79 16.85 164.42
1496 59.06 61.14 67.23 39.79 214.68
1497 59.03 69.94 71.62 31.81 195.75
1498 58.89 78.51 52.71 36.89 160.80
1499 59.19 80.34 60.57 40.65 153.31
1500 59.09 46.22 58.64 20.95 207.90
1501 59.19 52.54 71.60 39.48 221.59
1502 59.28 77.15 64.46 45.96 182.71
1503 59.30 26.90 48.84 14.03 153.18
1504 59.10 31.04 58.72 14.51 188.64
1505 59.28 74.76 62.77 32.83 188.61
1506 58.99 87.50 49.97 46.12 83.97
1507 59.33 72.15 58.49 25.11 188.09
1508 59.49 6.36 23.73 5.70 134.76
1509 59.05 10.16 46.41 14.18 144.35
1510 59.33 35.76 55.44 18.42 189.15
1511 59.24 8.83 33.18 8.78 151.92
1512 59.47 84.58 53.11 29.45 136.02
1513 59.50 18.04 41.60 11.31 140.67
1514 59.55 22.52 39.90 12.18 131.85
1515 59.42 48.59 63.95 24.32 201.55
1516 59.57 63.13 74.75 33.16 209.85
1517 59.46 14.48 47.74 12.87 151.56
1518 59.76 40.58 44.17 20.16 154.14
1519 59.56 67.58 66.22 20.63 204.26
1520 59.42 88.96 40.15 25.67 106.23
1521 59.44 94.21 20.24 17.98 58.68
1522 59.58 56.60 62.90 20.88 220.09
1523 59.84 11.76 38.24 9.11 140.33
1524 59.61 91.01 34.20 21.89 143.41
1525 59.89 43.94 40.78 18.70 179.70
1526 59.95 86.02 45.01 21.17 139.31
1527 59.84 38.04 45.21 18.38 154.61
1528 59.89 34.11 40.97 25.52 123.63
1529 60.02 29.06 42.22 16.97 130.61
1530 59.81 92.70 21.06 17.33 111.12
1531 60.11 50.90 51.80 18.28 197.92
1532 59.70 7.93 23.00 5.38 139.00
1533 59.82 16.77 42.26 10.48 133.52
1534 60.11 24.80 37.65 15.08 92.93
1535 60.01 58.94 59.54 17.38 201.92
1536 60.17 31.74 39.72 18.56 154.54
1537 60.03 65.20 62.72 22.94 219.71
1538 60.20 53.99 53.46 15.98 195.33
1539 60.10 82.48 46.95 19.38 181.42
1540 60.39 9.79 28.19 6.28 91.68
1541 59.93 15.77 33.50 9.17 135.00
1542 60.44 20.06 33.10 19.88 71.56
1543 60.40 70.27 52.22 13.07 196.76
1544 60.35 87.96 35.93 15.04 150.29
1545 60.21 89.73 44.84 25.37 149.26
1546 60.34 46.20 44.92 21.85 151.84
1547 60.41 61.18 57.55 19.65 205.50
1548 60.36 73.30 56.34 14.83 202.86
1549 60.51 76.62 49.50 16.61 190.78
1550 60.42 79.68 57.55 20.00 193.78
1551 60.54 15.12 28.87 10.94 83.93
1552 60.53 48.54 47.70 22.37 192.64
1553 60.43 8.00 21.81 6.58 95.69
1554 60.40 92.41 23.10 12.25 129.00
1555 60.54 36.13 35.13 37.77 67.63
1556 60.79 56.20 43.74 19.98 171.19
1557 60.77 67.91 46.57 13.63 199.67
1558 60.69 41.99 38.71 48.68 63.29
1559 61.03 12.16 24.67 11.86 62.21
1560 60.87 17.46 28.22 16.85 49.02
1561 60.72 39.24 36.45 70.33 46.41
1562 60.73 91.15 24.15 10.13 141.13
1563 61.12 63.06 44.00 16.52 150.78
1564 61.14 93.73 16.21 5.72 113.05
1565 60.89 33.60 32.80 56.71 61.68
1566 61.05 52.44 40.77 26.78 97.06
1567 61.14 65.52 40.42 15.77 180.46
1568 61.29 85.05 36.58 12.26 168.70
1569 61.03 44.13 34.17 98.32 56.42
1570 61.09 28.73 30.81 57.09 46.28
1571 61.20 58.75 42.79 18.05 148.60
1572 61.23 74.52 49.79 12.97 188.38
1573 61.06 24.55 30.31 46.93 36.95
1574 61.09 31.24 32.56 57.69 52.47
1575 61.11 87.26 33.56 11.56 160.59
1576 61.51 71.88 41.91 12.93 154.04
1577 61.49 37.69 25.94 102.51 39.66
1578 61.50 81.56 42.71 12.94 182.46
1579 61.56 90.11 32.08 8.27 159.27
1580 61.61 35.32 25.80 110.91 40.89
1581 61.43 46.94 32.78 132.00 46.13
1582 61.52 40.52 27.55 105.20 37.59
1583 61.46 49.77 36.71 111.98 54.56
1584 61.75 79.09 42.27 11.85 171.06
1585 61.81 26.12 22.55 98.24 33.26
1586 61.73 21.71 21.58 76.72 31.50
1587 61.66 13.96 23.32 35.88 32.37
1588 61.82 32.82 24.24 113.34 36.95
1589 61.79 69.69 35.69 18.08 96.96
1590 61.84 42.81 27.76 108.70 38.35
1591 61.74 60.91 40.96 27.63 75.69
1592 62.11 76.57 36.58 19.32 155.96
1593 61.80 56.38 38.70 77.14 45.64
1594 62.02 17.02 19.76 66.06 28.68
1595 62.05 30.31 22.62 119.61 34.54
1596 61.97 67.06 34.61 27.03 103.55
1597 61.98 52.10 32.62 113.25 41.64
1598 62.64 9.63 13.62 49.37 26.51
1599 61.98 92.78 15.25 3.27 125.68
1600 62.18 45.11 24.79 128.78 38.16
1601 62.23 86.90 38.13 10.31 116.13
1602 62.12 64.60 34.08 33.58 66.22
1603 62.41 54.52 26.44 155.24 36.57
1604 62.39 28.19 21.60 105.66 31.30
1605 62.29 58.52 36.36 98.16 38.90
1606 62.40 62.61 32.51 78.54 43.46
1607 62.46 83.63 32.42 16.03 114.47
1608 62.45 47.64 25.49 148.07 40.78
1609 62.46 73.75 38.49 22.28 106.04
1610 62.32 90.91 19.70 4.94 133.06
1611 62.37 19.67 18.47 87.13 29.63
1612 62.49 39.09 21.99 136.82 37.75
1613 62.55 50.09 26.68 159.26 40.71
1614 62.49 12.63 16.39 57.43 27.44
1615 62.55 85.17 28.18 15.36 94.78
1616 62.70 81.23 34.44 15.90 98.67
1617 62.79 7.32 9.98 47.12 24.47
1618 62.83 15.12 16.28 82.89 27.99
1619 62.76 36.88 19.47 121.76 36.67
1620 62.81 41.19 21.66 142.07 38.62
1621 62.80 60.44 29.56 110.37 36.16
1622 62.79 88.27 22.16 8.16 97.04
1623 62.85 34.53 21.48 115.99 37.08
1624 62.85 56.75 31.21 165.60 39.57
1625 62.82 68.23 29.99 106.67 37.01
1626 62.84 92.57 13.72 3.12 87.09
1627 63.04 43.48 22.63 136.24 39.51
1628 62.80 78.63 32.05 42.84 78.32
1629 63.05 32.14 17.93 116.39 41.00
1630 62.98 65.20 26.44 111.23 35.64
1631 62.93 90.04 19.62 6.00 117.92
1632 63.00 19.27 15.07 92.51 27.78
1633 63.10 22.08 16.90 91.19 39.10
1634 63.21 52.94 23.50 156.64 39.89
1635 63.38 17.57 13.82 93.29 36.27
1636 63.24 24.83 16.13 98.08 37.91
1637 63.31 29.68 18.68 102.04 47.38
1638 63.33 45.96 21.21 132.32 39.96
1639 63.35 27.17 18.50 104.97 44.22
1640 63.23 75.69 30.36 53.69 68.40
1641 63.55 70.12 26.14 119.59 35.65
1642 63.39 72.80 31.43 74.16 34.72
1643 63.46 62.93 25.73 154.24 35.99
1644 63.58 48.54 20.67 131.78 43.76
1645 63.64 58.41 24.64 154.32 34.76
1646 63.58 50.98 21.12 161.01 39.17
1647 63.64 13.39 13.15 82.41 35.48
1648 63.70 90.57 14.78 9.40 61.64
1649 63.71 55.62 22.74 177.54 35.32
1650 63.84 79.59 25.24 97.72 38.89
1651 63.61 92.49 13.90 5.45 47.77
1652 63.66 39.09 16.99 120.06 45.00
1653 63.69 87.92 21.81 19.35 39.39
1654 63.60 20.02 13.25 82.00 77.25
1655 63.79 36.31 17.46 112.52 72.43
1656 63.83 41.72 16.72 113.58 66.67
1657 63.88 60.55 24.32 168.51 33.22
1658 64.02 7.74 7.54 40.75 60.61
1659 63.87 33.80 16.11 106.09 58.41
1660 63.93 67.23 22.90 157.35 35.05
1661 64.04 76.93 24.16 121.62 35.41
1662 64.04 9.49 9.62 51.47 77.00
1663 64.16 31.49 15.32 88.59 105.02
1664 64.07 44.14 17.62 96.08 55.87
1665 64.23 64.92 22.02 147.11 33.05
1666 64.18 15.65 11.14 75.42 74.05
1667 64.19 23.25 13.40 57.52 132.50
1668 64.26 74.37 25.26 141.26 32.93
1669 64.09 20.57 12.98 80.50 74.66
1670 64.32 25.82 14.09 59.46 143.25
1671 64.35 52.70 19.51 125.73 43.97
1672 64.47 46.76 16.16 81.40 139.90
1673 64.45 71.73 22.10 141.78 33.90
1674 64.40 18.41 12.93 73.89 82.57
1675 64.69 38.17 14.66 55.47 182.04
1676 64.51 50.63 18.78 106.62 77.73
1677 64.40 92.08 13.54 13.86 28.92
1678 64.64 89.03 15.71 45.01 25.08
1679 64.73 12.95 9.97 40.16 131.28
1680 64.61 54.76 18.73 139.42 49.02
1681 64.58 62.44 21.16 141.08 35.18
1682 64.80 40.38 15.35 45.25 177.74
1683 64.63 48.97 17.59 81.27 110.27
1684 64.69 57.26 19.29 130.50 41.38
1685 64.50 87.24 16.09 63.70 25.30
1686 64.78 35.46 13.97 58.29 188.40
1687 64.93 10.81 8.38 33.77 146.67
1688 64.78 69.15 21.55 134.73 31.44
1689 64.96 42.76 15.33 46.66 187.87
1690 64.99 59.72 18.96 135.78 35.56
1691 65.19 21.02 11.60 44.69 155.23
1692 65.05 33.04 13.79 48.31 189.85
1693 65.05 8.62 7.25 28.56 124.63
1694 65.20 16.51 10.46 37.97 141.82
1695 65.16 26.99 12.85 35.31 194.66
1696 65.27 45.28 15.56 44.17 214.83
1697 65.20 66.72 20.19 135.38 36.72
1698 65.10 79.02 21.12 145.54 30.63
1699 65.35 30.94 13.52 30.41 193.62
1700 65.07 91.53 10.67 38.97 20.95
1701 65.41 75.80 19.69 155.63 32.92
1702 65.31 73.27 22.34 160.90 37.89
1703 65.57 24.61 11.43 24.30 185.15
1704 65.56 28.96 12.96 33.05 186.25
1705 65.51 53.34 14.79 75.70 181.40
1706 65.48 64.41 17.57 113.48 37.76
1707 65.63 50.84 16.19 65.04 207.97
1708 65.51 55.73 17.96 75.18 126.60
1709 65.56 62.10 18.55 130.46 37.45
1710 65.62 48.15 15.18 54.15 205.58
1711 65.59 70.96 18.32 112.96 32.89
1712 66.03 87.96 13.01 73.84 24.38
1713 65.81 36.88 13.67 34.72 207.10
1714 65.76 14.41 10.45 23.88 148.10
1715 66.16 57.60 16.72 61.99 149.73
1716 66.08 41.39 14.16 22.51 196.84
1717 65.83 34.30 12.39 23.50 193.58
1718 66.20 38.99 13.13 20.46 195.75
1719 65.95 68.64 17.50 112.80 34.39
1720 65.94 8.97 7.21 15.18 153.39
1721 66.12 83.58 16.37 97.56 27.05
1722 65.97 85.17 14.60 86.08 26.47
1723 66.36 23.20 10.73 16.78 159.07
1724 66.22 43.88 14.03 21.64 205.91
1725 66.15 60.56 18.28 81.02 54.45
1726 66.27 77.50 17.77 131.46 31.29
1727 66.48 32.37 12.40 18.63 177.25
1728 66.38 46.57 14.82 26.50 211.76
1729 66.39 66.14 16.09 111.13 53.17
1730 66.37 73.36 16.44 102.35 33.30
1731 66.40 80.95 15.90 111.76 28.01
1732 66.63 17.95 9.55 15.28 137.54
1733 66.66 20.45 10.09 16.95 146.01
1734 66.56 26.94 10.75 19.71 156.25
1735 66.45 34.98 11.89 20.77 168.05
1736 66.67 15.62 8.50 13.15 134.08
1737 66.57 54.70 14.53 56.99 219.50
1738 66.59 90.60 8.95 54.34 21.77
1739 66.44 63.72 16.94 110.66 66.94
1740 66.74 52.24 14.33 31.42 216.96
1741 66.76 29.97 11.38 20.83 141.67
1742 66.82 49.84 13.83 21.53 214.81
1743 66.68 70.63 16.32 74.52 42.92
1744 66.71 12.05 7.63 12.88 134.12
1745 67.04 59.40 14.64 53.84 199.67
1746 67.07 62.08 15.04 54.54 202.22
1747 66.95 75.70 15.59 89.03 38.45
1748 66.96 68.32 16.74 78.11 70.17
1749 67.01 36.81 12.84 33.56 85.98
1750 67.16 42.47 13.33 25.65 115.60
1751 67.32 86.12 11.05 75.69 24.51
1752 67.22 25.47 10.82 28.67 95.18
1753 67.23 44.95 13.47 24.58 115.60
1754 67.41 47.17 13.40 24.77 161.31
1755 67.12 10.72 6.36 11.71 112.71
1756 67.30 39.72 14.10 57.21 83.88
1757 67.32 78.19 15.84 102.83 36.99
1758 67.37 65.43 14.40 50.54 192.25
1759 67.41 14.32 7.74 16.96 94.89
1760 67.32 33.71 11.35 25.29 94.47
1761 67.29 72.66 13.78 67.03 51.83
1762 67.58 88.91 9.86 56.56 23.59
1763 67.47 22.65 9.74 26.42 81.59
1764 67.54 56.68 13.39 23.96 219.88
1765 67.51 9.48 6.88 10.17 90.20
1766 67.63 81.16 14.99 111.41 38.81
1767 67.54 28.63 11.64 44.59 79.64
1768 67.66 12.32 7.62 15.64 96.67
1769 67.74 53.98 13.36 23.23 215.46
1770 67.77 70.23 14.08 37.03 173.54
1771 67.89 74.58 14.15 50.83 127.49
1772 67.94 37.72 12.07 90.67 44.71
1773 68.11 51.61 13.31 24.37 181.02
1774 68.00 35.43 12.13 86.78 56.30
1775 67.97 49.23 13.41 25.65 157.88
1776 68.06 67.56 13.17 22.77 194.64
1777 68.05 63.53 13.30 34.68 225.72
1778 68.02 41.46 13.18 99.73 50.09
1779 68.16 61.00 14.55 22.90 212.50
1780 68.15 44.16 13.67 99.96 56.67
1781 68.18 27.26 11.33 75.05 40.49
1782 68.25 32.98 10.66 117.28 57.14
1783 68.38 58.63 13.32 17.98 189.96
1784 68.37 15.39 8.68 48.48 52.42
1785 68.23 9.17 6.23 21.46 57.38
1786 68.40 20.82 9.20 81.49 38.63
1787 68.51 72.16 14.08 32.82 187.09
1788 68.27 90.78 7.30 33.11 24.84
1789 68.47 29.39 10.29 96.10 43.35
1790 68.29 79.04 13.26 45.06 153.74
1791 68.44 84.70 11.07 64.05 37.95
1792 68.69 39.59 12.19 133.99 39.10
1793 68.45 46.71 13.42 97.45 74.95
1794 68.55 18.08 8.80 72.64 36.45
1795 68.57 87.71 10.40 52.14 28.29
1796 68.67 56.14 13.27 20.65 153.79
1797 68.81 65.69 13.19 16.87 215.33
1798 68.79 82.18 12.97 55.40 110.16
1799 68.90 53.76 13.18 42.12 120.61
1800 68.77 79.91 13.10 49.83 151.46
1801 68.84 9.67 5.28 34.28 56.56
1802 68.95 13.08 6.67 64.53 33.11
1803 69.25 31.44 10.83 152.72 45.20
1804 69.00 25.28 9.74 109.88 34.99
1805 69.03 37.00 11.40 143.11 35.74
1806 69.01 42.47 12.91 154.26 42.74
1807 69.11 69.91 12.71 15.48 201.25
1808 68.95 49.29 11.79 126.00 49.54
1809 69.19 74.67 12.27 24.62 188.47
1810 69.15 63.18 13.68 20.00 179.98
1811 69.24 34.41 11.40 146.18 37.33
1812 69.26 44.95 12.75 159.37 43.82
1813 69.27 22.66 9.12 94.37 37.43
1814 69.33 51.64 11.72 111.02 53.20
1815 69.35 60.51 12.69 23.76 149.80
1816 69.71 17.37 8.30 103.13 30.95
1817 69.54 15.23 7.19 91.06 30.42
1818 69.55 67.61 12.51 14.62 176.00
1819 69.54 20.29 8.94 112.83 34.41
1820 69.50 86.33 9.72 23.84 103.55
1821 69.72 27.29 10.14 108.13 36.60
1822 69.47 58.16 13.19 36.66 89.96
1823 69.56 76.71 12.57 19.58 198.99
1824 69.61 10.98 5.53 64.00 27.26
1825 69.66 47.16 12.50 150.25 50.22
1826 69.77 29.32 10.09 124.25 39.32
1827 69.65 55.75 12.62 102.86 66.20
1828 69.78 88.94 6.94 20.10 88.22
1829 69.79 80.23 11.83 25.08 183.84
1830 69.92 72.48 12.45 13.89 183.80
1831 69.94 83.24 9.77 28.17 137.50
1832 69.83 40.71 12.51 176.70 40.00
1833 70.03 38.45 11.96 154.73 36.82
1834 70.05 53.58 12.60 165.73 45.35
1835 70.14 13.14 6.68 84.64 23.77
1836 70.04 49.35 12.20 165.14 44.68
1837 70.07 65.18 12.81 24.52 126.17
1838 70.29 36.18 11.61 127.49 36.49
1839 70.27 42.82 12.13 160.62 41.79
1840 70.46 69.82 11.63 16.71 133.46
1841 70.28 24.91 9.42 102.30 36.71
1842 70.45 22.52 8.96 104.69 31.94
1843 70.40 33.74 11.03 126.12 36.84
1844 70.44 57.49 12.50 154.39 39.13
1845 70.41 60.09 12.10 106.01 43.58
1846 70.48 74.84 12.21 18.51 175.49
1847 70.53 45.08 12.15 155.93 40.22
1848 70.60 51.48 11.98 174.32 35.06
1849 70.68 11.06 5.56 60.35 25.48
1850 70.58 31.40 11.33 86.00 43.22
1851 70.93 85.18 9.07 14.13 158.76
1852 70.66 87.17 7.98 11.80 137.67
1853 70.74 20.24 9.08 112.99 31.67
1854 70.82 62.76 12.19 135.94 38.95
1855 70.90 77.42 10.69 15.93 163.43
1856 71.05 14.29 6.97 75.26 32.90
1857 70.90 55.38 12.46 197.35 42.82
1858 70.84 67.51 11.91 35.75 73.82
1859 70.74 29.25 10.15 75.05 57.17
1860 70.84 17.94 7.98 97.63 36.23
1861 70.90 27.45 10.88 59.04 94.80
1862 70.92 40.41 12.00 116.61 41.75
1863 71.04 47.27 11.61 142.16 39.08
1864 70.67 84.04 11.57 20.14 178.43
1865 71.37 80.66 10.73 14.85 150.96
1866 71.10 65.13 12.54 111.02 50.16
1867 71.15 89.14 6.59 8.43 124.75
1868 71.19 38.13 12.28 92.74 40.85
1869 71.19 49.62 11.84 158.24 40.19
1870 71.15 72.50 11.46 24.39 107.67
1871 71.41 53.23 11.66 182.60 35.79
1872 71.40 59.06 12.15 195.82 35.21
1873 71.70 82.93 9.69 11.52 143.96
1874 71.39 24.34 9.33 55.77 91.68
1875 71.47 36.12 10.88 75.38 99.80
1876 71.26 26.33 9.95 72.86 102.05
1877 71.41 42.86 11.67 122.09 47.10
1878 71.50 34.10 10.40 53.31 129.37
1879 71.72 75.82 11.13 38.64 110.97
1880 71.62 31.01 10.23 52.32 154.70
1881 71.54 22.25 8.74 73.45 56.92
1882 71.78 61.33 11.69 176.77 39.52
1883 71.82 57.03 12.01 184.79 35.11
1884 71.68 10.90 6.00 36.95 55.84
1885 71.65 45.17 11.42 106.54 45.88
1886 71.82 29.01 9.89 44.47 169.13
1887 71.93 15.23 7.35 34.88 121.46
1888 71.83 20.24 8.42 48.22 104.09
1889 71.93 70.96 11.55 87.51 43.83
1890 72.01 66.66 11.66 132.38 36.07
1891 72.17 87.83 6.43 5.57 139.09
1892 71.86 18.39 8.34 46.08 111.60
1893 71.97 51.39 11.70 139.02 41.92
1894 72.01 40.33 11.93 61.89 164.46
1895 72.08 63.63 11.62 154.06 41.24
1896 72.05 26.40 9.64 29.64 155.97
1897 72.19 49.21 11.41 76.63 122.70
1898 72.23 55.02 11.56 157.46 33.82
1899 72.32 47.20 11.58 84.49 155.81
1900 72.20 73.44 11.18 108.45 55.85
1901 72.37 37.88 11.65 37.84 183.01
1902 72.47 24.44 9.21 29.18 168.78
1903 72.58 35.42 11.11 27.20 189.46
1904 72.57 68.80 11.70 144.96 38.98
1905 72.62 12.06 5.72 14.59 132.34
1906 72.51 42.74 11.17 43.78 186.00
1907 72.57 27.35 8.84 25.59 182.26
1908 72.58 59.46 12.11 134.45 36.09
1909 72.41 16.10 7.92 25.83 138.83
1910 72.74 22.28 8.60 18.90 162.48
1911 72.79 33.03 10.39 26.24 196.50
1912 72.67 53.09 11.35 119.86 46.69
1913 72.77 85.97 7.99 7.80 121.24
1914 72.78 17.57 7.01 23.63 156.70
1915 72.97 75.77 11.32 133.12 39.29
1916 72.87 30.30 10.27 18.40 191.70
1917 73.28 13.49 6.38 9.34 156.79
1918 72.95 57.02 11.70 109.78 39.60
1919 73.05 61.71 10.79 126.56 35.71
1920 73.15 78.44 10.69 103.72 38.83
1921 73.18 83.33 9.06 14.06 47.73
1922 73.20 51.27 11.68 57.77 190.29
1923 73.18 64.80 11.75 158.95 35.37
1924 73.12 71.00 11.13 149.81 33.77
1925 73.12 19.56 8.27 13.32 152.97
1926 73.16 15.37 6.87 13.18 153.90
1927 73.33 40.34 10.78 26.16 208.89
1928 73.43 49.23 11.62 40.57 215.84
1929 73.34 73.58 10.88 164.68 36.03
1930 73.35 54.98 11.43 95.13 47.26
1931 73.28 21.32 8.55 14.27 154.91
1932 73.53 67.08 11.97 163.78 37.34
1933 73.54 46.97 11.57 46.72 207.95
1934 73.65 26.19 9.94 12.83 179.48
1935 73.59 37.54 10.89 20.35 200.27
1936 73.62 81.00 9.35 71.40 33.13
1937 73.82 28.33 10.29 13.54 177.08
1938 73.74 24.01 9.61 10.21 168.65
1939 73.56 59.31 12.10 98.38 54.78
1940 73.72 42.93 10.74 22.89 210.92
1941 73.61 35.08 10.06 13.15 205.21
1942 73.95 53.02 10.97 44.80 192.77
1943 73.62 15.97 7.29 9.00 162.29
1944 73.94 69.23 11.39 151.30 34.63
1945 74.00 32.97 10.42 12.83 199.99
1946 74.01 57.17 10.97 65.44 150.10
1947 74.06 63.11 11.88 122.76 41.36
1948 74.24 30.45 10.38 13.84 151.65
1949 74.29 16.69 7.35 10.67 124.44
1950 74.20 45.28 11.21 19.27 200.75
1951 74.20 76.84 9.89 129.30 31.70
1952 74.20 35.61 10.08 12.80 191.42
1953 74.29 71.88 11.39 144.78 33.98
1954 74.47 21.01 8.28 14.62 118.04
1955 74.44 39.05 11.16 14.02 207.37
1956 74.31 84.38 7.51 39.64 29.75
1957 74.72 14.54 6.55 12.42 114.87
1958 74.55 74.69 10.40 140.68 33.36
1959 74.62 41.62 10.74 13.57 208.17
1960 74.56 48.20 10.06 15.52 203.83
1961 74.63 50.72 10.48 20.90 208.06
1962 74.48 65.21 11.98 98.78 39.91
1963 74.40 78.45 9.89 120.95 28.39
1964 74.68 54.74 11.17 52.16 207.20
1965 74.72 80.99 8.84 108.27 30.24
1966 74.74 59.18 10.88 58.67 197.10
1967 74.77 67.57 11.35 130.91 38.34
1968 74.86 25.29 9.01 20.20 129.34
1969 74.73 19.40 8.34 15.23 93.43
1970 75.15 37.04 11.01 25.76 157.98
1971 75.07 43.98 11.55 13.93 208.31
1972 74.99 12.53 4.72 7.26 99.03
1973 75.03 18.07 7.87 22.04 77.57
1974 75.41 83.74 7.30 82.65 24.49
1975 75.06 27.43 10.26 29.25 99.51
1976 75.17 34.35 10.79 32.16 122.17
1977 75.17 69.94 11.33 116.30 35.89
1978 75.24 23.10 8.74 35.87 100.46
1979 75.28 56.64 11.83 31.52 219.23
1980 75.17 31.59 9.72 34.10 85.98
1981 75.38 52.76 10.58 16.65 203.05
1982 75.35 64.05 11.54 62.18 162.88
1983 75.42 46.46 11.12 13.68 205.51
1984 75.47 61.06 11.56 48.93 199.84
1985 75.40 72.73 10.78 125.34 34.49
1986 75.55 79.17 9.22 139.76 29.59
1987 75.57 76.41 10.10 131.16 29.27
1988 75.61 39.99 10.93 18.88 173.74
1989 75.73 48.82 10.56 15.69 193.18
1990 75.43 16.96 8.42 33.67 55.83
1991 75.62 20.52 8.87 61.91 48.54
1992 76.00 50.80 11.12 16.19 204.61
1993 75.80 66.79 11.25 59.08 114.80
1994 75.97 42.46 10.81 32.08 136.15
1995 75.94 58.26 10.42 21.66 212.29
1996 76.10 55.06 10.95 14.74 206.68
1997 76.04 14.03 6.56 48.40 33.83
1998 76.03 25.31 8.83 99.85 41.47
1999 76.08 27.62 9.07 86.49 40.83
2000 76.31 81.62 7.79 98.54 28.10
2001 76.17 31.62 10.57 89.13 46.34
2002 76.08 68.56 10.76 48.38 87.00
2003 76.20 36.20 10.93 82.33 57.27
2004 76.24 71.16 11.08 109.87 65.27
2005 76.50 17.50 6.59 75.92 28.28
2006 76.35 45.02 11.64 45.44 147.30
2007 76.25 22.59 9.04 93.47 40.01
2008 76.49 62.50 10.84 38.16 208.28
2009 76.36 38.48 11.03 104.82 65.24
2010 76.45 74.43 10.08 115.69 38.13
2011 76.63 59.89 11.08 19.31 204.48
2012 76.65 64.98 10.90 32.32 188.78
2013 76.69 52.57 11.19 19.11 163.21
2014 76.71 47.43 10.79 40.61 138.13
2015 76.75 84.04 6.06 58.46 21.49
2016 76.86 20.10 7.77 92.48 29.07
2017 76.70 76.67 10.16 78.67 34.21
2018 76.84 78.97 8.34 83.03 29.26
2019 76.79 41.05 11.31 92.41 53.78
2020 77.01 67.26 9.85 26.91 182.92
2021 76.93 57.26 10.57 13.22 209.77
2022 77.05 49.81 10.64 68.29 104.54
2023 77.13 35.34 11.38 137.31 39.90
2024 77.02 14.78 6.15 67.40 27.15
2025 77.29 27.28 9.89 122.34 33.80
2026 77.02 43.31 11.63 97.17 69.05
2027 77.19 69.43 10.65 34.01 182.10
2028 77.13 24.81 8.85 128.84 34.15
2029 77.20 33.98 9.69 141.67 35.36
2030 77.32 32.19 10.51 136.10 36.22
2031 77.34 54.72 11.08 19.07 182.08
2032 77.36 22.29 8.94 140.09 30.67
2033 77.40 29.88 10.09 123.54 35.80
2034 77.31 37.57 10.97 141.73 36.79
2035 77.33 72.26 10.53 82.95 153.86
2036 77.42 81.45 7.65 64.60 26.66
2037 77.58 39.96 11.75 139.88 36.28
2038 77.59 45.54 10.37 128.81 46.16
2039 77.58 63.58 11.63 22.05 213.84
2040 77.47 74.07 9.86 83.29 146.43
2041 77.64 61.13 10.86 12.95 215.96
2042 77.53 76.22 9.17 63.22 116.49
2043 77.74 17.74 6.88 88.47 26.30
2044 77.94 83.26 6.49 36.94 26.62
2045 77.70 51.90 10.00 88.02 65.05
2046 77.80 47.72 10.16 129.91 56.25
2047 77.97 58.84 10.98 21.30 182.92
2048 77.90 78.47 8.96 50.94 85.12
2049 78.03 20.19 7.90 111.28 27.93
2050 78.03 43.16 10.68 147.60 40.86
2051 77.90 77.23 8.25 66.55 113.15
2052 78.20 14.62 5.28 65.31 22.62
2053 78.20 49.83 10.44 148.17 45.32
2054 78.11 56.62 11.05 44.90 109.00
2055 78.22 65.74 10.36 12.91 189.13
2056 78.05 24.43 9.74 123.15 31.06
2057 78.19 68.36 10.35 18.98 204.19
2058 78.16 79.94 7.75 49.80 57.60
2059 78.29 36.36 10.98 155.83 33.22
2060 78.48 71.16 10.09 33.61 205.44
2061 78.38 33.85 11.23 146.99 36.79
2062 78.40 73.57 10.48 33.25 184.02
2063 78.22 16.55 6.36 78.93 25.00
2064 78.49 22.65 8.64 123.70 29.88
2065 78.63 26.02 9.31 110.70 34.03
2066 78.35 53.92 10.68 94.52 66.08
2067 78.49 28.82 10.56 116.93 34.47
2068 78.67 31.56 10.38 124.32 35.41
2069 78.61 41.12 10.73 168.01 35.61
2070 78.71 75.84 9.64 34.07 175.38
2071 78.80 38.78 11.29 142.22 35.14
2072 78.82 63.41 10.83 13.82 179.50
2073 78.82 51.95 10.36 157.08 34.88
2074 78.81 45.37 10.76 147.65 36.17
2075 78.91 60.86 11.50 33.26 164.64
2076 78.65 19.66 8.05 108.00 28.26
2077 78.91 47.86 10.33 180.58 34.60
2078 79.10 81.42 6.86 20.45 85.40
2079 78.99 18.30 6.97 103.38 25.13
2080 79.18 16.37 6.54 83.65 27.77
2081 79.03 78.45 7.88 34.56 145.68
2082 79.07 55.78 10.85 144.10 40.69
2083 78.99 58.17 10.38 106.60 76.91
2084 79.24 83.29 3.92 18.90 56.51
2085 79.34 67.25 11.01 10.96 177.07
2086 79.24 24.09 9.36 95.13 36.60
2087 79.32 43.10 10.80 135.39 35.01
2088 79.16 73.68 9.80 18.02 185.12
2089 79.48 50.18 10.61 181.57 30.95
2090 79.46 69.97 9.48 12.90 190.75
2091 79.24 20.57 7.92 98.64 28.36
2092 79.49 34.44 10.85 132.51 41.10
2093 79.49 36.95 11.13 139.59 35.05
2094 79.55 27.78 9.43 110.51 42.23
2095 79.64 53.62 10.96 168.71 37.65
2096 79.52 30.25 11.24 102.64 39.79
2097 79.75 65.14 10.89 17.99 115.43
2098 79.70 40.61 10.76 134.40 38.72
2099 79.85 46.57 11.33 163.32 33.50
2100 79.56 25.17 9.60 95.20 45.60
2101 79.95 60.18 11.25 107.94 52.59
2102 79.83 62.75 10.82 55.98 81.58
2103 80.06 72.19 9.40 15.51 179.45
2104 79.87 75.19 8.81 15.03 179.78
2105 80.00 57.84 10.87 159.81 41.80
2106 80.02 18.27 7.96 84.95 40.14
2107 80.11 32.74 10.77 98.55 50.15
2108 80.26 44.69 10.32 133.97 37.89
2109 80.23 48.50 11.19 158.44 33.33
2110 80.26 55.53 11.49 183.50 37.67
2111 80.13 25.75 10.23 77.62 107.81
2112 80.37 52.06 11.01 162.96 35.21
2113 80.21 23.25 9.69 75.80 105.41
2114 80.28 38.55 12.10 114.82 44.16
2115 80.23 76.60 8.42 12.06 174.32
2116 80.46 42.53 11.21 139.41 51.10
2117 80.62 69.43 10.47 19.80 151.55
2118 80.53 81.53 5.20 9.12 119.77
2119 80.61 66.86 10.61 36.44 100.65
2120 80.48 36.06 10.81 106.95 78.03
2121 80.56 19.79 7.30 71.02 85.82
2122 80.76 28.80 10.54 53.26 157.35
2123 80.81 64.16 11.25 86.78 44.48
2124 81.42 27.25 9.75 40.87 174.36
2125 80.94 50.12 11.00 157.82 36.14
2126 80.95 73.94 9.07 10.23 173.26
2127 80.89 31.36 10.21 66.04 158.70
2128 80.92 61.91 11.26 119.41 43.92
2129 81.01 21.88 8.90 45.07 140.90
2130 81.01 40.67 10.70 102.44 153.29
2131 80.82 80.09 7.82 8.00 152.09
2132 81.04 59.34 11.51 152.59 38.01
2133 81.15 34.20 10.68 69.30 165.52
2134 81.18 76.16 8.18 12.98 179.56
2135 81.17 47.41 10.09 121.14 42.49
2136 81.19 54.04 11.73 139.63 33.41
2137 81.31 17.64 6.35 38.27 122.36
2138 81.41 24.77 9.31 38.26 175.28
2139 81.13 56.91 10.90 156.33 35.16
2140 81.26 78.72 7.36 10.96 163.49
2141 81.27 71.50 10.12 18.12 157.04
2142 81.41 38.47 10.79 59.75 183.48
2143 81.36 45.27 10.45 123.66 96.43
2144 81.63 43.16 10.85 77.22 189.34
2145 81.65 51.90 11.36 136.67 41.42
2146 81.68 66.27 9.69 109.96 45.32
2147 81.83 36.44 11.37 50.67 201.01
2148 81.73 81.19 5.27 5.27 109.38
2149 81.93 32.19 10.41 37.70 202.40
2150 81.70 22.36 8.58 35.91 170.30
2151 81.98 49.63 11.25 109.92 119.73
2152 82.04 60.92 10.90 140.80 39.60
2153 82.10 63.68 10.54 130.71 40.94
2154 82.08 20.29 7.82 29.03 176.45
2155 82.09 55.98 11.14 157.56 39.84
2156 82.04 58.47 11.38 134.92 36.09
2157 81.87 71.86 8.18 15.36 129.09
2158 82.15 40.65 11.21 61.84 199.19
2159 82.31 73.94 8.43 13.30 132.28
2160 82.18 16.67 5.74 22.04 134.37
2161 82.30 47.57 10.83 86.87 198.48
2162 82.37 53.55 10.72 121.16 62.34
2163 82.43 23.29 8.35 20.88 190.37
2164 82.48 34.31 10.58 31.30 215.00
2165 82.49 45.01 10.66 57.77 204.32
2166 82.37 78.62 7.12 5.56 141.26
2167 82.43 29.96 10.85 24.76 205.76
2168 82.59 68.08 11.42 130.41 39.06
2169 82.67 71.09 10.09 75.83 48.29
2170 82.68 25.84 8.72 21.54 198.35
2171 82.73 38.50 11.18 31.51 213.43
2172 82.64 76.35 7.28 7.00 156.17
2173 82.78 42.54 11.05 42.67 211.73
2174 82.83 65.87 10.96 150.36 38.52
2175 82.86 51.47 10.89 83.32 161.89
2176 82.93 27.84 10.13 20.13 197.56
2177 82.93 57.63 11.51 112.98 69.63
2178 83.07 62.24 11.64 132.76 36.80
2179 83.13 59.98 10.50 132.87 48.87
2180 83.19 21.70 8.41 17.31 188.30
2181 83.19 31.24 10.28 18.51 209.60
2182 83.21 49.48 11.05 66.24 206.67
2183 83.14 55.22 11.32 103.23 145.32
2184 83.24 36.26 10.88 19.43 220.49
2185 83.10 28.95 9.85 15.80 193.60
2186 83.52 77.37 6.80 11.11 115.15
2187 83.42 40.71 10.35 21.65 218.16
2188 83.29 46.82 10.56 53.58 211.68
2189 83.26 20.23 6.70 15.52 177.33
2190 83.64 69.70 9.68 142.60 37.84
2191 83.65 53.18 10.55 67.02 196.04
2192 83.62 33.72 10.99 14.31 198.59
2193 83.57 44.19 10.31 29.56 224.58
2194 83.73 64.27 10.64 146.86 44.75
2195 83.85 18.77 6.29 8.12 166.41
2196 83.95 26.55 9.39 13.57 191.50
2197 83.75 74.32 8.32 26.68 53.68
2198 83.95 38.55 11.79 14.57 215.55
2199 83.99 57.96 11.58 61.79 178.75
2200 84.02 66.89 10.49 145.62 36.68
2201 84.16 29.07 10.00 11.46 196.72
2202 84.18 72.17 8.26 75.18 38.77
2203 83.94 23.87 8.53 11.28 193.25
2204 84.29 51.02 10.79 31.80 220.44
2205 84.28 42.49 10.28 21.65 213.11
2206 84.16 48.77 11.17 29.75 219.05
2207 84.28 55.68 11.03 48.07 200.33
2208 84.11 20.56 7.60 6.86 173.17
2209 84.25 45.85 11.37 27.63 219.32
2210 84.32 31.46 10.89 11.78 211.20
2211 84.28 62.04 11.19 101.38 104.68
2212 84.39 36.03 10.38 11.91 210.92
2213 84.52 75.84 7.56 23.58 41.15
2214 84.29 17.73 5.83 4.78 127.50
2215 84.65 22.13 8.00 7.36 174.81
2216 84.70 40.33 10.45 13.57 215.94
2217 84.77 73.73 7.78 50.02 38.17
2218 84.63 19.68 7.20 5.36 155.68
2219 84.88 33.96 10.73 9.23 213.75
2220 84.79 53.36 11.56 34.20 226.51
2221 84.98 24.40 8.26 7.18 151.46
2222 84.79 65.21 10.46 141.15 48.89
2223 84.90 47.41 10.75 21.80 225.94
2224 84.93 69.50 9.65 115.95 36.48
2225 85.13 26.93 8.68 6.78 160.75
2226 85.19 44.74 10.85 17.41 210.64
2227 85.05 58.47 12.09 45.16 208.29
2228 85.09 38.04 11.00 11.58 210.96
2229 85.35 42.38 10.41 15.35 211.80
2230 85.44 49.38 11.69 20.03 232.37
2231 85.47 67.56 9.49 135.89 44.51
2232 85.33 29.78 9.46 8.84 174.00
2233 85.47 62.79 11.23 81.50 174.38
2234 85.46 32.02 10.99 7.64 197.29
2235 85.49 51.54 10.95 19.85 227.16
2236 85.45 55.90 11.38 35.03 227.08
2237 85.55 60.35 12.12 38.19 196.42
2238 85.56 72.04 7.90 78.97 30.60
2239 85.58 75.37 7.41 47.08 33.80
2240 85.70 36.16 11.14 8.34 177.08
2241 85.97 22.57 7.36 4.21 123.86
2242 85.91 39.62 11.07 9.70 201.37
2243 85.89 54.03 11.68 21.68 222.04
2244 85.85 65.32 10.73 89.08 155.46
2245 85.84 47.10 11.29 13.80 210.62
2246 86.15 25.35 8.16 4.79 111.65
2247 85.93 28.88 9.29 6.29 140.54
2248 86.10 69.54 8.97 106.25 35.39
2249 86.20 34.10 10.55 7.16 159.00
2250 85.99 58.00 11.52 23.28 221.48
2251 86.26 43.92 10.81 10.96 203.40
2252 86.24 27.18 8.72 5.78 113.90
2253 86.41 41.51 10.92 8.49 190.33
2254 86.51 37.82 10.55 9.04 146.82
2255 86.56 50.33 11.53 13.15 218.26
2256 86.66 31.00 9.91 5.59 137.05
2257 86.51 61.23 10.68 27.88 197.12
2258 86.70 45.96 10.88 9.58 206.13
2259 86.66 52.51 10.83 17.09 217.73
2260 86.68 67.14 10.01 73.10 132.64
2261 86.70 56.63 11.61 16.95 222.27
2262 86.77 64.23 10.39 49.20 195.44
2263 86.93 72.61 7.75 93.27 32.97
2264 86.77 48.21 10.52 11.45 217.28
2265 86.85 59.05 11.16 19.57 218.59
2266 87.35 35.76 10.34 4.81 114.16
2267 87.09 24.08 7.32 3.14 98.60
2268 86.96 54.55 11.17 16.07 213.68
2269 86.82 62.28 11.00 22.19 201.44
2270 87.21 28.76 9.65 3.99 76.71
2271 87.53 33.01 9.20 4.86 80.41
2272 87.40 39.98 10.91 6.28 112.26
2273 87.44 42.40 9.88 6.41 142.38
2274 87.70 37.98 9.67 6.00 90.47
2275 87.57 27.17 8.53 3.41 61.02
2276 87.71 51.41 10.75 9.60 199.85
2277 87.71 60.65 11.12 19.96 213.38
2278 87.72 63.07 10.01 35.30 193.57
2279 87.85 65.68 9.62 42.53 194.02
2280 87.70 49.15 11.12 7.79 179.35
2281 87.84 56.01 11.40 13.51 216.25
2282 87.85 46.80 11.20 7.24 168.20
2283 87.89 53.63 10.61 11.70 190.61
2284 87.84 58.26 11.02 13.65 217.32
2285 88.08 24.58 7.33 2.32 54.70
2286 88.12 26.36 8.03 2.73 47.06
2287 88.47 28.39 8.86 2.77 42.08
2288 88.41 41.76 10.34 4.88 80.06
2289 88.30 68.34 8.07 46.09 166.52
2290 88.41 44.01 10.69 5.90 99.81
2291 88.55 39.73 10.06 4.41 67.57
2292 88.90 37.02 10.07 3.82 51.92
2293 88.35 49.78 10.56 7.28 136.06
2294 88.62 52.10 11.64 7.94 136.40
2295 88.67 61.98 10.09 18.69 205.97
2296 88.76 59.55 10.70 13.80 203.25
2297 88.57 30.36 8.95 3.16 43.26
2298 88.88 34.99 9.58 2.86 49.55
2299 88.86 54.62 11.20 9.85 145.68
2300 88.95 45.85 9.70 5.22 103.59
2301 88.91 48.04 11.50 6.13 110.06
2302 89.04 73.18 5.53 33.15 90.76
2303 89.12 57.59 10.12 9.37 158.94
2304 89.14 71.15 7.52 31.82 138.61
2305 89.03 50.16 10.09 6.43 105.04
2306 89.31 64.29 9.64 24.97 196.18
2307 89.11 24.97 7.67 2.05 40.22
2308 89.33 30.57 8.24 2.88 36.70
2309 89.27 69.14 8.89 31.23 182.04
2310 89.27 42.62 10.28 3.79 62.36
2311 89.55 53.20 11.45 6.55 100.50
2312 89.52 26.77 7.83 2.42 26.91
2313 89.61 39.38 10.73 3.82 39.61
2314 89.66 32.22 9.00 3.07 35.64
2315 89.71 55.97 11.19 7.60 101.71
2316 89.93 41.31 10.92 3.79 39.45
2317 89.91 62.36 10.26 10.01 162.69
2318 90.15 48.48 10.37 4.24 57.62
2319 90.01 34.67 9.96 3.21 40.58
2320 90.05 43.81 10.35 4.02 47.96
2321 90.03 46.19 10.12 3.74 48.21
2322 89.88 25.46 7.78 1.22 30.11
2323 90.26 65.54 8.81 12.40 153.55
2324 89.93 66.62 8.67 18.20 169.60
2325 90.24 58.94 10.33 8.79 113.53
2326 90.81 54.89 10.56 5.57 65.56
2327 90.58 29.99 9.76 2.07 29.99
2328 90.69 68.73 6.59 14.58 148.18
2329 90.64 32.99 10.31 2.89 32.58
2330 90.59 39.29 12.27 3.07 34.24
2331 90.70 43.86 10.41 3.81 36.72
2332 90.76 46.16 10.86 3.37 35.74
2333 90.85 61.54 9.20 8.00 119.60
2334 91.23 63.99 8.74 6.04 114.08
2335 91.15 52.74 10.53 4.28 39.95
2336 90.92 31.13 8.94 2.22 31.28
2337 90.80 36.12 14.00 3.00 36.00
2338 91.17 35.52 11.33 2.62 30.95
2339 91.25 56.73 8.94 5.69 51.74
2340 91.41 59.30 9.57 5.29 63.01
2341 91.31 48.26 11.83 4.00 34.74
2342 91.55 50.71 10.54 3.91 36.77
2343 91.34 38.83 12.72 3.38 31.46
2344 91.49 28.79 9.71 2.16 25.46
2345 91.73 43.43 15.32 3.17 31.10
2346 91.72 33.62 15.70 2.72 30.62
2347 91.49 46.01 15.02 3.21 33.50
2348 91.69 57.75 9.67 4.38 44.50
2349 91.96 61.17 9.24 4.38 62.17
2350 91.92 35.97 15.10 3.08 30.18
2351 91.80 49.24 11.71 4.00 31.33
2352 91.90 54.99 9.87 4.47 37.15
2353 91.78 51.84 9.00 4.50 37.00
2354 92.09 27.84 8.55 1.52 25.45
2355 92.33 29.59 11.37 2.23 25.97
2356 92.21 42.02 10.18 2.89 32.18
2357 92.23 46.15 18.60 3.46 30.62
2358 92.44 52.66 9.45 3.32 32.19
2359 92.62 50.37 11.75 3.43 31.36
2360 92.47 30.76 11.82 2.27 27.91
2361 92.60 55.71 9.94 3.67 33.73
2362 92.70 58.96 8.08 3.31 33.83
2363 92.66 44.60 18.33 3.77 32.67
2364 92.83 62.27 7.94 3.27 48.00
2365 92.76 33.35 16.18 2.02 28.42
2366 93.02 57.28 8.46 3.32 33.53
2367 93.15 39.57 16.56 3.26 32.32
2368 93.15 46.30 15.53 2.74 31.32
2369 93.11 31.28 13.55 2.15 27.76
2370 93.10 51.97 9.89 3.33 28.07
2371 93.38 44.53 17.48 3.30 30.55
2372 93.61 55.34 9.84 2.88 31.21
2373 93.29 47.28 17.50 3.00 33.00
2374 93.55 50.76 11.98 3.27 30.20
2375 93.82 60.38 7.51 3.00 29.14
2376 93.74 37.24 18.55 2.40 27.78
2377 93.68 31.16 16.67 2.50 29.00
2378 93.96 34.23 15.96 2.40 27.28
2379 93.69 42.18 20.00 3.50 31.25
2380 93.98 58.35 8.13 2.58 28.63
2381 93.83 43.79 16.38 3.12 29.50
2382 94.09 46.39 15.88 3.28 32.06
2383 94.26 53.05 10.99 2.87 30.36
2384 94.14 30.33 15.40 1.44 27.15
2385 94.28 39.31 16.26 2.60 30.15
2386 94.72 43.66 16.70 2.99 29.81
2387 94.44 32.91 18.53 1.79 27.94
2388 94.47 36.13 15.59 2.42 26.86
2389 94.09 44.60 17.25 3.08 29.75
2390 94.24 55.30 9.80 2.93 27.00
2391 94.52 41.43 17.41 2.47 29.53
2392 95.07 48.84 14.76 3.09 31.89
2393 94.87 51.01 12.32 2.53 29.62
2394 94.93 55.99 8.80 2.22 28.25
2395 94.86 46.80 14.06 2.67 29.06
2396 94.96 31.64 16.89 1.63 27.74
2397 95.21 39.04 14.96 2.42 29.31
2398 95.27 41.55 15.34 2.32 30.40
2399 95.51 45.80 16.28 2.93 28.47
2400 95.60 35.69 14.48 2.02 27.36
2401 95.75 43.47 17.39 2.47 32.80
2402 95.79 55.81 9.05 2.68 27.12
2403 96.29 48.95 11.78 2.51 28.14
2404 96.13 37.73 14.57 2.41 27.33
2405 96.23 52.81 10.20 2.02 27.57
2406 96.27 46.39 12.96 2.10 30.04
2407 96.10 50.95 11.22 3.00 28.11
2408 96.32 43.49 16.86 3.00 31.24
2409 96.33 50.12 12.83 3.83 31.50
2410 96.63 39.86 15.08 2.10 27.54
2411 96.54 51.73 13.46 2.17 29.58
2412 96.93 41.06 15.91 2.09 27.53
2413 97.03 42.69 15.92 1.86 27.81
2414 97.10 46.93 10.27 2.11 27.84
2415 97.53 45.17 11.43 2.25 28.38
2416 97.43 49.96 11.52 2.91 29.57
2417 97.63 41.74 14.35 1.62 26.98
2418 98.28 43.74 10.97 1.85 27.62

