#<Embryo name> <Cleavage cycle> <Temporal class> <Genes>
tim18 14A 8 even-skipped Kruppel giant

#Quantitative data
#<Nucleus number> <A-P coordinate> <D-V coordinate> <Fluorescence intensity: channel 1 - eve, channel 2 - Kr, channel 3 - gt>
0 3.24 36.97 22.33 6.65 35.44
1 3.68 46.39 26.03 5.65 16.72
2 3.84 40.20 26.34 10.04 51.82
3 3.81 43.50 25.86 8.23 29.86
4 4.23 33.80 18.73 5.48 92.87
5 4.90 37.38 23.52 7.51 82.53
6 4.69 50.71 27.43 5.86 14.71
7 5.30 40.94 25.23 8.62 81.76
8 5.20 44.46 31.98 10.28 39.63
9 5.43 31.93 22.27 6.52 95.38
10 5.77 47.25 30.80 8.59 37.22
11 5.79 34.75 25.96 8.53 104.17
12 5.39 49.78 36.00 9.75 18.50
13 6.53 53.57 31.27 9.60 14.64
14 6.19 29.40 18.02 6.54 117.23
15 6.43 38.28 25.66 7.62 114.74
16 6.46 42.95 31.32 9.41 93.39
17 6.48 50.34 35.14 12.77 17.75
18 7.23 45.16 28.66 9.79 69.23
19 7.34 32.70 22.61 10.07 142.78
20 7.26 35.32 23.56 11.26 127.41
21 7.48 40.60 29.87 10.24 124.91
22 7.50 48.23 35.99 12.78 37.17
23 7.60 29.29 19.71 8.16 131.74
24 7.88 51.30 34.91 11.60 18.60
25 8.09 37.31 26.41 9.74 117.27
26 8.62 53.99 36.40 12.06 16.99
27 8.55 57.72 35.51 8.75 15.60
28 8.53 46.35 34.90 15.52 70.23
29 8.46 26.52 18.90 7.04 115.00
30 8.79 43.09 30.90 12.65 118.91
31 8.77 30.78 20.34 9.47 132.72
32 8.99 49.23 37.10 17.95 40.03
33 9.05 40.14 32.38 13.46 127.33
34 9.57 34.92 24.18 13.54 105.73
35 9.73 32.32 23.43 13.21 118.60
36 9.68 37.68 28.76 19.06 128.16
37 9.61 28.03 19.65 10.13 102.99
38 9.74 51.61 36.87 13.70 19.83
39 9.90 59.61 39.08 8.77 19.38
40 9.99 46.17 35.90 17.43 69.57
41 9.95 56.51 41.88 14.27 18.88
42 10.38 42.67 33.25 17.49 84.97
43 10.12 54.98 40.30 15.90 16.90
44 10.64 49.04 43.76 30.21 28.13
45 10.64 62.18 35.64 7.85 34.84
46 10.79 27.20 19.67 12.03 49.10
47 10.99 30.34 22.99 17.34 50.88
48 11.01 39.88 33.35 22.64 75.81
49 10.85 53.88 39.37 16.13 19.12
50 11.28 33.16 25.41 20.72 52.80
51 11.23 36.53 27.03 25.24 62.85
52 11.29 56.87 43.01 14.66 26.52
53 11.43 51.35 39.23 16.80 22.59
54 11.42 45.24 36.52 19.60 45.73
55 11.72 59.52 42.15 14.17 48.21
56 12.14 62.44 39.36 9.88 57.05
57 11.95 26.41 22.17 20.54 21.68
58 12.12 54.33 46.39 15.62 23.65
59 12.12 48.63 42.74 23.47 26.70
60 12.23 42.12 38.81 40.51 38.38
61 12.38 29.35 21.13 21.90 22.51
62 12.40 38.94 36.38 25.51 27.40
63 12.53 35.59 29.01 28.05 26.20
64 12.72 46.06 41.16 31.92 27.55
65 12.79 32.35 26.91 26.24 22.96
66 12.87 57.31 42.33 15.99 41.06
67 12.53 52.38 46.29 19.52 22.14
68 13.11 25.95 18.16 17.58 18.00
69 13.04 51.06 45.02 30.60 24.70
70 13.57 60.05 44.96 12.70 65.57
71 13.35 66.65 37.39 6.74 96.96
72 13.64 43.56 42.08 50.16 30.19
73 13.35 54.38 45.53 16.65 33.44
74 13.63 48.83 44.47 35.57 29.38
75 13.80 40.82 38.94 55.76 31.78
76 13.81 29.13 21.62 25.13 21.72
77 13.94 63.19 43.17 9.92 104.45
78 13.96 34.93 29.85 42.58 26.06
79 13.83 37.97 34.43 36.54 29.23
80 14.26 69.04 30.61 4.87 65.53
81 14.44 45.87 44.94 38.74 39.18
82 14.40 31.90 24.50 39.55 26.23
83 14.55 51.59 49.53 28.68 33.19
84 14.39 57.25 46.97 13.90 33.43
85 14.49 26.53 22.21 21.44 23.59
86 15.24 65.34 43.15 8.99 82.74
87 15.14 48.19 47.82 39.13 46.68
88 15.15 39.69 37.54 42.92 70.86
89 15.11 54.63 53.18 23.96 37.42
90 15.16 59.80 45.57 14.42 57.42
91 15.33 42.70 43.45 54.97 58.62
92 15.39 36.93 36.67 34.92 47.73
93 15.53 29.08 25.95 30.79 35.51
94 15.39 33.78 31.77 37.03 38.68
95 15.45 62.24 43.51 10.64 66.07
96 15.88 25.62 22.20 19.19 32.16
97 16.08 49.98 49.51 33.04 60.44
98 15.65 57.03 49.33 13.20 39.23
99 16.02 70.46 33.98 5.58 32.47
100 16.09 45.06 45.52 50.84 98.71
101 16.31 31.87 28.49 31.84 58.71
102 16.32 52.63 52.35 22.41 53.37
103 16.03 67.95 46.97 10.14 52.04
104 16.26 57.97 55.83 15.26 34.76
105 16.57 35.20 32.10 23.16 91.77
106 16.56 40.26 39.02 29.39 168.80
107 16.87 55.32 54.86 18.96 45.01
108 16.89 47.27 49.42 31.19 103.08
109 16.88 65.49 49.33 9.86 46.35
110 17.24 37.82 37.24 26.03 178.88
111 16.98 59.68 57.19 14.64 41.00
112 17.06 62.43 53.54 11.89 38.98
113 17.26 29.63 25.85 20.48 85.16
114 17.24 42.78 43.80 27.28 182.67
115 17.12 23.01 16.87 18.22 52.21
116 17.04 26.63 20.87 17.23 66.73
117 17.15 70.30 48.00 7.85 35.16
118 17.76 49.60 50.57 40.71 102.49
119 17.93 45.03 50.86 26.09 183.81
120 17.69 73.16 33.77 3.77 21.77
121 18.00 32.50 27.66 16.11 193.01
122 18.13 57.68 57.25 16.22 47.10
123 17.75 27.13 23.00 25.25 84.97
124 17.94 35.46 34.34 22.65 200.93
125 18.14 52.23 56.29 29.02 72.12
126 18.16 40.17 37.60 18.87 212.42
127 17.98 55.58 62.45 13.55 53.32
128 18.25 63.60 55.37 12.80 43.23
129 18.17 70.90 51.74 8.29 30.34
130 18.42 24.44 21.29 14.41 167.50
131 18.83 20.96 16.05 8.93 144.95
132 18.53 54.46 55.64 19.30 63.87
133 18.62 66.98 54.65 10.62 33.45
134 18.87 47.35 53.52 27.33 162.97
135 18.93 30.12 26.93 14.52 212.72
136 18.88 42.40 42.75 19.05 224.94
137 19.10 27.42 20.51 8.66 202.39
138 19.09 37.57 34.48 14.82 227.53
139 19.15 72.88 43.60 7.29 27.64
140 19.24 34.66 32.59 13.94 230.26
141 19.39 50.05 59.25 22.77 119.33
142 19.60 44.92 46.23 18.43 207.71
143 19.46 64.39 61.45 14.10 42.66
144 19.70 55.87 60.82 17.37 67.06
145 19.79 39.83 43.53 14.63 238.62
146 19.58 58.47 65.62 17.58 53.82
147 19.70 61.14 65.93 17.17 45.85
148 19.71 52.85 64.40 20.01 82.01
149 19.75 24.01 23.16 8.85 220.22
150 19.81 68.99 57.26 12.23 38.69
151 19.78 71.20 57.46 10.72 33.57
152 20.01 32.10 29.83 10.90 236.74
153 20.17 66.87 55.94 10.65 37.25
154 20.18 74.03 47.13 9.04 35.51
155 20.35 42.22 46.91 17.14 221.64
156 20.46 47.41 56.41 22.11 173.94
157 20.51 19.30 13.26 5.17 181.41
158 20.74 29.47 25.52 8.43 229.67
159 20.50 35.04 34.65 10.73 233.44
160 20.78 26.45 22.72 7.71 225.82
161 20.76 37.90 33.66 10.45 214.64
162 20.71 62.27 71.19 15.73 52.04
163 20.72 50.62 58.80 20.73 128.06
164 20.87 22.85 17.46 6.75 214.14
165 20.98 72.01 53.11 10.77 36.18
166 20.93 54.11 64.46 21.59 80.97
167 21.02 44.43 48.66 16.48 193.38
168 21.05 68.58 59.33 12.62 44.61
169 21.34 56.97 65.92 16.42 67.84
170 21.31 59.74 64.92 16.55 55.74
171 21.36 40.42 40.69 14.22 221.18
172 21.41 74.69 52.05 9.17 43.15
173 21.50 32.42 31.36 9.74 231.23
174 21.52 65.27 67.43 15.58 51.61
175 21.59 15.96 10.98 2.93 139.53
176 21.72 35.51 34.42 11.10 226.87
177 21.88 49.00 61.16 20.52 158.39
178 21.86 21.26 17.84 5.73 228.32
179 21.92 46.32 59.54 18.68 205.05
180 21.92 51.96 69.90 19.75 98.54
181 22.11 27.42 25.89 8.35 226.97
182 22.12 62.29 68.60 16.13 62.29
183 22.37 18.31 16.35 4.59 200.42
184 22.30 24.53 21.89 6.10 224.84
185 22.32 13.13 5.61 1.53 87.90
186 22.34 37.58 40.49 15.11 218.44
187 22.22 43.55 49.46 15.52 201.01
188 22.23 70.06 64.43 13.69 58.70
189 22.24 54.56 66.04 19.53 81.73
190 22.41 30.19 31.28 9.10 230.37
191 22.42 67.26 76.01 14.80 62.74
192 22.58 73.06 62.54 11.24 56.54
193 22.61 40.65 46.59 14.55 207.24
194 22.59 76.78 54.44 9.57 50.25
195 22.76 59.41 69.52 17.57 68.26
196 22.90 64.67 68.04 17.10 62.18
197 22.86 56.67 73.39 20.87 81.34
198 22.91 34.05 33.80 10.92 227.21
199 23.17 15.30 12.01 2.52 139.56
200 23.12 47.62 60.39 18.81 133.14
201 23.12 50.32 66.36 21.60 109.55
202 23.28 21.60 19.65 6.48 210.07
203 23.38 52.81 67.47 19.62 91.47
204 23.55 42.94 52.00 16.35 182.42
205 23.43 70.43 72.87 14.95 67.93
206 23.66 28.16 27.81 8.86 222.43
207 23.56 31.27 31.59 10.89 213.64
208 23.50 38.47 50.17 13.75 212.17
209 23.68 45.19 55.49 15.92 155.86
210 23.45 61.95 78.16 19.19 77.73
211 23.53 75.75 60.17 11.56 80.96
212 23.76 24.96 25.82 6.53 199.70
213 23.68 67.27 71.12 15.32 70.27
214 23.93 36.18 41.28 13.16 210.65
215 24.05 18.58 16.74 5.36 193.56
216 24.06 54.90 73.58 19.64 90.11
217 24.06 73.11 66.35 13.39 94.80
218 24.13 40.67 48.71 15.53 188.79
219 24.04 57.38 76.82 22.48 82.90
220 24.06 12.08 7.13 1.13 83.96
221 24.28 59.99 78.71 19.59 92.37
222 24.42 33.49 37.02 12.46 202.97
223 24.29 64.03 78.28 18.38 83.35
224 24.31 47.48 64.59 19.09 128.34
225 24.35 50.20 73.18 20.78 110.82
226 24.47 77.38 50.70 8.65 75.00
227 24.66 15.26 12.63 2.77 145.64
228 24.71 21.99 24.25 5.59 201.16
229 24.60 68.91 76.13 17.45 96.59
230 24.86 52.81 75.71 21.67 108.12
231 24.91 30.55 37.24 9.30 184.15
232 25.13 27.64 29.45 7.78 196.84
233 25.07 38.74 46.88 14.17 169.90
234 24.95 66.00 83.44 18.34 96.28
235 25.03 42.35 52.37 15.28 148.57
236 25.28 24.94 26.46 7.14 190.58
237 25.05 61.72 83.33 17.52 99.24
238 25.10 74.57 76.58 13.95 113.67
239 25.15 45.22 60.64 17.26 130.32
240 25.32 35.68 39.34 13.43 172.39
241 25.19 57.98 79.59 20.42 104.03
242 25.54 12.37 11.06 2.15 99.30
243 25.41 55.23 75.66 20.80 109.06
244 25.48 48.04 73.09 19.91 129.57
245 25.33 71.48 87.12 13.16 125.89
246 25.56 18.28 18.96 4.26 148.92
247 25.59 50.52 72.10 21.29 123.97
248 25.70 77.25 74.02 9.69 117.64
249 25.87 32.48 36.26 10.59 150.06
250 25.79 63.08 97.61 18.52 122.11
251 25.86 68.11 141.18 17.18 127.72
252 26.03 21.00 21.31 4.65 167.02
253 25.92 60.04 88.62 21.37 120.00
254 25.94 65.64 99.12 21.79 121.82
255 26.14 43.19 57.58 18.04 151.41
256 26.24 15.51 15.30 3.36 108.88
257 26.22 37.67 45.50 14.56 148.83
258 26.22 52.46 80.14 21.29 128.72
259 26.32 29.58 33.67 9.02 166.75
260 26.25 40.32 51.83 16.21 149.46
261 26.29 73.51 195.44 14.41 160.13
262 26.41 46.05 63.80 19.30 136.53
263 26.80 82.54 63.34 6.23 96.12
264 26.43 57.16 90.22 21.86 138.92
265 26.54 23.91 24.96 6.30 162.26
266 26.73 26.89 29.64 7.95 154.41
267 26.57 34.82 37.26 11.34 144.35
268 26.78 70.42 224.45 16.94 175.14
269 26.74 79.11 121.00 11.33 152.71
270 26.71 48.74 70.38 21.81 140.18
271 26.71 54.91 84.14 21.86 140.75
272 26.92 11.11 8.70 1.20 67.11
273 27.11 61.76 232.80 23.39 155.85
274 27.11 64.57 235.05 22.87 159.28
275 26.96 75.96 186.54 12.83 176.08
276 27.14 67.47 233.35 19.39 171.98
277 27.16 18.01 18.59 3.98 113.87
278 27.19 32.28 38.75 9.92 149.87
279 27.02 59.24 123.50 19.80 172.20
280 27.20 44.16 59.61 17.65 145.72
281 27.35 50.34 75.72 20.81 164.77
282 27.31 41.62 56.48 18.60 163.48
283 27.30 14.16 13.13 2.40 86.98
284 27.35 21.16 22.44 5.19 142.76
285 27.39 52.58 85.30 22.67 175.75
286 27.40 36.75 48.42 14.97 159.24
287 27.63 39.08 52.31 15.75 156.34
288 27.64 29.63 34.92 10.68 143.45
289 27.64 72.48 225.58 19.34 203.54
290 27.76 24.74 26.70 7.29 144.60
291 27.65 46.08 63.53 19.57 155.40
292 27.82 57.18 232.10 24.18 189.26
293 28.00 34.50 43.60 13.34 156.77
294 28.03 48.15 85.02 22.87 182.13
295 28.01 54.42 212.23 25.98 200.70
296 27.85 81.31 107.12 9.98 137.96
297 27.98 78.01 149.04 12.85 208.11
298 28.31 16.22 19.81 3.16 115.07
299 28.32 9.22 7.50 1.07 63.74
300 28.27 27.16 32.35 7.88 148.19
301 28.26 74.96 174.93 18.31 228.49
302 28.32 12.42 14.05 1.97 96.52
303 28.28 59.99 240.88 26.83 209.24
304 28.21 69.40 217.88 22.09 217.09
305 28.56 19.39 23.28 4.16 115.72
306 28.35 43.60 66.34 18.87 184.42
307 28.32 63.28 244.01 26.81 214.88
308 28.47 31.79 38.47 12.42 155.79
309 28.43 40.87 61.46 17.44 165.33
310 28.36 66.40 237.86 24.02 201.21
311 28.55 22.31 26.55 6.11 133.51
312 28.53 51.01 142.83 23.43 211.55
313 28.59 37.12 49.93 14.09 162.36
314 28.96 79.83 90.83 14.64 223.16
315 29.10 82.75 71.22 11.25 188.98
316 28.86 45.56 87.71 22.13 205.07
317 28.89 71.48 173.27 21.64 219.71
318 29.04 29.12 37.00 10.51 166.23
319 29.03 55.70 247.73 32.35 238.19
320 29.20 24.57 32.32 7.57 145.01
321 29.13 48.35 191.27 23.44 230.71
322 29.65 34.11 54.54 12.52 179.62
323 29.23 58.44 244.21 29.02 234.32
324 29.32 76.24 111.68 17.70 230.47
325 29.27 39.11 58.12 16.84 187.78
326 29.34 53.02 244.94 29.28 230.32
327 29.26 64.52 226.40 29.47 217.13
328 29.36 67.83 196.98 23.68 225.54
329 29.33 42.13 81.17 19.85 203.15
330 29.43 61.53 228.95 29.80 237.01
331 29.63 11.05 16.09 2.06 101.20
332 29.61 17.79 22.70 3.91 128.13
333 30.04 86.76 38.11 6.49 93.03
334 29.66 31.53 44.34 11.26 177.69
335 29.69 36.37 59.36 15.66 188.49
336 29.90 73.10 136.40 22.46 212.28
337 29.82 26.88 37.31 8.21 169.85
338 29.78 50.26 242.75 26.14 239.53
339 29.78 21.05 26.47 4.80 144.86
340 29.90 46.25 237.63 23.50 230.15
341 30.15 70.23 124.16 25.51 204.75
342 30.04 43.73 219.62 24.64 233.11
343 30.20 54.81 241.86 30.47 242.39
344 30.28 40.69 160.83 21.20 227.97
345 30.25 57.29 231.37 31.49 244.75
346 30.33 65.19 165.10 26.81 223.03
347 30.38 78.36 80.72 16.96 209.04
348 30.62 81.97 66.73 14.30 165.34
349 30.33 38.11 119.60 15.23 213.91
350 30.38 24.23 45.38 7.32 184.42
351 30.49 29.12 58.78 10.38 200.67
352 30.60 60.10 212.76 28.95 244.53
353 30.51 14.32 23.43 2.89 129.80
354 30.69 62.82 160.31 28.77 237.14
355 30.69 52.44 231.64 30.13 249.21
356 30.84 67.46 129.48 26.07 214.18
357 30.74 75.20 90.45 20.92 195.69
358 30.61 18.01 33.36 4.36 153.63
359 30.77 47.41 246.17 29.08 251.48
360 30.65 31.46 79.00 13.30 209.08
361 30.81 49.85 241.22 28.40 251.84
362 30.87 10.38 20.49 1.75 110.94
363 30.92 21.63 43.99 6.41 184.93
364 31.01 35.96 230.02 15.90 221.27
365 31.07 42.70 245.09 24.25 239.23
366 30.99 45.02 238.86 24.67 237.57
367 31.11 26.88 154.71 8.24 211.10
368 31.40 72.44 88.28 20.92 154.60
369 31.30 33.04 220.05 14.56 236.78
370 31.39 55.09 201.52 29.62 246.80
371 31.85 82.61 68.63 14.67 123.76
372 31.39 38.59 235.14 19.83 234.53
373 31.44 57.92 160.29 31.79 244.27
374 31.44 69.72 103.56 23.87 172.48
375 31.47 24.36 179.49 7.35 215.46
376 31.64 12.71 119.76 2.80 166.62
377 31.68 15.89 120.57 4.44 193.88
378 31.65 40.73 240.11 24.94 245.83
379 31.74 19.27 180.48 5.66 220.32
380 31.63 30.31 223.19 12.68 235.03
381 31.73 64.87 111.92 29.43 199.73
382 31.67 78.43 73.80 13.63 148.20
383 31.79 50.89 206.66 32.73 252.48
384 31.85 61.66 126.86 31.55 224.61
385 31.89 75.65 80.18 22.01 168.35
386 31.98 48.21 218.35 30.65 251.78
387 31.98 45.58 237.47 32.97 251.69
388 32.11 52.90 211.52 28.23 249.85
389 32.04 34.63 232.53 16.75 246.86
390 32.15 27.86 222.27 12.47 245.21
391 32.33 85.89 67.54 13.02 75.87
392 32.21 22.33 198.82 7.60 230.07
393 32.20 36.97 236.94 20.65 248.04
394 32.35 67.51 102.15 30.38 183.42
395 32.31 10.12 104.99 2.25 140.88
396 32.21 42.88 221.07 26.87 251.29
397 32.46 88.95 80.52 8.13 41.21
398 32.52 59.43 114.23 35.23 228.45
399 32.54 25.37 209.42 9.87 242.27
400 32.55 70.50 91.74 26.18 166.44
401 32.69 32.47 224.81 15.40 249.94
402 32.67 56.85 131.23 29.98 241.24
403 32.69 39.67 214.79 21.54 250.03
404 33.03 76.90 81.75 22.88 133.01
405 32.75 13.84 144.06 3.66 195.86
406 32.81 30.04 222.48 15.70 250.85
407 32.86 63.34 100.18 28.20 179.74
408 32.86 73.39 88.38 22.18 139.20
409 32.86 16.94 176.86 5.23 224.44
410 33.01 54.39 124.88 34.89 248.65
411 32.94 19.92 201.35 6.77 241.73
412 32.91 49.93 156.90 30.59 250.44
413 33.06 8.21 71.92 1.15 122.29
414 33.04 46.77 168.95 30.88 252.12
415 33.15 34.95 212.33 18.78 252.02
416 33.15 44.33 193.79 29.02 252.27
417 33.31 41.71 188.08 26.68 251.40
418 33.32 37.66 212.61 22.41 251.48
419 33.36 60.98 93.96 30.85 173.18
420 33.36 65.67 88.66 27.02 156.74
421 33.49 22.61 171.30 9.03 245.83
422 33.51 79.78 73.14 20.60 102.98
423 33.40 27.92 167.18 13.02 245.75
424 33.54 51.95 102.38 33.75 243.74
425 33.49 68.26 86.91 23.07 118.80
426 33.61 11.59 125.59 3.39 199.26
427 34.16 83.66 195.86 18.23 47.80
428 33.76 86.40 178.78 13.82 42.43
429 33.70 25.64 154.17 11.10 250.48
430 33.77 70.95 97.45 30.68 135.50
431 33.88 15.30 136.62 4.95 235.40
432 33.88 58.43 97.67 32.11 190.14
433 33.86 48.83 123.00 31.19 249.08
434 33.73 55.80 105.07 35.10 218.71
435 33.94 30.44 158.71 17.08 250.03
436 34.13 73.72 90.43 26.72 116.49
437 33.94 18.92 135.57 6.37 240.14
438 33.98 33.09 159.05 18.82 251.71
439 34.16 63.28 101.59 34.15 156.75
440 34.34 8.07 70.65 1.89 185.31
441 34.19 36.01 168.90 23.03 251.18
442 34.31 46.04 104.80 28.62 250.12
443 34.26 89.06 124.26 9.49 26.45
444 34.31 43.60 140.11 30.03 249.16
445 34.43 40.73 125.34 26.03 250.25
446 34.51 53.60 91.57 35.88 222.39
447 34.64 68.48 99.28 34.05 127.20
448 34.58 65.74 98.23 33.08 127.84
449 34.64 23.93 134.83 10.28 248.95
450 34.62 27.62 119.93 12.89 247.68
451 34.65 50.97 100.22 33.71 235.12
452 34.66 60.65 96.33 33.82 162.71
453 34.97 80.90 215.34 26.89 59.68
454 34.84 20.75 90.93 7.97 241.82
455 34.81 78.03 159.83 27.69 75.65
456 34.81 56.09 100.06 35.74 187.58
457 34.94 10.81 56.58 3.36 224.84
458 34.98 13.92 76.16 4.91 240.25
459 34.88 48.47 102.98 34.18 241.07
460 35.00 71.42 97.31 30.28 106.82
461 35.07 17.36 75.36 5.97 238.62
462 34.97 31.33 126.54 18.59 249.57
463 35.12 34.18 98.79 22.17 249.37
464 35.18 37.23 91.39 25.42 248.72
465 35.32 58.31 101.98 40.14 178.66
466 35.28 74.89 131.89 28.06 81.79
467 35.14 87.11 172.68 14.15 31.85
468 35.43 85.69 180.78 19.31 33.90
469 35.38 42.24 88.25 28.93 244.35
470 35.32 63.39 104.30 37.02 128.89
471 35.44 44.84 80.95 29.12 242.07
472 35.54 5.68 19.90 1.04 123.44
473 35.55 29.01 79.96 15.45 247.79
474 35.69 39.74 80.06 27.23 243.24
475 35.59 25.77 78.90 11.58 248.41
476 35.62 89.05 127.59 13.57 23.91
477 35.64 47.20 83.17 32.02 233.06
478 35.59 52.78 102.95 38.09 215.39
479 35.65 66.45 122.04 33.29 97.75
480 35.78 83.25 219.17 22.45 36.85
481 35.83 22.58 66.32 8.80 244.84
482 35.72 61.02 95.65 37.63 133.76
483 35.90 50.37 90.72 33.45 214.91
484 35.94 69.38 181.08 33.66 81.08
485 35.94 8.63 37.74 2.66 200.89
486 36.00 55.59 95.86 35.80 183.92
487 36.13 72.57 180.34 32.16 70.20
488 36.14 32.29 62.68 18.87 245.16
489 36.07 12.16 40.70 4.21 229.62
490 36.13 19.31 55.50 7.69 241.00
491 36.13 77.66 235.17 31.03 48.63
492 36.29 15.94 44.84 6.19 235.29
493 36.34 34.74 71.29 23.97 240.38
494 36.31 37.47 73.26 23.55 239.43
495 36.44 64.02 179.98 37.48 87.13
496 36.52 81.05 230.63 32.88 40.81
497 36.22 89.42 116.10 14.73 23.83
498 36.34 91.09 73.09 11.51 18.00
499 36.56 27.51 52.87 13.79 243.90
500 36.51 42.36 75.68 28.33 227.32
501 36.67 30.01 55.56 18.02 245.08
502 36.53 45.53 83.05 30.75 233.12
503 36.47 58.19 113.22 41.07 141.02
504 36.56 48.43 87.77 36.43 210.55
505 36.55 84.66 156.00 24.81 28.90
506 36.68 24.52 48.61 12.14 238.07
507 36.69 53.50 103.63 37.97 182.04
508 36.70 61.16 171.34 41.55 98.47
509 36.82 67.16 237.66 39.00 74.55
510 36.84 74.77 229.28 36.62 51.78
511 36.94 87.69 109.48 20.71 25.59
512 37.03 21.32 36.40 9.29 231.90
513 37.13 39.40 71.28 27.88 221.37
514 37.20 9.94 25.09 3.19 205.37
515 37.14 13.22 30.30 5.08 227.55
516 37.12 50.50 94.86 35.86 162.76
517 37.20 70.44 233.34 40.89 61.65
518 37.16 56.16 130.06 44.11 154.42
519 37.32 36.29 69.32 25.09 220.60
520 37.37 18.12 29.88 7.03 226.26
521 37.42 31.66 57.73 20.09 229.26
522 37.39 44.28 83.45 37.78 206.98
523 37.44 78.36 232.90 50.57 36.01
524 37.46 47.14 85.86 36.19 193.72
525 37.54 58.87 229.23 49.39 95.11
526 37.67 84.90 161.33 43.17 26.95
527 37.62 26.51 46.38 14.66 217.57
528 37.69 64.91 242.79 44.36 71.37
529 37.86 33.56 58.79 24.31 207.76
530 37.71 41.76 74.71 30.12 212.54
531 37.81 62.05 240.92 45.94 68.47
532 37.83 81.58 181.88 43.58 31.99
533 37.64 52.65 129.41 41.54 144.67
534 37.92 23.70 38.51 10.16 215.67
535 37.99 72.97 237.07 43.43 41.79
536 38.00 15.28 26.94 6.19 217.67
537 38.04 29.31 46.70 16.82 219.97
538 38.01 55.03 236.54 48.56 107.78
539 37.98 75.77 205.90 48.82 37.21
540 38.06 67.84 230.32 62.80 51.82
541 38.30 88.40 116.33 45.72 22.32
542 38.15 20.77 37.15 9.89 211.24
543 38.23 38.00 75.00 30.56 194.25
544 38.14 50.69 153.63 36.54 123.00
545 38.31 7.80 16.40 2.90 172.01
546 38.41 11.47 21.76 4.43 189.63
547 38.32 45.83 100.44 31.72 160.35
548 38.58 35.48 69.90 24.88 194.42
549 38.51 57.21 247.66 54.62 82.31
550 38.58 4.87 6.90 1.10 94.05
551 38.47 43.31 112.23 32.73 188.82
552 38.63 70.47 214.30 59.83 42.13
553 38.72 40.10 98.50 31.26 177.76
554 38.71 17.67 26.01 8.62 194.76
555 38.69 60.10 245.23 61.81 62.85
556 38.71 78.00 189.50 62.57 31.14
557 38.71 26.52 42.10 16.46 192.06
558 38.85 31.45 67.64 21.68 197.77
559 38.87 52.74 240.39 51.30 94.35
560 38.83 65.31 226.06 61.91 52.55
561 38.98 23.57 39.28 11.68 184.47
562 39.06 49.76 231.59 47.42 97.78
563 39.13 90.67 56.86 47.79 19.23
564 39.08 14.24 24.82 6.27 192.42
565 39.19 62.69 216.74 60.41 50.75
566 39.04 84.03 115.74 59.25 24.09
567 39.28 74.73 168.32 68.72 33.76
568 39.21 80.72 160.52 80.21 29.95
569 39.27 47.16 233.61 41.91 103.52
570 39.28 28.83 67.90 19.28 186.71
571 39.25 33.70 83.50 24.88 172.42
572 39.30 55.10 246.32 63.86 71.48
573 39.32 67.90 215.70 83.82 39.16
574 39.32 20.68 34.62 11.01 174.42
575 39.27 41.99 196.04 34.34 126.41
576 39.48 44.51 230.68 43.24 120.15
577 39.27 37.47 140.91 32.18 160.00
578 39.48 72.31 180.85 78.32 35.09
579 39.46 8.16 14.83 3.64 128.03
580 39.55 58.46 234.18 69.85 54.85
581 39.70 11.29 23.97 4.50 144.95
582 39.68 87.19 99.73 90.38 24.65
583 39.75 25.89 51.91 16.31 150.59
584 39.86 17.82 34.95 8.59 152.98
585 39.92 51.61 237.24 63.63 70.41
586 40.00 77.18 178.60 128.11 31.91
587 39.98 39.02 203.64 35.99 120.14
588 40.11 60.78 202.77 87.89 42.36
589 40.23 82.63 123.98 125.28 26.02
590 40.09 35.96 208.81 31.03 110.28
591 40.07 65.23 189.50 97.56 42.76
592 40.14 69.66 178.56 109.47 36.86
593 40.25 30.48 205.38 25.74 119.10
594 40.05 23.23 61.25 14.35 139.12
595 40.19 14.94 39.55 7.55 144.68
596 40.19 56.27 220.85 65.90 52.51
597 40.18 41.64 223.76 39.48 87.57
598 40.18 48.99 228.04 53.98 61.71
599 40.35 33.08 204.89 27.54 99.90
600 40.36 28.01 187.04 23.63 134.00
601 40.40 53.89 224.36 69.18 55.38
602 40.39 62.92 178.26 100.77 39.67
603 40.48 89.31 75.69 93.31 21.98
604 40.51 46.17 238.13 55.19 72.48
605 40.60 84.90 102.08 131.83 26.69
606 40.55 6.80 26.29 3.25 77.64
607 40.48 20.39 92.78 13.95 107.82
608 40.66 79.76 129.29 150.70 28.44
609 40.65 9.45 65.23 4.86 96.56
610 40.79 74.54 152.24 137.61 30.79
611 40.76 72.02 142.45 138.87 34.35
612 40.92 43.51 238.07 52.66 65.66
613 40.77 58.48 199.62 110.87 45.26
614 40.88 67.14 171.84 143.61 38.75
615 40.74 12.39 87.79 7.67 93.62
616 41.03 25.41 187.99 21.43 84.20
617 41.13 37.66 224.19 43.64 78.24
618 40.90 50.85 199.54 70.64 48.79
619 41.00 17.68 132.33 10.75 92.66
620 41.16 22.53 200.38 17.54 68.35
621 41.17 40.60 228.44 47.55 65.88
622 41.11 48.54 213.88 72.38 60.15
623 41.27 34.89 220.06 40.61 76.94
624 41.25 56.06 193.85 127.43 43.67
625 41.53 86.25 80.00 151.76 23.11
626 41.36 64.26 161.11 153.47 38.95
627 41.39 77.03 131.84 167.59 33.28
628 41.42 14.78 135.45 8.89 87.22
629 41.40 61.57 173.12 159.34 42.78
630 41.37 52.74 192.69 99.66 45.80
631 41.58 27.50 213.11 26.88 79.45
632 41.40 31.98 206.00 31.43 71.45
633 41.56 69.38 164.01 188.47 39.35
634 41.82 20.26 171.58 17.99 49.04
635 41.73 29.81 206.51 40.67 69.49
636 41.56 45.33 206.37 61.85 48.27
637 41.75 82.83 92.33 162.17 26.96
638 41.61 89.90 59.15 103.19 25.00
639 41.71 7.70 89.68 3.74 44.12
640 41.82 11.24 131.18 7.25 57.98
641 41.80 59.08 187.11 178.89 42.25
642 41.95 79.95 103.80 178.45 29.10
643 42.22 17.69 165.04 14.77 59.02
644 42.06 72.14 136.87 198.72 34.88
645 42.02 47.51 209.16 78.38 43.07
646 42.09 50.28 191.78 102.38 42.12
647 42.16 66.28 142.44 196.62 36.88
648 42.26 74.68 121.70 190.72 32.52
649 42.25 23.19 189.65 27.51 47.77
650 42.18 54.77 181.35 160.12 41.40
651 42.27 38.46 184.38 67.14 45.77
652 42.30 43.61 185.61 85.07 46.66
653 42.25 41.14 207.48 66.14 44.62
654 42.29 33.54 188.75 62.29 45.49
655 42.47 36.07 172.73 74.42 46.23
656 42.52 57.10 162.39 201.41 40.64
657 42.52 25.75 189.47 32.12 47.98
658 42.62 87.68 85.10 155.85 23.15
659 42.64 91.34 91.30 134.05 22.52
660 42.58 63.23 148.91 212.08 39.62
661 42.62 52.41 170.42 156.58 40.96
662 42.62 14.49 151.99 16.45 43.02
663 42.58 60.77 156.94 194.00 40.04
664 42.72 77.21 110.52 208.52 33.38
665 42.78 31.16 163.69 60.38 43.22
666 42.87 84.53 93.65 174.49 26.60
667 42.86 45.86 176.96 122.04 40.86
668 42.77 69.19 136.32 208.92 37.36
669 42.90 28.16 173.48 48.52 39.14
670 42.91 8.00 71.89 7.58 26.39
671 42.91 48.47 174.21 137.72 36.86
672 43.05 11.04 126.82 13.97 32.71
673 43.06 81.36 98.44 191.36 28.06
674 43.13 20.31 128.36 30.63 32.48
675 43.23 39.56 179.52 118.59 38.44
676 43.19 72.71 127.75 216.84 35.30
677 43.31 42.18 170.11 138.20 36.65
678 43.38 50.61 169.21 166.91 38.09
679 43.28 54.63 156.70 196.66 41.76
680 43.36 58.82 138.04 217.67 40.27
681 43.23 65.62 133.93 211.10 39.24
682 43.36 23.08 131.22 52.63 32.25
683 43.42 16.98 131.65 24.99 34.66
684 43.39 33.70 147.60 94.63 37.16
685 43.63 36.64 137.16 147.13 39.46
686 43.76 25.38 145.25 73.79 34.99
687 43.69 60.93 126.24 223.64 39.08
688 43.77 75.29 119.60 223.73 34.52
689 43.65 78.45 118.25 220.23 30.50
690 43.71 29.66 116.13 95.30 36.07
691 43.80 44.45 153.52 179.88 37.77
692 43.78 56.57 131.40 221.84 38.76
693 43.73 68.04 118.41 216.93 36.22
694 43.88 63.06 132.15 229.43 39.19
695 43.90 70.75 121.60 229.37 33.18
696 44.01 86.60 199.65 187.26 25.87
697 43.94 89.78 213.27 168.70 23.71
698 43.93 14.15 93.97 32.81 25.34
699 43.88 47.72 144.00 182.02 38.43
700 43.97 52.78 146.90 207.36 41.32
701 44.06 9.31 85.40 26.27 20.53
702 44.17 83.41 216.65 206.64 29.01
703 44.32 27.33 106.45 107.42 29.26
704 44.28 31.70 123.92 141.59 34.59
705 44.21 80.59 159.19 220.42 29.86
706 44.18 11.41 94.74 27.95 21.18
707 44.20 19.21 116.21 58.87 27.56
708 44.29 65.21 130.50 239.67 38.88
709 44.40 22.14 111.03 84.86 26.40
710 44.29 39.06 141.59 167.02 38.10
711 44.47 34.22 104.80 166.02 33.20
712 44.53 73.10 141.50 237.74 36.79
713 44.48 41.72 128.98 183.90 36.15
714 44.48 50.63 141.61 222.57 36.57
715 44.54 55.00 128.77 232.92 40.91
716 44.52 58.38 137.24 239.76 43.22
717 44.70 16.57 82.58 57.56 23.22
718 44.75 46.16 118.24 207.24 34.38
719 44.75 78.00 239.46 212.19 30.73
720 44.91 92.70 190.94 131.59 23.06
721 44.74 67.71 138.52 238.47 38.05
722 44.89 36.53 97.32 188.06 33.74
723 44.83 60.67 135.79 239.38 41.64
724 44.84 7.85 43.02 34.08 19.45
725 44.87 48.55 121.07 225.44 39.07
726 45.03 29.45 83.94 160.02 30.45
727 45.06 75.47 226.77 223.98 36.54
728 45.00 24.61 90.98 114.39 27.83
729 45.05 43.76 118.37 218.18 36.12
730 45.09 52.69 127.94 223.72 39.11
731 45.07 70.52 173.95 240.79 37.74
732 45.11 63.02 147.80 245.96 37.37
733 45.13 13.72 52.90 81.33 19.60
734 45.21 85.67 235.96 192.54 29.53
735 45.44 89.33 233.09 185.24 24.36
736 45.21 10.30 49.26 67.48 17.71
737 45.37 81.16 241.31 207.78 29.36
738 45.22 19.58 80.14 96.27 23.19
739 45.27 56.84 136.54 244.88 40.98
740 45.33 38.88 102.78 209.82 36.07
741 45.44 65.47 177.50 242.50 37.33
742 45.47 31.77 80.36 177.49 31.08
743 45.58 50.48 114.70 224.88 38.04
744 45.67 22.04 55.65 126.86 25.67
745 45.60 27.19 77.75 143.40 26.21
746 45.59 34.29 81.41 191.32 32.80
747 45.67 41.43 104.41 208.02 34.02
748 45.63 54.60 139.04 241.06 39.85
749 45.74 73.24 243.66 241.87 36.71
750 45.68 58.96 198.82 247.55 42.00
751 45.81 17.04 50.04 105.43 21.29
752 45.84 45.62 116.94 233.20 38.50
753 45.78 68.24 244.81 241.05 36.51
754 45.89 47.97 115.53 235.72 38.36
755 46.07 83.62 244.65 215.27 29.02
756 45.99 61.02 240.98 248.40 40.13
757 46.02 78.02 247.91 230.95 33.60
758 46.09 36.73 97.97 222.07 35.25
759 46.07 12.07 35.46 90.75 18.10
760 46.12 24.47 63.57 158.00 26.63
761 46.35 8.97 27.19 71.96 15.29
762 46.23 63.38 250.14 241.42 40.65
763 46.27 70.87 248.98 240.23 35.55
764 46.37 29.59 69.56 186.56 28.45
765 46.28 57.23 249.24 247.90 41.86
766 46.36 92.49 161.23 138.60 21.19
767 46.27 43.67 117.72 232.26 36.28
768 46.34 52.24 172.56 243.06 41.42
769 46.45 14.51 35.64 120.88 20.20
770 46.50 75.32 244.40 210.38 33.33
771 46.47 19.72 43.82 135.18 21.00
772 46.41 39.58 103.83 226.13 34.74
773 46.83 87.78 202.76 199.52 26.20
774 46.53 32.11 83.84 210.16 30.29
775 46.58 66.08 250.81 241.81 39.79
776 46.60 34.55 95.24 222.76 32.83
777 46.54 54.82 243.98 245.68 37.10
778 46.62 26.84 67.79 165.85 28.38
779 46.62 49.73 192.41 243.82 37.16
780 46.89 80.87 236.70 223.43 30.31
781 46.92 59.20 250.32 243.62 38.72
782 46.86 22.25 54.02 156.04 23.12
783 46.90 41.84 126.24 235.65 35.90
784 46.85 46.66 172.94 243.45 41.70
785 46.95 68.66 249.16 240.79 38.90
786 46.96 17.19 41.81 128.25 19.37
787 47.09 72.78 242.25 237.73 36.59
788 47.16 61.53 251.77 245.71 40.34
789 47.14 11.39 31.60 102.62 18.84
790 47.13 37.87 147.02 234.50 35.86
791 47.29 24.72 78.06 184.54 27.13
792 47.30 44.21 236.18 237.42 36.04
793 47.26 77.66 227.05 225.49 33.67
794 47.35 53.67 252.07 241.00 41.00
795 47.32 56.56 252.13 242.76 41.24
796 47.35 84.08 226.39 211.38 29.45
797 47.47 35.72 228.32 232.52 32.36
798 47.41 64.18 250.88 242.25 39.77
799 47.45 28.09 93.42 197.44 27.62
800 47.46 30.86 121.29 220.98 30.76
801 47.51 51.27 249.72 246.87 40.30
802 47.60 39.89 231.30 236.32 34.43
803 47.59 33.23 195.29 231.06 31.65
804 47.56 48.85 251.41 242.50 40.36
805 47.77 70.26 238.64 242.53 36.84
806 47.65 14.16 54.47 136.90 17.73
807 47.68 19.65 108.03 167.74 22.63
808 47.65 91.65 104.35 129.36 22.55
809 47.68 8.64 39.27 103.52 16.30
810 47.72 66.84 241.28 235.28 37.96
811 47.83 74.88 234.08 227.82 34.62
812 47.80 46.49 244.58 244.29 37.83
813 47.96 22.21 134.94 182.96 22.90
814 48.02 42.11 248.05 234.48 35.17
815 47.95 17.10 132.69 155.10 20.05
816 48.12 60.22 247.56 246.58 41.75
817 48.14 79.79 193.97 233.96 32.05
818 48.28 58.15 246.85 244.34 43.20
819 48.16 11.53 101.35 131.29 18.02
820 48.22 37.75 246.85 232.48 32.58
821 48.36 86.42 146.65 207.27 26.75
822 48.27 24.75 222.86 202.54 23.95
823 48.34 62.46 244.38 248.10 41.60
824 48.37 82.39 165.02 219.64 29.66
825 48.36 27.17 228.07 216.35 29.02
826 48.36 29.74 231.26 222.14 30.60
827 48.42 44.29 248.07 239.22 35.86
828 48.36 53.02 243.84 249.02 40.61
829 48.34 55.74 245.89 245.53 38.15
830 48.44 72.46 203.85 243.05 36.74
831 48.50 65.07 233.51 246.90 41.05
832 48.64 76.66 198.99 237.68 31.91
833 48.56 35.18 242.42 230.21 30.70
834 48.61 32.47 239.31 222.69 31.55
835 48.60 48.57 248.40 247.38 39.54
836 48.56 50.75 240.37 245.08 38.13
837 48.71 68.03 205.95 244.69 38.26
838 48.76 91.07 96.57 168.86 23.04
839 48.69 14.86 193.98 154.70 19.76
840 48.77 39.90 242.43 234.76 35.48
841 48.86 17.66 203.11 165.00 21.58
842 48.87 20.37 207.38 176.76 22.67
843 48.85 46.28 242.35 242.35 35.49
844 48.90 9.35 153.14 113.68 15.32
845 49.18 70.34 200.07 244.88 36.66
846 49.18 22.90 214.08 202.77 24.66
847 49.19 12.10 183.78 151.25 18.74
848 49.33 74.03 168.30 243.49 37.61
849 49.24 42.43 239.93 243.55 38.95
850 49.23 54.55 233.29 249.50 41.69
851 49.31 78.92 168.77 235.05 32.79
852 49.36 56.71 213.58 248.96 42.70
853 49.30 61.05 229.21 249.04 41.10
854 49.38 25.49 232.95 203.47 24.72
855 49.47 30.42 235.70 228.17 28.27
856 49.38 37.46 241.32 235.26 34.15
857 49.39 63.52 212.49 247.84 42.88
858 49.52 81.62 139.01 226.93 29.62
859 49.49 28.03 230.20 213.46 28.11
860 49.50 87.98 94.05 187.63 25.43
861 49.49 52.23 224.76 247.42 38.09
862 49.61 58.82 214.42 250.18 41.96
863 49.47 66.24 189.10 247.23 37.10
864 49.65 34.83 228.25 230.56 32.08
865 49.62 47.62 235.65 247.11 39.63
866 49.61 84.50 120.19 221.35 26.41
867 49.77 50.04 230.02 243.81 38.16
868 49.78 32.65 229.07 230.71 30.25
869 49.80 15.31 178.53 157.97 18.55
870 49.80 44.94 211.51 245.88 38.94
871 49.86 18.58 187.00 178.01 19.27
872 49.88 40.31 216.42 237.50 36.37
873 49.98 76.53 141.94 240.28 33.06
874 50.12 71.68 156.00 248.89 39.47
875 49.97 91.52 71.15 161.05 23.76
876 50.04 94.36 46.24 82.48 18.24
877 50.11 68.52 156.62 248.09 41.05
878 50.19 21.39 154.29 200.62 23.16
879 50.20 54.52 192.89 248.96 37.56
880 50.68 97.29 20.14 42.49 11.44
881 50.29 11.67 129.22 157.96 17.35
882 50.33 23.97 169.28 198.74 24.81
883 50.35 42.78 177.15 245.11 38.06
884 50.35 60.43 177.73 250.88 41.15
885 50.39 62.61 175.59 247.82 40.53
886 50.33 65.32 154.15 247.58 37.91
887 50.47 79.31 129.43 237.97 32.74
888 50.52 26.51 193.46 222.36 26.55
889 50.46 38.28 192.81 237.32 34.30
890 50.59 35.91 193.65 235.96 30.35
891 50.53 56.72 195.37 249.86 42.92
892 50.63 74.24 153.63 246.84 33.81
893 50.56 85.96 96.18 209.97 27.32
894 50.58 52.24 183.11 247.13 39.45
895 50.69 28.90 160.78 221.06 28.65
896 50.52 47.64 167.47 246.06 39.19
897 50.69 31.13 197.18 230.10 28.42
898 50.84 82.56 102.30 220.85 27.56
899 50.86 16.80 95.55 175.50 21.44
900 50.86 45.25 161.71 243.77 39.27
901 50.93 33.38 143.14 234.56 30.29
902 50.79 7.00 46.85 94.24 15.24
903 50.91 14.19 72.44 160.40 19.95
904 50.92 49.99 161.42 242.56 41.17
905 51.02 58.91 157.48 250.81 42.23
906 51.03 40.46 138.02 236.00 33.69
907 51.00 19.56 129.59 188.91 20.58
908 51.14 89.02 80.01 200.08 24.13
909 51.12 69.89 132.74 242.28 37.75
910 51.18 67.20 135.71 243.66 39.21
911 51.19 76.73 125.67 241.23 35.08
912 51.22 72.36 118.28 240.39 36.30
913 51.26 92.87 60.79 134.40 23.45
914 51.24 22.58 89.25 208.74 26.77
915 51.26 54.45 147.76 249.29 42.33
916 51.44 10.46 52.47 151.20 17.43
917 51.24 64.22 145.05 246.04 37.53
918 51.46 25.13 89.37 214.12 23.94
919 51.46 43.00 154.82 244.15 37.56
920 51.41 61.25 142.94 248.41 41.24
921 51.47 47.57 140.66 245.34 38.20
922 51.50 37.65 123.24 229.71 33.95
923 51.62 79.56 114.51 235.99 31.00
924 51.67 27.75 97.75 227.02 27.00
925 51.61 52.08 140.34 245.78 40.98
926 51.63 57.04 145.35 248.29 43.02
927 51.64 84.92 98.88 214.46 27.37
928 51.74 34.90 120.00 240.89 33.14
929 51.75 30.33 104.23 223.29 30.98
930 51.92 15.32 46.42 168.46 20.67
931 51.98 74.41 117.42 231.39 33.83
932 52.07 18.03 52.25 180.77 20.47
933 52.03 20.76 61.78 195.53 22.64
934 51.98 45.26 122.45 239.72 34.58
935 52.32 97.24 21.31 37.86 11.40
936 52.03 49.67 129.69 245.92 39.21
937 52.12 32.67 97.64 237.17 30.45
938 52.11 40.87 129.94 245.26 34.30
939 52.13 68.51 126.80 232.94 35.70
940 52.20 82.36 95.12 221.61 27.72
941 52.18 59.10 139.65 246.80 41.78
942 52.09 63.24 132.78 245.15 39.07
943 52.13 65.86 132.73 234.92 37.94
944 52.12 71.43 113.90 216.18 35.57
945 52.31 87.36 88.87 205.60 24.93
946 52.53 94.05 52.25 111.68 19.88
947 52.26 55.29 134.85 246.02 39.55
948 52.36 76.99 121.67 238.80 35.30
949 52.35 23.35 65.03 208.55 23.39
950 52.47 38.74 104.14 238.86 32.06
951 52.52 90.58 77.53 173.68 24.36
952 52.58 9.48 25.50 138.58 14.18
953 52.52 26.17 64.06 218.45 23.51
954 52.52 36.37 94.85 233.80 33.43
955 52.61 53.53 163.51 247.02 37.71
956 52.62 61.08 142.94 243.83 39.65
957 52.66 42.98 117.77 240.44 34.46
958 52.65 47.64 122.34 240.41 36.66
959 52.64 13.09 30.74 149.38 16.47
960 52.68 51.44 157.05 246.19 40.35
961 52.81 28.66 81.12 219.48 26.34
962 52.79 79.64 142.11 237.61 32.70
963 52.88 57.17 147.52 243.87 40.83
964 52.95 30.93 92.22 219.82 29.41
965 53.00 70.21 175.10 227.12 34.67
966 52.97 16.30 43.02 153.08 19.74
967 53.05 73.00 168.10 225.51 34.46
968 53.14 20.45 61.60 173.36 22.70
969 53.16 33.39 90.29 227.14 29.02
970 53.05 63.33 178.88 240.67 37.29
971 53.15 84.64 124.27 204.07 28.09
972 53.15 6.71 23.96 110.10 13.70
973 53.15 45.26 123.53 235.82 35.02
974 53.18 65.68 167.51 241.87 37.30
975 53.21 67.92 170.42 243.96 38.52
976 53.28 40.59 106.40 230.57 34.07
977 53.37 75.41 148.70 233.80 32.80
978 53.32 24.47 96.91 208.94 24.87
979 53.32 49.89 175.62 238.34 38.64
980 53.33 59.20 213.19 244.67 37.58
981 53.50 11.48 40.99 138.95 15.42
982 53.50 35.47 120.49 232.90 33.88
983 53.50 55.01 211.17 243.00 39.34
984 53.60 78.10 227.72 228.06 34.02
985 53.62 38.01 145.36 235.71 35.60
986 53.63 81.46 189.56 206.30 28.21
987 53.49 87.82 133.33 191.52 24.02
988 53.61 27.36 99.29 199.87 26.73
989 53.59 52.66 221.68 240.00 38.78
990 53.64 91.67 112.60 147.24 22.69
991 53.82 97.78 30.86 30.86 10.34
992 53.70 47.48 153.61 234.06 35.97
993 53.66 95.30 59.36 47.05 16.95
994 53.75 14.80 65.04 137.13 17.13
995 53.79 42.93 165.51 230.31 37.78
996 53.79 61.44 217.56 236.30 38.13
997 53.91 8.88 57.25 115.54 14.96
998 53.89 17.44 91.51 161.26 19.75
999 53.92 57.35 243.52 229.98 37.32
1000 53.95 71.32 217.74 233.21 34.64
1001 54.09 29.40 171.20 207.16 27.65
1002 54.00 31.52 163.00 215.56 30.12
1003 54.08 63.95 238.90 236.96 37.78
1004 54.06 20.08 98.17 155.40 22.37
1005 54.30 68.90 238.59 213.38 34.88
1006 54.25 25.37 187.78 195.84 24.37
1007 54.28 45.27 231.18 214.84 32.75
1008 54.21 66.54 243.78 228.56 36.50
1009 54.36 73.51 239.20 211.20 33.50
1010 54.21 6.19 73.08 87.42 13.68
1011 54.25 22.97 145.00 178.21 23.02
1012 54.24 49.27 236.86 228.60 36.81
1013 54.23 83.97 205.86 189.45 27.07
1014 54.46 33.68 228.98 207.72 29.66
1015 54.32 40.27 179.72 224.33 33.07
1016 54.36 12.85 141.04 117.50 17.11
1017 54.47 51.49 248.83 209.93 35.47
1018 54.43 59.59 247.24 221.64 37.36
1019 54.52 76.34 246.76 213.68 31.94
1020 54.58 86.33 225.57 169.53 24.38
1021 54.69 92.83 163.34 99.87 19.91
1022 54.40 36.06 221.03 210.68 29.21
1023 54.44 89.25 200.94 110.80 23.80
1024 54.58 55.56 249.77 229.17 38.67
1025 54.71 53.67 249.25 221.83 41.46
1026 54.72 79.09 241.81 189.82 28.59
1027 54.75 27.14 226.86 177.41 26.50
1028 55.02 95.90 93.90 39.88 14.39
1029 54.83 38.03 234.85 210.52 31.50
1030 54.77 42.70 230.83 218.23 34.43
1031 54.94 9.41 143.80 90.29 16.65
1032 54.83 15.40 161.52 114.77 17.53
1033 54.87 62.13 247.68 216.42 35.26
1034 54.86 81.84 236.09 181.27 25.71
1035 54.85 47.44 245.33 208.56 34.50
1036 54.85 18.28 172.43 124.97 19.12
1037 54.98 21.43 210.06 148.59 22.92
1038 54.98 31.44 222.87 207.74 30.26
1039 55.05 65.29 246.33 214.75 35.56
1040 55.13 70.82 244.18 194.10 34.47
1041 55.10 57.36 250.78 217.59 38.65
1042 55.35 29.03 232.66 172.55 25.14
1043 55.32 24.49 191.98 152.27 22.92
1044 55.36 40.12 240.24 206.02 34.16
1045 55.27 50.05 250.00 207.26 36.76
1046 55.40 74.85 246.58 198.56 33.24
1047 55.43 35.62 238.48 192.21 29.87
1048 55.48 68.01 245.87 206.32 37.00
1049 56.08 13.07 149.92 92.58 16.94
1050 55.45 45.18 243.84 222.66 36.42
1051 55.50 59.48 248.12 207.58 37.14
1052 55.66 88.51 218.80 119.42 22.30
1053 55.65 84.10 217.40 138.09 22.51
1054 55.65 52.67 248.52 211.50 36.62
1055 55.77 33.34 235.25 188.85 27.15
1056 55.75 77.63 240.02 178.25 30.24
1057 55.92 72.73 245.27 197.89 34.80
1058 55.87 19.82 203.27 112.16 20.42
1059 55.82 42.27 244.04 200.24 33.67
1060 55.88 47.98 245.44 201.92 36.33
1061 55.85 55.17 243.54 199.36 35.30
1062 55.78 63.77 250.23 212.17 33.32
1063 56.00 26.42 212.74 139.21 21.87
1064 55.91 16.80 175.93 107.78 19.13
1065 55.96 22.77 205.84 137.86 22.20
1066 55.96 80.72 243.66 154.95 28.15
1067 56.04 92.02 196.75 91.36 21.14
1068 56.02 37.61 230.37 196.72 31.71
1069 56.03 61.50 245.57 211.55 32.70
1070 56.06 30.88 223.54 175.28 26.78
1071 56.10 7.36 119.52 62.19 13.68
1072 56.19 10.12 128.07 71.97 15.14
1073 56.16 57.37 241.47 209.51 40.47
1074 56.26 66.05 242.75 197.48 34.61
1075 56.30 50.80 248.65 184.96 34.30
1076 56.45 44.19 233.21 194.96 32.85
1077 56.46 70.53 212.41 171.58 32.64
1078 56.54 39.89 229.14 189.19 32.26
1079 56.54 75.49 229.00 163.55 30.53
1080 56.65 28.27 191.66 163.73 24.86
1081 56.76 35.27 207.86 149.42 28.62
1082 56.69 46.36 225.45 192.98 36.14
1083 56.65 85.82 232.85 117.85 23.28
1084 56.69 53.52 239.00 191.22 33.75
1085 56.78 60.26 242.41 193.19 38.12
1086 57.16 94.85 119.82 36.74 15.27
1087 56.74 24.59 146.51 129.58 24.49
1088 56.70 68.10 232.04 183.80 36.31
1089 56.78 78.69 230.94 158.48 26.24
1090 56.83 18.70 148.33 114.08 19.79
1091 56.89 32.73 193.04 160.26 27.57
1092 56.93 21.76 178.72 109.75 20.58
1093 56.84 63.57 235.05 175.81 36.34
1094 56.97 82.21 225.84 127.76 22.91
1095 57.08 42.11 218.25 184.02 34.58
1096 56.97 48.90 235.28 192.33 32.67
1097 56.89 89.28 195.73 93.71 21.87
1098 57.15 37.67 206.58 169.70 30.58
1099 57.19 55.58 223.61 182.53 39.86
1100 57.05 58.05 229.93 196.63 36.40
1101 57.11 73.13 216.52 158.82 31.75
1102 57.17 7.91 80.97 56.00 13.45
1103 57.12 15.32 114.47 100.01 18.06
1104 57.14 30.43 170.47 154.33 24.56
1105 57.42 51.30 229.48 185.13 34.93
1106 57.50 26.21 106.14 124.16 21.87
1107 57.51 10.42 61.21 58.79 15.58
1108 57.67 44.56 191.16 147.11 33.38
1109 57.59 65.36 220.74 170.72 32.97
1110 57.57 76.06 206.14 153.00 30.12
1111 57.67 70.54 196.63 129.06 29.78
1112 57.76 40.21 166.84 162.37 31.84
1113 57.74 68.02 223.09 166.09 32.06
1114 57.86 33.76 142.68 125.71 27.17
1115 57.74 47.13 175.28 161.77 31.60
1116 57.83 84.87 198.56 114.09 22.59
1117 57.85 87.91 190.36 99.25 20.81
1118 57.80 17.70 67.94 94.78 18.70
1119 57.79 23.61 85.91 103.45 20.75
1120 57.72 62.54 223.72 175.08 35.62
1121 57.79 79.55 220.43 125.04 24.88
1122 57.96 53.21 190.35 166.04 34.92
1123 57.85 60.00 230.43 184.82 34.08
1124 57.92 20.81 77.72 95.70 20.03
1125 57.93 28.61 92.31 127.35 25.17
1126 58.10 91.26 147.39 68.07 18.68
1127 57.98 12.66 47.95 69.23 16.79
1128 58.06 36.12 129.37 138.80 28.55
1129 58.07 57.54 207.73 169.48 35.48
1130 58.16 31.17 88.30 124.50 24.48
1131 58.20 49.37 166.02 164.76 34.38
1132 58.23 72.68 211.52 132.75 31.60
1133 58.30 55.43 189.02 165.74 33.41
1134 58.29 15.39 45.17 73.19 17.25
1135 58.29 38.44 116.96 145.24 29.38
1136 58.41 42.27 120.08 140.26 33.76
1137 58.49 82.44 189.94 112.59 22.81
1138 58.39 8.11 25.82 42.79 13.92
1139 58.71 77.42 190.28 126.20 27.01
1140 58.61 26.94 65.40 93.04 22.21
1141 58.68 64.18 203.66 175.05 33.36
1142 58.63 24.63 64.68 76.92 22.04
1143 58.68 61.71 219.95 177.58 32.19
1144 58.70 74.93 183.43 122.57 26.20
1145 58.75 10.69 24.25 43.52 14.60
1146 58.68 18.93 45.06 71.89 19.52
1147 58.77 66.61 174.25 156.97 33.08
1148 58.71 69.02 159.37 152.37 29.11
1149 58.77 51.45 121.57 132.26 32.49
1150 58.82 44.36 122.24 144.11 31.38
1151 58.74 46.67 113.25 120.54 29.61
1152 58.85 21.92 50.76 67.34 20.68
1153 58.90 34.95 100.20 106.98 25.66
1154 58.95 59.23 159.65 165.09 34.63
1155 59.10 80.12 165.94 133.34 25.49
1156 59.11 88.51 153.62 79.07 20.32
1157 58.98 29.47 74.64 90.68 25.09
1158 59.01 40.40 107.54 116.30 32.51
1159 59.26 70.79 160.64 155.97 30.45
1160 59.17 85.27 134.11 100.38 22.70
1161 59.18 13.46 30.82 48.00 14.76
1162 59.14 54.18 123.36 135.85 32.44
1163 59.27 48.60 122.67 117.59 31.26
1164 59.16 37.74 96.37 101.34 29.00
1165 59.19 16.42 47.45 52.94 17.00
1166 59.31 56.91 132.41 131.37 35.26
1167 59.65 91.07 103.11 49.59 19.32
1168 59.55 73.10 136.44 141.40 28.35
1169 59.55 8.18 19.92 25.49 14.91
1170 59.54 24.09 80.25 49.85 20.24
1171 59.52 27.03 69.61 59.68 25.23
1172 59.69 50.44 116.46 110.63 31.81
1173 59.76 33.60 164.35 61.53 25.90
1174 59.71 45.95 123.42 114.54 33.79
1175 59.74 61.37 144.74 122.67 30.93
1176 59.79 66.01 135.62 120.62 31.35
1177 59.75 21.34 71.68 37.90 21.61
1178 59.78 36.13 153.51 68.86 27.71
1179 59.72 63.52 124.62 126.35 34.00
1180 59.82 75.63 127.59 108.03 25.49
1181 59.84 52.79 114.59 104.91 33.77
1182 59.90 82.12 111.35 93.03 22.82
1183 59.85 39.16 139.28 74.31 31.59
1184 59.99 68.44 125.95 123.06 31.17
1185 60.10 29.56 189.46 41.10 27.26
1186 59.99 78.46 116.87 117.56 26.05
1187 60.19 58.37 130.60 118.53 33.88
1188 60.06 15.78 55.61 29.14 18.62
1189 60.19 41.42 183.49 61.66 32.30
1190 60.15 55.28 122.30 108.43 34.84
1191 60.45 25.44 167.80 29.06 24.38
1192 60.38 85.33 87.15 65.40 20.49
1193 60.68 11.16 79.33 14.95 16.38
1194 60.37 44.04 166.69 78.33 30.94
1195 60.44 18.90 121.96 27.28 20.74
1196 60.41 71.35 115.24 120.67 28.78
1197 60.50 23.05 133.23 32.35 20.79
1198 60.63 88.15 86.84 64.52 19.21
1199 60.60 27.70 189.31 39.31 23.96
1200 60.60 37.36 203.60 51.49 31.09
1201 60.61 64.76 128.93 108.71 31.14
1202 61.07 8.32 80.79 8.94 15.59
1203 60.57 51.18 135.88 73.08 32.22
1204 60.68 73.73 120.49 100.84 29.14
1205 60.77 46.70 205.27 69.23 32.86
1206 60.76 34.61 221.06 43.94 28.60
1207 60.69 62.43 129.81 100.58 33.94
1208 60.89 31.96 214.93 39.05 29.51
1209 60.86 53.43 154.44 73.71 32.32
1210 60.91 76.73 107.03 90.38 26.37
1211 60.98 79.90 90.84 74.03 21.69
1212 61.09 21.08 165.65 23.69 21.26
1213 60.89 60.19 131.82 93.72 32.75
1214 61.05 16.40 150.58 15.68 20.69
1215 61.11 67.19 123.37 100.58 30.51
1216 61.12 82.77 82.96 72.87 21.23
1217 61.14 92.17 67.63 38.46 16.44
1218 61.13 39.39 233.37 42.75 34.32
1219 61.14 55.87 188.77 73.58 32.57
1220 61.08 69.50 113.70 84.84 28.28
1221 61.28 42.52 233.48 49.93 32.61
1222 61.30 49.28 221.25 58.43 34.01
1223 61.47 14.03 142.97 9.98 19.70
1224 61.46 29.59 220.79 31.04 30.49
1225 61.52 58.23 179.21 60.27 33.46
1226 61.65 45.00 238.82 52.25 36.93
1227 61.64 62.61 177.84 67.99 32.89
1228 61.56 71.49 110.36 69.67 27.46
1229 61.61 85.57 76.29 54.43 20.84
1230 61.70 51.66 238.73 60.05 36.05
1231 61.64 24.97 194.20 19.17 28.96
1232 61.70 27.22 207.67 23.75 29.00
1233 61.68 19.16 169.00 14.42 24.42
1234 61.61 36.27 220.06 39.43 44.02
1235 61.74 74.56 127.30 67.16 26.56
1236 61.75 22.94 151.05 18.56 25.51
1237 62.06 88.72 67.61 38.53 19.39
1238 61.84 33.74 210.88 35.26 36.80
1239 61.97 54.07 238.51 61.49 33.25
1240 62.10 60.15 229.50 60.22 34.19
1241 61.99 77.31 115.52 76.06 24.85
1242 62.11 40.75 226.74 38.83 41.77
1243 62.09 47.31 235.77 52.52 40.75
1244 62.10 80.19 93.13 57.11 22.56
1245 62.29 11.28 127.79 7.23 20.47
1246 62.19 31.28 209.94 27.03 39.73
1247 62.11 66.74 171.78 72.00 33.27
1248 62.13 69.14 149.84 68.78 28.96
1249 62.19 16.39 156.97 11.18 28.20
1250 62.25 38.35 216.67 40.04 62.00
1251 62.35 91.80 48.85 24.07 18.25
1252 62.42 56.47 236.06 53.30 34.52
1253 62.57 72.52 211.30 45.09 29.41
1254 62.54 8.41 104.88 6.31 24.31
1255 62.52 42.92 224.72 44.40 66.48
1256 62.56 84.00 83.13 46.08 21.54
1257 62.54 21.77 143.84 14.04 44.80
1258 62.52 49.55 236.66 48.62 47.55
1259 62.73 64.57 227.11 53.40 33.17
1260 62.59 14.15 131.98 7.35 30.70
1261 62.61 28.33 168.27 24.00 59.53
1262 62.66 35.81 199.64 29.94 72.40
1263 62.76 19.24 150.26 10.48 32.57
1264 62.62 25.07 147.09 18.15 44.09
1265 62.75 86.25 72.54 33.02 19.46
1266 62.83 51.87 243.70 49.55 52.64
1267 62.86 45.54 219.70 41.28 51.64
1268 62.91 61.83 236.18 56.42 37.93
1269 62.92 75.41 165.14 59.48 25.91
1270 62.90 33.51 169.78 25.04 64.12
1271 63.10 67.66 229.63 53.00 30.12
1272 63.13 54.34 246.54 51.07 54.73
1273 63.12 58.65 244.42 58.40 41.77
1274 63.18 78.36 184.67 38.46 24.58
1275 63.16 81.45 169.32 35.54 21.00
1276 63.28 70.48 233.73 51.34 36.55
1277 63.15 40.35 172.36 35.00 72.91
1278 63.25 47.91 212.26 39.30 67.86
1279 63.39 6.97 57.98 2.82 24.77
1280 63.25 38.00 170.96 37.11 84.89
1281 63.35 16.79 129.83 7.75 42.12
1282 63.27 31.21 149.02 22.58 86.13
1283 63.41 89.80 59.56 17.35 17.70
1284 63.43 23.54 152.70 12.33 57.14
1285 63.38 10.19 79.93 5.19 39.60
1286 63.51 13.42 85.57 5.06 41.80
1287 63.42 43.51 205.37 37.61 83.07
1288 63.58 26.41 117.98 15.81 61.69
1289 63.56 20.66 88.90 10.41 65.24
1290 63.64 28.72 127.60 19.39 87.46
1291 63.78 50.14 220.40 40.62 96.81
1292 63.74 56.61 235.36 45.35 54.27
1293 63.87 83.96 152.22 25.91 21.56
1294 63.76 87.24 88.13 22.09 19.64
1295 63.72 35.83 158.89 26.79 89.91
1296 63.79 73.42 236.66 43.84 30.49
1297 63.78 52.41 224.23 47.79 95.26
1298 63.97 62.84 237.48 44.05 51.66
1299 63.97 65.28 234.98 47.16 37.60
1300 63.98 46.06 179.20 35.02 87.72
1301 63.89 60.46 223.66 42.91 54.02
1302 63.89 33.44 106.54 23.60 97.33
1303 64.03 76.57 224.94 32.59 28.33
1304 64.03 41.51 141.00 29.06 87.79
1305 64.24 18.54 64.40 7.60 74.24
1306 64.20 38.67 124.10 29.47 125.76
1307 64.34 67.43 238.07 45.08 35.02
1308 64.27 54.52 221.50 38.13 79.60
1309 64.20 11.20 60.96 4.63 47.63
1310 64.28 30.52 91.96 18.84 121.02
1311 64.45 69.69 235.08 42.16 44.21
1312 64.35 80.05 215.29 25.21 31.68
1313 64.32 22.17 75.94 10.30 105.89
1314 64.29 8.03 29.34 2.45 41.38
1315 64.44 43.90 179.54 32.84 101.25
1316 64.46 48.17 165.28 35.24 115.00
1317 64.45 58.49 222.73 41.75 65.62
1318 64.60 14.93 46.21 5.37 82.29
1319 64.41 24.92 65.89 12.93 99.20
1320 64.76 71.86 230.20 34.69 39.14
1321 64.95 86.22 186.16 19.09 21.76
1322 64.67 27.59 72.56 14.39 116.90
1323 65.05 90.57 108.37 7.67 17.39
1324 64.66 35.67 106.38 24.38 119.62
1325 64.73 52.06 195.47 36.59 113.18
1326 64.91 20.01 40.17 7.30 114.30
1327 64.85 32.66 79.68 20.51 106.74
1328 64.93 74.76 230.77 33.14 49.39
1329 65.03 9.67 25.92 2.82 79.44
1330 64.91 40.64 97.67 26.24 116.24
1331 64.98 60.77 222.62 38.04 77.82
1332 64.96 63.64 213.20 40.09 72.18
1333 64.99 56.42 181.62 42.78 87.05
1334 65.08 45.97 126.77 32.85 133.02
1335 65.18 49.97 171.02 33.11 127.74
1336 65.21 78.17 225.42 30.22 29.98
1337 65.19 82.19 202.59 17.64 28.25
1338 65.15 38.34 115.12 26.84 138.22
1339 65.35 7.33 19.81 1.81 63.09
1340 65.21 22.68 53.14 9.00 126.42
1341 65.29 66.01 220.02 41.63 49.31
1342 65.30 17.44 32.00 5.56 102.94
1343 65.35 25.33 57.80 10.88 149.21
1344 65.25 30.15 61.69 14.45 144.47
1345 65.40 12.09 29.18 3.84 116.43
1346 65.43 54.14 192.82 34.45 128.95
1347 65.45 43.34 109.10 30.66 149.38
1348 65.56 34.20 92.84 20.06 159.59
1349 65.63 68.47 226.76 35.70 55.98
1350 65.50 58.42 147.56 36.51 110.54
1351 65.67 27.67 75.02 14.72 166.42
1352 65.80 36.57 84.96 21.80 186.79
1353 65.70 47.98 133.49 29.37 150.88
1354 65.86 14.78 39.31 4.69 133.71
1355 65.89 62.12 207.57 32.22 118.62
1356 65.98 72.94 214.60 26.36 68.19
1357 65.89 20.38 42.40 7.11 149.36
1358 65.86 41.18 99.30 27.42 176.96
1359 65.90 51.74 134.20 31.16 141.23
1360 65.97 70.56 197.10 26.88 49.47
1361 66.36 79.17 203.72 21.01 53.32
1362 66.16 32.08 88.41 16.28 175.97
1363 66.05 75.58 211.57 27.97 54.52
1364 66.38 87.96 172.68 10.97 22.35
1365 66.07 56.11 135.98 29.38 120.24
1366 66.07 45.78 99.33 26.15 168.88
1367 66.22 64.53 216.52 35.86 100.45
1368 66.28 84.48 169.38 13.61 27.89
1369 66.19 23.09 92.79 9.09 178.40
1370 66.21 38.98 95.80 24.12 180.45
1371 66.15 9.14 31.36 2.32 100.16
1372 66.33 60.01 169.44 33.13 94.33
1373 66.24 29.75 108.92 17.51 177.02
1374 66.37 18.13 81.00 5.52 168.02
1375 66.46 25.69 125.00 11.74 193.60
1376 66.46 11.89 68.92 2.89 144.08
1377 66.49 50.14 110.89 29.52 158.26
1378 66.72 91.20 97.90 6.43 18.06
1379 66.55 43.37 92.59 24.98 200.54
1380 66.53 53.54 120.56 29.96 151.65
1381 66.56 66.97 184.74 30.09 85.74
1382 66.54 34.83 96.96 20.35 199.54
1383 66.60 58.01 130.46 33.75 118.93
1384 66.77 48.01 104.06 30.00 180.77
1385 66.82 15.49 130.14 4.45 177.79
1386 66.92 28.06 186.57 14.53 207.89
1387 67.04 20.67 160.26 7.58 197.68
1388 66.93 40.80 152.86 27.53 211.78
1389 67.10 82.60 149.63 13.94 40.97
1390 67.02 69.26 157.43 26.26 70.28
1391 67.00 37.66 194.55 24.59 206.22
1392 66.97 62.13 136.05 31.76 116.24
1393 67.08 72.14 175.24 25.01 87.04
1394 67.16 45.55 120.27 26.71 208.38
1395 67.19 23.63 195.80 11.38 207.49
1396 67.09 55.61 115.02 32.04 146.54
1397 67.16 75.23 147.82 20.98 65.13
1398 67.13 9.70 103.08 2.58 138.55
1399 67.30 33.05 217.96 18.22 211.41
1400 67.23 51.95 118.74 30.30 161.67
1401 67.35 30.64 210.54 14.79 206.35
1402 67.34 64.45 135.86 28.06 123.71
1403 67.56 7.19 85.78 1.19 117.08
1404 67.60 12.75 143.44 3.92 186.68
1405 67.50 17.87 174.92 5.44 205.64
1406 67.55 35.34 211.74 18.78 218.39
1407 67.94 89.97 69.65 5.11 24.24
1408 67.57 26.36 211.62 11.58 198.91
1409 67.57 60.32 114.65 31.46 128.75
1410 67.61 58.01 104.53 29.16 166.57
1411 67.64 78.90 129.55 15.30 58.45
1412 67.62 43.17 181.61 26.90 217.93
1413 67.69 49.89 151.98 30.24 183.44
1414 67.72 66.75 128.78 27.51 112.54
1415 67.80 53.72 119.72 31.00 191.60
1416 67.78 47.71 181.75 28.73 203.30
1417 67.91 39.71 232.54 25.77 216.82
1418 67.99 15.45 170.06 4.31 200.94
1419 68.04 37.38 239.61 22.31 231.88
1420 68.15 71.11 141.72 26.40 117.45
1421 68.13 28.57 219.64 14.69 232.66
1422 68.10 62.59 116.34 26.95 135.18
1423 68.18 68.86 122.84 22.29 122.93
1424 68.20 73.87 152.39 20.61 82.66
1425 68.23 22.12 182.77 7.88 210.95
1426 68.18 56.00 116.32 27.64 204.28
1427 68.24 76.84 113.81 18.51 85.87
1428 68.16 81.31 102.72 11.34 57.47
1429 68.28 19.63 190.68 6.43 202.62
1430 68.24 24.78 214.38 12.13 217.66
1431 68.30 45.42 236.57 26.05 222.52
1432 68.17 10.35 118.63 2.33 145.15
1433 68.28 41.81 238.68 24.50 222.32
1434 68.45 83.52 107.71 10.32 57.37
1435 68.85 88.14 81.47 6.71 35.18
1436 68.37 51.94 190.31 28.00 219.31
1437 68.53 30.66 233.70 16.86 225.14
1438 68.46 32.98 230.48 20.35 225.00
1439 68.50 64.82 120.83 25.83 142.17
1440 68.56 7.57 95.81 1.77 122.02
1441 68.65 35.48 236.57 20.33 226.78
1442 68.59 58.72 123.02 26.02 199.14
1443 68.77 17.07 175.54 4.95 207.44
1444 68.80 47.94 237.88 25.73 213.05
1445 68.93 79.59 101.74 13.64 79.72
1446 68.79 13.55 151.61 3.24 185.71
1447 68.97 26.80 213.59 12.75 226.78
1448 68.99 50.32 242.95 26.97 213.40
1449 68.82 60.94 126.71 25.71 171.55
1450 68.89 54.30 229.56 28.87 222.49
1451 69.01 43.43 240.16 26.25 226.79
1452 69.02 38.44 233.79 21.69 224.85
1453 69.01 67.13 103.68 23.32 157.87
1454 69.11 10.44 133.93 2.51 170.28
1455 69.17 56.58 215.02 26.54 212.27
1456 69.14 23.83 190.96 8.68 222.00
1457 69.25 40.79 230.84 23.35 229.31
1458 69.32 69.56 103.23 19.77 134.98
1459 69.41 72.14 111.82 17.34 154.38
1460 69.33 20.53 158.07 6.79 207.31
1461 69.27 62.96 113.38 20.56 167.56
1462 69.38 74.75 112.81 18.29 125.84
1463 69.48 77.45 100.62 15.94 121.16
1464 69.52 28.92 186.35 13.65 226.28
1465 69.47 45.91 237.14 23.46 227.40
1466 69.57 52.78 245.53 27.74 221.90
1467 69.52 81.94 81.03 11.36 65.76
1468 69.62 7.03 62.06 1.34 130.95
1469 69.52 31.68 212.54 16.54 229.44
1470 69.56 34.16 229.84 16.25 236.53
1471 69.60 65.35 130.34 24.72 186.16
1472 69.72 15.14 99.39 3.34 198.84
1473 69.67 58.67 234.89 26.05 219.40
1474 69.74 17.75 151.16 5.64 206.16
1475 69.80 36.77 229.66 20.52 230.18
1476 69.92 86.38 83.21 8.00 60.58
1477 69.92 12.26 113.39 3.18 198.34
1478 69.95 60.93 223.93 25.17 198.64
1479 69.92 48.53 241.78 27.11 223.33
1480 69.97 23.47 174.06 9.48 223.58
1481 70.06 55.56 243.86 26.89 216.28
1482 70.08 26.03 176.80 10.69 201.47
1483 70.18 39.20 223.91 22.68 233.77
1484 70.08 43.88 235.65 24.98 236.08
1485 70.16 67.96 113.74 18.40 155.11
1486 70.24 51.15 242.52 26.19 238.79
1487 70.27 41.60 206.61 21.09 229.04
1488 70.35 63.30 229.46 24.94 198.64
1489 70.42 21.51 145.14 7.32 208.96
1490 70.37 70.79 94.79 18.54 134.18
1491 70.51 30.38 178.56 15.40 229.54
1492 70.54 80.25 79.47 11.75 97.61
1493 70.65 19.21 118.63 6.07 202.56
1494 70.54 32.89 201.81 17.47 232.38
1495 70.51 74.36 88.49 14.60 139.37
1496 70.65 28.03 158.00 12.08 220.24
1497 70.63 35.31 189.62 16.76 216.67
1498 70.60 65.91 208.05 24.49 183.77
1499 70.79 88.48 44.55 4.10 49.73
1500 70.67 77.26 82.34 12.82 112.06
1501 70.76 83.54 55.80 8.13 83.79
1502 70.67 6.02 25.66 0.84 69.34
1503 70.73 53.64 238.35 29.15 221.85
1504 70.74 58.04 244.00 26.03 225.32
1505 70.79 16.64 89.84 3.69 171.78
1506 70.94 13.74 75.54 3.14 174.69
1507 70.90 47.59 236.93 25.16 237.47
1508 70.96 24.03 117.90 7.50 200.46
1509 71.11 10.26 52.12 2.31 158.92
1510 71.12 37.62 189.81 18.08 214.00
1511 71.12 49.96 230.60 25.75 234.29
1512 71.16 60.31 243.61 25.42 213.77
1513 71.25 69.68 142.80 17.57 174.63
1514 71.20 40.67 178.59 19.63 230.44
1515 71.18 43.24 184.47 24.53 231.70
1516 71.25 55.92 237.72 27.60 226.80
1517 71.33 72.74 98.24 16.46 164.85
1518 71.46 26.38 124.88 9.33 198.53
1519 71.48 67.36 233.10 21.49 190.76
1520 71.53 7.69 24.95 1.23 98.66
1521 71.48 62.41 240.64 24.57 226.04
1522 71.52 21.36 96.21 5.75 184.27
1523 71.55 31.73 161.21 14.71 208.98
1524 71.53 34.30 151.62 16.81 212.53
1525 71.53 52.14 221.41 26.33 233.85
1526 71.59 64.77 239.18 20.05 193.51
1527 71.62 29.28 130.79 12.23 215.40
1528 71.70 45.33 192.14 23.47 227.23
1529 71.74 79.04 72.96 11.44 159.86
1530 71.78 75.64 88.14 13.89 178.95
1531 71.96 82.59 63.89 8.47 115.28
1532 71.81 18.73 64.97 5.82 185.94
1533 71.90 16.23 53.04 3.19 164.33
1534 71.88 58.43 235.51 26.78 225.44
1535 72.14 86.65 40.98 4.94 52.83
1536 71.92 47.80 198.14 23.56 232.12
1537 71.93 54.32 231.10 26.28 236.72
1538 71.97 23.68 74.43 7.05 184.29
1539 72.07 36.55 139.77 14.26 195.54
1540 72.07 39.36 163.71 21.50 217.60
1541 72.10 13.10 34.71 2.92 159.69
1542 72.15 42.46 184.39 23.37 214.25
1543 72.25 50.07 195.43 23.61 229.10
1544 72.29 71.31 213.58 18.47 201.05
1545 72.32 10.38 24.87 1.51 115.00
1546 72.40 56.55 223.12 24.41 224.71
1547 72.49 27.94 79.78 9.13 189.56
1548 72.58 68.92 226.85 18.19 192.92
1549 72.47 60.89 221.15 21.98 220.13
1550 72.50 31.10 101.37 11.98 209.02
1551 72.47 33.68 117.61 16.96 208.02
1552 72.48 63.25 224.57 21.07 210.27
1553 72.68 20.59 44.60 5.82 186.53
1554 72.68 7.95 14.43 0.79 78.83
1555 72.68 25.42 59.08 8.89 177.87
1556 72.66 52.14 198.61 24.10 230.53
1557 72.70 66.25 229.46 21.15 194.25
1558 72.76 73.70 212.06 14.49 174.64
1559 72.87 44.91 168.97 21.83 211.08
1560 72.88 77.97 111.36 10.95 179.69
1561 72.99 80.88 79.58 9.06 121.69
1562 72.95 38.15 135.04 16.90 201.63
1563 73.05 40.79 157.89 21.32 206.53
1564 72.88 47.46 190.53 21.26 217.79
1565 72.99 15.35 27.92 3.56 146.57
1566 73.06 22.77 41.67 7.96 153.62
1567 73.09 35.54 99.21 15.16 195.46
1568 73.05 59.14 204.70 22.17 208.96
1569 73.11 18.24 36.11 3.77 148.73
1570 73.16 54.58 181.53 22.90 225.40
1571 73.12 12.09 21.51 2.42 116.44
1572 73.43 84.06 40.75 5.50 59.84
1573 73.38 86.68 27.58 3.13 41.72
1574 73.33 29.94 70.08 10.16 198.97
1575 73.32 42.85 132.16 19.39 198.32
1576 73.42 49.56 186.11 22.16 222.29
1577 73.60 75.81 223.23 11.67 198.19
1578 73.46 63.82 223.24 21.67 208.78
1579 73.54 33.00 82.37 13.35 175.93
1580 73.49 57.08 203.02 23.98 211.28
1581 73.66 71.25 229.14 16.58 217.33
1582 73.67 9.60 22.15 1.27 82.22
1583 73.57 27.30 50.98 9.68 153.28
1584 73.66 61.65 199.81 19.19 208.38
1585 73.65 52.04 182.00 21.00 222.86
1586 73.74 68.41 220.56 16.89 183.91
1587 73.77 24.61 46.20 6.86 157.82
1588 73.80 46.54 154.89 21.70 195.65
1589 73.96 66.18 221.53 18.56 224.21
1590 73.97 37.14 81.21 15.81 185.58
1591 73.88 13.39 35.54 2.37 107.46
1592 74.04 39.43 95.96 17.15 184.82
1593 73.98 16.58 44.04 3.61 127.47
1594 73.96 21.78 43.62 4.65 129.10
1595 74.05 79.41 177.72 8.22 151.21
1596 74.16 19.51 54.91 4.58 126.12
1597 74.01 82.17 65.80 6.36 86.93
1598 74.27 60.15 203.40 20.04 216.49
1599 74.23 41.57 103.66 18.61 181.77
1600 74.40 55.62 178.60 21.55 210.45
1601 74.30 87.77 20.18 1.75 34.43
1602 74.27 7.30 28.78 0.73 50.39
1603 74.27 31.50 56.43 10.35 164.65
1604 74.29 44.23 99.69 19.13 191.84
1605 74.43 73.78 218.25 14.00 217.02
1606 74.40 35.25 75.76 14.17 153.24
1607 74.40 29.11 61.31 10.42 153.36
1608 74.48 48.38 119.34 20.60 190.24
1609 74.50 53.16 166.59 21.87 207.78
1610 74.54 26.44 56.69 7.80 141.44
1611 74.59 58.12 177.98 19.87 223.19
1612 74.58 50.51 148.82 21.70 202.06
1613 74.63 63.92 198.96 16.17 208.53
1614 74.84 69.40 230.05 15.98 218.58
1615 74.79 77.00 225.38 10.22 207.02
1616 75.03 10.17 93.59 1.56 65.23
1617 74.81 14.43 108.44 2.24 93.31
1618 75.07 85.52 92.62 3.46 78.16
1619 74.75 24.01 74.18 6.56 123.94
1620 74.94 17.28 140.09 3.87 114.64
1621 74.95 21.81 159.56 5.74 100.23
1622 75.04 33.54 72.30 13.11 141.16
1623 75.05 46.45 88.68 19.58 172.16
1624 75.19 81.31 158.56 6.36 150.89
1625 75.09 61.98 201.23 20.75 208.65
1626 75.04 66.60 189.07 15.02 200.66
1627 75.10 37.48 85.86 16.86 146.14
1628 75.29 72.21 229.83 13.20 206.62
1629 75.22 39.73 83.44 17.37 164.74
1630 75.30 42.17 79.58 18.45 169.89
1631 75.29 30.99 64.77 11.44 129.50
1632 75.48 19.31 178.98 4.51 72.20
1633 75.41 44.45 78.51 16.73 164.31
1634 75.34 28.59 87.09 10.71 127.49
1635 75.51 54.13 126.46 18.42 196.15
1636 75.55 26.13 167.90 8.75 100.81
1637 75.55 51.71 138.00 20.05 184.04
1638 75.54 56.83 124.22 19.16 202.20
1639 75.60 59.76 166.39 17.48 211.44
1640 75.66 48.88 101.88 19.07 166.52
1641 75.80 14.58 164.72 2.74 63.53
1642 75.74 35.68 90.13 14.13 132.92
1643 75.77 64.47 178.26 18.55 197.48
1644 75.93 75.21 202.68 9.14 189.32
1645 75.81 78.46 206.08 8.30 183.38
1646 75.92 11.80 119.21 1.67 53.71
1647 75.95 23.82 200.21 7.11 89.16
1648 76.01 67.59 163.96 11.85 166.51
1649 75.98 33.30 125.74 13.74 123.97
1650 76.26 70.35 216.12 13.41 223.42
1651 76.18 46.33 89.22 19.85 158.78
1652 76.33 16.75 178.80 2.96 59.13
1653 76.34 21.47 197.94 5.04 68.03
1654 76.17 38.29 105.76 15.05 122.58
1655 76.27 28.20 197.13 8.56 98.70
1656 76.22 40.78 94.67 17.54 143.17
1657 76.31 30.67 182.34 10.06 87.42
1658 76.39 62.24 128.20 14.35 190.54
1659 76.34 43.47 83.94 19.32 149.72
1660 76.52 55.28 107.25 18.58 180.58
1661 76.67 81.24 157.01 5.93 145.57
1662 76.54 50.65 87.98 21.42 167.16
1663 76.59 72.89 204.86 10.70 192.60
1664 76.66 52.88 84.90 17.35 161.29
1665 76.61 57.94 118.14 19.84 189.11
1666 76.76 35.47 201.76 13.03 94.03
1667 76.74 60.03 119.45 14.82 154.95
1668 76.83 65.95 152.11 14.19 200.89
1669 76.81 48.72 80.98 17.33 153.47
1670 76.95 18.95 186.56 4.36 62.03
1671 76.92 25.95 208.03 8.53 72.59
1672 76.89 32.81 224.94 11.25 95.00
1673 76.95 14.05 147.45 2.10 44.64
1674 77.19 11.25 133.85 1.73 34.11
1675 77.07 78.28 189.44 7.80 181.74
1676 77.18 37.78 197.44 15.41 93.54
1677 77.16 39.91 164.38 16.26 126.55
1678 77.26 68.63 178.34 12.58 211.32
1679 77.20 42.17 156.02 15.98 143.93
1680 77.14 46.71 106.69 17.26 138.26
1681 77.39 63.80 143.92 12.94 188.98
1682 77.36 23.88 189.02 5.58 51.96
1683 77.27 44.52 117.79 17.32 127.87
1684 77.39 75.05 163.33 9.31 188.32
1685 77.44 28.66 222.64 9.68 64.61
1686 77.53 21.59 184.64 5.86 51.91
1687 77.64 30.92 224.12 10.12 71.61
1688 77.53 56.04 85.34 16.54 147.44
1689 77.62 71.75 172.11 10.45 190.31
1690 77.71 16.56 161.56 2.71 36.94
1691 77.65 61.21 104.58 14.03 147.37
1692 77.68 51.27 96.44 16.44 145.54
1693 77.77 53.81 93.71 18.62 159.21
1694 77.78 58.40 83.02 14.24 143.95
1695 77.91 33.90 231.79 12.65 80.21
1696 78.06 82.15 112.55 4.12 95.85
1697 77.86 48.60 134.47 19.71 124.65
1698 78.14 36.44 224.77 13.00 70.16
1699 78.03 13.93 133.39 2.23 28.88
1700 78.10 46.08 223.99 17.00 105.56
1701 78.14 26.69 201.50 6.34 52.88
1702 78.07 66.38 97.82 10.16 167.07
1703 78.23 19.33 166.70 4.32 39.27
1704 78.29 41.05 231.57 16.52 91.50
1705 78.29 43.22 231.41 17.66 97.15
1706 78.37 38.84 231.91 13.26 76.19
1707 78.34 77.81 150.97 7.34 174.16
1708 78.43 69.65 162.80 12.18 191.22
1709 78.60 24.55 180.09 5.74 43.74
1710 78.57 50.26 176.02 17.02 122.88
1711 78.54 56.14 87.86 15.04 149.32
1712 78.65 64.22 92.53 12.83 152.11
1713 78.78 75.13 141.61 7.15 192.22
1714 78.62 22.05 160.46 4.91 35.47
1715 78.77 29.25 218.03 8.00 54.03
1716 78.61 31.90 211.76 10.47 55.13
1717 78.74 61.62 81.68 13.94 152.52
1718 78.72 53.12 122.43 15.91 130.17
1719 78.74 58.97 75.66 13.92 126.74
1720 79.01 72.55 119.17 8.37 177.88
1721 78.93 15.37 120.14 2.05 27.84
1722 79.00 47.56 223.89 16.05 94.92
1723 79.06 17.56 134.70 3.30 30.78
1724 79.04 34.97 222.35 11.22 64.33
1725 79.13 44.88 243.96 17.02 88.70
1726 79.35 67.45 124.56 10.69 169.32
1727 79.28 27.06 190.73 6.32 43.41
1728 79.25 55.19 122.97 18.70 140.60
1729 79.62 13.09 101.81 1.81 19.97
1730 79.34 37.46 208.13 11.25 56.51
1731 79.41 51.47 222.29 16.68 107.89
1732 79.56 80.94 78.65 3.47 103.94
1733 79.46 40.24 233.42 14.14 72.32
1734 79.70 20.48 145.79 3.65 26.75
1735 79.56 33.04 209.88 11.86 50.76
1736 79.63 42.85 234.71 14.51 68.87
1737 79.66 70.28 107.37 11.16 181.91
1738 79.56 57.63 96.30 12.95 126.54
1739 79.71 22.82 149.06 5.85 30.62
1740 80.03 78.10 108.87 5.93 138.48
1741 79.83 30.71 215.33 9.81 41.70
1742 79.82 48.94 238.34 16.71 87.73
1743 79.80 65.16 80.55 11.26 139.53
1744 79.75 60.25 87.75 13.61 133.34
1745 79.85 62.94 76.66 12.69 138.59
1746 80.00 25.03 155.26 5.97 34.40
1747 80.21 53.27 222.15 14.54 83.69
1748 80.05 45.82 243.76 17.67 72.60
1749 80.17 15.67 82.61 2.04 21.20
1750 80.24 74.87 106.24 7.50 148.46
1751 80.25 28.52 156.94 6.95 33.02
1752 80.24 35.59 198.41 10.98 45.97
1753 80.30 55.91 220.88 15.81 98.71
1754 80.33 18.22 115.03 3.14 24.12
1755 80.40 38.44 210.45 11.62 54.00
1756 80.50 40.87 227.19 15.00 58.38
1757 80.52 72.38 91.28 8.31 152.38
1758 80.58 50.72 237.47 15.74 75.64
1759 80.59 32.95 178.53 11.04 40.85
1760 80.63 59.21 134.69 14.20 110.98
1761 80.74 66.98 65.32 10.85 158.38
1762 80.72 43.18 230.06 15.19 54.58
1763 80.84 69.43 91.81 10.96 157.94
1764 80.85 47.85 242.64 17.07 68.80
1765 80.85 26.36 133.80 5.82 27.78
1766 80.87 62.15 95.22 13.29 114.11
1767 81.00 13.49 53.72 1.10 17.13
1768 80.90 23.03 97.69 4.19 25.81
1769 81.10 20.25 87.15 3.38 23.17
1770 81.17 30.73 165.62 8.62 33.65
1771 81.10 45.45 237.36 16.16 53.62
1772 81.16 64.77 69.61 10.04 128.52
1773 81.23 57.09 227.75 15.31 89.78
1774 81.28 36.72 196.06 10.32 38.13
1775 81.33 16.54 58.56 2.03 20.47
1776 81.46 28.37 138.43 6.18 29.66
1777 81.58 77.50 50.88 4.13 101.93
1778 81.45 34.30 180.76 8.11 33.54
1779 81.44 54.34 238.59 15.81 73.05
1780 81.62 39.22 190.97 11.44 39.93
1781 81.60 41.44 219.79 13.09 45.81
1782 81.59 74.74 61.45 5.39 140.70
1783 81.84 80.16 36.57 2.20 56.88
1784 81.62 49.80 241.52 16.17 61.61
1785 81.65 52.11 237.56 15.35 62.04
1786 81.77 71.68 71.50 7.21 155.87
1787 81.79 60.84 201.65 12.59 76.59
1788 81.77 25.07 100.25 4.46 22.90
1789 81.85 43.46 223.07 12.64 44.24
1790 81.93 21.76 89.12 4.08 24.38
1791 82.16 18.81 70.70 2.98 19.49
1792 82.13 47.84 239.14 14.61 52.41
1793 82.01 68.10 61.35 7.99 137.43
1794 82.17 32.23 151.40 7.95 29.27
1795 82.16 58.59 225.61 12.18 70.79
1796 82.07 63.38 116.76 11.78 95.82
1797 82.14 45.56 234.65 14.96 43.87
1798 82.48 66.16 79.43 9.60 117.43
1799 82.38 15.79 38.19 2.03 18.65
1800 82.37 37.08 167.64 9.95 35.88
1801 82.40 55.75 236.10 14.03 58.83
1802 82.47 27.78 90.13 7.24 29.33
1803 82.59 30.07 98.20 6.80 26.87
1804 82.66 34.87 156.06 8.91 32.33
1805 82.70 23.53 69.36 4.20 22.80
1806 82.73 41.29 204.81 12.94 38.43
1807 82.80 52.90 233.46 14.48 49.81
1808 82.95 77.15 37.40 3.05 75.25
1809 82.86 39.07 186.93 11.62 34.28
1810 82.76 50.51 224.92 16.06 47.43
1811 82.84 70.37 56.70 6.81 128.09
1812 82.96 43.71 218.75 16.16 36.81
1813 82.98 73.93 55.58 5.35 125.88
1814 83.00 25.69 63.96 5.22 22.56
1815 83.08 61.65 223.96 11.66 70.93
1816 83.26 64.47 189.42 8.67 91.72
1817 83.13 46.14 216.96 14.67 41.88
1818 83.25 21.21 49.73 3.34 19.41
1819 83.27 57.91 235.53 12.89 56.69
1820 83.36 17.81 36.20 2.54 16.61
1821 83.36 32.57 113.74 7.31 26.51
1822 83.37 48.52 211.92 12.33 40.94
1823 83.58 68.69 61.68 6.87 125.97
1824 83.45 54.88 234.80 12.28 49.72
1825 83.54 15.09 23.94 1.56 16.72
1826 83.48 27.92 69.37 5.73 25.37
1827 83.55 37.02 159.42 9.14 29.14
1828 83.88 30.46 67.21 7.75 26.66
1829 83.78 42.00 171.90 11.14 31.51
1830 83.87 24.06 51.77 4.25 23.04
1831 83.78 34.86 101.00 8.31 32.98
1832 83.90 71.68 53.50 5.90 111.65
1833 83.95 39.54 159.12 10.72 31.07
1834 84.00 50.78 213.86 12.25 40.71
1835 84.01 59.86 225.36 9.91 55.31
1836 84.25 66.47 166.78 8.92 92.92
1837 84.15 19.63 31.79 2.63 17.37
1838 84.16 44.36 171.16 10.59 32.82
1839 84.15 46.83 192.64 11.85 36.75
1840 84.19 53.29 214.40 12.38 39.77
1841 84.22 73.39 49.74 4.54 100.64
1842 84.25 75.55 29.39 3.10 69.44
1843 84.36 26.16 44.26 5.12 21.66
1844 84.33 56.44 220.30 12.08 47.18
1845 84.43 63.43 217.41 8.30 58.54
1846 84.56 16.81 23.36 1.85 15.79
1847 84.47 32.63 68.69 7.86 27.14
1848 84.62 22.31 35.24 3.61 16.37
1849 84.59 28.65 53.93 5.55 20.86
1850 84.69 14.19 18.98 1.43 14.83
1851 84.67 37.40 106.15 8.37 26.73
1852 84.73 48.50 185.94 12.12 35.12
1853 84.85 34.89 95.20 7.94 26.08
1854 84.83 41.50 131.91 10.51 32.43
1855 84.81 70.33 59.18 5.39 83.33
1856 85.04 61.31 223.75 9.99 44.48
1857 85.06 58.29 213.09 9.17 40.99
1858 85.40 68.29 151.24 6.29 67.33
1859 85.22 30.79 57.38 6.48 22.19
1860 85.08 52.09 173.29 10.92 37.12
1861 85.15 20.14 28.38 3.00 17.54
1862 85.25 24.90 42.81 5.16 19.30
1863 85.26 43.47 129.14 9.43 28.57
1864 85.26 45.77 158.00 11.50 30.57
1865 85.19 54.83 159.26 7.85 32.21
1866 85.38 73.07 43.10 4.26 75.96
1867 85.45 49.79 150.79 9.77 32.10
1868 85.59 75.50 23.75 2.03 48.20
1869 85.65 65.69 207.68 6.94 47.95
1870 85.57 17.52 24.53 1.84 15.28
1871 85.68 28.19 47.32 5.62 20.72
1872 85.58 33.13 56.63 8.26 24.00
1873 85.73 38.35 84.56 9.50 27.40
1874 85.89 14.99 16.67 1.06 13.48
1875 85.92 35.77 65.19 8.28 23.09
1876 85.90 22.82 32.73 3.72 16.90
1877 85.89 47.48 126.06 10.33 29.92
1878 85.89 41.37 75.73 8.81 28.98
1879 86.18 63.44 223.61 7.27 37.02
1880 86.05 71.05 103.82 4.64 63.05
1881 86.17 53.62 174.29 11.49 32.33
1882 86.18 58.12 194.09 8.54 36.12
1883 86.29 60.61 206.82 6.96 36.86
1884 86.24 19.80 26.97 2.62 15.96
1885 86.38 55.97 179.67 10.30 31.59
1886 86.21 44.30 84.64 10.14 26.74
1887 86.27 51.32 149.37 10.50 29.27
1888 86.18 30.98 53.00 6.34 23.50
1889 86.33 26.29 41.00 4.16 18.25
1890 86.52 33.19 51.81 7.62 23.10
1891 86.66 37.95 63.83 8.26 22.30
1892 86.75 40.16 64.37 10.86 25.53
1893 86.83 49.20 110.39 9.10 28.28
1894 86.88 68.98 162.48 4.60 45.75
1895 86.77 16.63 21.76 1.86 16.86
1896 86.76 24.27 33.67 3.78 16.42
1897 86.88 29.07 44.55 5.67 19.91
1898 86.88 46.34 78.22 9.18 27.27
1899 86.90 42.31 58.02 9.91 25.51
1900 87.11 21.83 28.44 2.98 16.95
1901 86.78 30.85 48.45 6.36 20.73
1902 86.98 35.93 52.04 7.74 21.94
1903 87.33 66.00 206.14 6.22 36.15
1904 87.28 44.32 67.32 9.27 27.98
1905 87.46 18.77 24.16 2.34 14.57
1906 87.40 54.38 135.42 8.60 29.18
1907 87.62 63.00 205.41 7.27 28.55
1908 87.50 26.69 35.54 4.58 17.29
1909 87.56 60.07 182.30 7.71 27.38
1910 87.49 57.44 158.95 9.00 29.00
1911 87.52 33.85 53.29 7.40 22.18
1912 87.91 31.69 43.83 5.91 20.11
1913 87.76 39.09 51.86 7.58 23.25
1914 87.93 41.70 58.73 8.91 23.82
1915 88.09 29.31 36.88 5.67 18.89
1916 88.05 36.66 47.02 8.09 20.72
1917 88.14 46.00 64.38 8.31 25.22
1918 88.13 50.61 71.18 8.80 25.00
1919 88.24 20.83 26.04 2.29 15.33
1920 88.37 43.76 58.69 9.42 23.66
1921 88.25 68.35 135.54 3.86 27.09
1922 88.28 24.07 28.43 3.17 15.98
1923 88.52 56.26 133.87 7.79 25.18
1924 88.56 34.47 43.45 6.52 19.73
1925 88.62 53.57 69.70 6.85 25.95
1926 88.61 59.19 134.57 6.67 24.34
1927 88.70 64.90 177.80 6.36 25.49
1928 88.66 26.60 29.94 3.48 16.48
1929 88.68 48.25 58.32 7.74 24.97
1930 88.80 40.39 52.92 7.78 20.97
1931 89.14 61.91 140.14 6.24 22.14
1932 89.05 37.94 48.79 6.95 22.05
1933 89.08 31.22 36.71 4.71 17.47
1934 89.29 18.72 20.79 2.15 12.65
1935 89.20 21.60 23.67 2.20 14.39
1936 89.26 52.02 65.22 6.93 24.05
1937 89.57 28.90 32.93 3.85 16.89
1938 89.37 42.49 51.00 7.37 21.20
1939 89.37 45.32 49.80 8.09 22.00
1940 89.44 67.15 125.91 2.74 21.94
1941 89.73 23.33 25.72 2.37 13.33
1942 89.53 33.34 37.25 5.61 18.57
1943 89.55 49.95 53.78 7.49 22.41
1944 89.61 58.24 98.91 5.64 23.49
1945 89.78 55.73 76.27 6.30 23.14
1946 89.69 35.86 39.60 5.46 19.87
1947 89.75 26.02 30.15 3.24 14.96
1948 89.80 47.66 51.55 7.17 20.48
1949 89.92 39.85 41.47 6.37 20.51
1950 90.20 64.24 119.34 3.96 18.56
1951 90.21 53.61 56.77 6.35 19.85
1952 90.41 60.50 83.34 5.64 20.15
1953 90.37 43.91 46.12 6.26 22.33
1954 90.57 37.71 36.09 5.32 18.48
1955 90.46 18.40 15.76 1.05 13.08
1956 90.43 20.72 17.22 1.90 14.20
1957 90.53 32.05 29.76 4.00 18.14
1958 90.63 51.55 55.19 6.32 20.69
1959 90.52 34.80 30.72 4.07 17.09
1960 90.74 46.60 45.98 6.16 20.56
1961 90.87 24.93 22.58 2.26 13.15
1962 90.45 29.64 28.50 2.25 15.50
1963 90.77 27.23 25.72 2.77 15.57
1964 90.93 49.21 46.35 6.12 21.23
1965 90.91 57.92 54.97 5.44 19.51
1966 91.17 22.40 20.93 1.81 14.02
1967 91.11 62.67 81.02 3.26 18.90
1968 90.87 30.35 28.83 4.44 16.83
1969 91.23 55.52 48.49 5.97 20.44
1970 91.32 39.97 36.66 4.90 18.66
1971 90.96 44.51 48.00 6.00 25.25
1972 91.57 29.38 26.69 2.53 15.74
1973 91.72 34.25 30.90 4.29 16.64
1974 91.75 31.81 33.11 4.27 17.50
1975 91.69 37.31 33.51 4.52 17.14
1976 91.91 60.53 56.05 4.31 17.84
1977 92.03 26.88 20.08 2.65 14.86
1978 91.86 46.01 43.61 5.71 18.70
1979 91.70 52.87 44.91 5.80 19.68
1980 91.79 43.26 40.52 4.82 18.00
1981 92.05 50.83 39.64 5.36 18.13
1982 92.25 23.90 21.01 2.40 12.65
1983 92.00 48.55 38.61 5.54 18.42
1984 92.30 57.43 40.71 4.65 17.52
1985 92.31 54.41 43.00 4.42 17.36
1986 92.59 42.28 37.53 4.47 16.04
1987 92.27 28.91 22.85 2.75 15.50
1988 92.56 40.01 33.58 4.25 16.10
1989 92.77 37.74 31.98 4.23 16.25
1990 92.85 44.59 34.85 4.19 16.52
1991 92.98 31.03 26.56 2.43 14.56
1992 92.90 33.17 28.24 3.53 15.43
1993 93.03 35.44 28.29 3.76 15.29
1994 93.18 55.45 37.88 4.97 16.24
1995 93.13 47.28 35.82 4.69 17.95
1996 93.14 59.43 30.24 3.22 17.92
1997 93.25 28.58 23.25 2.25 13.33
1998 93.21 49.83 34.56 4.33 17.44
1999 93.14 26.04 22.17 4.26 13.36
2000 93.53 22.98 19.47 4.64 13.22
2001 93.67 57.40 33.45 3.62 15.96
2002 93.89 40.23 31.30 3.61 15.74
2003 93.83 42.63 31.75 3.59 15.81
2004 93.90 37.36 28.98 3.38 14.62
2005 93.86 25.18 20.72 4.53 13.79
2006 93.78 44.71 28.60 3.52 15.72
2007 94.20 54.63 27.39 3.61 16.07
2008 94.35 30.49 21.78 5.80 14.88
2009 94.60 46.31 29.41 3.52 15.96
2010 94.64 26.84 18.35 3.79 13.84
2011 94.43 49.40 34.31 3.06 14.75
2012 94.64 35.59 27.36 4.10 13.74
2013 94.98 38.78 25.88 3.20 14.59
2014 94.82 55.54 22.83 2.67 14.03
2015 95.08 41.48 24.82 3.26 13.97
2016 95.20 44.01 26.84 2.25 14.35
2017 95.36 33.82 23.48 6.38 12.57
2018 95.44 28.77 19.62 3.85 11.52
2019 95.82 36.75 21.73 4.89 14.26
2020 95.37 49.21 27.89 3.29 13.82
2021 95.46 31.53 19.71 7.79 13.38
2022 95.99 50.14 23.06 2.13 13.83
2023 96.15 31.09 18.80 5.56 12.07
2024 96.14 39.77 23.09 3.73 13.15
2025 96.31 45.39 25.23 1.88 14.00
2026 96.21 42.75 24.79 2.29 13.35
2027 97.34 40.56 19.82 2.85 12.11
2028 97.04 37.80 20.67 2.39 10.56
2029 97.22 34.94 17.74 3.52 13.12
2030 96.90 31.74 16.50 5.50 11.00
2031 97.85 41.93 16.48 1.74 11.52

