"N" "AP" "DV" "Kr"
"1" 0 1.8 47.39 NA
"2" 1 2.29 46.64 NA
"3" 2 2.41 45.1 NA
"4" 3 2.32 49.77 NA
"5" 4 3.24 48.26 NA
"6" 5 3.35 53.31 NA
"7" 6 3.46 50.97 NA
"8" 7 3.49 43.03 NA
"9" 8 3.92 45.55 NA
"10" 9 4.19 57.41 NA
"11" 10 4.24 55 NA
"12" 11 4.47 40.99 NA
"13" 12 4.75 38.12 NA
"14" 13 4.94 49.67 NA
"15" 14 5.17 52.13 NA
"16" 15 5.3 47.03 NA
"17" 16 5.3 43.57 NA
"18" 17 4.94 60.58 NA
"19" 18 4.95 59.19 NA
"20" 19 5.43 57.83 NA
"21" 20 6.05 40.95 NA
"22" 21 6.18 53.9 NA
"23" 22 5.9 56.23 NA
"24" 23 6.5 45.35 NA
"25" 24 6.31 38.18 NA
"26" 25 6.42 50.77 NA
"27" 26 6.67 58.79 NA
"28" 27 6.6 35.62 NA
"29" 28 6.93 47.82 NA
"30" 29 6.55 62.1 NA
"31" 30 7 43.02 NA
"32" 31 7 55.95 NA
"33" 32 7.46 40.39 NA
"34" 33 7.2 63.2 NA
"35" 34 7.84 52.38 NA
"36" 35 7.9 34.36 NA
"37" 36 7.69 49.83 NA
"38" 37 7.87 37.13 NA
"39" 38 8.08 59.86 NA
"40" 39 8.09 54.84 NA
"41" 40 8.06 45.23 NA
"42" 41 7.82 64.32 NA
"43" 42 8.19 31.81 NA
"44" 43 8.03 57.43 NA
"45" 44 8.5 62.73 NA
"46" 45 8.7 42.6 NA
"47" 46 8.72 39.69 NA
"48" 47 8.34 66.34 NA
"49" 48 8.94 47.56 NA
"50" 49 8.57 64.96 NA
"51" 50 9.3 50.18 NA
"52" 51 9.4 53.46 NA
"53" 52 9.59 56.02 NA
"54" 53 9.5 66.05 NA
"55" 54 9.58 44.9 NA
"56" 55 9.64 35.21 NA
"57" 56 9.5 63.67 NA
"58" 57 9.72 37.72 NA
"59" 58 9.66 32.74 NA
"60" 59 9.67 61.04 NA
"61" 60 9.84 58.19 NA
"62" 61 10.05 40.61 NA
"63" 62 9.81 67.23 NA
"64" 63 9.89 64.45 NA
"65" 64 10.34 69.41 NA
"66" 65 10.69 43.14 NA
"67" 66 10.35 48.49 NA
"68" 67 10.33 63.14 NA
"69" 68 10.59 30.57 NA
"70" 69 10.75 54.31 NA
"71" 70 10.45 66 NA
"72" 71 10.56 51.58 NA
"73" 72 10.8 46.05 NA
"74" 73 10.84 28.66 NA
"75" 74 10.54 61.35 NA
"76" 75 11.07 56.85 NA
"77" 76 10.99 68.44 NA
"78" 77 10.98 32.25 NA
"79" 78 11.11 36.33 NA
"80" 79 11.07 38.69 NA
"81" 80 11 59.52 NA
"82" 81 11.23 34.11 NA
"83" 82 11.48 64.8 NA
"84" 83 11.4 66.51 NA
"85" 84 11.52 40.88 NA
"86" 85 11.29 63.02 NA
"87" 86 11.67 49.65 NA
"88" 87 11.7 71.57 NA
"89" 88 11.91 52.35 NA
"90" 89 11.68 61.62 NA
"91" 90 12.03 25.86 NA
"92" 91 12.11 44.9 NA
"93" 92 12.04 27.56 NA
"94" 93 12.16 47.32 NA
"95" 94 11.74 59.09 NA
"96" 95 12.17 55.03 NA
"97" 96 12.21 30.42 NA
"98" 97 12.07 31.82 NA
"99" 98 12.35 42.7 NA
"100" 99 12.04 68.74 NA
"101" 100 12.43 38.34 NA
"102" 101 12.62 60.27 NA
"103" 102 12.54 35.5 NA
"104" 103 12.59 57.53 NA
"105" 104 12.6 28.48 NA
"106" 105 12.91 63.6 NA
"107" 106 12.49 71.26 NA
"108" 107 12.97 66.16 NA
"109" 108 13.17 33.15 NA
"110" 109 13.01 50.5 NA
"111" 110 12.88 69.07 NA
"112" 111 13.41 40.78 NA
"113" 112 13.4 53.37 NA
"114" 113 13.68 46.02 NA
"115" 114 13.42 24.49 NA
"116" 115 13.66 48.32 NA
"117" 116 13.67 29.99 NA
"118" 117 13.76 37.81 NA
"119" 118 13.76 43.61 NA
"120" 119 13.93 56.04 NA
"121" 120 13.41 61.77 NA
"122" 121 13.81 27.4 NA
"123" 122 13.87 71.32 NA
"124" 123 13.93 25.85 NA
"125" 124 14.09 58.64 NA
"126" 125 13.96 61.04 NA
"127" 126 14.07 68.5 NA
"128" 127 14.32 35.3 NA
"129" 128 14.47 65.39 NA
"130" 129 14.87 63 NA
"131" 130 14.45 50.61 NA
"132" 131 14.65 32.3 NA
"133" 132 14.5 75.55 NA
"134" 133 14.94 39.8 NA
"135" 134 14.88 42.39 NA
"136" 135 14.91 53.37 NA
"137" 136 15.1 48.01 NA
"138" 137 15.17 73.06 NA
"139" 138 15.14 28.62 NA
"140" 139 15.18 60.3 NA
"141" 140 15.24 45 NA
"142" 141 15.32 70.43 NA
"143" 142 15.41 37.23 NA
"144" 143 15.41 55.83 NA
"145" 144 15.4 76.59 NA
"146" 145 15.67 24.8 NA
"147" 146 15.62 67.33 NA
"148" 147 15.74 58.13 NA
"149" 148 15.83 31.1 NA
"150" 149 15.92 34.29 NA
"151" 150 15.79 51 NA
"152" 151 15.65 22.73 NA
"153" 152 16.15 64.44 NA
"154" 153 16.15 75.22 NA
"155" 154 16.13 42.18 NA
"156" 155 16.27 46.76 NA
"157" 156 16.34 53.66 NA
"158" 157 16.28 61.22 NA
"159" 158 16.5 39.55 NA
"160" 159 16.57 26.23 NA
"161" 160 16.35 72.95 NA
"162" 161 16.66 49.43 NA
"163" 162 16.77 29.14 NA
"164" 163 16.96 44.47 NA
"165" 164 16.8 68.74 NA
"166" 165 16.87 71.78 NA
"167" 166 16.89 37.03 NA
"168" 167 17.06 55.83 NA
"169" 168 16.97 20.45 NA
"170" 169 17.07 58.79 NA
"171" 170 16.89 61.71 NA
"172" 171 17.04 22.07 NA
"173" 172 17.23 23.97 NA
"174" 173 17.1 32.22 NA
"175" 174 16.99 77.28 NA
"176" 175 17.29 66.57 NA
"177" 176 17.49 52.48 NA
"178" 177 17.56 34.83 NA
"179" 178 17.53 41.67 NA
"180" 179 17.37 63.34 NA
"181" 180 17.35 74.57 NA
"182" 181 17.26 76.02 NA
"183" 182 17.61 47.82 NA
"184" 183 18.05 38.9 NA
"185" 184 17.78 26.92 NA
"186" 185 17.84 70.46 NA
"187" 186 18.11 50.25 NA
"188" 187 17.92 61.11 NA
"189" 188 18.02 19.82 NA
"190" 189 17.88 30.05 NA
"191" 190 18.16 72.38 NA
"192" 191 18.07 68.9 NA
"193" 192 17.84 75.87 NA
"194" 193 18.1 79.75 NA
"195" 194 18.35 45.95 NA
"196" 195 18.36 18.67 NA
"197" 196 18.26 57.58 NA
"198" 197 18.4 22.2 NA
"199" 198 17.98 78.34 NA
"200" 199 18.68 36.55 NA
"201" 200 18.42 32.59 NA
"202" 201 18.6 43.45 NA
"203" 202 18.66 77.46 NA
"204" 203 18.6 54.79 NA
"205" 204 18.2 65.61 NA
"206" 205 18.81 25.08 NA
"207" 206 18.46 29.76 NA
"208" 207 18.64 66.46 NA
"209" 208 18.58 75.87 NA
"210" 209 18.82 63.74 NA
"211" 210 19.13 74.49 NA
"212" 211 18.96 52.22 NA
"213" 212 19.02 40.76 NA
"214" 213 19 48.41 NA
"215" 214 19.09 70.25 NA
"216" 215 19.21 28.01 NA
"217" 216 19.19 67.99 NA
"218" 217 19.31 61.46 NA
"219" 218 19.42 59.02 NA
"220" 219 18.97 79.77 NA
"221" 220 19.64 72.29 NA
"222" 221 19.58 30.85 NA
"223" 222 19.65 33.89 NA
"224" 223 19.6 45.11 NA
"225" 224 19.67 56.53 NA
"226" 225 19.69 78.83 NA
"227" 226 19.73 20.09 NA
"228" 227 19.67 38.56 NA
"229" 228 19.91 50.38 NA
"230" 229 19.92 65.67 NA
"231" 230 20.04 23.14 NA
"232" 231 20.08 42.81 NA
"233" 232 20.11 53.56 NA
"234" 233 20.23 47.22 NA
"235" 234 20.24 36.13 NA
"236" 235 20.34 63.15 NA
"237" 236 19.9 68.7 NA
"238" 237 20.47 26.03 NA
"239" 238 20.09 76.66 NA
"240" 239 20.47 40.66 NA
"241" 240 20.4 75.11 NA
"242" 241 20.55 70.04 NA
"243" 242 20.63 17.61 NA
"244" 243 20.7 28.85 NA
"245" 244 20.62 60.58 NA
"246" 245 20.52 38.36 NA
"247" 246 20.69 80.39 NA
"248" 247 20.88 55.62 NA
"249" 248 20.97 31.53 NA
"250" 249 20.91 57.98 NA
"251" 250 20.95 67.57 NA
"252" 251 20.95 77.15 NA
"253" 252 20.92 44.84 NA
"254" 253 21.07 48.89 NA
"255" 254 21.15 51.53 NA
"256" 255 21.32 34 24.4673301926814
"257" 256 21.17 21.33 NA
"258" 257 21.13 72.55 NA
"259" 258 21.39 64.82 19.7402031796846
"260" 259 21.52 36.93 26.0828904528876
"261" 260 21.53 42.11 25.7189328137774
"262" 261 21.67 24.45 17.2201052010596
"263" 262 21.79 39.52 25.6334213885684
"264" 263 21.68 53.86 23.7627838014749
"265" 264 21.74 74.29 14.1644185602453
"266" 265 21.67 62.24 21.5716376448191
"267" 266 21.91 46.77 25.5837352947221
"268" 267 21.99 27.7 18.7376865538582
"269" 268 21.86 59.66 22.0952373814247
"270" 269 21.75 69.91 16.9431243517552
"271" 270 21.58 75.51 13.6622517214083
"272" 271 22.04 19.24 NA
"273" 272 22.18 79.48 NA
"274" 273 22.17 44.16 24.33113625009
"275" 274 22.22 56.29 23.1199609667554
"276" 275 22.22 30.86 20.9662326471928
"277" 276 22.23 49.4 24.2266298494605
"278" 277 22.25 67.55 18.1578527521313
"279" 278 22.39 72.25 15.9943675719117
"280" 279 22.49 51.86 22.0121048409746
"281" 280 22.21 65.92 18.3626530625657
"282" 281 22.38 76.57 13.0302846530028
"283" 282 22.58 34.76 23.6107014383166
"284" 283 22.75 63.36 21.3651235700453
"285" 284 22.53 21.8 14.3832451639109
"286" 285 22.69 84.59 NA
"287" 286 22.78 37.75 25.6025251947532
"288" 287 22.85 58.17 23.4935643471544
"289" 288 22.92 16.8 NA
"290" 289 22.89 41.86 24.7146904461686
"291" 290 22.77 65.44 20.1758614719813
"292" 291 22.99 22.93 15.4640726388476
"293" 292 22.97 60.9 22.3086953238922
"294" 293 22.96 54.08 22.0211879783516
"295" 294 22.99 81.4 NA
"296" 295 23.05 25.67 16.582129652683
"297" 296 23.12 82.99 NA
"298" 297 23.31 44.78 23.7602046725256
"299" 298 23.29 47.31 24.0560561985351
"300" 299 23.35 29.12 20.3747236023452
"301" 300 23.44 32.02 23.0995965538415
"302" 301 23.66 39.8 25.0271713573241
"303" 302 23.39 70.34 17.4399817984974
"304" 303 23.43 78.11 NA
"305" 304 23.5 73.01 15.2201844161572
"306" 305 23.48 67.89 19.3084913785022
"307" 306 23.59 19.89 NA
"308" 307 23.49 49.72 24.8646032718446
"309" 308 23.68 56.2 22.6591237346548
"310" 309 23.81 34.95 23.2168508893412
"311" 310 23.81 51.88 24.7655029659768
"312" 311 23.86 75.25 14.3491377145078
"313" 312 23.79 65.18 20.7857430566279
"314" 313 24.05 37.4 21.9892154606104
"315" 314 24.08 85.46 NA
"316" 315 24.06 58.36 22.9470212414912
"317" 316 24.01 62.8 20.8244053945905
"318" 317 24.26 41.9 26.0952065365369
"319" 318 24.25 23.79 14.7967614329283
"320" 319 24.14 60.51 22.9367159375246
"321" 320 24.19 53.97 23.8353160632541
"322" 321 24.33 79.58 NA
"323" 322 24.28 16.81 NA
"324" 323 24.36 27.16 18.1228049197109
"325" 324 24.47 82.01 NA
"326" 325 24.5 44.49 24.8843480555038
"327" 326 24.57 46.95 24.3645752666341
"328" 327 24.39 67.08 20.5542100800111
"329" 328 24.55 69.06 19.0954820023189
"330" 329 24.68 33.17 22.3076767567938
"331" 330 24.74 29.83 19.1048853637811
"332" 331 24.66 71.17 17.9755902200285
"333" 332 24.73 49.53 25.3456379639033
"334" 333 24.79 73.29 16.6855157923506
"335" 334 24.85 21.27 13.8717987117123
"336" 335 24.8 76.74 12.7475037950048
"337" 336 24.99 55.27 23.9252370520333
"338" 337 25.05 64.08 21.812497147256
"339" 338 24.9 66.17 21.6166606430899
"340" 339 25.06 52.22 25.8556957405218
"341" 340 25.16 35.84 23.7181228746536
"342" 341 25.29 38.32 24.7223662567894
"343" 342 25.22 57.45 24.3190271063295
"344" 343 25.18 61.69 23.6364362515294
"345" 344 25.52 40.43 24.1234271159732
"346" 345 25.19 59.5 24.0581697389978
"347" 346 25.41 25.76 15.8388439378998
"348" 347 25.48 84.28 NA
"349" 348 25.5 18.49 NA
"350" 349 25.5 42.88 25.1966935069225
"351" 350 25.51 15.25 NA
"352" 351 25.66 31.83 21.2802894711413
"353" 352 25.57 74.51 15.8475096555802
"354" 353 25.45 67.54 21.5436525552127
"355" 354 25.66 69.56 20.5476288825676
"356" 355 25.57 78.58 NA
"357" 356 25.72 81.27 NA
"358" 357 25.7 47.59 24.7563370770569
"359" 358 25.87 44.96 25.3457763604362
"360" 359 25.68 23.4 15.0759487867708
"361" 360 26.1 27.89 17.834774079558
"362" 361 25.87 50 24.7347178309102
"363" 362 25.87 71.81 19.7678820438708
"364" 363 25.91 65.3 21.941736283752
"365" 364 26.13 34.2 22.4218729130251
"366" 365 26.12 54.16 25.0530539982023
"367" 366 26.3 29.95 19.8513559764658
"368" 367 26.24 76.24 15.2427793082361
"369" 368 26.23 21.47 13.2688998678505
"370" 369 26.13 56.31 25.9386714905685
"371" 370 26.21 52.14 25.4775855317971
"372" 371 26.1 62.02 23.3546001911529
"373" 372 26.28 24.45 15.4956326221599
"374" 373 26.25 59.37 23.7729235190042
"375" 374 26.55 36.6 22.7623026685056
"376" 375 26.46 67.46 22.0091893400276
"377" 376 26.65 39.04 22.0782540329186
"378" 377 26.68 63.31 24.4053329890031
"379" 378 26.69 16.66 NA
"380" 379 26.83 85.92 NA
"381" 380 26.74 14.01 NA
"382" 381 26.74 73.2 18.5400177852854
"383" 382 26.72 41.78 22.5851039711855
"384" 383 26.79 46.17 24.5637351010952
"385" 384 26.88 69.84 21.0990922372141
"386" 385 26.85 78.95 NA
"387" 386 26.91 19.53 NA
"388" 387 26.84 48.46 25.3311254228582
"389" 388 26.94 82.45 NA
"390" 389 26.99 57.35 24.484345974575
"391" 390 27.09 32.04 21.1752704122516
"392" 391 27.1 50.74 25.7961739725412
"393" 392 27.17 26.51 16.894982275665
"394" 393 27.17 43.98 23.2280948411326
"395" 394 27.03 60.77 24.9174930206871
"396" 395 27.24 65.43 24.1874386763782
"397" 396 27.24 23.85 14.9033841656955
"398" 397 27.27 55.05 24.305228681223
"399" 398 27.35 34.61 21.3652503888551
"400" 399 27.33 52.97 26.6337929119588
"401" 400 27.53 75.32 17.3858003808417
"402" 401 27.34 58.86 24.7354365303633
"403" 402 27.47 29.37 18.6067732111002
"404" 403 27.72 71.42 19.7823657641202
"405" 404 27.78 12.46 NA
"406" 405 27.72 37.66 22.2135764164003
"407" 406 27.79 39.97 22.2605788918186
"408" 407 27.84 67.42 24.8421766912001
"409" 408 27.9 21.82 13.8473444333042
"410" 409 27.85 15.64 NA
"411" 410 27.84 46.89 24.5007281197477
"412" 411 27.84 63.24 24.0072876839507
"413" 412 27.96 18.6 NA
"414" 413 28.01 42.17 24.6255433828871
"415" 414 28.09 77.63 16.9428908323334
"416" 415 28.09 80.19 NA
"417" 416 28.03 49.13 24.7612309666477
"418" 417 28.15 61.16 26.6356148551446
"419" 418 28.13 83.43 NA
"420" 419 28.33 73.4 21.6295166560174
"421" 420 28.05 56.3 25.6111743923683
"422" 421 28.47 86.49 NA
"423" 422 28.22 51.55 26.5990507370162
"424" 423 28.26 59.08 28.1776448420256
"425" 424 28.45 69.36 24.034668562772
"426" 425 28.2 32.56 20.0643059301113
"427" 426 28.33 35.62 23.9927030108507
"428" 427 28.31 25.05 15.0099573424685
"429" 428 28.32 44.66 24.0007570302089
"430" 429 28.38 27.55 18.4349104296134
"431" 430 28.33 53.77 26.6221280630794
"432" 431 28.5 30.04 20.749595634631
"433" 432 28.58 65.12 25.8624781288573
"434" 433 28.83 57.14 27.3438070350593
"435" 434 28.89 14.37 NA
"436" 435 28.87 20.56 NA
"437" 436 29.13 75.41 18.5731929479602
"438" 437 29.01 17.37 NA
"439" 438 28.92 37.51 23.2291563892928
"440" 439 28.91 47.19 24.6466936459916
"441" 440 28.99 39.91 23.9708244022538
"442" 441 29.11 23.45 16.1750415099043
"443" 442 29.04 49.68 26.4892336390367
"444" 443 29.08 54.75 25.8112285150016
"445" 444 29.11 62.77 26.8455241275615
"446" 445 29.13 71.57 23.434517367032
"447" 446 29.11 33.82 21.6661953462647
"448" 447 29.09 42.48 23.8514424014551
"449" 448 29.19 67.02 27.1715193189726
"450" 449 29.27 81.32 NA
"451" 450 29.15 51.89 27.5877535620979
"452" 451 29.38 88.98 NA
"453" 452 29.42 77.6 17.0537594500355
"454" 453 29.4 26.39 17.8497717556628
"455" 454 29.41 31.32 22.2110453645522
"456" 455 29.36 45.04 25.4719839959705
"457" 456 29.44 60.48 24.9851031304364
"458" 457 29.51 28.79 20.7843793470048
"459" 458 29.64 84.12 NA
"460" 459 29.71 35.62 23.0461978408955
"461" 460 29.79 58.53 27.1483420376596
"462" 461 29.81 69.01 24.8551306027439
"463" 462 29.91 52.95 28.4852852084492
"464" 463 29.77 12.67 NA
"465" 464 29.86 64.61 26.9379401057589
"466" 465 29.92 73.49 20.8700212265017
"467" 466 29.81 19.43 NA
"468" 467 29.83 87.12 NA
"469" 468 29.88 41.24 25.0650935610504
"470" 469 29.83 48.09 26.4776943035633
"471" 470 29.91 56.2 28.1785182884629
"472" 471 30.04 21.94 15.4223971847464
"473" 472 29.94 38.22 24.0893188909146
"474" 473 30.15 79.18 NA
"475" 474 29.94 15.04 NA
"476" 475 30.06 16.65 NA
"477" 476 29.96 50.66 27.7504245606637
"478" 477 30.1 32.87 21.7868549098528
"479" 478 30.18 43.55 24.8132327199564
"480" 479 30.22 24.93 17.3924237776325
"481" 480 30.21 45.95 25.7504843694046
"482" 481 30.41 71.21 23.9545815890907
"483" 482 30.28 85.94 NA
"484" 483 30.54 54.7 28.7002811072339
"485" 484 30.36 62.19 25.8151890846335
"486" 485 30.49 27.67 20.2493983016284
"487" 486 30.44 30.17 20.8714642360722
"488" 487 30.55 66.52 25.2051308195874
"489" 488 30.58 39.8 25.0650750218555
"490" 489 30.78 75.72 19.9542230775538
"491" 490 30.67 36.46 22.874637755912
"492" 491 30.69 49.06 28.5441980592594
"493" 492 30.88 81.1 NA
"494" 493 30.87 18.95 NA
"495" 494 30.78 34.49 23.52865659205
"496" 495 30.87 59.95 26.6865237167462
"497" 496 30.79 13.9 NA
"498" 497 30.89 57.47 27.8467553098018
"499" 498 31 23.48 17.3949026638013
"500" 499 30.85 41.93 27.0879925144045
"501" 500 30.96 51.22 29.3528876735418
"502" 501 30.99 87.84 NA
"503" 502 30.96 46.95 28.0890685485859
"504" 503 31.1 68.57 24.3849594215187
"505" 504 31.14 83.79 NA
"506" 505 31.07 32.17 22.9090606215039
"507" 506 31.17 64.31 25.4730077550124
"508" 507 31.14 44.61 27.9286244816012
"509" 508 31.26 73.15 21.6426220192064
"510" 509 31.29 21.46 15.8014790291466
"511" 510 31.3 38.21 24.6578713622303
"512" 511 31.43 53.42 29.2825475934921
"513" 512 31.23 77.8 18.4456286699833
"514" 513 31.39 25.56 19.0724412495888
"515" 514 31.31 86.5 NA
"516" 515 31.5 30.17 22.7852370342388
"517" 516 31.71 27.78 21.0078762495804
"518" 517 31.61 62.03 25.5213780020242
"519" 518 31.63 70.64 23.8859333988071
"520" 519 31.74 17.32 NA
"521" 520 31.9 12.62 NA
"522" 521 31.76 55.57 29.1206552303868
"523" 522 31.72 40.51 25.344594695543
"524" 523 31.76 33.72 22.7405897662061
"525" 524 31.8 42.81 27.0534689628327
"526" 525 31.89 36.04 24.0119775971915
"527" 526 31.83 49.21 29.562909417131
"528" 527 31.97 66.33 25.4189215201505
"529" 528 31.98 57.93 27.0266858858108
"530" 529 32.14 88.56 NA
"531" 530 32.01 46.72 29.8165429690798
"532" 531 32.07 51.72 29.7639478336512
"533" 532 32.32 9.58 NA
"534" 533 32.1 59.99 27.2432923262366
"535" 534 32.28 74.22 22.4973767260395
"536" 535 32.2 76.2 20.5982387967776
"537" 536 32.33 23.07 17.7955183460017
"538" 537 32.14 80.9 NA
"539" 538 32.37 20.27 NA
"540" 539 32.11 84.52 NA
"541" 540 32.51 31.78 23.6343234721179
"542" 541 32.31 68.64 25.4775805759661
"543" 542 32.43 44.82 29.1200940901318
"544" 543 32.34 63.82 25.6456012253359
"545" 544 32.63 15.5 NA
"546" 545 32.53 38.27 27.0713384970046
"547" 546 32.65 71.8 25.3530191099385
"548" 547 32.62 78.04 NA
"549" 548 32.71 25.59 20.7035129632253
"550" 549 32.82 29.64 22.5831876373995
"551" 550 32.76 48.38 28.3714962214049
"552" 551 32.87 54.72 27.217383473982
"553" 552 32.93 61.3 26.6702898666407
"554" 553 32.87 33.95 25.5823598736015
"555" 554 33.1 85.81 NA
"556" 555 32.94 40.46 28.5573446519861
"557" 556 32.86 42.67 28.7288012964377
"558" 557 33.16 82.33 NA
"559" 558 32.99 52.81 31.2310092883255
"560" 559 32.93 56.83 27.1499439549144
"561" 560 33.09 50.67 28.6560180654982
"562" 561 33.14 18.19 NA
"563" 562 33.12 27.54 22.2251682390835
"564" 563 33.26 36.22 26.4057169305909
"565" 564 33.23 65.22 25.4934705509054
"566" 565 33.33 13.1 NA
"567" 566 33.31 90.29 NA
"568" 567 33.26 79.59 NA
"569" 568 33.31 59.03 26.6251284567128
"570" 569 33.29 69.7 26.1011218785016
"571" 570 33.42 46.57 30.3719016645287
"572" 571 33.37 67.32 26.3467865121559
"573" 572 33.4 75.95 23.1202208182535
"574" 573 33.55 63.04 27.8822617084576
"575" 574 33.41 73.72 25.8544398672179
"576" 575 33.62 23.86 18.5114787769559
"577" 576 33.74 21.28 17.7304299526325
"578" 577 33.7 44.5 28.3104594063171
"579" 578 33.81 10.36 NA
"580" 579 33.79 38.34 25.9018111030333
"581" 580 33.71 48.71 27.6555068954507
"582" 581 33.9 31.43 23.3593827021201
"583" 582 34.02 88.72 NA
"584" 583 34.03 42.51 28.8078557032922
"585" 584 34.01 71.29 26.0083805612032
"586" 585 34.21 78.06 NA
"587" 586 34.17 15.91 NA
"588" 587 34 54.25 27.2399079313327
"589" 588 34.18 86.91 NA
"590" 589 34.05 34 23.6013041376243
"591" 590 34.17 28.78 24.1554753539849
"592" 591 34.29 26.29 21.4065815081728
"593" 592 34.17 52.21 29.2702597151382
"594" 593 34.04 56.67 26.5621755001918
"595" 594 34.19 40.38 26.3509217950013
"596" 595 34.33 61.07 28.5561741801717
"597" 596 34.33 18.87 NA
"598" 597 34.32 68.44 29.2902149281349
"599" 598 34.43 50.1 28.9133335374484
"600" 599 34.43 65.74 27.1960615245529
"601" 600 34.49 83.93 NA
"602" 601 34.35 73.27 29.0773363585393
"603" 602 34.5 58.92 27.9365489629609
"604" 603 34.58 80.96 NA
"605" 604 34.65 93.14 NA
"606" 605 34.51 36.38 26.9653747756049
"607" 606 34.76 75.13 26.2199669968034
"608" 607 34.62 45.77 27.6191706800262
"609" 608 34.75 47.78 29.3621028988684
"610" 609 34.68 63.26 27.3022374678268
"611" 610 34.5 11.8 NA
"612" 611 34.81 13.27 NA
"613" 612 34.94 8.87 NA
"614" 613 34.91 23.66 19.9137898884098
"615" 614 35.16 32.47 24.4373496982651
"616" 615 35.02 55.69 30.1029915548732
"617" 616 35.13 90.25 NA
"618" 617 35.07 20.96 NA
"619" 618 35.2 43.94 28.7231444541771
"620" 619 35.17 69.26 30.7711560474476
"621" 620 35.16 30.27 24.2063278358102
"622" 621 35.15 38.8 26.7477601331921
"623" 622 35.25 53.72 29.8993118790753
"624" 623 35.14 71.66 30.2869844253375
"625" 624 35.2 41.48 28.2412938902447
"626" 625 35.28 34.59 25.7803127449532
"627" 626 35.31 17.54 NA
"628" 627 35.36 51.43 28.6836906742821
"629" 628 35.22 66.86 31.1133512627769
"630" 629 35.47 77.14 31.0061190605122
"631" 630 35.44 85.94 NA
"632" 631 35.57 28.13 21.9387966557057
"633" 632 35.5 57.68 28.9981883349719
"634" 633 35.54 25.76 21.2575396743311
"635" 634 35.37 87.96 NA
"636" 635 35.45 64.51 30.3027577335139
"637" 636 35.57 60 29.3387231641168
"638" 637 35.72 79.59 NA
"639" 638 35.66 49.03 29.9091276405122
"640" 639 35.83 14.88 NA
"641" 640 35.6 62.06 30.4883989097656
"642" 641 35.7 36.54 26.3530531266724
"643" 642 35.79 46.55 29.2676329932585
"644" 643 36.03 73.17 35.1381578815928
"645" 644 35.92 82.76 NA
"646" 645 35.95 11.85 NA
"647" 646 36.28 92 NA
"648" 647 36.19 22.25 19.8292043588049
"649" 648 36.24 19.44 NA
"650" 649 36.24 7.48 NA
"651" 650 36.27 67.76 33.6575558186906
"652" 651 36.2 39.95 28.3528023489405
"653" 652 36.31 75.38 39.1157612505583
"654" 653 36.24 55.76 30.3502677951283
"655" 654 36.37 65.45 32.7295708116205
"656" 655 36.36 70.4 34.6482567125415
"657" 656 36.35 9.04 NA
"658" 657 36.28 31.15 23.6289765251404
"659" 658 36.26 42.41 28.5824873152367
"660" 659 36.29 52.96 29.7420785531561
"661" 660 36.59 24.38 20.7050207701362
"662" 661 36.41 33.64 25.6242914441471
"663" 662 36.44 37.84 28.0270519528276
"664" 663 36.43 44.53 28.4820280828153
"665" 664 36.55 62.97 31.3907832215419
"666" 665 36.5 50.5 31.7555835880152
"667" 666 36.6 17.03 NA
"668" 667 36.48 58.35 32.1305211459044
"669" 668 36.76 88.68 NA
"670" 669 36.55 60.43 32.0837956142819
"671" 670 36.81 85.38 NA
"672" 671 36.69 26.65 22.3002297859148
"673" 672 36.86 29.31 24.0996514255369
"674" 673 36.78 48.14 30.1346637304216
"675" 674 36.9 77.47 42.7894678439878
"676" 675 36.99 35.88 28.6613852426586
"677" 676 36.96 80.34 NA
"678" 677 37.2 45.92 29.0820574506931
"679" 678 37.27 15.01 NA
"680" 679 37.12 54.28 31.5458317579005
"681" 680 37.2 40.94 28.3501645044822
"682" 681 37.32 72.03 43.0424386793531
"683" 682 37.32 11.72 NA
"684" 683 37.3 74.1 46.190151565363
"685" 684 37.31 20.67 NA
"686" 685 37.18 56.49 32.3020631496087
"687" 686 37.32 51.93 32.2068940306649
"688" 687 37.44 68.87 42.7815064920949
"689" 688 37.47 83.28 NA
"690" 689 37.46 93.69 NA
"691" 690 37.49 31.72 25.6170602815312
"692" 691 37.44 38.35 28.1877539906821
"693" 692 37.53 59.14 34.5400698093647
"694" 693 37.55 43.46 28.8055528533678
"695" 694 37.62 8.61 NA
"696" 695 37.51 49.64 31.3154934697303
"697" 696 37.61 61.64 36.0351305210452
"698" 697 37.67 22.9 21.2312381123802
"699" 698 37.68 27.46 24.7563074343362
"700" 699 37.67 66.65 39.4196741694117
"701" 700 37.62 34.03 26.8125011848213
"702" 701 37.67 64.4 38.0146910158696
"703" 702 37.78 18.28 NA
"704" 703 37.94 90.62 NA
"705" 704 37.91 24.99 23.2191055377864
"706" 705 37.89 47.23 30.8136964445278
"707" 706 38.12 75.76 56.0208286783079
"708" 707 38.15 78.34 NA
"709" 708 38.27 87.1 NA
"710" 709 38.16 54.83 33.9837271856258
"711" 710 38.11 57.12 34.4770159150377
"712" 711 38.17 70.58 50.7707941595035
"713" 712 37.96 88.57 NA
"714" 713 38.21 29.33 26.9740496782819
"715" 714 38.29 36.09 28.3976055366981
"716" 715 38.2 41.43 28.9337018559368
"717" 716 38.42 81.46 NA
"718" 717 38.28 13.49 NA
"719" 718 38.35 38.94 29.7709136182677
"720" 719 38.31 45.1 31.9627324189418
"721" 720 38.45 50.95 35.5629473783582
"722" 721 38.49 48.79 31.7677404690393
"723" 722 38.54 73.12 60.0616946193579
"724" 723 38.53 16.14 NA
"725" 724 38.45 21.27 22.0652070563811
"726" 725 38.68 63.26 46.2486616514971
"727" 726 38.7 6.43 NA
"728" 727 38.5 11.2 NA
"729" 728 38.62 33.51 27.9896964844302
"730" 729 38.87 84.83 NA
"731" 730 38.72 31.2 27.0770037249158
"732" 731 38.77 60.98 42.390273022008
"733" 732 38.69 8.44 NA
"734" 733 38.78 68.25 54.1416630931197
"735" 734 38.79 93.75 NA
"736" 735 38.73 26.52 25.7991522436349
"737" 736 38.79 42.93 32.0128634046997
"738" 737 38.78 65.63 49.9161316210827
"739" 738 38.89 58.87 40.3304239384933
"740" 739 39 52.93 37.5525346859737
"741" 740 38.93 23.48 23.8754984565113
"742" 741 38.95 18.83 NA
"743" 742 39.01 46.84 33.5378031769542
"744" 743 39.1 91.91 NA
"745" 744 39.12 37.44 31.5517048843368
"746" 745 39.1 40.27 31.8372518233035
"747" 746 39.31 79.47 NA
"748" 747 39.34 56.81 45.0759395316483
"749" 748 39.23 28.29 28.2682000071665
"750" 749 39.3 70.91 70.005329920203
"751" 750 39.4 74.87 84.7430768776212
"752" 751 39.23 12.84 NA
"753" 752 39.37 44.72 34.0186114568402
"754" 753 39.4 54.81 40.2115921464064
"755" 754 39.55 77.15 85.5074870557019
"756" 755 39.48 88.82 NA
"757" 756 39.46 14.6 NA
"758" 757 39.5 21.16 24.7119788029375
"759" 758 39.47 34.93 29.8440600285551
"760" 759 39.6 8.9 NA
"761" 760 39.58 25.18 28.0023270057946
"762" 761 39.51 10.43 NA
"763" 762 39.54 32.53 28.3077122023988
"764" 763 39.69 49 38.2697698332283
"765" 764 39.74 29.97 28.3731495002986
"766" 765 39.8 17 NA
"767" 766 39.81 51.18 41.0715589864798
"768" 767 39.77 82.24 NA
"769" 768 39.85 62.28 62.9280712679885
"770" 769 39.85 64.51 66.8751875014246
"771" 770 39.9 66.79 77.4081821049609
"772" 771 39.82 7.01 NA
"773" 772 40.02 39.12 34.5728833164016
"774" 773 39.91 42.27 34.8093675796932
"775" 774 40.07 72.95 94.6375086108469
"776" 775 39.96 60 58.3642309545877
"777" 776 40.08 69.08 91.5204463469199
"778" 777 39.94 11.36 NA
"779" 778 40.19 36.75 34.5431943307364
"780" 779 40.34 22.85 29.4678972418748
"781" 780 40.25 86.11 NA
"782" 781 40.02 5.54 NA
"783" 782 40.23 27.42 30.8783454582182
"784" 783 40.27 46.93 37.9200550456404
"785" 784 40.26 84.44 NA
"786" 785 40.3 19.41 NA
"787" 786 40.32 53.21 54.6175307849134
"788" 787 40.25 91.28 NA
"789" 788 40.52 12.94 NA
"790" 789 40.32 57.93 60.7195058633743
"791" 790 40.22 93.31 NA
"792" 791 40.47 55.77 58.0599851826048
"793" 792 40.55 31.39 35.5616233420803
"794" 793 40.48 44.56 38.9281469735128
"795" 794 40.66 33.73 36.5402980314036
"796" 795 40.56 79.44 NA
"797" 796 40.42 6.73 NA
"798" 797 40.85 15.31 NA
"799" 798 40.77 71.22 116.970902457219
"800" 799 40.63 75.76 107.67218178318
"801" 800 40.79 25.05 32.7601737911067
"802" 801 40.8 50.06 51.97844170481
"803" 802 40.81 87.81 NA
"804" 803 41.04 10.08 NA
"805" 804 40.92 40.5 44.5254631871191
"806" 805 41.1 29.41 40.4222336731058
"807" 806 41.11 63.23 98.7697014282975
"808" 807 41.05 65.33 107.371917411516
"809" 808 41 82.42 NA
"810" 809 40.98 61.25 88.5200962860196
"811" 810 41.14 67.59 119.08576560345
"812" 811 41.33 20.68 NA
"813" 812 41.23 35.62 43.6241017314565
"814" 813 41.19 59.13 81.9434413427061
"815" 814 41.23 90.02 NA
"816" 815 41.25 18.01 NA
"817" 816 41.32 73.66 142.91252884239
"818" 817 41.33 47.95 55.9197667924015
"819" 818 41.31 77.7 124.106687936165
"820" 819 41.35 42.88 50.5945616496758
"821" 820 41.29 54.36 71.0315075758227
"822" 821 41.44 38.01 49.1830888451852
"823" 822 41.42 52.04 68.4803077727967
"824" 823 41.43 93.54 NA
"825" 824 41.45 27.3 42.5972224663283
"826" 825 41.27 86.25 NA
"827" 826 41.52 45.61 53.981237720249
"828" 827 41.65 69.75 140.293393836812
"829" 828 41.74 8.06 NA
"830" 829 41.54 57.02 87.8370718653865
"831" 830 41.67 22.89 41.3050778939903
"832" 831 41.73 31.75 50.9764250580912
"833" 832 41.95 84.19 NA
"834" 833 41.99 80.75 NA
"835" 834 41.89 12.8 NA
"836" 835 41.96 25.27 48.1409027008637
"837" 836 42.03 33.77 59.6324197735635
"838" 837 41.99 49.98 72.7872120631559
"839" 838 42.13 75.63 148.394900551632
"840" 839 42.02 16.11 NA
"841" 840 42.16 71.8 164.723473619522
"842" 841 42.09 40.34 63.4988401437216
"843" 842 42.1 60.83 117.039720819585
"844" 843 42.21 63.98 132.489568592483
"845" 844 42.25 66.07 151.231650127692
"846" 845 42.2 87.85 NA
"847" 846 42.36 55.37 111.64726266186
"848" 847 42.35 58.71 115.621201756452
"849" 848 42.47 68.28 156.683508628055
"850" 849 42.43 29.93 64.8313747569241
"851" 850 42.34 35.88 64.1342062310975
"852" 851 42.43 53.36 100.096838072929
"853" 852 42.39 78.17 NA
"854" 853 42.45 18.84 NA
"855" 854 42.42 91.17 NA
"856" 855 42.46 42.69 68.4882959473064
"857" 856 42.64 27.8 66.0411253453387
"858" 857 42.68 21.21 57.0678254865678
"859" 858 42.64 47.47 84.2809838096504
"860" 859 42.66 73.73 177.229355059467
"861" 860 42.73 45.03 80.1998084814189
"862" 861 42.8 14.25 NA
"863" 862 42.72 38.26 79.2171037311835
"864" 863 42.86 62.38 145.929161143704
"865" 864 42.87 51.67 105.793906906669
"866" 865 42.77 6.15 NA
"867" 866 42.82 9.75 NA
"868" 867 42.9 23.62 67.5374716376132
"869" 868 43.15 94.27 NA
"870" 869 42.84 8.08 NA
"871" 870 43.13 31.72 83.8229010810095
"872" 871 43.04 57 138.609129194718
"873" 872 43.06 70.21 175.705011804339
"874" 873 43.12 84.91 NA
"875" 874 43.3 11.93 NA
"876" 875 43.11 25.83 79.4870365011776
"877" 876 43.23 82.06 NA
"878" 877 43.18 49.62 103.520018177442
"879" 878 43.26 16.82 NA
"880" 879 43.22 33.91 92.112518889049
"881" 880 43.27 79.5 NA
"882" 881 43.36 40.54 105.059405679921
"883" 882 43.37 60.73 166.688357504354
"884" 883 43.35 66.78 194.05765907886
"885" 884 43.44 88.15 NA
"886" 885 43.46 64.38 166.732194397034
"887" 886 43.34 76.74 160.160304615911
"888" 887 43.48 36.46 98.2223574825135
"889" 888 43.48 58.75 146.676356880736
"890" 889 43.58 72.2 190.432269759952
"891" 890 43.57 29.18 95.7142581735456
"892" 891 43.57 55.24 145.758503314678
"893" 892 43.73 74.57 182.169419020521
"894" 893 43.77 91.42 NA
"895" 894 43.73 19.61 NA
"896" 895 43.7 43.05 107.75375748462
"897" 896 43.72 53.27 143.96832603172
"898" 897 43.89 22.22 89.5597238957094
"899" 898 43.97 45.63 121.492309388143
"900" 899 43.99 68.52 203.439218947734
"901" 900 44.02 8.48 NA
"902" 901 44.01 48.04 130.292371572083
"903" 902 44.16 38.71 123.931682640152
"904" 903 44.13 14.21 NA
"905" 904 44.16 27.07 110.323101375938
"906" 905 44.19 24.6 104.606957767866
"907" 906 44.18 51.03 154.959494507881
"908" 907 44.18 62.44 181.609168426258
"909" 908 44.37 32.57 126.046278561459
"910" 909 44.28 85.95 NA
"911" 910 44.34 34.65 121.510217526281
"912" 911 44.35 57.39 173.210826666327
"913" 912 44.38 30.53 124.441526318267
"914" 913 44.41 70.44 192.948780746302
"915" 914 44.34 79.88 NA
"916" 915 44.5 83.13 NA
"917" 916 44.44 66.22 193.861274593935
"918" 917 44.4 76.96 170.457873155425
"919" 918 44.47 16.86 NA
"920" 919 44.39 59.78 190.348577404895
"921" 920 44.67 41.01 138.002299543153
"922" 921 44.62 55.26 166.689549888495
"923" 922 44.76 11.61 NA
"924" 923 44.84 36.92 142.57238831615
"925" 924 44.69 64.27 193.777053284275
"926" 925 44.8 72.34 200.898663751913
"927" 926 44.72 95.6 NA
"928" 927 44.51 10.2 NA
"929" 928 44.95 92.85 NA
"930" 929 45.08 21.19 112.031029219842
"931" 930 44.97 88.95 NA
"932" 931 45 28.59 135.186004575175
"933" 932 44.9 43.4 149.560610025212
"934" 933 44.99 19.04 NA
"935" 934 44.95 53.09 170.836750976697
"936" 935 44.9 74.5 194.047329316681
"937" 936 45.02 5.93 NA
"938" 937 45.05 49.18 152.682428790951
"939" 938 45.08 46.33 155.467207653648
"940" 939 45.15 23.31 132.296589564606
"941" 940 45.12 61.25 200.557255895205
"942" 941 45.05 68.38 202.306389733514
"943" 942 45.3 25.9 142.347382273662
"944" 943 45.33 14.69 NA
"945" 944 45.38 51.24 172.473079354657
"946" 945 45.37 59.01 193.878491652402
"947" 946 45.48 77.96 NA
"948" 947 45.5 34.95 166.339974799606
"949" 948 45.53 39.21 153.728922830443
"950" 949 45.43 85.68 NA
"951" 950 45.57 30.72 158.52066050627
"952" 951 45.46 56.84 189.348833377659
"953" 952 45.45 62.93 213.443965297367
"954" 953 45.56 80.62 NA
"955" 954 45.62 32.92 153.363687698653
"956" 955 45.67 9.28 NA
"957" 956 45.59 70.48 207.800160951
"958" 957 45.52 65.79 204.490554086569
"959" 958 45.7 54.58 196.086328309711
"960" 959 45.8 17.15 NA
"961" 960 45.86 83.1 NA
"962" 961 45.87 75.52 180.179649551639
"963" 962 45.87 44.15 178.658792878507
"964" 963 45.96 12.48 NA
"965" 964 46.03 41.52 176.359186387873
"966" 965 46.07 72.91 196.019299842791
"967" 966 46.07 27.81 176.230480082168
"968" 967 46.01 47.95 175.432265601047
"969" 968 46.03 68.07 206.472773458346
"970" 969 46.12 95.07 NA
"971" 970 46.07 36.89 171.457982020734
"972" 971 46.18 19.78 NA
"973" 972 46.17 23.88 154.808649795097
"974" 973 46.2 52.38 196.570364690452
"975" 974 46.02 86.96 NA
"976" 975 46.14 60.86 202.677914506559
"977" 976 46.28 63.91 206.987369262983
"978" 977 46.3 92.04 NA
"979" 978 46.38 50.13 190.982150676637
"980" 979 46.52 6.35 NA
"981" 980 46.38 58.47 207.509805460872
"982" 981 46.5 88.6 NA
"983" 982 46.51 45.8 183.251566362817
"984" 983 46.45 56.26 202.150148641906
"985" 984 46.59 25.89 165.300830359886
"986" 985 46.67 79.08 NA
"987" 986 46.59 15.05 NA
"988" 987 46.69 21.95 154.525453252128
"989" 988 46.7 29.54 189.39435875385
"990" 989 46.63 66.07 210.577335290992
"991" 990 46.67 31.62 195.687131360261
"992" 991 46.67 34.06 188.853383117848
"993" 992 46.7 70.46 196.545112082698
"994" 993 46.74 10.2 NA
"995" 994 47.03 97.18 NA
"996" 995 46.76 38.84 192.095224759493
"997" 996 46.78 54.1 213.328331177649
"998" 997 46.98 76.81 177.102562327435
"999" 998 46.89 84.95 NA
"1000" 999 46.9 43.21 190.755323838743
"1001" 1000 46.94 17.54 NA
"1002" 1001 47.16 81.58 NA
"1003" 1002 47.06 62.18 210.577328406394
"1004" 1003 47.12 74.45 195.465398474954
"1005" 1004 47.17 36.31 208.883816351219
"1006" 1005 47.07 47.85 202.496405944948
"1007" 1006 47.17 68.17 211.754754350756
"1008" 1007 47.24 60.26 211.642693024151
"1009" 1008 47.25 40.97 189.19073730936
"1010" 1009 47.25 51.96 204.568108208276
"1011" 1010 47.29 12.64 NA
"1012" 1011 47.3 24.08 162.676260729183
"1013" 1012 47.3 27.37 185.317167622341
"1014" 1013 47.35 20.03 NA
"1015" 1014 47.51 72.19 208.334475546191
"1016" 1015 47.48 64.13 214.639016896184
"1017" 1016 47.44 58.23 215.471307924032
"1018" 1017 47.51 56.07 217.110022718951
"1019" 1018 47.59 91.95 NA
"1020" 1019 47.49 4.52 NA
"1021" 1020 47.64 7.83 NA
"1022" 1021 47.57 49.88 210.583741497686
"1023" 1022 47.47 5.85 NA
"1024" 1023 47.7 32.2 193.774975344402
"1025" 1024 47.64 45.05 203.984250134532
"1026" 1025 47.8 34.44 195.568856067597
"1027" 1026 47.73 87.53 NA
"1028" 1027 47.75 15.09 NA
"1029" 1028 47.8 29.77 195.727303605905
"1030" 1029 47.9 38.06 197.480554891059
"1031" 1030 48 22.58 176.743244422361
"1032" 1031 47.93 66.24 204.269140740595
"1033" 1032 47.95 53.91 221.669448956225
"1034" 1033 48.03 70.21 198.284060586441
"1035" 1034 47.95 78.83 NA
"1036" 1035 48.12 10.46 NA
"1037" 1036 47.99 17.78 NA
"1038" 1037 48.15 83.94 NA
"1039" 1038 48.27 25.03 190.78368414817
"1040" 1039 48.26 42.83 206.235840804698
"1041" 1040 48.17 47.3 211.949451007484
"1042" 1041 48.22 76.2 181.518567986077
"1043" 1042 48.31 40.34 198.669017541569
"1044" 1043 48.37 62.3 219.448096141994
"1045" 1044 48.28 27.34 203.642779366812
"1046" 1045 48.41 73.8 195.168532966416
"1047" 1046 48.37 60.3 213.019743852626
"1048" 1047 48.45 20.39 NA
"1049" 1048 48.4 68.25 203.893736084369
"1050" 1049 48.57 4.25 NA
"1051" 1050 48.49 51.77 221.405231669001
"1052" 1051 48.53 81.4 NA
"1053" 1052 48.64 95.85 NA
"1054" 1053 48.71 36.02 203.849085382036
"1055" 1054 48.49 57.85 229.104751500192
"1056" 1055 48.7 12.9 NA
"1057" 1056 48.66 90.56 NA
"1058" 1057 48.71 49.44 211.298091529571
"1059" 1058 48.71 64.55 213.70132711673
"1060" 1059 48.85 31.27 220.051771902238
"1061" 1060 48.76 55.75 210.401215936804
"1062" 1061 48.53 6.05 NA
"1063" 1062 48.86 7.23 NA
"1064" 1063 48.89 33.54 209.976829381764
"1065" 1064 48.84 45.19 214.25194555966
"1066" 1065 48.87 15.6 NA
"1067" 1066 48.91 71.59 190.713605193917
"1068" 1067 48.97 86.5 NA
"1069" 1068 48.95 93.52 NA
"1070" 1069 49.06 29.03 208.021391305299
"1071" 1070 49.15 79.43 NA
"1072" 1071 48.97 8.9 NA
"1073" 1072 49.17 18.27 NA
"1074" 1073 49.15 38.37 208.468806398441
"1075" 1074 49.16 53.77 223.14354338112
"1076" 1075 49.35 77.29 184.960064479663
"1077" 1076 49.24 22.09 190.074741265568
"1078" 1077 49.3 67.05 210.44447248083
"1079" 1078 49.49 24.06 197.683411237898
"1080" 1079 49.31 26.47 207.621494873904
"1081" 1080 49.31 59.14 219.026248544932
"1082" 1081 49.46 75.2 190.367544202153
"1083" 1082 49.46 69.43 201.618402482994
"1084" 1083 49.45 10.3 NA
"1085" 1084 49.43 40.86 206.546924067771
"1086" 1085 49.43 47.32 210.141317440551
"1087" 1086 49.56 83.55 NA
"1088" 1087 49.57 43.3 221.665202844971
"1089" 1088 49.54 63.01 212.623688171125
"1090" 1089 49.7 61 219.000427162101
"1091" 1090 49.66 57.08 226.054931115258
"1092" 1091 49.69 73.26 189.079245363863
"1093" 1092 49.66 89.43 NA
"1094" 1093 49.83 20.17 NA
"1095" 1094 49.68 51.93 216.1331369152
"1096" 1095 49.78 93.72 NA
"1097" 1096 49.85 49.86 207.881737060406
"1098" 1097 49.79 65.22 220.017943560109
"1099" 1098 50.03 4.31 NA
"1100" 1099 49.96 13.59 NA
"1101" 1100 49.93 32.24 222.619511274729
"1102" 1101 49.96 36.42 203.737696653087
"1103" 1102 50.08 81.22 NA
"1104" 1103 50.02 34.31 209.250336840902
"1105" 1104 49.9 6.57 NA
"1106" 1105 49.96 16.2 NA
"1107" 1106 50.09 30.19 216.795648185444
"1108" 1107 50.1 55.26 217.344815068777
"1109" 1108 49.99 8.21 NA
"1110" 1109 50.2 28 208.980720257854
"1111" 1110 50.24 45.28 201.338694114922
"1112" 1111 50.18 71.4 189.542923287101
"1113" 1112 50.22 86.44 NA
"1114" 1113 50.3 38.83 206.735987916778
"1115" 1114 50.34 25.74 207.114709075427
"1116" 1115 50.45 78.7 NA
"1117" 1116 50.46 21.93 190.21180128621
"1118" 1117 50.37 59 209.483613027345
"1119" 1118 50.51 41.44 217.636501525635
"1120" 1119 50.5 53.44 206.270104050086
"1121" 1120 50.5 11.26 NA
"1122" 1121 50.53 18.27 NA
"1123" 1122 50.52 47.53 212.004600667763
"1124" 1123 50.58 67.28 210.974765223388
"1125" 1124 50.67 1.66 NA
"1126" 1125 50.62 76.28 182.94670332029
"1127" 1126 50.64 62.79 214.247219935769
"1128" 1127 50.72 69.39 196.599226471979
"1129" 1128 50.8 23.79 192.113340994727
"1130" 1129 50.88 43.46 217.776672125478
"1131" 1130 50.79 57.06 216.685473119837
"1132" 1131 50.94 93.38 NA
"1133" 1132 50.82 51.25 213.440437805257
"1134" 1133 50.8 65.07 206.396360761792
"1135" 1134 50.84 73.9 189.17701491456
"1136" 1135 50.84 90.02 NA
"1137" 1136 50.88 6.2 NA
"1138" 1137 50.91 83.65 NA
"1139" 1138 50.99 32.3 207.122413219219
"1140" 1139 51.02 60.62 207.539427678279
"1141" 1140 51.08 8.97 NA
"1142" 1141 51.03 15.75 NA
"1143" 1142 51.09 37.07 200.800662787252
"1144" 1143 51.11 49.23 204.709181522937
"1145" 1144 51.16 29.56 218.163312790631
"1146" 1145 51.11 34.82 214.80100897061
"1147" 1146 51.33 20.18 NA
"1148" 1147 51.33 13.34 NA
"1149" 1148 51.41 27.47 212.708526605466
"1150" 1149 51.26 71.53 192.390433423343
"1151" 1150 51.26 88.11 NA
"1152" 1151 51.43 3.25 NA
"1153" 1152 51.36 80.76 NA
"1154" 1153 51.39 39.58 204.512396164391
"1155" 1154 51.36 54.57 212.636444605063
"1156" 1155 51.43 25.58 204.497986895262
"1157" 1156 51.4 86.48 NA
"1158" 1157 51.55 46.12 202.444476715374
"1159" 1158 51.65 58.8 195.662033566463
"1160" 1159 51.62 17.97 NA
"1161" 1160 51.73 22.01 199.931823484317
"1162" 1161 51.75 52.76 203.878870807214
"1163" 1162 51.68 78.07 NA
"1164" 1163 51.83 41.72 194.657157928171
"1165" 1164 51.74 62.13 193.226082924229
"1166" 1165 51.75 66.58 182.991250393636
"1167" 1166 51.76 75.75 185.359862633534
"1168" 1167 51.76 64.25 192.048661253779
"1169" 1168 51.82 56.2 209.088957863813
"1170" 1169 51.96 11.43 NA
"1171" 1170 51.95 30.72 209.194615205768
"1172" 1171 51.75 5.69 NA
"1173" 1172 51.92 68.84 191.088648352908
"1174" 1173 52.01 23.97 200.734653939277
"1175" 1174 52.05 44.05 204.935836165613
"1176" 1175 52.04 48.31 200.259810395874
"1177" 1176 52.02 73.38 171.209986542868
"1178" 1177 52.03 33.2 214.215926445641
"1179" 1178 52.05 50.73 196.32399403154
"1180" 1179 52.05 84.6 NA
"1181" 1180 52.04 91.19 NA
"1182" 1181 52.16 35.51 197.162849539847
"1183" 1182 52.2 15.18 NA
"1184" 1183 52.23 37.86 194.69913671597
"1185" 1184 52.28 7.93 NA
"1186" 1185 52.35 94.17 NA
"1187" 1186 52.43 28.57 190.666088153385
"1188" 1187 52.35 71.17 172.510927202338
"1189" 1188 52.44 82 NA
"1190" 1189 52.29 9.68 NA
"1191" 1190 52.45 60.58 190.12496641441
"1192" 1191 52.37 89.02 NA
"1193" 1192 52.35 5.65 NA
"1194" 1193 52.49 57.65 188.130812468826
"1195" 1194 52.68 19.69 NA
"1196" 1195 52.62 26.2 197.207684327333
"1197" 1196 52.63 79.66 NA
"1198" 1197 52.63 17.49 NA
"1199" 1198 52.76 40.14 196.087270466442
"1200" 1199 52.63 54.3 192.863728471134
"1201" 1200 52.6 87.24 NA
"1202" 1201 52.69 62.93 183.245582914306
"1203" 1202 52.72 65.37 186.856369806696
"1204" 1203 52.74 75.07 161.985292996648
"1205" 1204 52.89 77.41 146.12477885427
"1206" 1205 52.85 4.59 NA
"1207" 1206 52.97 13.06 NA
"1208" 1207 52.92 21.64 184.097259077528
"1209" 1208 52.88 31.52 208.979285690147
"1210" 1209 52.87 46.92 179.01115406664
"1211" 1210 53 67.46 173.76471618049
"1212" 1211 52.92 52.17 177.515031523764
"1213" 1212 53.05 42.43 185.086955063205
"1214" 1213 53 23.92 189.895275628636
"1215" 1214 53.07 44.83 183.227430786207
"1216" 1215 53 49.33 170.903284334282
"1217" 1216 53.05 69.67 163.501816609773
"1218" 1217 53.12 33.6 193.640597883997
"1219" 1218 53.12 56.15 174.941592135772
"1220" 1219 53.24 58.86 174.9947413034
"1221" 1220 53.17 72.99 159.3800020511
"1222" 1221 53.27 84.57 NA
"1223" 1222 53.2 35.89 183.233452613949
"1224" 1223 53.17 90.33 NA
"1225" 1224 53.42 6.83 NA
"1226" 1225 53.3 10.08 NA
"1227" 1226 53.34 92.37 NA
"1228" 1227 53.42 29.68 200.617137204054
"1229" 1228 53.41 38.25 184.053466326721
"1230" 1229 53.43 15.62 NA
"1231" 1230 53.5 27.45 179.653919907699
"1232" 1231 53.52 60.9 173.311412330443
"1233" 1232 53.59 81.75 NA
"1234" 1233 53.67 63.3 171.557625416937
"1235" 1234 53.76 79.45 NA
"1236" 1235 53.68 94.74 NA
"1237" 1236 53.75 50.61 171.980591574661
"1238" 1237 53.72 54.51 157.825164305336
"1239" 1238 53.81 71.15 157.390821400572
"1240" 1239 53.72 87.6 NA
"1241" 1240 53.74 18.3 NA
"1242" 1241 53.72 65.36 163.68028251895
"1243" 1242 53.81 25.32 179.639067651138
"1244" 1243 53.89 40.92 172.774956406341
"1245" 1244 53.79 75.37 143.666427739712
"1246" 1245 53.88 23 172.997846160378
"1247" 1246 53.96 20.55 NA
"1248" 1247 53.95 46.01 179.624426726512
"1249" 1248 53.98 52.48 158.191205857866
"1250" 1249 54.05 4.35 NA
"1251" 1250 53.95 31.5 181.449272865458
"1252" 1251 53.98 48.19 157.802664692066
"1253" 1252 54.04 68.7 149.309597617377
"1254" 1253 54.07 43.5 173.304327584485
"1255" 1254 54.07 34.04 181.316233777968
"1256" 1255 54.2 11.39 NA
"1257" 1256 54.13 56.71 165.588370968858
"1258" 1257 54.34 77.47 125.821431849722
"1259" 1258 54.21 36.3 171.349445602673
"1260" 1259 54.29 13.96 NA
"1261" 1260 54.28 58.49 161.039064383031
"1262" 1261 54.31 89.71 NA
"1263" 1262 54.34 28.57 172.780826200689
"1264" 1263 54.4 73.09 133.869057051849
"1265" 1264 54.32 8.28 NA
"1266" 1265 54.55 66.54 144.500656486018
"1267" 1266 54.43 39.1 162.555703286653
"1268" 1267 54.47 62.09 154.627325191914
"1269" 1268 54.48 84.28 NA
"1270" 1269 54.69 93.94 NA
"1271" 1270 54.66 95.98 NA
"1272" 1271 54.56 16.49 NA
"1273" 1272 54.66 26.59 167.007963332645
"1274" 1273 54.78 60.15 144.097992256356
"1275" 1274 54.55 91.72 NA
"1276" 1275 54.86 81.8 NA
"1277" 1276 54.88 5.96 NA
"1278" 1277 54.77 22.57 159.16123815775
"1279" 1278 54.89 53.63 139.370968704324
"1280" 1279 54.83 18.69 NA
"1281" 1280 54.82 32.46 161.169295192409
"1282" 1281 55.04 30.31 164.82165749502
"1283" 1282 54.92 55.47 145.354471159451
"1284" 1283 54.86 64.16 140.906885659972
"1285" 1284 55.02 42 156.845033146056
"1286" 1285 55 45.1 150.834975873928
"1287" 1286 54.91 49.74 147.896131378513
"1288" 1287 55.04 24.59 151.985932255844
"1289" 1288 54.95 70.61 130.639714563306
"1290" 1289 55.24 79.41 NA
"1291" 1290 55.16 87.01 NA
"1292" 1291 55.19 20.58 NA
"1293" 1292 55.18 47.45 142.084909782957
"1294" 1293 54.99 75.49 121.495679713293
"1295" 1294 55.23 34.53 157.94533263707
"1296" 1295 55.22 37.34 155.217331794769
"1297" 1296 55.25 51.87 139.099624355233
"1298" 1297 55.27 68.3 130.363303777511
"1299" 1298 55.3 12.39 NA
"1300" 1299 55.27 10.46 NA
"1301" 1300 55.46 14.83 NA
"1302" 1301 55.42 8.5 NA
"1303" 1302 55.44 28.28 156.119769241223
"1304" 1303 55.63 39.94 142.851068112411
"1305" 1304 55.45 58.28 140.835005889564
"1306" 1305 55.52 73.65 117.332150982349
"1307" 1306 55.61 91.93 NA
"1308" 1307 55.6 62.02 130.451779202391
"1309" 1308 55.8 17.15 NA
"1310" 1309 55.79 43.67 142.797195496062
"1311" 1310 55.7 65.7 134.440152469026
"1312" 1311 55.72 89.97 NA
"1313" 1312 55.91 77.36 99.1001200858365
"1314" 1313 55.91 26.03 151.877880279111
"1315" 1314 55.88 56.51 137.858995665871
"1316" 1315 55.99 84.44 NA
"1317" 1316 55.93 32.17 144.828623263864
"1318" 1317 55.93 23.06 145.661713244289
"1319" 1318 56.06 71.57 111.250358585604
"1320" 1319 56.04 6.03 NA
"1321" 1320 56.29 18.97 NA
"1322" 1321 56.13 50.46 119.899901904224
"1323" 1322 56.21 93.81 NA
"1324" 1323 56.17 36.01 140.472790715899
"1325" 1324 56.12 54.44 120.843016704485
"1326" 1325 56.17 59.95 138.949021393691
"1327" 1326 56.14 81.53 NA
"1328" 1327 56.23 69.53 109.825781884104
"1329" 1328 56.33 46.19 120.347257304635
"1330" 1329 56.22 63.68 124.556003972814
"1331" 1330 56.37 21.1 118.983093271105
"1332" 1331 56.37 67.46 111.374600678011
"1333" 1332 56.48 75.49 99.5768150273881
"1334" 1333 56.41 30 144.029919461806
"1335" 1334 56.34 48.49 122.015939542976
"1336" 1335 56.48 38.05 133.263907496048
"1337" 1336 56.53 41.57 128.638762580473
"1338" 1337 56.5 52.43 117.847881910288
"1339" 1338 56.58 87.84 NA
"1340" 1339 56.65 7.98 NA
"1341" 1340 56.6 27.75 132.333770433998
"1342" 1341 56.65 34.26 127.293991346871
"1343" 1342 56.51 11.78 NA
"1344" 1343 56.75 13.48 NA
"1345" 1344 56.63 10.18 NA
"1346" 1345 56.77 24.46 124.537028366115
"1347" 1346 56.73 79.06 NA
"1348" 1347 56.82 57.78 115.688052845941
"1349" 1348 56.78 15.79 NA
"1350" 1349 56.71 73.42 102.218848026529
"1351" 1350 56.95 61.69 116.210156484541
"1352" 1351 56.95 44.16 114.208137775467
"1353" 1352 56.97 65.53 112.317112688214
"1354" 1353 57.12 55.58 107.739656517746
"1355" 1354 57.12 90.92 NA
"1356" 1355 57.11 32.44 126.365838510672
"1357" 1356 57.21 39.46 120.476797711051
"1358" 1357 57.45 83.73 NA
"1359" 1358 57.3 22.49 117.432030782083
"1360" 1359 57.43 81.24 NA
"1361" 1360 57.43 71.63 98.1385491866092
"1362" 1361 57.46 26.28 108.349471162435
"1363" 1362 57.34 59.77 110.350895874982
"1364" 1363 57.35 63.59 109.616266568628
"1365" 1364 57.46 69.42 101.524964215203
"1366" 1365 57.55 86.35 NA
"1367" 1366 57.46 36.49 104.624652935548
"1368" 1367 57.4 48.25 103.681751491519
"1369" 1368 57.56 77.09 80.8018799667657
"1370" 1369 57.53 5.89 NA
"1371" 1370 57.52 17.67 NA
"1372" 1371 57.4 51.02 101.373230816494
"1373" 1372 57.47 20.21 NA
"1374" 1373 57.51 53.49 98.5422851030821
"1375" 1374 57.67 67.25 96.7171254406439
"1376" 1375 57.68 28.84 114.465904722833
"1377" 1376 57.66 30.83 115.954829796978
"1378" 1377 57.69 42.3 97.6888576666666
"1379" 1378 57.72 46.06 99.4540120565659
"1380" 1379 57.7 74.54 87.1100737508596
"1381" 1380 57.61 9.6 NA
"1382" 1381 57.84 8.4 NA
"1383" 1382 57.81 11.25 NA
"1384" 1383 57.88 34.47 108.876066779595
"1385" 1384 57.93 14.95 NA
"1386" 1385 58.16 79.48 NA
"1387" 1386 58.03 24.04 100.632500960313
"1388" 1387 57.96 56.55 94.5320810127112
"1389" 1388 57.93 13.01 NA
"1390" 1389 58.22 40.3 93.991048085223
"1391" 1390 58.19 58.43 92.4581686677756
"1392" 1391 58.26 89.13 NA
"1393" 1392 58.31 37.87 95.5589150936251
"1394" 1393 58.23 61.04 89.7147731369744
"1395" 1394 58.27 49.9 83.5798433884628
"1396" 1395 58.43 65.36 89.1037061779171
"1397" 1396 58.3 92.16 NA
"1398" 1397 58.35 32.68 100.120350183514
"1399" 1398 58.47 43.81 85.2707012330039
"1400" 1399 58.41 63.1 94.5518574161432
"1401" 1400 58.41 54.67 81.9303665170583
"1402" 1401 58.45 19.28 NA
"1403" 1402 58.49 21.97 86.6609125478622
"1404" 1403 58.57 47.83 80.1640318205868
"1405" 1404 58.52 72.74 83.9203410749932
"1406" 1405 58.64 25.67 89.1505052639651
"1407" 1406 58.61 27.69 91.105512686792
"1408" 1407 58.52 52.12 77.2072955805209
"1409" 1408 58.73 70.62 83.2312835115003
"1410" 1409 58.67 16.56 NA
"1411" 1410 58.64 75.71 77.6564612222844
"1412" 1411 58.69 68.57 84.7349517209292
"1413" 1412 58.81 30.54 88.7177526515982
"1414" 1413 58.71 82.53 NA
"1415" 1414 58.72 85.48 NA
"1416" 1415 58.84 10.46 NA
"1417" 1416 58.94 77.96 NA
"1418" 1417 58.8 6.9 NA
"1419" 1418 58.95 35.47 81.9957967461957
"1420" 1419 58.72 9.04 NA
"1421" 1420 58.94 45.78 77.531482307363
"1422" 1421 59.05 13.37 NA
"1423" 1422 59.1 41.74 77.589576827902
"1424" 1423 58.95 56.69 74.7026386182457
"1425" 1424 58.96 87.14 NA
"1426" 1425 59.04 59.72 81.2303394745784
"1427" 1426 59.24 24.05 70.8714612393251
"1428" 1427 59.15 53.51 66.9255034119346
"1429" 1428 59.26 39.63 72.5078071624997
"1430" 1429 59.35 67.08 79.8983204680805
"1431" 1430 59.33 20.75 NA
"1432" 1431 59.38 73.93 71.4072160196732
"1433" 1432 59.36 61.8 75.5373064959627
"1434" 1433 59.31 32.84 79.4460625403675
"1435" 1434 59.32 37.58 71.881744590622
"1436" 1435 59.22 49.83 64.3047078566538
"1437" 1436 59.35 64.06 80.4386388776845
"1438" 1437 59.29 89.17 NA
"1439" 1438 59.41 91.31 NA
"1440" 1439 59.43 28.94 73.7042915248766
"1441" 1440 59.54 80.77 NA
"1442" 1441 59.52 18.31 NA
"1443" 1442 59.58 55.22 60.159898614067
"1444" 1443 59.61 51.69 60.9636999702127
"1445" 1444 59.61 58.3 66.1513791059272
"1446" 1445 59.66 43.71 60.4360073483616
"1447" 1446 59.8 84.2 NA
"1448" 1447 59.66 26.48 66.4194737039962
"1449" 1448 59.71 47.75 60.7200902752044
"1450" 1449 59.86 71.58 65.2799548118403
"1451" 1450 59.86 76.02 57.4370334085209
"1452" 1451 59.77 7.69 NA
"1453" 1452 59.71 11.38 NA
"1454" 1453 59.73 15.81 NA
"1455" 1454 59.88 69.39 68.2362945871687
"1456" 1455 59.88 22.48 55.1414488408899
"1457" 1456 59.87 10.1 NA
"1458" 1457 59.87 30.75 65.5785501543875
"1459" 1458 59.91 34.59 64.4234394852654
"1460" 1459 59.9 45.43 56.9670243876207
"1461" 1460 60.1 87.61 NA
"1462" 1461 60.02 65.63 62.5174473738441
"1463" 1462 60.01 60.34 60.8134419331809
"1464" 1463 60.19 36.54 56.1082579501179
"1465" 1464 60.18 41.4 57.1678707720239
"1466" 1465 60.28 49.76 49.0250115924396
"1467" 1466 60.21 78.18 NA
"1468" 1467 60.05 13.21 NA
"1469" 1468 60.24 38.99 59.0693775867564
"1470" 1469 60.32 53.48 49.9030414957226
"1471" 1470 60.25 63.45 56.7075194422838
"1472" 1471 60.31 28.68 54.7067128138191
"1473" 1472 60.4 56.76 46.9609951734246
"1474" 1473 60.38 24.26 49.1417729756538
"1475" 1474 60.41 32.73 54.9684169803633
"1476" 1475 60.24 20.22 NA
"1477" 1476 60.49 17.97 NA
"1478" 1477 60.44 73.68 57.0580499009992
"1479" 1478 60.48 67.73 59.2678500503342
"1480" 1479 60.41 25.72 48.0258938036222
"1481" 1480 60.88 46.09 42.6949810588004
"1482" 1481 60.68 58.68 47.9169098694142
"1483" 1482 60.63 61.58 50.3208468388678
"1484" 1483 60.71 15.41 NA
"1485" 1484 60.62 26.7 45.6152010833109
"1486" 1485 60.73 43.65 43.5884673920601
"1487" 1486 60.7 80.16 NA
"1488" 1487 60.75 82.58 NA
"1489" 1488 60.74 91.78 NA
"1490" 1489 60.79 8.39 NA
"1491" 1490 60.89 21.9 38.5286711298034
"1492" 1491 60.88 10.68 NA
"1493" 1492 61.09 31.22 43.493222648005
"1494" 1493 61.06 51.82 39.1459188085646
"1495" 1494 60.85 70.49 55.4638532527934
"1496" 1495 60.96 35.07 46.9018027537857
"1497" 1496 61.19 48.12 40.5102841314244
"1498" 1497 61.2 13.03 NA
"1499" 1498 60.99 75.67 44.4003584941392
"1500" 1499 61.1 85.04 NA
"1501" 1500 61.21 55.1 38.6031742603338
"1502" 1501 60.97 65.48 49.2650034732148
"1503" 1502 61.38 19.77 NA
"1504" 1503 61.18 37.65 41.8380340780651
"1505" 1504 61.23 72.59 50.581553962185
"1506" 1505 61.39 39.98 38.5843593450543
"1507" 1506 61.23 88.67 NA
"1508" 1507 61.37 63.48 43.7725631625546
"1509" 1508 61.43 29.34 37.8402180657585
"1510" 1509 61.51 42.19 39.2087091456773
"1511" 1510 61.54 59.76 37.8715197347928
"1512" 1511 61.49 67.12 46.6944046013656
"1513" 1512 61.5 69.06 46.1568567451166
"1514" 1513 61.6 27.55 33.1929167255361
"1515" 1514 61.41 78.23 NA
"1516" 1515 61.65 25.5 30.7551410108357
"1517" 1516 61.66 23.48 27.4972898635448
"1518" 1517 61.66 50.06 39.364628204984
"1519" 1518 61.67 17.05 NA
"1520" 1519 61.69 33.54 36.8798240643173
"1521" 1520 61.57 56.97 36.9759590468419
"1522" 1521 61.79 53.35 34.4804528282171
"1523" 1522 61.92 61.69 36.8822392929156
"1524" 1523 61.77 80.96 NA
"1525" 1524 62.03 76.25 35.157483621985
"1526" 1525 61.92 44.65 35.0147623690008
"1527" 1526 61.92 71.18 41.0140291631707
"1528" 1527 62.13 7.11 NA
"1529" 1528 62.02 35.97 33.8554041640934
"1530" 1529 62.03 8.48 NA
"1531" 1530 62.08 10.79 NA
"1532" 1531 61.87 83.2 NA
"1533" 1532 62.31 88.75 NA
"1534" 1533 62.34 73.83 36.6006453752476
"1535" 1534 62.34 65.39 36.3819295942735
"1536" 1535 62.31 46.97 33.8906105743311
"1537" 1536 62.24 14.82 NA
"1538" 1537 62.39 21.85 21.7723491944196
"1539" 1538 62.35 30.54 30.0640224999454
"1540" 1539 62.37 38.28 31.8597217320539
"1541" 1540 62.5 58 32.6393463910389
"1542" 1541 62.41 83.95 NA
"1543" 1542 62.3 13.02 NA
"1544" 1543 62.63 51.57 30.0794595588028
"1545" 1544 62.62 32.37 30.2357299234521
"1546" 1545 62.49 40.76 29.9714440021169
"1547" 1546 62.58 55.72 28.7637566413363
"1548" 1547 62.68 78.6 NA
"1549" 1548 62.57 18.97 NA
"1550" 1549 62.78 49.32 31.7661395449942
"1551" 1550 62.81 43.26 30.0849871959354
"1552" 1551 62.77 67.63 35.4264466700239
"1553" 1552 62.73 63.22 32.290140831126
"1554" 1553 62.85 69.78 33.6183276757881
"1555" 1554 62.79 26.85 25.1040784516673
"1556" 1555 63 28.82 26.707495945366
"1557" 1556 62.74 60.18 30.0602467401459
"1558" 1557 62.94 34.44 30.0831607064096
"1559" 1558 62.81 53.63 28.6110949588714
"1560" 1559 62.91 24.67 21.4039382918848
"1561" 1560 63.02 16.33 NA
"1562" 1561 62.97 81.74 NA
"1563" 1562 63.13 9.31 NA
"1564" 1563 63.19 71.94 31.7384984003972
"1565" 1564 63.25 45.55 30.7308803845153
"1566" 1565 63.34 91.88 NA
"1567" 1566 63.48 87.28 NA
"1568" 1567 63.24 36.75 26.4188027740602
"1569" 1568 63.35 75.71 25.9026674042498
"1570" 1569 63.39 20.66 NA
"1571" 1570 63.27 11.57 NA
"1572" 1571 63.39 13.54 NA
"1573" 1572 63.51 39.17 26.1730854056913
"1574" 1573 63.54 31.09 24.0624467517325
"1575" 1574 63.58 41.58 28.0212564377802
"1576" 1575 63.61 47.73 27.6106421092398
"1577" 1576 63.57 61.59 30.2255983053181
"1578" 1577 63.72 22.81 17.095876800029
"1579" 1578 63.62 64.44 27.7085809070435
"1580" 1579 63.92 84.54 NA
"1581" 1580 63.79 54.82 27.8309118922325
"1582" 1581 63.71 59.08 30.1317224902075
"1583" 1582 63.79 66.34 29.021502734682
"1584" 1583 63.75 56.95 29.0073846577059
"1585" 1584 63.8 80.13 NA
"1586" 1585 63.82 52.66 26.9825352925959
"1587" 1586 63.89 18.47 NA
"1588" 1587 63.79 50.76 28.4621195616925
"1589" 1588 63.98 73.73 26.6122758727794
"1590" 1589 64 27.09 20.258077123396
"1591" 1590 63.99 33.16 24.4327815440765
"1592" 1591 64.08 25.01 19.4335607689438
"1593" 1592 64.19 77.53 21.1600085224701
"1594" 1593 64.05 44.18 25.7862320067411
"1595" 1594 64.22 68.13 27.0517522114274
"1596" 1595 63.97 70.04 27.8683504297034
"1597" 1596 64.2 35.13 23.8632832202839
"1598" 1597 64.18 29.36 21.5775871650865
"1599" 1598 64.32 37.35 24.4516336667939
"1600" 1599 64.41 9.99 NA
"1601" 1600 64.42 62.95 26.3561488778094
"1602" 1601 64.52 13.45 NA
"1603" 1602 64.31 89.93 NA
"1604" 1603 64.51 49.4 24.9791716673774
"1605" 1604 64.66 40.05 23.8060843084968
"1606" 1605 64.64 46.38 24.3219804307477
"1607" 1606 64.62 71.71 24.6188822848256
"1608" 1607 64.86 82.29 NA
"1609" 1608 64.66 20.82 NA
"1610" 1609 64.63 42.37 22.9615642434128
"1611" 1610 64.87 31.84 19.9433005024088
"1612" 1611 64.71 60.67 26.4218482690635
"1613" 1612 64.8 58.33 25.4872294799508
"1614" 1613 64.91 65.04 26.1225153451333
"1615" 1614 64.92 75.6 21.302630988005
"1616" 1615 64.86 51.72 24.7550303617767
"1617" 1616 64.88 53.97 24.2808812256741
"1618" 1617 64.83 56.22 24.1701262670162
"1619" 1618 65.17 88.84 NA
"1620" 1619 65.06 91.45 NA
"1621" 1620 64.99 17.35 NA
"1622" 1621 64.95 23.43 15.6982504827461
"1623" 1622 65.05 79.56 NA
"1624" 1623 65.17 69.55 25.0871640422269
"1625" 1624 65.13 86.98 NA
"1626" 1625 65.18 25.95 17.153328098385
"1627" 1626 65.06 7.77 NA
"1628" 1627 64.95 18.75 NA
"1629" 1628 65.32 85 NA
"1630" 1629 65.37 28.04 18.5936352708951
"1631" 1630 65.16 30.04 19.2661137111098
"1632" 1631 65.35 33.88 19.507334504459
"1633" 1632 65.38 67.31 24.93548814383
"1634" 1633 65.35 38.15 22.2689926512837
"1635" 1634 65.38 73.64 20.7145756451919
"1636" 1635 65.34 44.26 22.8542884371715
"1637" 1636 65.36 48.3 23.8018860536472
"1638" 1637 65.45 36.03 20.9492450425521
"1639" 1638 65.45 15.09 NA
"1640" 1639 65.53 9.31 NA
"1641" 1640 65.56 12.24 NA
"1642" 1641 65.51 62.67 24.9305986247687
"1643" 1642 65.84 77.69 17.5044559051581
"1644" 1643 65.74 19.56 NA
"1645" 1644 65.78 50.55 23.0494024856978
"1646" 1645 65.7 41.68 22.1472027483776
"1647" 1646 65.72 21.96 14.446937037518
"1648" 1647 65.73 59.88 23.0138813894738
"1649" 1648 65.82 53.06 23.0963263529659
"1650" 1649 65.82 57.6 22.6267864798828
"1651" 1650 65.95 71.32 20.9262460847532
"1652" 1651 65.82 39.72 20.3880306753387
"1653" 1652 65.87 55.42 22.7083025559488
"1654" 1653 65.95 8.01 NA
"1655" 1654 65.9 46.45 22.6067888719294
"1656" 1655 66 24.41 15.5199873270557
"1657" 1656 66.08 16.99 NA
"1658" 1657 66.14 80.69 NA
"1659" 1658 66.22 32.51 18.3457970220675
"1660" 1659 66.06 65.56 21.8685488694838
"1661" 1660 66.33 26.57 15.9760938315366
"1662" 1661 66.14 30.3 17.8946682428458
"1663" 1662 66.36 75.55 17.4090202608022
"1664" 1663 66.4 69.22 20.8052507848431
"1665" 1664 66.53 83.33 NA
"1666" 1665 66.51 42.61 20.9604898282215
"1667" 1666 66.4 44.7 20.928376983516
"1668" 1667 66.44 48.57 20.7170731351022
"1669" 1668 66.52 61.47 21.6699108038741
"1670" 1669 66.56 87.07 NA
"1671" 1670 66.56 14.61 NA
"1672" 1671 66.41 35.08 19.1148777267216
"1673" 1672 66.47 37.47 19.9771220963007
"1674" 1673 66.47 10.86 NA
"1675" 1674 66.66 28.47 16.131278763135
"1676" 1675 66.59 63.68 21.2670053260465
"1677" 1676 66.66 73.29 18.5619363769841
"1678" 1677 66.71 22.66 13.6358159368433
"1679" 1678 66.71 20.14 NA
"1680" 1679 66.64 51.91 22.0271809082097
"1681" 1680 66.78 67.33 21.1393365262547
"1682" 1681 66.79 85.2 NA
"1683" 1682 66.71 59.08 21.435114768759
"1684" 1683 66.67 39.8 20.1688194835078
"1685" 1684 66.73 54.35 20.8315176412221
"1686" 1685 66.86 56.83 20.1506844425111
"1687" 1686 66.81 8.42 NA
"1688" 1687 66.99 17.6 NA
"1689" 1688 67.07 25.1 14.7843412019078
"1690" 1689 67.17 34.21 19.1265561355461
"1691" 1690 66.99 78.36 NA
"1692" 1691 67.13 46 22.2927889415896
"1693" 1692 67.16 30.47 17.2070066499434
"1694" 1693 67.65 14.41 NA
"1695" 1694 67.34 65.49 19.8282906972603
"1696" 1695 67.26 71.22 18.1215026981235
"1697" 1696 67.32 36.59 18.9792518860672
"1698" 1697 67.33 43.72 20.4944846687154
"1699" 1698 67.33 80.62 NA
"1700" 1699 67.5 32.17 17.0077479386745
"1701" 1700 67.47 41.14 19.9380205693008
"1702" 1701 67.43 10.36 NA
"1703" 1702 67.46 47.7 20.5171290032571
"1704" 1703 67.62 53.16 21.5345821013274
"1705" 1704 67.41 82.23 NA
"1706" 1705 67.56 27.41 16.1929182010477
"1707" 1706 67.62 51.01 21.2442777877401
"1708" 1707 67.49 60.6 21.6448321516783
"1709" 1708 67.72 69.35 18.5170492458712
"1710" 1709 67.62 76.22 14.2840065841137
"1711" 1710 67.62 38.96 19.0615445681842
"1712" 1711 67.56 63.03 20.5113303645442
"1713" 1712 67.86 88.82 NA
"1714" 1713 67.61 55.27 20.6559966535456
"1715" 1714 67.8 20.87 NA
"1716" 1715 67.89 23.53 13.9114066000796
"1717" 1716 67.65 58.46 21.142640930947
"1718" 1717 67.85 73.63 15.6270839255081
"1719" 1718 68.01 84.43 NA
"1720" 1719 68.17 18.61 NA
"1721" 1720 68.15 49.17 20.7753760202981
"1722" 1721 68.09 67.57 18.7984937446432
"1723" 1722 68.16 29.4 14.8657486351077
"1724" 1723 68.19 16.61 NA
"1725" 1724 68.23 25.74 14.923594553596
"1726" 1725 68.16 86.39 NA
"1727" 1726 68.3 56.65 20.2248305546007
"1728" 1727 68.3 42.68 21.0500041328949
"1729" 1728 68.37 79.17 NA
"1730" 1729 68.38 33.53 17.4402125064761
"1731" 1730 68.39 35.56 17.693682986153
"1732" 1731 68.27 9.18 NA
"1733" 1732 68.31 45.18 20.4765541088099
"1734" 1733 68.27 64.9 20.2281935960367
"1735" 1734 68.41 37.67 19.1258978235326
"1736" 1735 68.39 61.73 20.3405259952724
"1737" 1736 68.55 71.4 16.255847085715
"1738" 1737 68.45 81.91 NA
"1739" 1738 68.47 59.17 20.5915836214039
"1740" 1739 68.69 40.57 21.055727379765
"1741" 1740 68.79 47.3 21.1582847973657
"1742" 1741 68.71 11.58 NA
"1743" 1742 68.76 31.59 16.3707308080433
"1744" 1743 68.75 51.85 21.3853911484958
"1745" 1744 68.74 54.11 20.7559765437399
"1746" 1745 68.96 27.42 14.6877784501282
"1747" 1746 68.9 22.4 12.3106326314678
"1748" 1747 68.84 76.64 12.7603788917899
"1749" 1748 68.94 66.53 18.3498501179944
"1750" 1749 69.1 64.18 18.4526398351776
"1751" 1750 69.09 69.35 17.5900233744022
"1752" 1751 69.03 73.9 15.1837683458141
"1753" 1752 68.79 87.63 NA
"1754" 1753 69.18 20.07 NA
"1755" 1754 69.31 84.48 NA
"1756" 1755 69.37 39.03 19.4832199810891
"1757" 1756 69.39 24.54 13.174710645011
"1758" 1757 69.28 49.93 20.6307884863499
"1759" 1758 69.32 57.54 20.19699561078
"1760" 1759 69.36 60.25 19.8788798489752
"1761" 1760 69.34 88.89 NA
"1762" 1761 69.43 16.44 NA
"1763" 1762 69.47 62.33 19.8078541225248
"1764" 1763 69.42 29.86 15.8062980816321
"1765" 1764 69.4 42.66 20.0756788280994
"1766" 1765 69.42 44.93 21.7825169167303
"1767" 1766 69.46 55.47 20.0778821123176
"1768" 1767 69.51 36.85 18.3639881134352
"1769" 1768 69.4 86.15 NA
"1770" 1769 69.51 87.6 NA
"1771" 1770 69.43 9.5 NA
"1772" 1771 69.56 34.33 17.3014862915439
"1773" 1772 69.43 82.83 NA
"1774" 1773 69.85 78.92 NA
"1775" 1774 69.59 81.4 NA
"1776" 1775 69.72 71.78 15.5559041055923
"1777" 1776 69.85 67.73 18.1612211372309
"1778" 1777 69.63 13.98 NA
"1779" 1778 69.77 52.36 20.0381460201342
"1780" 1779 69.87 47.98 19.2972924438055
"1781" 1780 70 32.12 16.5562190256394
"1782" 1781 69.94 76.1 12.6089196598897
"1783" 1782 69.92 11.24 NA
"1784" 1783 70.04 40.94 19.2183323969298
"1785" 1784 70.03 65.61 18.2149474814145
"1786" 1785 70.02 22.01 11.6702663662487
"1787" 1786 70.2 26.12 13.84599278473
"1788" 1787 70.23 28.23 14.5653287180895
"1789" 1788 70.08 58.87 19.5048060233487
"1790" 1789 70.32 54.35 19.928824795466
"1791" 1790 70.44 73.98 14.0868871349062
"1792" 1791 70.3 69.93 16.3128274473512
"1793" 1792 70.38 45.84 19.1492067216801
"1794" 1793 70.48 19.68 NA
"1795" 1794 70.35 50.31 20.3510640006404
"1796" 1795 70.43 61.3 18.5768442340516
"1797" 1796 70.52 63.59 19.2735341295039
"1798" 1797 70.51 38.74 18.4239260544036
"1799" 1798 70.49 56.95 19.5250377506242
"1800" 1799 70.6 36.23 17.4011728146092
"1801" 1800 70.54 43.34 20.1205638640355
"1802" 1801 70.64 14.55 NA
"1803" 1802 70.83 84.13 NA
"1804" 1803 70.73 87.7 NA
"1805" 1804 70.46 17.87 NA
"1806" 1805 70.8 24.01 12.1503017325358
"1807" 1806 70.75 30.27 15.5697902100626
"1808" 1807 70.8 34.02 16.7097879342976
"1809" 1808 70.76 81.43 NA
"1810" 1809 70.64 85.55 NA
"1811" 1810 71.06 72.04 14.6440682039931
"1812" 1811 71.12 16.57 NA
"1813" 1812 70.88 52.36 19.3021546631803
"1814" 1813 70.99 47.82 19.2100503525817
"1815" 1814 71.02 59.7 19.8843096986986
"1816" 1815 71.06 68.35 16.0391469833355
"1817" 1816 71.04 77 11.1450569185455
"1818" 1817 70.95 12.84 NA
"1819" 1818 71.19 10.96 NA
"1820" 1819 71.23 66.16 17.0473627391519
"1821" 1820 71.28 21.64 10.3497977299777
"1822" 1821 71.17 40.9 18.3867662745381
"1823" 1822 71.29 32.13 15.5933450782147
"1824" 1823 71.48 56 17.6548071343949
"1825" 1824 71.42 50.19 19.4424841158696
"1826" 1825 71.46 26.13 13.2810991904355
"1827" 1826 71.49 28.39 14.8856958068529
"1828" 1827 71.55 54.14 19.3328670515597
"1829" 1828 71.51 37.82 17.333199007033
"1830" 1829 71.51 62.06 17.8992360251049
"1831" 1830 71.6 45.69 18.7598153521836
"1832" 1831 71.71 70.3 15.1243360010942
"1833" 1832 71.67 79.67 NA
"1834" 1833 71.65 58.09 19.4981913018237
"1835" 1834 71.64 43.18 17.0704705505504
"1836" 1835 71.66 64.21 18.7166795196971
"1837" 1836 71.71 74.44 11.7068125260752
"1838" 1837 71.71 18.78 NA
"1839" 1838 71.67 35.42 15.7924525172587
"1840" 1839 71.58 12.07 NA
"1841" 1840 71.89 82.4 NA
"1842" 1841 72 86.1 NA
"1843" 1842 71.98 52.39 18.0951956859304
"1844" 1843 71.98 23.56 10.8469045977125
"1845" 1844 72.12 30.49 13.8723870902076
"1846" 1845 72.11 48.47 18.1191367107915
"1847" 1846 72.07 60.45 16.8373115844386
"1848" 1847 71.98 14.16 NA
"1849" 1848 72.15 39.73 17.0797943343992
"1850" 1849 72.26 32.99 14.8427474335214
"1851" 1850 72.25 67.94 15.6729581816928
"1852" 1851 72.24 77.33 10.7041415371483
"1853" 1852 72.54 72.55 12.6864789355286
"1854" 1853 72.4 12.62 NA
"1855" 1854 72.53 16.21 NA
"1856" 1855 72.48 20.4 NA
"1857" 1856 72.53 41.89 17.5135814327569
"1858" 1857 72.62 25.74 12.1251725847208
"1859" 1858 72.58 44.57 16.8249943142415
"1860" 1859 72.6 65.67 15.9864351668651
"1861" 1860 72.58 50.61 17.6467652446934
"1862" 1861 72.67 56.93 16.9133079588979
"1863" 1862 72.63 63.15 17.3872536671556
"1864" 1863 72.55 28.32 13.2500462787247
"1865" 1864 72.58 37.34 16.4301013894168
"1866" 1865 72.66 34.93 15.8838649035383
"1867" 1866 72.77 54.76 18.1915155233497
"1868" 1867 72.77 59 17.2640523423559
"1869" 1868 72.85 47.17 16.7904260170682
"1870" 1869 72.54 81.03 NA
"1871" 1870 72.9 80.07 NA
"1872" 1871 72.99 70.03 14.2770222657209
"1873" 1872 73.02 75.3 11.6176326075431
"1874" 1873 72.94 84 NA
"1875" 1874 73.04 23.08 10.5229974737899
"1876" 1875 73.11 52.7 17.9968775202905
"1877" 1876 73.19 61.09 18.2487824880963
"1878" 1877 73.15 86 NA
"1879" 1878 73.21 31.44 14.2887485344319
"1880" 1879 73.25 39.95 16.7357378673798
"1881" 1880 73.22 81.75 NA
"1882" 1881 73.58 87.53 NA
"1883" 1882 73.38 78.07 NA
"1884" 1883 73.46 33.42 14.6379084930353
"1885" 1884 73.43 67.89 14.1251423251639
"1886" 1885 73.38 18.49 NA
"1887" 1886 73.4 29.42 13.02926720986
"1888" 1887 73.53 49.81 17.9518194514823
"1889" 1888 73.49 27.03 12.3884607556885
"1890" 1889 73.61 43.76 17.8472340216793
"1891" 1890 73.53 20.7 NA
"1892" 1891 73.54 35.75 15.3829841403838
"1893" 1892 73.47 38.01 16.9800127036166
"1894" 1893 73.68 13.61 NA
"1895" 1894 73.72 45.91 17.3219471021696
"1896" 1895 73.77 71.85 12.4546669586101
"1897" 1896 73.71 41.96 16.2211247307968
"1898" 1897 73.75 65.69 15.0212827070765
"1899" 1898 73.59 16.82 NA
"1900" 1899 73.76 24.84 11.1121771011483
"1901" 1900 73.87 56.94 16.226165453052
"1902" 1901 73.83 63.2 15.9545263076313
"1903" 1902 73.82 59.12 16.336865389728
"1904" 1903 74.01 74.14 12.0511096602362
"1905" 1904 73.98 54.82 16.9564349168639
"1906" 1905 73.81 82.55 NA
"1907" 1906 74.2 48.18 16.5319062334812
"1908" 1907 74.13 52.37 16.9116005136748
"1909" 1908 74.08 22.34 9.41360922537407
"1910" 1909 74.34 69.79 13.9804097976424
"1911" 1910 74.33 80.38 NA
"1912" 1911 74.26 84.4 NA
"1913" 1912 74.37 32.09 13.9432805408113
"1914" 1913 74.32 28.29 12.5798299425345
"1915" 1914 74.39 30.23 12.8988683230495
"1916" 1915 74.41 36.53 16.107771965902
"1917" 1916 74.33 40.58 16.8360553398669
"1918" 1917 74.45 38.69 16.3432060990467
"1919" 1918 74.34 16.51 NA
"1920" 1919 74.41 61.24 15.7325622969163
"1921" 1920 74.6 76.86 10.0982883275272
"1922" 1921 74.41 34.2 14.8235654360609
"1923" 1922 74.28 86.52 NA
"1924" 1923 74.35 18.33 NA
"1925" 1924 74.7 26.32 11.4388712309581
"1926" 1925 74.53 44.67 16.6330730390986
"1927" 1926 74.82 65.19 14.7278421690024
"1928" 1927 74.78 67.74 14.7712598570411
"1929" 1928 74.69 50.33 16.3154076263243
"1930" 1929 74.92 23.99 10.7981703206554
"1931" 1930 74.64 15.51 NA
"1932" 1931 74.84 42.56 16.4751393912981
"1933" 1932 74.81 46.67 16.7574839354684
"1934" 1933 74.95 13.37 NA
"1935" 1934 74.89 58.86 15.9414222659226
"1936" 1935 75.02 54.3 16.8593261589178
"1937" 1936 75.05 56.68 15.8855372541244
"1938" 1937 75.13 72.12 11.5759767099371
"1939" 1938 75.12 21.25 8.74349077342883
"1940" 1939 75.32 63.35 14.8266128419836
"1941" 1940 75.16 52.25 15.7871373457813
"1942" 1941 75.33 74.79 11.1282849702262
"1943" 1942 75.16 17.7 NA
"1944" 1943 75.46 35.64 15.0820157872193
"1945" 1944 75.31 82.5 NA
"1946" 1945 75.51 31.02 12.9381722799878
"1947" 1946 75.4 40.48 16.8781566517736
"1948" 1947 75.45 44.4 16.3543717506138
"1949" 1948 75.54 38.01 16.2856577836479
"1950" 1949 75.3 48.52 16.4096995094033
"1951" 1950 75.49 28.4 12.7132441209539
"1952" 1951 75.48 33.28 13.8427791340675
"1953" 1952 75.54 61.39 14.8075389622447
"1954" 1953 75.64 86.11 NA
"1955" 1954 75.66 15.92 NA
"1956" 1955 75.69 69.87 12.1067958600247
"1957" 1956 75.81 79.62 NA
"1958" 1957 75.66 84.07 NA
"1959" 1958 75.82 50.84 16.3016287098893
"1960" 1959 75.92 46.75 16.7492759836433
"1961" 1960 76.08 18.88 NA
"1962" 1961 75.83 55.43 16.0059929528407
"1963" 1962 75.92 59.45 15.0088698224996
"1964" 1963 75.96 67.49 12.8759922075643
"1965" 1964 76 25.8 11.3462552797224
"1966" 1965 76.14 42.34 16.7104006032606
"1967" 1966 75.95 53.2 15.3499672315423
"1968" 1967 76.24 77.24 9.05888408488125
"1969" 1968 76.2 14.09 NA
"1970" 1969 76.11 65.34 13.686541465692
"1971" 1970 76.17 22.74 9.6486829418999
"1972" 1971 76.37 49.08 16.0601764373936
"1973" 1972 76.21 57.56 15.0787028348514
"1974" 1973 76.54 71.94 11.3839017076249
"1975" 1974 76.52 29.92 12.1594454958906
"1976" 1975 76.48 34.83 14.6582826490548
"1977" 1976 76.56 74.65 9.68190196166179
"1978" 1977 76.54 39.67 15.8485758636656
"1979" 1978 76.61 37.29 16.1959539197366
"1980" 1979 76.66 44.87 16.3957399686318
"1981" 1980 76.69 63.61 14.0813771205897
"1982" 1981 76.74 32.61 14.8432632835349
"1983" 1982 76.62 61.43 14.551414354439
"1984" 1983 76.9 55.66 15.6628413947867
"1985" 1984 76.47 82.14 NA
"1986" 1985 76.86 27.43 11.7121567531262
"1987" 1986 76.95 53.56 16.2324954864325
"1988" 1987 76.84 69.06 11.9236204988471
"1989" 1988 76.93 83.34 NA
"1990" 1989 76.87 16.74 NA
"1991" 1990 76.91 59.55 15.2263264171252
"1992" 1991 77.09 51.35 15.6152063253693
"1993" 1992 76.92 80.9 NA
"1994" 1993 77.22 20.35 NA
"1995" 1994 77.18 66.47 13.048055456392
"1996" 1995 77.24 47.02 17.4024458638572
"1997" 1996 77.25 79.61 NA
"1998" 1997 77.4 25.22 11.2441342351035
"1999" 1998 77.45 41.18 16.0872064948933
"2000" 1999 77.32 43.36 17.7519533053983
"2001" 2000 77.32 57.64 15.8859489673358
"2002" 2001 77.43 22.83 10.2550983487888
"2003" 2002 77.33 15.3 NA
"2004" 2003 77.92 17.7 NA
"2005" 2004 77.55 35.04 15.0472333397347
"2006" 2005 77.68 49.3 17.515714395714
"2007" 2006 77.68 61.94 14.5009226260299
"2008" 2007 77.65 71.08 10.809545159067
"2009" 2008 77.56 77.66 8.85828943789344
"2010" 2009 77.79 31.44 13.0374122388038
"2011" 2010 77.65 29.18 12.3225167449536
"2012" 2011 77.74 39.28 17.0100996575405
"2013" 2012 77.7 74.49 9.50749793414958
"2014" 2013 77.75 37.25 16.7002668589086
"2015" 2014 77.79 64.38 12.8295872410041
"2016" 2015 77.67 81.21 NA
"2017" 2016 78.16 45.35 17.3282742802846
"2018" 2017 78.09 59.6 14.8248228754488
"2019" 2018 78.03 68.54 11.406469589512
"2020" 2019 78.22 53.22 15.2874763820076
"2021" 2020 78.25 55.3 16.7039106147591
"2022" 2021 78.29 33.6 14.6089921052764
"2023" 2022 78.36 15.09 NA
"2024" 2023 78.48 27.3 NA
"2025" 2024 78.41 47.7 17.5362377214452
"2026" 2025 78.32 66.26 12.6224732146267
"2027" 2026 78.46 42.9 NA
"2028" 2027 78.43 51.17 NA
"2029" 2028 78.51 57.21 NA
"2030" 2029 78.25 79.21 NA
"2031" 2030 78.6 20.53 NA
"2032" 2031 78.6 23.53 NA
"2033" 2032 78.57 72.58 NA
"2034" 2033 78.85 80.94 NA
"2035" 2034 78.83 63.55 NA
"2036" 2035 78.74 35.87 NA
"2037" 2036 78.95 40.45 NA
"2038" 2037 78.96 77.8 NA
"2039" 2038 78.88 38.31 NA
"2040" 2039 78.91 29.53 NA
"2041" 2040 78.92 70.7 NA
"2042" 2041 79.08 61.04 NA
"2043" 2042 78.87 74.62 NA
"2044" 2043 79.12 31.99 NA
"2045" 2044 79.23 49.66 NA
"2046" 2045 79.18 68.47 NA
"2047" 2046 79.25 25.27 NA
"2048" 2047 79.38 17.31 NA
"2049" 2048 79.38 44.76 NA
"2050" 2049 79.43 58.76 NA
"2051" 2050 79.42 66.15 NA
"2052" 2051 79.46 54.5 NA
"2053" 2052 79.43 47.2 NA
"2054" 2053 79.45 52.35 NA
"2055" 2054 79.66 34.25 NA
"2056" 2055 79.54 42.36 NA
"2057" 2056 79.45 75.59 NA
"2058" 2057 79.7 56.44 NA
"2059" 2058 79.97 27.53 NA
"2060" 2059 79.89 36.9 NA
"2061" 2060 80.03 21.82 NA
"2062" 2061 80 23.39 NA
"2063" 2062 80.02 19.66 NA
"2064" 2063 79.95 73.37 NA
"2065" 2064 80.11 39.29 NA
"2066" 2065 80.21 62.29 NA
"2067" 2066 80.13 64.38 NA
"2068" 2067 80.03 30.28 NA
"2069" 2068 80.03 70.64 NA
"2070" 2069 79.87 79.41 NA
"2071" 2070 80.37 48.8 NA
"2072" 2071 80.14 77.45 NA
"2073" 2072 80.42 51.39 NA
"2074" 2073 80.43 68.3 NA
"2075" 2074 80.41 41.37 NA
"2076" 2075 80.42 46.26 NA
"2077" 2076 80.42 60.16 NA
"2078" 2077 80.55 76.35 NA
"2079" 2078 80.53 80.14 NA
"2080" 2079 80.42 25.07 NA
"2081" 2080 80.62 53.71 NA
"2082" 2081 80.59 32.57 NA
"2083" 2082 80.56 43.8 NA
"2084" 2083 80.36 78.56 NA
"2085" 2084 80.59 58.01 NA
"2086" 2085 80.77 35.7 NA
"2087" 2086 80.9 55.76 NA
"2088" 2087 80.98 66.25 NA
"2089" 2088 80.97 73.01 NA
"2090" 2089 81.23 26.29 NA
"2091" 2090 81.2 38.27 NA
"2092" 2091 81.23 30.04 NA
"2093" 2092 81.34 70.14 NA
"2094" 2093 81.39 47.65 NA
"2095" 2094 81.4 40.77 NA
"2096" 2095 81.42 64.18 NA
"2097" 2096 81.3 75.14 NA
"2098" 2097 81.56 22.94 NA
"2099" 2098 81.51 33.96 NA
"2100" 2099 81.64 45.53 NA
"2101" 2100 81.5 62.06 NA
"2102" 2101 81.58 59.68 NA
"2103" 2102 81.66 43.23 NA
"2104" 2103 81.72 52.89 NA
"2105" 2104 81.71 79.09 NA
"2106" 2105 81.77 57.43 NA
"2107" 2106 81.67 76.2 NA
"2108" 2107 82.01 68.09 NA
"2109" 2108 82.04 49.33 NA
"2110" 2109 82.14 32.04 NA
"2111" 2110 82.05 35.84 NA
"2112" 2111 82 28.17 NA
"2113" 2112 82.11 55.14 NA
"2114" 2113 82.18 72.12 NA
"2115" 2114 82.38 37.86 NA
"2116" 2115 82.43 65.72 NA
"2117" 2116 82.5 40.05 NA
"2118" 2117 82.23 26.36 NA
"2119" 2118 82.67 51.35 NA
"2120" 2119 82.67 75.55 NA
"2121" 2120 82.39 30.01 NA
"2122" 2121 82.57 42.23 NA
"2123" 2122 82.67 61.46 NA
"2124" 2123 82.71 63.76 NA
"2125" 2124 82.6 25.12 NA
"2126" 2125 82.75 46.89 NA
"2127" 2126 82.66 44.62 NA
"2128" 2127 82.69 59.27 NA
"2129" 2128 82.86 34.01 NA
"2130" 2129 82.65 22.67 NA
"2131" 2130 82.83 53.64 NA
"2132" 2131 82.78 19.94 NA
"2133" 2132 82.96 57.32 NA
"2134" 2133 82.77 78.29 NA
"2135" 2134 82.98 23.91 NA
"2136" 2135 83.27 70.18 NA
"2137" 2136 83.06 79.61 NA
"2138" 2137 83.02 30.22 NA
"2139" 2138 83.12 49.14 NA
"2140" 2139 83.33 67.37 NA
"2141" 2140 83.46 36.38 NA
"2142" 2141 83.48 55.84 NA
"2143" 2142 83.48 38.93 NA
"2144" 2143 83.48 72.99 NA
"2145" 2144 83.56 43.74 NA
"2146" 2145 83.35 28.84 NA
"2147" 2146 83.59 31.75 NA
"2148" 2147 83.48 22.7 NA
"2149" 2148 83.62 27.56 NA
"2150" 2149 83.53 41.44 NA
"2151" 2150 83.42 25.17 NA
"2152" 2151 83.7 52.56 NA
"2153" 2152 83.67 45.8 NA
"2154" 2153 83.87 63.3 NA
"2155" 2154 83.94 77.29 NA
"2156" 2155 83.89 50.39 NA
"2157" 2156 83.84 59.21 NA
"2158" 2157 83.94 61.14 NA
"2159" 2158 84 65.5 NA
"2160" 2159 84 25.56 NA
"2161" 2160 84.06 54.44 NA
"2162" 2161 83.69 21.4 NA
"2163" 2162 83.81 33.76 NA
"2164" 2163 83.99 48 NA
"2165" 2164 84.11 29.53 NA
"2166" 2165 84.19 22 NA
"2167" 2166 84.19 23.31 NA
"2168" 2167 84.25 34.63 NA
"2169" 2168 84.49 68.39 NA
"2170" 2169 84.52 40.55 NA
"2171" 2170 84.61 42.59 NA
"2172" 2171 84.43 57.55 NA
"2173" 2172 84.5 75.12 NA
"2174" 2173 84.56 38.2 NA
"2175" 2174 84.58 44.91 NA
"2176" 2175 84.72 73.62 NA
"2177" 2176 84.8 32.12 NA
"2178" 2177 84.75 51.88 NA
"2179" 2178 84.9 71.25 NA
"2180" 2179 84.66 28.29 NA
"2181" 2180 84.57 30.73 NA
"2182" 2181 84.63 36.16 NA
"2183" 2182 84.98 47.1 NA
"2184" 2183 84.84 49.52 NA
"2185" 2184 85.03 62.27 NA
"2186" 2185 85.1 55.89 NA
"2187" 2186 85.04 59.96 NA
"2188" 2187 84.93 22.46 NA
"2189" 2188 85.04 54 NA
"2190" 2189 85.18 64.19 NA
"2191" 2190 85.14 25.47 NA
"2192" 2191 85.31 33.88 NA
"2193" 2192 85.29 66.22 NA
"2194" 2193 85.17 27.03 NA
"2195" 2194 85.75 76.78 NA
"2196" 2195 85.53 39.68 NA
"2197" 2196 85.55 58.33 NA
"2198" 2197 85.76 29.59 NA
"2199" 2198 85.58 37.34 NA
"2200" 2199 85.49 48.77 NA
"2201" 2200 85.64 23.79 NA
"2202" 2201 85.7 68.59 NA
"2203" 2202 85.69 51.16 NA
"2204" 2203 85.88 41.7 NA
"2205" 2204 85.82 53.03 NA
"2206" 2205 86.03 73.96 NA
"2207" 2206 86.01 45.75 NA
"2208" 2207 85.94 28.12 NA
"2209" 2208 86.2 56.96 NA
"2210" 2209 85.98 49.54 NA
"2211" 2210 86.12 31.39 NA
"2212" 2211 85.96 25.16 NA
"2213" 2212 86.29 54.93 NA
"2214" 2213 86.13 60.16 NA
"2215" 2214 86.32 62.28 NA
"2216" 2215 86.09 26.71 NA
"2217" 2216 86.29 47.71 NA
"2218" 2217 86.41 35.11 NA
"2219" 2218 86.18 70 NA
"2220" 2219 86.16 65.14 NA
"2221" 2220 86.21 33 NA
"2222" 2221 86.2 37.93 NA
"2223" 2222 86.44 64.03 NA
"2224" 2223 86.74 72.02 NA
"2225" 2224 86.52 66.22 NA
"2226" 2225 86.68 25.71 NA
"2227" 2226 86.67 39.96 NA
"2228" 2227 86.88 50.81 NA
"2229" 2228 86.81 42.64 NA
"2230" 2229 86.79 53.2 NA
"2231" 2230 86.68 37.33 NA
"2232" 2231 86.91 44.67 NA
"2233" 2232 86.97 67.73 NA
"2234" 2233 86.99 32.51 NA
"2235" 2234 87.01 59.02 NA
"2236" 2235 87.25 49.18 NA
"2237" 2236 87.3 61.13 NA
"2238" 2237 87.21 56.63 NA
"2239" 2238 87.39 37.01 NA
"2240" 2239 87.53 70.29 NA
"2241" 2240 87.56 74.92 NA
"2242" 2241 87.25 34 NA
"2243" 2242 87.62 65.48 NA
"2244" 2243 87.35 41.39 NA
"2245" 2244 87.68 62.96 NA
"2246" 2245 87.46 38.17 NA
"2247" 2246 87.77 54.58 NA
"2248" 2247 87.85 39.6 NA
"2249" 2248 87.79 52.27 NA
"2250" 2249 87.88 31.91 NA
"2251" 2250 87.91 35.72 NA
"2252" 2251 87.97 41.9 NA
"2253" 2252 87.99 44.28 NA
"2254" 2253 88.08 59.14 NA
"2255" 2254 88.19 68.08 NA
"2256" 2255 88.27 73.29 NA
"2257" 2256 87.99 47.74 NA
"2258" 2257 88.25 56.6 NA
"2259" 2258 88.25 48.76 NA
"2260" 2259 88.26 50.53 NA
"2261" 2260 88.19 66.86 NA
"2262" 2261 88.55 26.49 NA
"2263" 2262 88.56 60.97 NA
"2264" 2263 88.56 64.65 NA
"2265" 2264 88.53 46.41 NA
"2266" 2265 88.42 58.23 NA
"2267" 2266 88.88 71.08 NA
"2268" 2267 88.92 32.13 NA
"2269" 2268 88.88 37.73 NA
"2270" 2269 88.62 29.13 NA
"2271" 2270 88.52 52.25 NA
"2272" 2271 88.75 53.22 NA
"2273" 2272 88.71 40.7 NA
"2274" 2273 88.92 35.6 NA
"2275" 2274 88.84 42.64 NA
"2276" 2275 89.17 45.16 NA
"2277" 2276 89.1 55.27 NA
"2278" 2277 88.98 62.89 NA
"2279" 2278 89.27 66.67 NA
"2280" 2279 89.09 27.6 NA
"2281" 2280 89.18 34.07 NA
"2282" 2281 89.12 48.7 NA
"2283" 2282 89.21 50.98 NA
"2284" 2283 89.64 29.24 NA
"2285" 2284 89.42 57.42 NA
"2286" 2285 89.39 59.67 NA
"2287" 2286 89.83 69.5 NA
"2288" 2287 89.41 40.32 NA
"2289" 2288 89.75 52.98 NA
"2290" 2289 89.82 64.61 NA
"2291" 2290 89.93 41.73 NA
"2292" 2291 89.89 62.34 NA
"2293" 2292 90.03 43.87 NA
"2294" 2293 89.87 47.28 NA
"2295" 2294 89.9 60.65 NA
"2296" 2295 90.06 35.32 NA
"2297" 2296 90.16 30.62 NA
"2298" 2297 89.96 50.59 NA
"2299" 2298 90.15 55.01 NA
"2300" 2299 90.39 39.67 NA
"2301" 2300 90.28 34.25 NA
"2302" 2301 90.43 58.9 NA
"2303" 2302 90.34 66.11 NA
"2304" 2303 90.45 47.79 NA
"2305" 2304 90.73 51.88 NA
"2306" 2305 90.4 48.81 NA
"2307" 2306 90.5 42.31 NA
"2308" 2307 90.92 45.86 NA
"2309" 2308 90.43 50.62 NA
"2310" 2309 90.89 56.7 NA
"2311" 2310 90.96 66.66 NA
"2312" 2311 91.03 32.01 NA
"2313" 2312 90.72 49.7 NA
"2314" 2313 90.86 61.43 NA
"2315" 2314 91.01 54.39 NA
"2316" 2315 90.8 30.61 NA
"2317" 2316 90.84 44.77 NA
"2318" 2317 91.15 64.67 NA
"2319" 2318 90.97 70.34 NA
"2320" 2319 90.94 42.54 NA
"2321" 2320 91.2 68.36 NA
"2322" 2321 91.4 37.89 NA
"2323" 2322 91.37 47.51 NA
"2324" 2323 91.09 58.72 NA
"2325" 2324 91.38 39.57 NA
"2326" 2325 91.51 50.06 NA
"2327" 2326 91.65 30.81 NA
"2328" 2327 91.57 59.16 NA
"2329" 2328 91.58 34.37 NA
"2330" 2329 91.59 41.09 NA
"2331" 2330 91.74 60.42 NA
"2332" 2331 91.64 62.85 NA
"2333" 2332 91.76 52.67 NA
"2334" 2333 92.02 29.15 NA
"2335" 2334 92.1 66.26 NA
"2336" 2335 92.04 64.73 NA
"2337" 2336 92.27 58.55 NA
"2338" 2337 92.55 31.82 NA
"2339" 2338 92.39 40.47 NA
"2340" 2339 92.53 48.11 NA
"2341" 2340 92.54 45.05 NA
"2342" 2341 92.94 59.97 NA
"2343" 2342 92.87 51.11 NA
"2344" 2343 92.86 61.73 NA
"2345" 2344 93.07 39.37 NA
"2346" 2345 93.02 57.15 NA
"2347" 2346 92.96 37.68 NA
"2348" 2347 93.24 63.28 NA
"2349" 2348 93.14 41.53 NA
"2350" 2349 93.4 32.97 NA
"2351" 2350 93.4 47.58 NA
"2352" 2351 93.75 58.9 NA
"2353" 2352 93.73 49.06 NA
"2354" 2353 93.59 37.87 NA
"2355" 2354 93.75 31.28 NA
"2356" 2355 93.67 46.18 NA
"2357" 2356 93.87 34.53 NA
"2358" 2357 93.89 44.28 NA
"2359" 2358 93.98 39.17 NA
"2360" 2359 94.13 40.54 NA
"2361" 2360 94.27 55.95 NA
"2362" 2361 94.38 51.69 NA
"2363" 2362 94.61 42.16 NA
"2364" 2363 94.51 53.45 NA
"2365" 2364 94.61 38.06 NA
"2366" 2365 94.54 35.79 NA
"2367" 2366 94.53 49.88 NA
"2368" 2367 94.66 44.27 NA
"2369" 2368 95.01 47.87 NA
"2370" 2369 95.22 57.66 NA
"2371" 2370 94.95 55.23 NA
"2372" 2371 95.22 35.2 NA
"2373" 2372 95.33 51.53 NA
"2374" 2373 95.18 37.33 NA
"2375" 2374 95.39 49.64 NA
"2376" 2375 95.39 43.62 NA
"2377" 2376 95.29 53.61 NA
"2378" 2377 95.88 42.82 NA
"2379" 2378 95.58 46.14 NA
"2380" 2379 95.63 54.44 NA
"2381" 2380 95.92 37.31 NA
"2382" 2381 95.82 40.25 NA
"2383" 2382 96.14 56.23 NA
"2384" 2383 96.19 52.95 NA
"2385" 2384 96.11 47.95 NA
"2386" 2385 96.32 60.36 NA
"2387" 2386 96.23 50.37 NA
"2388" 2387 96.34 41.11 NA
"2389" 2388 96.49 54.61 NA
"2390" 2389 96.88 45.85 NA
"2391" 2390 96.77 50.97 NA
"2392" 2391 97.08 42.41 NA
"2393" 2392 96.85 48.86 NA
"2394" 2393 96.95 40.56 NA
"2395" 2394 97.41 44.43 NA
"2396" 2395 97.31 54.93 NA
"2397" 2396 97.38 51.43 NA
"2398" 2397 97.87 47.28 NA
